-2.646156119354571388e+02
-2.299004028881925592e+02
-2.784775531686223360e+01
-1.130166955429553752e+02
-1.900950723713407342e+02
-1.682811393286261534e+02
-3.724203743004595140e+02
-1.593995704819009234e+02
-4.415803198867852188e+02
-1.650670699894660345e+02
-7.705128404172039325e+01
-1.203822359318241695e+02
-1.792092725798077026e+02
-4.049392656871480654e+02
-3.754285472757214848e+01
-2.258323688298569891e+02
-2.137943903372226373e+02
-2.753872775045500134e+02
-2.225389770445018200e+02
-4.566628652649574747e+02
-1.191771691022237860e+02
-1.923304861087162294e+02
-3.507708324380105296e+02
-1.830195921088222235e+02
-9.067856848727363683e+01
-6.897378533886936225e+01
-2.343797328523162946e+02
-9.305832878924387330e+01
-1.426138480089978486e+02
-5.034263064403488670e+02
3.746455223380223742e+00
-1.338952486089946774e+02
-9.613666680727951075e+01
-1.513712827859196466e+02
-3.148389271489049861e+02
-3.128641119579299357e+02
-7.553912084094557144e+01
-9.625537381510734747e+01
-1.053451928101220858e+02
-1.721634612387755396e+02
-3.218954535063568301e+01
-3.178469977484906508e+02
-2.277482615278913158e+01
-3.576610757641462328e+02
-4.562323584796727971e+01
-8.821837813617338497e+01
-9.566731023648209487e+01
-3.800254237613112878e+02
-4.129598237226532547e+02
-2.601027178336151451e+02
-3.779577843282788194e+02
-1.221822531825316105e+02
-6.564142191580808117e+01
-2.552050412222407374e+02
-6.462096716741388036e+01
-2.272175517828180205e+02
-4.453149599047426932e+02
-2.978252734300523912e+02
-1.312262961569450113e+02
-1.086058293058817554e+02
-1.157591140031060206e+02
-3.129586227202089503e+02
-1.143300163392211175e+02
-3.178861247857942089e+02
-1.307175050404167109e+02
-1.583256526435174010e+02
-1.929170742396181026e+02
-8.113914947744314077e+01
-5.450983975333641638e+02
-3.082074070467768934e+02
-2.040280217563316114e+02
-1.138640674260124683e+02
-3.136605562353794596e+01
-5.031030455624236311e+02
-9.044501777964148914e+01
-2.570152441019388903e+02
-4.562521645724710879e+02
-1.359955515898481622e+02
-3.969371195017804439e+02
3.412464701638650411e+01
-1.716589959410916890e+02
-1.437862460112962992e+02
-5.226389142644054573e+02
-7.155539949498691499e+01
-3.010632896330104700e+02
-5.448863849058775486e+02
-2.131270191025019756e+02
-8.615408740668995335e+01
-1.960152770544389682e+02
-2.090030088572494833e+02
-1.812297461239432437e+02
-3.411188580383137605e+02
-1.805662584265272130e+02
-1.032859232205790221e+02
-4.491921040234412885e+02
-3.756209302745803598e+02
-2.909111409185637740e+02
-6.184221001148025465e+01
-1.714447291513830862e+02
-2.750920118798776457e+02
-3.231148840922605245e+02
-4.322652506215134594e+01
-8.724850099406455683e+01
-2.788854114707767167e+02
-2.871960779850625158e+02
-3.545075961148550618e+02
-2.310140284902883536e+02
-3.858766832005371157e+02
-1.037597070842271592e+02
-1.313498032267089002e+02
-8.804733743459124184e+01
-2.614814323300424803e+02
-1.502851843505813463e+02
-4.235396885748745888e+01
-5.398520164571043551e+02
-1.499188854719913024e+02
-6.486191882273837450e+01
-3.555261760362973291e+02
-1.923466745252176793e+02
-1.806386622149999823e+02
-1.078629551261843744e+02
-3.222363303210671575e+02
-2.305938884912110609e+02
-1.922268816804635776e+02
-2.592625676579752962e+02
-3.424623868030279255e+02
-3.067530410114679853e+02
-7.649724404856081605e+01
-8.587623223940117612e+01
-9.614725215001243441e+00
-1.163926383176949457e+02
-2.717116602569041106e+02
-1.073825441857344742e+02
-1.210381910724987051e+02
-3.978116235204406053e+02
-7.655009769883926651e+01
-1.248978943534146993e+02
-2.802498553050631926e+02
-2.218747365847432320e+02
-2.996440503839719440e+02
-2.421457484429064380e+02
-5.339293783528373183e+01
-3.061474766116498358e+02
-5.416159247439059072e+02
-1.634643397902809738e+02
-2.794066543938048426e+02
-3.000233819557932975e+02
-2.442758172914607258e+02
-3.536696097865427646e+02
-2.735942120829801638e+01
-1.677958562979566182e+02
-7.777825367292101078e+01
-1.572293753798679461e+02
-9.274754232521118524e+01
-1.774199164167110041e+02
-1.827903639076520221e+02
-1.059516095333712542e+02
-7.788458047673110229e+01
-1.582594947791835125e+02
-2.968993563585452193e+02
-3.806410138483901733e+02
-8.489882732255699693e+01
-3.448579264644120599e+02
-2.445423978227608472e+02
-7.343834352955124700e+01
-2.350955661190094474e+02
-6.620197569034124285e+01
-2.183179620911143104e+02
-2.152024660631822996e+02
-3.132982112485416337e+02
-9.439667262308218199e+01
-2.143115549428304405e+02
-9.486341612560745773e+01
-2.102128355983463166e+02
-3.669984400874885182e+02
-3.789467827535927427e+02
-4.161474361378871549e+02
-1.037890670452708406e+02
-1.748479012084424085e+02
-1.120791907824458633e+02
-1.957267668778818006e+02
-1.024469459451021720e+02
-2.639310311770051385e+02
-1.278437905529793142e+02
-1.144062088812976015e+02
-1.273800896525885946e+02
-8.063212018430630224e+01
-3.284614342525146640e+02
-1.607296254109006668e+02
-4.255563341214170805e+02
-4.390977079919844641e+02
-1.626612775524704944e+02
-2.609809629009038190e+02
-9.259799519985361371e+01
-3.824019024138531790e+02
-1.766575798027752171e+02
-3.518719780681408338e+02
-3.111859638136726289e+02
-1.335931700843099463e+02
-3.675238387977641992e+02
-1.071289408533216516e+02
-2.416829524830536116e+02
-4.960651002700262779e+02
-3.994827616337038876e+02
-3.516504128874387902e+00
-1.798059319932679614e+02
-1.843064465161169778e+02
-7.102105441578397915e+01
-7.597637790808417435e+01
-6.399011050841635040e+01
-1.371012234346887340e+02
-3.465064904281708209e+02
-1.177585488833224048e+02
-1.832450217560829060e+02
-1.903754447907802501e+02
-1.551883957299764347e+02
-3.918171210872760639e+02
-2.515900783777398431e+02
-3.932493901123376645e+02
-2.977955036593654086e+02
-1.381093532289157793e+02
-3.385331318649512582e+02
-8.652629906937121973e+01
-4.548393107217912075e+02
-7.813842794067079467e+01
-4.092072766609600194e+02
-2.988637972450271150e+02
-2.278746283957428886e+02
-1.482865012139983492e+02
-2.632384912196409914e+02
-5.883406747291572003e+01
-2.719725671790122306e+02
-1.792393326740303507e+02
-4.121412405157350918e+02
-1.512388804636532598e+02
-3.214399186460661895e+02
-3.641542002968584768e+01
-2.673088471283799663e+02
-1.408665764870823978e+02
-2.918017979806585913e+02
-1.062129367191722622e+02
-1.697042167563022872e+02
-9.973471144785403908e+01
-2.924045757937743701e+02
-1.089343242036826638e+02
-1.437627737057893285e+01
-5.481999993509611357e+01
-6.073943938409332333e+01
-2.151029295787565729e+02
-3.283749837728612420e+02
-3.685434958691084830e+02
-3.287611285795519507e+02
-7.016324039241730759e+01
-1.096205710392260357e+02
-3.474574495062137203e+02
-1.566169579507083256e+02
-3.637946030175943406e+02
-3.808519521894104400e+02
-3.235225747958940019e+02
-1.020648279824085023e+02
-2.157485837551780037e+02
-8.313312748255428630e+01
-4.706563653818188300e+02
-1.127784046277836296e+02
-4.094390057397851024e+01
-1.329448166712693080e+02
-1.396719722131813910e+02
-1.238910613558129512e+02
-4.080552419410796006e+01
-2.274532609448953622e+02
-1.103333270610022083e+02
-1.288663162396681514e+02
-3.155333627138575139e+02
-1.264175127460342765e+02
-2.859821237692950717e+02
-3.799800608382888640e+02
-5.552381956257834190e+02
-9.545952263752303679e+01
-3.383176544098391787e+02
-3.815317071154321411e+02
-2.909072169446504859e+02
-5.489670468227521951e+02
-2.956478715420173558e+02
-1.295004490463092850e+02
-3.499269129714840005e+02
-1.070458042428190595e+02
-5.241751182701621019e+02
-3.889434627413244812e+02
-9.646330709479848053e+01
-3.140327768212740693e+02
-3.062237890830451761e+02
-1.764074867915714435e+02
-3.018824582020063190e+02
-4.591296647111932430e+02
-3.991173388329412433e+02
-1.043148950859626325e+02
-2.446555722281583485e+02
-9.656241175657625320e+01
-7.792089885904984214e+01
-1.463401865689650378e+02
-3.694209249329661304e+01
-1.386195012038650987e+02
-4.775476843579839681e+01
-2.659619980015171450e+02
-1.044899967037435857e+02
-1.302015970089375969e+02
-8.837959645799344344e+00
-2.803926432316260957e+02
-3.470862502246225745e+02
-1.981399494496880891e+02
-3.120695275533771564e+02
-1.016828517346896206e+02
-4.194407397206583710e+02
-5.847268777031182196e+01
-3.520193725623391856e+02
-6.912485326241647954e+01
-1.479422275975867365e+02
-1.025904219273251670e+02
-5.463430138383347412e+01
-2.262067349358590036e+02
-4.304331494836051206e+02
-4.031192886699935229e+02
-6.467211152085845072e+01
-9.944892210587781278e+01
-3.081979912460452056e+02
-1.077219244109853804e+02
-3.059132305707482828e+02
-2.722989143599236286e+02
-2.822230801753354399e+02
-4.952050979073578674e+01
-9.031211209910480875e+01
-1.697838738908834557e+02
-1.813116129314244631e+02
-3.728258790475935598e+02
-3.803981912870972337e+02
-3.234533795304165551e+02
-2.364000839334601096e+02
-1.537795342513817332e+02
-3.407929033229565903e+02
-1.338273451447094828e+02
-1.203594907555828968e+02
-7.752847804545322674e+01
-1.030970637566506696e+02
6.138692428249470368e+00
-2.121515370045808027e+02
-4.767284711155342620e+02
-8.353078534270505884e+01
-1.580351570043718539e+02
-2.449024372934985081e+02
-7.299977104976163389e+01
-1.232259425954210457e+02
-2.044975229421580707e+02
-3.638111499843193428e+02
-1.579134598282697652e+02
-9.886971285389302011e+01
-2.971559252214830167e+02
-2.750797527679832228e+02
-3.688665012632834532e+02
-1.669354601319857352e+02
-1.220357870895521160e+02
-4.378715097530943723e+01
-7.693029334945367737e+01
-1.636948041120476205e+02
-1.509352919240787116e+02
-1.918316351221278921e+02
-1.466296778637114357e+02
-3.359436614149554998e+02
-9.780337385275595352e+01
-1.836030092022774625e+02
-4.057622310792087319e+02
-6.898444147024758877e+01
-4.329644784809008797e+02
-2.136431878492369094e+02
-7.955502117344462931e+01
-1.211071095501111756e+02
-3.207219174108341804e+02
-2.340032303839733459e+02
-2.816384557581956187e+02
-4.014598563470098043e+02
-8.519283895272502605e+01
-2.576312037399437713e+02
-7.638753082127506389e+01
-2.228876488542904326e+02
-3.709094903508641323e+02
-1.113564347003161430e+02
-2.166458151247849173e+02
-1.373671968150573548e+02
-3.294862650727953906e+02
-4.183837642601501017e+01
-4.467959979417069007e+02
-2.537810401128530202e+02
-2.189565120191593905e+02
-1.983239502993482120e+02
-2.485638981007518851e+02
-1.259113075684472136e+02
-7.853047687141295796e+01
-2.792572104634826928e+02
-1.439385722916097166e+02
-3.199516956149877842e+02
-7.617037511535494332e+01
-8.805090082192643308e+01
-2.405101677640263063e+02
-1.012824230017225915e+02
-9.750407319489443125e+01
-6.148407647646979513e+01
-3.039470142704594764e+02
-2.039109288237968940e+02
-3.763099259879112424e+01
-1.728893885551158291e+02
-1.801944149465742839e+02
-2.279535794084212057e+02
-1.647311012737993110e+02
-4.754350816159490023e+02
-1.094030394928601027e+02
-1.435660152473953417e+02
-1.736522594443530920e+02
-1.934049735619559272e+02
-1.192002270839565341e+02
-3.409980954062478986e+02
-8.854097439133553848e+01
-3.444931444936642606e+02
-8.576309385363681770e+01
-1.437001681334119212e+02
-1.992833622068452541e+02
-3.133040256395112806e+02
-7.678093087215498258e+01
-4.337634824669321461e+02
-2.310831847942435502e+02
-1.446918234921055273e+02
-1.340515225889965905e+02
-3.548457437608365126e+02
-3.268784614348871855e+02
-1.073469210935843279e+02
-1.365787246981548151e+02
-1.123966846046811980e+02
-1.042070098426850535e+02
-1.940518302255435970e+02
-8.121818260339880169e+01
-1.298738267675778957e+02
-1.329119674791232342e+02
-1.817391144084229495e+02
-8.028403078012703986e+01
-8.813164814683756276e+01
-3.243551415969297409e+02
-2.567227234684503969e+02
-3.198847809043876396e+02
-1.639444032331767005e+02
-1.068717484900063965e+02
-2.724416191829275249e+02
-3.702035923320469237e+02
-1.109328630275620640e+02
-1.127549876159810793e+02
-6.752256429505254687e+01
-2.282873877483725096e+02
-2.204821176972935746e+02
-7.689931870791215829e+01
-2.179183851929043101e+02
-6.364382748393509814e+01
-8.020159500799189800e+01
-3.106355745086119100e+02
-1.653636044774030438e+02
-2.129889765270274324e+02
-7.543893458743804104e+01
-8.646334260803898530e+01
-1.003544508182576749e+02
-6.589546695733699266e+01
-2.898763637750110433e+02
-2.325076539461158518e+02
-3.393263956239431423e+02
-8.237679684179636297e+01
-1.664777250910418047e+02
-1.168229767625542479e+02
-2.448879900060292414e+02
-9.995702894246920778e+01
-8.028785355043200411e+01
-3.112389345289996641e+02
-6.977306510578218024e+01
-1.293095221035892450e+02
-7.870735096224780136e+01
-2.013408335942986014e+02
-2.315711727607875901e+02
-3.294640959715385407e+02
-6.206173214462095444e+01
-1.765966107376898719e+02
-1.433690130984345501e+02
-1.619820968258882772e+02
-1.582567843143374944e+02
-3.283069594192209024e+02
-1.070893490012813345e+02
-8.354032814981512445e+01
-1.940369467439695370e+02
-1.465270678924940171e+02
-2.731635158671093677e+02
-8.539928498585294392e+01
-9.387365447358669712e+01
-2.693386112071503931e+02
-3.125609647450902457e+02
-1.915414846522043035e+02
-1.830051585247458661e+02
-2.619705686844388879e+02
-1.879935855574377115e+02
-1.609084231853635458e+02
-4.606416354716622550e+02
-8.738456231311231193e+01
-7.489838047135111765e+01
-4.934874290657197093e+01
-3.044321626297065109e+01
-6.677905469637366309e+01
-1.228590039381410008e+02
-6.208310682329870644e+01
-3.309337923349852417e+02
-3.597788495839980669e+02
-3.701467121043043562e+01
-7.463510376315355188e+01
-1.134235543355974585e+02
-1.180833168007046652e+02
-3.624589775922204922e+02
-3.057463985294924669e+02
-3.892646700558903206e+01
-9.751603394738333463e+01
-9.810916332499165549e+01
-3.413313029657373932e+01
-1.257391997641156820e+02
-1.257566470987431160e+02
-1.327508298146649395e+02
-8.954716214835470112e+01
-3.094777495029126158e+02
-7.584013226203890667e+01
-2.696210878103578352e+02
-3.635429435661146726e+02
-3.702683394784147595e+02
-3.001243403570404666e+02
-4.057157383094603915e+02
-2.711869374000927451e+02
-1.424714107971751957e+02
-1.388904982944282835e+02
-8.066917099146039050e+01
-2.255149932875725654e+02
-1.432816062918661260e+02
-2.445617828549895592e+02
-1.006343162740885191e+02
-3.260958947893451523e+02
-1.181218471485220789e+01
-7.959554518899633990e+01
-1.395700161318062271e+02
-3.335980279409907325e+02
-1.346480784196605214e+02
-3.675363482146463525e+02
-9.968680952162719677e+01
-8.813270360757550748e+01
-1.389098673460935061e+02
-3.123170305276627232e+02
-2.174295688291419140e+02
-3.291241653777007059e+02
-8.321567971466166114e+01
-8.982661449095071760e+01
-2.317523578640700066e+01
-1.856241920439956061e+02
-8.206832741100565443e+01
-1.941708029563330911e+02
-5.294550435465492200e+01
-2.685721377092814919e+02
-2.623093476447687067e+02
-1.080157543297381295e+02
-1.853379662088230475e+02
-2.818183020552095286e+02
-2.654074545837193568e+02
-3.421473912361676639e+02
-1.002407216051752243e+02
-8.324969333054846743e+01
-6.010329817304047850e+01
-1.668759320165126496e+02
-2.161205481117335125e+02
-5.760682724715847769e+01
-1.570460875906510410e+02
-1.408399138232124983e+02
-8.115778350420748666e+01
-4.598947056693802438e+02
-1.012873519748135749e+02
-1.469621815042290791e+01
-2.143160006293028914e+02
-2.928231613369857200e+02
-2.186680347820405643e+02
-3.134543887765046293e+02
-1.223986028552292566e+02
-5.809979918483184065e+02
-2.558984636409824986e+02
-1.065883992920675212e+02
-1.026873791610849338e+02
-3.890589606570037517e+01
-1.655478608442439850e+02
-1.762755608186767802e+02
-3.037722345188390705e+01
-6.581483664872811801e+01
-3.047821519107174026e+02
-4.415818576306465104e+01
-1.466312633707608484e+02
-8.891771811191091501e+01
-3.146771442756302122e+02
-3.406699022361829066e+02
-5.424380567050303625e+01
-3.204290493094006820e+00
-3.376196869113562116e+02
-2.034873474290527611e+02
-2.217014765802920238e+02
-3.357753316431791291e+02
-8.353028634323622725e+01
-4.465760761297733552e+02
-6.830686316841435257e+01
-8.531434608357906768e+01
-4.793408851726026398e+01
-9.478744789082506372e+01
-5.958401349016904192e+01
-1.890863246025401452e+02
-3.099046079910355900e+01
-7.087801421745857056e+01
-1.124626265767979163e+02
-2.608229042503244841e+02
-8.241550344505117209e+01
-9.651888421514500749e+01
-3.198338868891563038e+02
-1.014706141657604519e+02
-7.449163741208393219e+01
-2.146354738368582673e+02
-8.487634901559523826e+01
-6.581936141808674279e+01
-2.404939312086905261e+02
-1.601209140679458756e+02
-9.511878395153611621e+01
-2.385618770022451827e+02
-1.601191326662384995e+02
-1.649763935528665684e+02
-8.112402155680545945e+01
-6.835833121004594659e+01
-6.600625870511765925e+01
-2.715229567580469165e+02
-7.045796493021595097e+01
-8.369784752253602278e+01
-8.351408219181038817e+01
-1.011381544042505709e+02
-3.891575075304626097e+01
-1.240660453935482082e+02
-7.279226854987547313e+01
-3.125451288724664778e+01
-1.866469121091727743e+02
-1.313439049440447661e+02
-5.401830032430341078e+01
-2.871269653942218270e+02
-1.367226472327428723e+02
-1.496522713759447925e+02
-2.771062320349582819e+02
-8.935990242196641020e+01
-1.910421347683602562e+02
-3.086498236584482129e+02
-2.333683848172958335e+02
-6.665393065071567946e+01
-3.124159368299384596e+02
-9.486117836099585077e+01
-1.643817777144137438e+02
-3.142272213433634533e+02
-2.550609867455596884e+02
-2.514567787558175382e+02
-2.461200815021514359e+02
-1.435638922320509892e+02
-2.864229942864349141e+02
-2.002414465296021149e+02
-9.403552764077269899e+01
-1.067291823060370461e+02
-2.726935972205130838e+02
-1.033441538369113886e+02
-9.119383819377736700e+01
-3.967274878473972421e+00
-1.451697984256105656e+02
-6.905812110993488773e+01
-4.145483717339113383e+01
-1.396510906393640994e+02
-1.030590831169072743e+02
-9.359860017647702080e+01
-3.784100677766886065e+02
-1.441563275230977865e+02
-1.790097342466257260e+02
-2.371761262942551696e+01
-1.429053908439591964e+02
-3.612638808908421311e+02
6.735797725241496892e-01
-2.410806369193970795e+02
-4.019046179270114294e+02
-3.004706158846113340e+02
-1.734899532921830598e+02
-1.506193656671956660e+02
-2.998234202752657893e+02
-2.490065452403938764e+02
-1.869117891462799719e+01
-1.114707909687627279e+02
-3.681922043452420894e+02
-7.211183640095303815e+01
-1.377030705902386956e+02
-1.988621768032266743e+02
-2.823161172273286752e+02
-1.774457044375475903e+02
-1.056061856223364259e+02
-2.447241578096592036e+02
-2.588742973176351256e+02
-1.626154699705925566e+02
-7.687514747123344705e+01
-2.772434412833147235e+02
-1.732537776391710054e+02
-5.619993899751310096e+01
-2.740091096442539538e+02
-1.933523108943219881e+02
-7.636729074382101601e+01
-3.027729469993220164e+02
-3.976794994803489658e+02
-1.607583069996929908e+02
-1.815725682516336974e+02
-7.659588221753527648e+01
-3.924097351987116440e+02
-5.576627555811417380e+01
-1.115554610559288022e+02
-2.962111553787943308e+02
-1.697456097973457076e+02
-2.498602269159302693e+02
-2.855560454821824123e+02
-1.290252477239499740e+02
-4.574513040980492917e+01
-1.866152538872432558e+02
-3.205287099374400839e+01
-6.004034278926645385e+01
-2.616563546589190992e+02
-2.819197051945938028e+02
3.632621653455873911e+01
-2.390087910565400762e+02
-3.134832157546381382e+01
-1.003801261439290471e+02
-1.027538273263932638e+02
-3.463165150976799396e+02
-2.349403844670417243e+02
-1.375733031472427967e+02
-2.943688142706717485e+02
-2.772589749620243538e+02
-3.684452419873555868e+02
-1.217076791745618607e+02
-3.662332580875550434e+02
-3.027339834275814496e+02
-2.846080981009569086e+02
-2.382141155762875258e+02
-5.071846931467014770e+02
-5.661589867747721883e+01
-3.139099204070137148e+02
-5.179369291393329604e+02
-1.014385415338192331e+02
-3.752999674145784184e+02
-3.640861633035607952e+02
-4.472426668029979169e+02
-3.485102825382250558e+02
-2.878894418271842142e+02
-3.521886485045134236e+02
-2.480597559304028437e+02
-1.608479480459662057e+02
-8.624866581713733638e+01
-4.588396268771405175e+02
-3.902654303189033271e+02
-1.892437691797958905e+02
-3.197955977517784163e+02
-4.690322370326438772e+02
-2.589480344591797802e+02
-1.205659957123735211e+02
-2.254124282445023368e+02
-1.574248356886309352e+02
-4.804532338964798441e+02
-2.558956138106215406e+02
-9.251402919634966793e+01
-4.694782276228156661e+02
-2.548619058185979611e+02
-3.903892638689370642e+01
-7.924178570619429252e+01
-3.359992920693820224e+02
-2.181711246739180297e+02
-3.216693777688632281e+02
-1.933881753229507012e+02
-5.426401587217151246e+02
-1.005440985949720982e+02
-2.527801945711489680e+02
-1.325810006196231825e+02
-3.794683207482346461e+02
-3.070310817462552677e+02
-1.001794443459587427e+02
-2.916830955839877788e+02
-3.996911630689928074e+02
-1.335694341594563639e+02
-4.032500949981314875e+02
-3.308294621440407468e+01
-1.294560168370112763e+02
-3.952170884383018006e+02
-2.535296581837645533e+02
-4.012994567312648542e+02
-1.759215308127785136e+02
-3.479768078136729628e+02
-6.704169661140862502e+01
-1.298657426647919522e+02
-7.982261284848101468e+01
-9.952943018954817944e+01
-4.496956872786337840e+02
-3.143109921028124063e+02
-6.066340394883550289e+02
-3.513853471547825507e+02
-2.988895667254455475e+02
-2.877429198580524599e+02
-2.031108544824140267e+02
-3.135582970848082596e+02
-4.380452008925705627e+02
-2.602637527610512507e+02
-3.009333620156853613e+02
-1.956347873565659086e+02
-4.758472282523466106e+02
-5.302598756885176954e+02
-2.963142966243309502e+02
-3.602512102521324096e+02
-4.076973821637328683e+02
-2.578814919734613795e+02
-3.448966746232538299e+02
-5.275819093080747280e+02
-2.713246422254152890e+02
-3.905195449152993774e+02
-1.665161285450569153e+02
-2.076557548723361037e+02
-3.347170157964579857e+02
-3.716951644609221148e+02
-1.650579381990457932e+02
-1.127033158295304105e+02
-9.491189986246476451e+01
-1.505722508265949955e+02
-2.912739553642775832e+02
-7.870219158258521475e+00
-1.479196393707870527e+02
-2.394183200622146046e+01
-2.974297387080220574e+02
-2.420142263533943208e+02
-2.004501545921175421e+02
-1.704487490483646752e+02
-2.640714950618294097e+02
-1.872623742260790323e+02
-2.031954046191590351e+02
-3.020671235071661158e+02
-1.058788361176794126e+02
-1.974023424631660077e+02
-9.682539954736347454e+01
-2.766259512586045730e+02
-2.270972705613968969e+02
-2.917044912050635048e+02
-2.018070714684260167e+02
-1.502263589488808861e+02
-6.790721246169802328e+01
-1.851563019052545371e+02
-2.817695264242831854e+02
-3.790317676244563927e+02
-7.427083921614044471e+01
-4.796697602407370908e+01
-3.084169854744715167e+02
-3.289134916398304540e+02
-4.359821196634094065e+01
-2.179545776410684255e+01
-1.178897756166670376e+02
-1.957689446227182657e+02
-8.597320983069536737e+01
-3.335970734494949284e+02
-1.082141568862533205e+02
-3.267193710158073827e+02
-1.191886602420082966e+02
-1.902801674287683227e+02
-2.414945201815340567e+02
-7.839138867631874064e+01
-3.466481453825736025e+01
-2.270750100764186072e+02
-9.519573691831901385e+01
-2.729409820023274733e+02
-3.361828748186645726e+02
-1.095605669325510263e+02
-1.168429598862166756e+02
-1.673666062754495272e+02
-1.397205442758521485e+02
-3.131414853593639691e+02
-1.393503397214496431e+01
-4.099791540362560909e+02
-3.886527903578142968e+02
-2.667918099713787683e+02
-4.578894644619084033e+02
-2.597118361707369445e+02
-6.426521527699274827e+01
-3.673916186328370372e+02
-2.705491294841822310e+02
-3.881953500326586664e+02
-1.485219713217126412e+02
-1.011041735854922763e+02
3.837044891634889154e+01
-4.279642907755122110e+02
-1.004373766763775677e+02
-1.854156336242504608e+02
-3.065629373187945248e+02
-2.457646631723505664e+02
-2.187399288795168104e+02
-1.999783001539444740e+02
-9.612493978648546999e+01
-1.823291607993353693e+02
-3.576839038533606754e+02
-1.503408312463283210e+02
-1.731448909276498398e+02
-3.327178955608121669e+02
-1.472375629803894128e+02
-3.744571560466419555e+02
7.765142804365893880e+00
-5.381468560075983021e+01
-2.687292726703332164e+02
-1.529618897277910889e+02
-2.018390076413162433e+02
-5.846077153685805428e+01
-1.767780999563054252e+02
-1.767028266571314248e+02
-2.333281518353799413e+02
-3.257433785108424900e+02
-1.002287663807748999e+02
-2.830046313229000816e+02
-8.201811684707080019e+01
-6.223746745398558744e+01
-1.620615694769094546e+02
-6.912890446165391722e+00
-2.755840599869542302e+02
-3.295171031442428671e+02
-3.673202153256435736e+02
-2.985593380453054806e+02
-1.350240865313915606e+02
-8.724742494066501308e+01
-1.626031060731252182e+02
-1.454095215524504283e+02
-2.334565379376729766e+01
-5.667959474416714727e+01
-2.770463524053473066e+02
-5.796105306088647779e+01
-3.718064856187127134e+02
-1.662114296749927860e+02
-1.777326538278073258e+02
-2.362316753980222757e+02
-2.586233385650435821e+02
-1.822442651657250963e+02
-9.805823064805424849e+01
-1.792069070576336287e+02
-2.079216255835044080e+02
-2.776875927435144717e+02
-1.457648720287434116e+02
-1.417301231162343527e+02
-1.930487002946618418e+02
-1.068588529343782909e+02
-2.712346477213834532e+02
-3.364522766640732243e+01
-2.293716949803615250e+02
-1.075546921597012613e+02
-3.329952412758034370e+02
-3.732552532474201712e+02
-3.593755782564459196e+02
-2.059546197319889416e+02
-1.044505221538066735e+02
-5.418967316022582281e+02
-7.005526528833468092e+01
-5.650035387829851175e+01
-1.618540351383735469e+02
-1.637391859844381372e+02
-2.940875311992880370e+02
-8.381693205917790124e+01
-1.692393456579991948e+02
-1.765729370983646618e+02
-5.382019124572992297e+01
-3.977001255953323380e+02
-2.676059881732035706e+02
7.345871447375486696e+00
-2.667817472137323875e+02
-2.942445705222752395e+02
-1.582464854557685499e+02
-1.706206643651856325e+01
-1.831922734996602458e+02
-1.899121907544476358e+02
-1.923506296178416051e+02
-1.475576692180751763e+02
-1.330920806456774130e+02
-4.150296040855728847e+02
-3.144434477410976569e+02
-1.718156876023375332e+02
-2.607017550797692138e+02
-2.451505780210579530e+02
-8.658593586710640011e+01
-3.200312740183359210e+02
-1.612872021781501815e+02
1.838861714009291859e+01
-4.751518424566143040e+00
-1.908443201247694674e+02
-3.122077594878440436e+02
-3.765022240532508135e+02
-2.818201926271249249e+02
-2.841888521259670597e+02
-2.015673188004184908e+02
-1.190591318447474833e+02
-1.140423873759912681e+02
-8.936747748713810324e+01
-2.298408518560892162e+02
-1.370538452026714253e+02
-3.319920043350003880e+01
-1.489636453938506406e+02
-3.111244801105241891e+02
-1.937028692482814165e+02
-1.346608365772827085e+02
-2.592647498685554979e+02
-2.484280021829200962e+02
-9.678266561736600693e+01
-2.582841182318893516e+02
-7.158185601151814126e-01
-8.251060373387969094e+01
-2.874476604004617002e+02
-1.040514022949169970e+02
-3.173748795484567609e+02
-2.812407071484774974e+02
-1.167444643581326602e+02
-8.927087333156191562e+01
-2.716972252052592012e+02
-3.252280436186198358e+02
-2.373958449374763973e+02
-2.296203022337893458e+02
-1.523337300776657059e+02
-9.936979594952046568e+01
-9.322826695218432747e+01
-8.626001924610082483e+01
-3.190958858604353168e+02
-1.655055008083859889e+02
-7.091365181772314941e+01
-1.671093681501441495e+02
-3.364984315182049954e+02
-3.253871789258820968e+01
-1.452447477138971408e+02
-1.115312978933799428e+02
-2.353696143895973023e+02
-4.136481707307644911e+02
-3.356912711252041959e+02
-6.523335898489068541e+01
-3.549308194492103894e+02
5.629386730917285320e+01
-2.895305340756303849e+02
-2.918270793168414343e+02
-1.275638712663587313e+02
-3.019904515102299456e+02
-2.228877330678743078e+02
-2.825545685975180277e+02
-9.444135221892990728e+01
-2.527297818792800967e+02
-4.504162438497509129e+02
-5.053343653010772840e+01
-2.572221609692363700e+02
-4.074973232275256692e+02
-3.916872826604364377e+02
-2.876399370185883981e+02
-4.864045914385187075e+00
-3.630259788494252859e+01
-1.372449023567724851e+02
-3.897801315915598366e+02
-1.556386103423379552e+01
-2.025079681844027846e+01
-6.083077365229756595e+01
-2.673662561374248980e+02
-4.230557906226519549e+02
-1.553106765261424584e+02
-9.730684861990188494e+01
-2.725878661619752847e+02
-1.739011248028689636e+02
-1.795397380402908425e+02
-3.573686374191643722e+02
-2.401896392687372384e+02
-1.908578665755785551e+02
-1.171683942251449224e+02
-1.021120900396031175e+02
-4.983347884069488032e+02
-3.226957038008989116e+02
-9.810159909291009228e+01
3.742679104046947458e+01
-1.148183000629591959e+02
-5.489213067456530837e+01
-9.367410378705412199e+01
-4.036984291078133538e+02
-2.542263419330753038e+02
-1.710721195751839332e+02
-2.911299680774070566e+02
-2.350386501499535541e+02
-2.763503764701755472e+02
-8.498040856718482416e+01
-1.401714000356706435e+01
-2.744450217456275141e+02
-9.617449224447426559e+01
-1.403288283933321736e+02
-3.995575782987121443e+02
-2.891808572797370971e+02
-5.188762679627354828e+02
-1.103266026546994851e+02
-2.978945540964036809e+02
-1.532159439836303250e+02
-3.419218273387758700e+01
-3.473145744912407054e+02
-2.936540709871113108e+01
-1.869194729103289205e+02
-5.715757023344272625e+01
-1.538616184499045971e+02
-8.840044478414246498e+01
-2.405409760171076528e+02
-7.436502343530435155e+01
-2.252123161836153997e+02
-3.175750699188466797e+02
-4.340582058000824759e+02
-1.997330192739240715e+02
2.554356158758339745e+01
4.967044974327961881e+01
-9.155589573646427937e+01
-1.055502156899163992e+02
-8.478776731797186983e+01
-1.085596467956015090e+02
-2.618247026899595085e+02
-3.854558906196925818e+02
-3.504879051939956298e+02
-4.867813880233826751e+01
-1.031308563106293406e+02
-3.821766034877929314e+02
-3.146604197994898868e+02
-3.211889575332882600e+02
-3.564251672405549130e+02
-1.557692203363695000e+02
-6.182801951812219698e+01
-3.763484844653429491e+02
-1.178837360811718327e+01
-2.837417737052860502e+02
-5.912251126591302182e+02
-3.727069246499719384e+02
-3.150041701399483145e+02
-1.865632890348681201e+02
-1.268287273443552294e+02
-3.229108164163122296e+02
-5.826336529590031432e+01
-3.538145193214811570e+02
-2.240755749109016790e+02
-3.651489306214268140e+02
-1.039088267600016877e+02
-1.670002943837866383e+02
-2.262563895489191168e+01
-6.061381812111818590e+02
-4.094237927634620746e+02
-1.875935828777828362e+02
-3.802182408691867863e+02
-4.855085958823641477e+02
-3.422308389936965227e+02
-2.220031563466828857e+02
-3.728644447898328167e+02
-6.492616172671155255e+02
-2.107606719717736041e+02
-3.080924136413220822e+02
-3.982227699780526109e+02
-3.328600716048661070e+02
-1.093235616323362080e+02
-3.865705885820514709e+02
-2.384846201235418732e+02
-3.781036380607605452e+02
-4.155486109014486260e+02
-5.147400142121080080e+02
-4.605366330633407870e+02
-2.914033205008434493e+02
-2.430832389035258529e+02
-4.082813586431598765e+02
-1.316410137774620921e+02
-3.735467144397413222e+02
-5.737009574260869158e+02
-3.774531249425946839e+02
-1.811628541159998633e+02
-4.956692958661595299e+02
-8.014729984103369986e+01
-2.326190209790188987e+02
-3.134378566180030816e+02
-3.864077855344604018e+02
-2.347818525643026817e+02
-3.561852297721372906e+01
-3.662359489239404979e+02
-3.978416983820388282e+02
-2.525532947973878777e+02
-4.251899721585439238e+02
-3.528265482489622968e+02
-1.144703431815713088e+02
-1.382911933624544645e+02
-4.065878754926383181e+02
-2.146571520382894960e+02
-4.393505080835453214e+00
-2.381447640971773581e+02
-3.468078037431502025e+02
-5.035526075272545086e+02
-2.643609105709930418e+02
2.410693334122202458e+01
-4.755174813004857128e+02
-3.405180894667026905e+02
-1.657816395751611083e+02
-2.713638596465216892e+02
-4.055301189386552210e+02
-3.449582012971862923e+02
-1.227440129354995548e+02
1.686524528125531219e+01
-3.530431491603519589e+02
-7.747230748711956494e+01
-3.824951673461096107e+02
-2.598983705297742475e+01
-1.714623417770756362e+02
-2.556856908929065924e+02
-2.921602646316407572e+02
-3.584562696296255808e+02
2.732864982734729153e+01
-4.686358960244717764e+02
-4.813668700574916102e+02
-1.089805320462044023e+02
-7.830263369829890507e+01
-2.213648089837077748e+02
4.675750271515379097e+01
-3.623954248508186424e+02
-1.905787135510476560e+02
-2.000623720041905358e+02
-9.643035952934317834e+01
-7.195188307425583218e+01
-4.260491151700535966e+02
-1.150010333066697541e+02
-3.866343297072934888e+02
-4.325790368706209392e+02
-1.157050723413370719e+02
-1.514934523505002062e+02
-3.997511377681142619e+01
-8.226752225284957376e+01
-4.782158979130892362e+02
2.451270461457033889e+01
-4.612946210790997839e+02
-2.931721525101436896e+02
-6.193385465576871951e+01
-3.813722717778639435e+02
-3.145657091375047685e+02
5.041586931252272308e+01
-1.945295209052368079e+01
-4.061201129440284774e+01
-3.163942110604223217e+02
-6.624333409974815368e+01
-3.791218719812546283e+02
-2.736970499543510869e+02
-3.502527145919025315e+02
-1.180486884111260082e+02
-2.992951899162972040e+02
-4.336619574510116308e+02
-4.562121123109011478e+02
-3.545286910910875804e+02
-3.464026317586994992e+02
-3.285425442199737063e+02
-2.132123095172823923e+02
-2.929177907404031771e+02
-3.208499548729345179e+02
-3.325234870436307801e+02
-6.455519363460714999e+01
-2.241563773172244964e+02
-9.419885495912726014e+01
-4.682918164293315044e+02
-4.308229200297292891e+02
-3.204113152101901960e+02
-1.974587323424446481e+02
-5.102769767607522908e+02
-3.579141304525160763e+02
-2.065504982038551134e+02
-3.937735928298095587e+02
-3.467563499326993224e+02
-2.383578134420060621e+02
-2.771287231196982859e+01
-2.736729525465548818e+01
-1.806402550090515149e+02
-3.838706155936680489e+02
-1.875402305963888807e+02
-9.760530064409110196e+01
-4.066377165040916566e+02
-3.658514479625561648e+02
-7.177633186640566976e+01
-1.521860661489436666e+02
-1.712112322729396112e+02
-4.450701798424149160e+02
-9.870305625744455824e+01
-3.711099475593679813e+02
-3.758118160230836224e+02
-3.706052231979661542e+02
-2.683355033812222246e+02
-2.452718768083868497e+02
-8.375908110898939185e+01
-1.915718280201457446e+02
-2.747687015502278314e+02
-3.472864408399325953e+01
-2.317235166455137687e+02
8.512290703036228479e+00
-1.993019505870453258e+02
-5.385127880070865558e+02
-7.730285178872296115e+01
-1.934173983276712647e+02
-3.317032640534263237e+02
-4.063623046365399887e+02
-5.559001705536651343e+02
-4.373158066667360799e+02
-1.420062103919501624e+02
-1.131847209697924370e+02
-4.684913593907280074e+02
-3.792647058900711272e+02
-3.485851738105315007e+02
-1.172680330303648191e+02
-3.538966812185803690e+01
-2.226518973299070012e+02
-5.147934243004750670e+02
-4.453889157534156311e+02
-1.828927239480578351e+02
-2.611334144639665737e+02
-2.994448151183482878e+02
-1.432346613224491989e+02
-4.051646875640914232e+02
-2.483649940601317212e+02
-1.990184339692739570e+02
-3.872190826487723143e+02
-2.475656502652426241e+02
-5.046915980167046314e+02
-5.904077540043027739e+02
-4.229808369730179152e+02
-4.199765037263281897e+02
-5.313825147512632157e+02
-1.344975712753705750e+02
-3.466688987234439310e+02
-4.696532854772709697e+02
-4.973826463818394927e+02
-2.877644097919578599e+02
-4.350982694030611242e+02
-3.427294499709240654e+02
-3.210056490933018836e+02
-4.261005038832289529e+02
-4.907595873345327391e+02
-2.348075506258177256e+02
-2.427336235966079698e+02
-4.471340459705010630e+02
-6.236764415175578051e+02
-1.767510999170115156e+02
-4.361847186500714315e+02
-6.476014399344020944e+01
-2.422362986157253317e+02
-4.621523508861782830e+02
-3.892506880279865982e+02
-5.339821089443646542e+02
-2.176135884458862506e+02
-4.385374646876757652e+02
-1.921213108649931200e+02
-2.870511826722386672e+02
-3.944857153959246148e+02
-1.279197810812421920e+02
-1.573608232033777767e+02
-1.964680366579115685e+02
4.087254325848579128e+01
-4.954455768441022769e+02
-2.617442439119278674e+02
3.235375439080755200e+00
-4.146083820218860296e+02
-2.283210656719401186e+02
-3.700047502347871387e+02
-7.103211227410721449e+02
-4.851407559739533895e+02
-2.002705794042358889e+02
-2.436198980003842678e+02
-8.855409848137989570e+01
-7.119234800145670761e+01
-1.749572898596127573e+02
-1.014332124560968253e+02
-5.810883951280640076e+02
-3.815506901746940684e+02
-8.713446397914610486e+01
-1.633317692341436214e+02
-4.533560369027846377e+02
-6.163127304103270490e+02
-4.340437590722420964e+02
-4.775146715333025327e+02
-5.221273773141731454e+02
-2.884591172118634859e+02
-5.164076259021605892e+02
-4.047104999841671997e+02
-2.812307470028597436e+02
-5.284134561424198040e+01
-3.326969440995724767e+02
-2.369980804797451128e+02
-1.805871073058984564e+02
-4.777497524157582802e+02
-3.658367180696686773e+02
-4.586252012165613792e+02
-3.480820348420199934e+02
-4.143157855922540875e+02
-4.494824373657192496e+02
-2.258027800816922479e+02
-4.834249822707360522e+02
-4.300992921172230012e+02
-2.386914516712482168e+02
-2.405009274008215812e+02
-4.738436445878600694e+02
-4.533504310237703976e+02
-4.821405006157927460e+02
-2.520790522023590654e+02
-3.344848886462580140e+02
-1.283045248200628521e+02
-2.003791962037159351e+02
-4.350106084070044972e+02
-2.709015866048021053e+02
-3.144770323347219119e+02
1.090164836764575540e+02
-4.036809668367272934e+02
-3.775456671524605667e+02
-4.048072539702147310e+02
-1.391414759503860523e+02
-3.744038297023811310e+02
-1.828984351463353164e+02
-4.050636902153227652e+02
-2.179994201858121130e+02
-1.747858285334083632e+02
-4.302867474386392246e+02
-2.907700941314673173e+02
-4.750155933512718889e+02
-5.031187702242165187e+02
-1.614448373077603662e+02
-3.440304211304285218e+02
-3.794271180215615118e+02
-4.755689038194929594e+02
-1.758545052663803290e+02
-4.111928982076574357e+02
-3.559316868798629230e+02
-4.178975921126384492e+02
-3.978337507255923811e+02
-4.530967250678276059e+02
-3.746484439601381382e+02
-4.288607869107347028e+02
-3.663497092365698791e+02
-3.447287408664004715e+02
-2.017002350935827053e+02
-5.697456472092210333e+02
-4.287809463931417895e+02
-2.468550567286775106e+02
-3.371817446529781819e+02
-3.955795748360569632e+02
-5.374287221365829055e+02
-1.739867918757825294e+02
-3.135816289773011931e+02
-3.280369157348203544e+02
-1.904109154314338639e+02
-3.414796880734760975e+02
-6.690616190151871479e+02
-3.353781953520449406e+02
-1.966564599112818712e+02
-2.605196965431555327e+02
-1.464542662938488036e+02
-4.754470852404879224e+02
-4.465134310289744803e+02
-3.210030528510359886e+02
-3.516476700460048050e+02
-4.030164325812347670e+02
-3.281012396499900774e+02
-4.110793936513694007e+02
-2.998653996166983688e+02
-3.482736174399382207e+02
-4.238868792128207588e+02
-5.657701877153867827e+02
-3.853703356927496770e+02
-3.973487405544478293e+02
-1.438637573104804801e+02
-3.474576463605912977e+02
-3.053735203263287303e+02
-3.087239424841143887e+02
-4.190971016086592016e+01
-5.527055012374597709e+02
-4.265960057187663779e+02
-4.791138586199883775e+02
-4.143060665237475177e+02
-1.336598416144003068e+02
-3.938246313447639295e+02
-3.193065788614982239e+02
-4.184328665784975669e+02
-2.612312991855711743e+02
-4.584175456895644629e+02
-4.481264082396675690e+02
-2.696904901228289191e+02
-3.942301578175004693e+02
-1.878604665632307160e+02
-3.558177499571205544e+02
-3.918878754881304758e+02
-3.031059910661492722e+02
-4.186055965256340983e+02
-3.997567500597192520e+02
-4.387333122150632789e+02
-3.312350002580800492e+02
-2.382374403916521715e+02
-5.294504496910562921e+02
-3.119019956241452292e+02
-2.871083956182009160e+02
-3.898069418766702370e+02
-4.080408533201538148e+02
-4.039518017505304215e+02
-1.302679582717526046e+02
-4.366098470284617861e+01
-1.302467242136390837e+02
-1.368161233877276857e+02
-2.943749838508203993e+02
-2.771370965066040526e+02
-3.103920179130338397e+02
-2.058424610040652283e+02
-4.115250801082390808e+02
-3.336001684216004151e+02
-2.181307590914605612e+02
-4.668958941921767973e+02
-2.554803472497175960e+02
-4.726995589372785957e+02
-3.689864159967156638e+02
-2.718651063894021718e+02
-1.460635931416176163e+02
-1.650592038796814904e+02
-2.138813043596186390e+02
-3.502494955212939658e+02
-3.608766093667486530e+02
-8.450063925954266608e+01
-2.228781393563210713e+02
-2.792894277567284576e+02
-4.826477064143888356e+02
-3.852144164881866004e+02
-2.759122326347404623e+02
-2.302576603303041907e+02
-2.505043228723272080e+02
-4.172468942359890320e+02
-2.315020844333832883e+02
-9.512339160255665149e+01
-1.411592524482119870e+02
-2.627517005600815878e+02
-2.895140971321148413e+02
-4.005413435364567363e+02
-3.455258459403932534e+02
-4.278556979254919383e+02
-4.146773071092458167e+02
-1.790011012343464927e+02
-4.071465312145145390e+02
-3.195550033465807473e+02
-2.918883953160287206e+02
-3.688841888704474172e+02
-1.452884573732963531e+02
-3.556490249609303191e+02
-5.563701011558652709e+01
-2.283428716943420795e+02
-3.039967383201560551e+02
-3.553877273636913969e+02
-4.297013235256285384e+02
-3.607099345807184818e+02
-2.872802613347337228e+02
-2.626845406241417322e+02
-1.701485414749910206e+02
-1.827450389419614680e+02
-4.527215003477155619e+02
-9.874506561726694542e+01
-2.747985077461663082e+02
-4.528076815339687187e+02
-2.048666052340693966e+02
-3.397169899695427944e+02
-2.760316086239334368e+02
-3.200236738595945098e+02
-4.044080796061728620e+02
-3.672243377950072727e+02
-1.503513155004297914e+02
-3.064199998113994639e+02
-3.030652202902880958e+02
1.589614347790292470e+01
-2.488917354640696544e+02
-4.691178756805056764e+02
-2.893659675986938282e+02
-3.139949068125162057e+02
-2.290035402908002879e+02
-2.752211076834353207e+02
-3.050350430869133334e+02
-4.050465744769055618e+02
-2.393097135184812885e+02
-2.215246023148692416e+02
-2.547461457786228607e+02
-2.093079616571989732e+02
-2.196411450467813609e+02
-3.348473764362587985e+02
-2.675355150773898458e+02
-4.316300656560556490e+02
-4.414719254125963062e+02
-2.517327750638546604e+02
-8.129277426299279341e+01
-2.766504657642082066e+02
-3.021253386011524356e+01
-4.242706542792012669e+02
-2.450865827795672089e+02
-3.079578250269100863e+02
-4.181366384531822860e+02
-2.439207903535420598e+02
-2.654656262783928469e+02
-2.071837843961560566e+02
-3.450561583073337033e+02
-2.972431541896404497e+02
-2.608644103968024979e+02
-4.308946491027897991e+02
-3.682509681749579045e+02
-3.866683292413380855e+02
-3.045387908038482578e+02
-3.462150317997964635e+02
-3.991515323000145372e+02
-3.527019543155299743e+02
-2.842996393596204143e+02
-3.102186340903786572e+02
-1.760330347841899652e+02
-1.483826547027796892e+02
-9.364633909926843103e+01
-8.985801777918851485e-01
-3.281381028175090933e+02
-3.119157048738811682e+02
-2.225326992334494776e+02
-1.771069648123050229e+02
-1.357588181118613022e+02
-3.728157664030333081e+02
-2.078513039336024804e+02
-4.186550585994940548e+02
-1.860197698006375333e+02
-1.175993106703950843e+02
-2.802662918233892242e+02
-2.485683389433526713e+01
-3.431914150610423917e+02
-3.043836789258103295e+02
-2.991448099843656792e+02
-1.720730978101441622e+02
-2.327117078746129835e+02
-2.818313796652699921e+02
-2.646146879772144302e+02
1.239819539391733940e+02
-1.609667690500467074e+01
-1.276824691421453224e+02
-2.687695658499890214e+02
-2.604815760678396828e+02
-3.001059129916514507e+02
-1.026381799022910286e+02
-2.611572255622808143e+02
-3.178656112588799374e+02
-2.157566192874474780e+02
-4.173364709809749797e+02
-4.734338114628053518e+01
-2.777190515712531749e+01
-2.992541083408787017e+02
-1.701679126268457480e+02
-2.963103323713764325e+02
-2.462351663639156811e+02
-3.690324862921513613e+02
-6.799953174432948799e+01
-2.523119754361252944e+02
-8.286514140384088023e+01
-1.575068959493963519e+02
-2.434535104099250589e+02
-3.717056550377263306e+02
-3.393758338807809309e+02
-1.803076334096949438e+02
-1.155828854728267743e+02
-1.210491839794753730e+02
-1.968112465203668648e+02
-1.928623286889591668e+02
-2.302857734185901961e+02
-2.954818845510187089e+02
-2.511672088515157952e+02
-6.159173950514831830e+01
-2.975902124248570999e+02
-2.386212371825475032e+02
-1.601886962638409670e+02
-5.010928588548139118e+01
-1.859825553121268626e+02
-3.213281411019360121e+02
-2.032186309111065157e+02
-1.763106973541270577e+02
-5.044582903832232432e+02
-2.208434558688330185e+02
-1.227639694632424892e+02
-6.789705836830830776e+01
-2.100804600304555265e+02
-2.206872831375638953e+02
-2.962888777045833422e+02
-2.987821094960703476e+02
-1.755339168605237603e+02
-2.249700852039564438e+02
-9.805337872236502506e+01
-2.614470114614781551e+02
-1.144801682143199884e+02
-1.686908926686701875e+02
-1.909805254654352780e+02
-2.277490343675460451e+02
-2.715397427845154539e+02
-1.140570610444023885e+02
-1.411973357898332893e+02
-1.974803301872756549e+02
-1.616734739387533750e+02
3.883004690282916727e+01
-2.741583691359575141e+02
-2.743040852182466551e+02
-3.451668690779761164e+02
-4.031092310230278031e+02
-6.860845674114364101e+01
-2.681174203429548015e+02
-1.972962571368942122e+02
-3.191212822459817744e+02
-3.481479893315905088e+02
-1.287167504114382268e+02
-9.126520158034102792e+01
-6.907541744937101669e+01
-2.604169093908506056e+02
-2.554940740685950686e+02
-1.601882147141730002e+02
-1.940851838879444244e+02
-2.309718956479563587e+02
-2.306727696246437631e+02
-2.976067251561889861e+02
-3.869714763572389984e+02
-1.167374129124170992e+02
-2.749979337104958290e+02
-2.460191354352940607e+02
-1.906840341339147074e+02
-3.087980383726735454e+02
-3.160455188295497919e+02
-3.493518052936013873e+02
-1.687238577378867035e+02
-3.212327520876985432e+02
-2.291552704588132201e+02
-2.561880599625195600e+02
-4.052665057199732814e+02
-1.121746935261362950e+02
-2.540167446641281970e+02
-2.933295777917936675e+02
-9.633783957592005720e+01
-4.627651194902323795e+01
-8.158292614692429368e+01
-2.315774323646450625e+02
-2.503310515009549420e+02
-3.577249136835020522e+02
-3.575098062038749731e+02
-1.387174428460290585e+02
-1.049533296493186185e+02
-1.116573729124180971e+02
-1.881399349749381713e+02
-3.000347995136061172e+02
-8.639567559874549829e+00
-3.621729570858507259e+02
-8.460881956742909438e+01
-9.175745750674892065e+01
-1.611323386624175953e+02
-3.376368983281005853e+02
-6.736698539210388503e+01
-3.484227321698726882e+02
-3.155443599206042791e+02
-3.968121649953960741e+02
-2.265852157564496281e+02
-2.976970272235165567e+02
-1.635826908092853387e+02
-6.031709088568545951e+01
-1.398562261133956497e+01
-2.068426945961861918e+02
-1.208245430241922520e+02
-2.420726754275356996e+02
-2.780441691259852632e+02
-2.587404028024857325e+02
-4.599919559392801602e+02
-4.494144461472654370e+02
-2.182597349397895528e+02
-2.711817696109220606e+02
-2.058838628743023946e+02
-3.539410335119964657e+02
-2.341169196415485487e+02
-9.273386939754436753e+01
-3.080165240374064979e+02
-1.339082424117143262e+02
-2.548088583836091345e+02
-1.331282081740873764e+02
1.703456350656759355e+01
-2.507324312094646075e+02
-4.900063231345451982e+02
-2.356462334383718371e+02
-2.639505797721872113e+02
-5.726199410504950720e+02
-1.249240272479985947e+02
-3.617478152604167008e+02
-1.558226176647386012e+02
-3.507892272249167149e+02
-3.054403452761889639e+02
-2.084131399499903523e+02
-3.275265661653503457e+02
-2.102826734151090307e+02
-1.327242218556689011e+02
-2.943062423364701203e+02
-1.331224037643855240e+01
-2.772685403579558283e+02
-6.330043139392229534e+01
-1.243065807467841211e+02
-2.592887188903257538e+02
-3.156622611201436825e+02
-2.457320329714075058e+02
-2.038763919328722238e+02
-1.664485569322610274e+02
-1.123664538046298276e+02
-2.860169431414006453e+02
-1.687302780431363090e+02
-2.457735083586117639e+02
-3.137139957217305550e+02
2.195260626497559429e+02
-2.784117082470630749e+02
-1.411175963845531101e+02
-2.463225997084611834e+02
-1.591848212838739016e+02
5.198297171425053875e+00
-1.227853172080118469e+02
-2.668904576983982793e+02
-1.240844632001444126e+02
-3.103310562920579514e+02
-1.197744139005743307e+02
-2.358304777299475745e+02
-2.691517821258447611e+02
-1.845820747445605434e+02
-2.110736815253342797e+02
-3.573699448174330655e+02
-7.463484048475916666e+01
-3.243491298687418976e+02
-3.048593081997255467e+02
-3.040648480301222207e+02
-2.098775816259518479e+02
-2.543994360630573510e+02
-2.118714753247133444e+02
-3.083792186033716121e+02
-2.962559859175801193e+02
-8.739724380722533681e+01
-2.407790144037239770e+02
-3.807684393980237019e+02
-2.098919222877435971e+02
-1.154887091325775401e+02
-2.295720032369780768e+02
-4.514460675357295827e+01
-8.519596731789455646e+01
-2.275502218971033130e+02
3.721487204223453205e+01
-2.509649646913881895e+02
-3.922921112792845832e+01
-2.310310662574685239e+02
-2.469606863762435580e+02
-1.704934081281122928e+02
-1.514699378879505502e+02
-2.230215121678032801e+02
-2.949632759793651076e+02
-1.620994685203744154e+02
-4.366718289075529214e+01
-2.176762207445315198e+02
-2.431327393402440293e+02
-2.357838312022230980e+02
-1.137967187708179182e+02
-1.556568177911346709e+02
-2.226043222327874958e+02
-1.825195523278066787e+02
1.992538334445500823e+02
-5.839183778538015446e+01
-2.018300022054692704e+02
-2.079698748049719370e+02
-1.860326906629188954e+02
-1.090958962585525001e+02
-6.885490344748264135e+01
-2.233073412360071757e+02
-3.807287511494493515e+01
-2.612291654715133404e+02
-3.047603072852165269e+02
-1.736558533401423290e+02
-1.107042514648379239e+02
-7.230973145314214889e+01
-3.055005741605957041e+02
-4.388265994654198465e+01
-1.099600954718919752e+02
-2.393799031962923607e+02
-2.911471896065312990e+02
-9.605377403971162664e+01
-2.113943750667361883e+02
-9.614596844867153891e+01
-2.786767585467911772e+02
-1.983232083780612811e+02
-5.017605925379866960e+01
-1.961199114594292041e+02
-3.285822305865235649e+01
-4.277842226740948917e+01
-5.663169323189710269e+01
-1.254542694185573168e+02
-1.513100150544552207e+02
-8.184877753077081763e+01
-2.888625461319577425e+00
-6.720427174946263449e+01
-1.967162949227841580e+02
-3.174775377387300637e+02
-2.334840747523321909e+02
-3.056944118475076948e+02
-1.449356755095271296e+02
-8.908643059161474298e+01
-1.767506446689884569e+01
-2.417105542625867542e+02
-4.330166149012637788e+02
-2.213584599146639960e+02
-1.329641354016008847e+01
-2.519130447655341243e+02
-7.047369023778372821e+01
-1.018563237240879289e+02
-2.287021957878020828e+02
-2.855648908951044405e+02
-2.410994329647381846e+02
-2.697881454838224613e+02
-2.142737807779407433e+02
-2.319993625981679770e+02
-2.994381463843159281e+02
-2.070239736624457407e+02
-6.743625661552965767e+01
-3.363029296231584908e+02
-2.523046931286827146e+02
7.691154058253471248e+01
-3.608123071217863185e+02
-1.554278898319144560e+02
-2.495082591747554375e+02
-1.046274949410422153e+02
-2.863394207190436305e+02
-1.249460273951617211e+02
-2.208162457881499563e+02
-2.907367724532135185e+02
-1.742515121773699320e+02
-3.371377464257369638e+02
-5.673886844799333318e+01
-2.586967105926718205e+02
-2.662006072982268847e+02
-3.704014662922314756e+02
-2.513402835240387105e+02
-2.847055467933533919e+02
-2.454809069931194188e+02
-1.733599214386885023e+02
-3.004559307845560170e+02
-2.534007462829182771e+02
-2.178849378568310158e+02
-2.026746752851112774e+02
-8.750313103306575613e+01
1.306526125486338401e+02
-2.893396982103549817e+02
-2.228074452684913354e+02
-1.819914940756568171e+02
-5.995059376424855913e+01
-1.040376373458104240e+02
-3.536866470330276968e+01
-5.303795812033736468e+01
-3.061083934075525121e+02
-1.129413540241215799e+02
-2.823077289843734548e+02
-2.144102390937625842e+02
-4.677840295525763992e+01
-2.670419978483963632e+02
-1.575981717536058113e+02
3.434925030064454177e+01
-3.083708129322394029e+02
-2.133814011751866246e+02
-2.397336442500838416e+02
-1.056273292072407912e+02
-2.122098649899252223e+02
-2.463482611425194477e+02
-3.568868742944169981e+02
-2.604977053623639449e+02
-2.715499085473650211e+02
1.209927403692491765e+02
-2.908129177897350814e+02
-3.044331119301929220e+02
-4.746781321382541563e+01
-2.383372811898623240e+02
-2.281537957608520628e+02
-2.779959028720229526e+02
-1.554828344622399641e+02
-1.662843545499114839e+00
-1.717106231385805302e+02
-2.637290884196221441e+02
-1.221180796933952308e+02
-1.715500637464155602e+02
-1.496608614623828259e+02
-5.841020490309404778e+01
-3.093607746235713876e+02
-9.157512933265081756e+00
-2.272185487558991781e+02
-2.112215782103556876e+02
-3.599473903794546459e+01
-2.701111651566779983e+02
-1.943135900211804028e+02
-2.142332562692052136e+02
-2.127080983673131982e+02
-9.601068594392262412e+01
-3.787221300876865371e+00
-1.736858770817832465e+02
-2.544256060865869244e+02
-5.954923987928849272e+01
-2.573105385353154588e+02
-8.949129574669184706e+01
-7.974946628395645121e+01
-1.995156985103849081e+02
-2.395505340380802863e+02
1.375915260947290619e+01
-2.039206405460786868e+02
-2.758302484394425278e+02
-2.189232723045739704e+02
-3.170108418279458533e+02
-4.414600034722604391e+02
-3.555876197410528903e+02
-2.376678051143495622e+02
-3.206247441963585061e+02
-3.453371328053730167e+02
-1.754240331997402791e+02
-1.596444778863780698e+02
-2.308833599040378033e+02
-1.477584667103309073e+02
-3.018737564721303670e+02
-3.663234173137316247e+02
-1.666305795505208778e+02
-7.147673149491886591e+01
-2.382452889966646978e+02
-3.410734551913359383e+02
-2.733833317828492682e+02
8.528964057242788499e+00
-2.568135253433827074e+02
-4.071526738585332055e+02
-2.206882326508488745e+02
-1.176053288008718880e+02
-1.486651138135960366e+02
-1.991112530532671485e+02
-1.583116502736899065e+02
-2.819295218949878290e+02
-1.221656305530938198e+02
-8.943064911674653672e+01
-4.734067100284833884e+01
-5.956580895606404624e+01
-2.790130351775669624e+02
-1.024191747120464129e+02
-1.636579321724475733e+02
-6.153403333452262558e+01
-2.847469361868328406e+02
-1.560567635710751802e+02
-2.685392274555614449e+02
-2.570614409353885321e+02
-2.677077950405268894e+02
-2.071879985110723226e+02
-4.109680225573713841e+01
-1.688807579286556688e+02
-3.408011584417362201e+02
-1.264303576189505094e+02
-3.099740107297297982e+02
2.628491619144717788e+02
-1.236258635373746557e+02
-6.891855726071102595e+01
-2.999906643759587723e+02
-1.660636244386050748e+02
-1.865763342349891616e+02
-1.120058010608441634e+02
-2.246578711795378354e+02
-2.395971028738387929e+02
-2.660138110855995137e+02
-2.463711426424769968e+02
-2.551549154866993661e+02
-2.686755228828140503e+02
-2.562509097822073727e+02
-2.456025532275927503e+01
-1.397356670511852315e+02
-2.318324898708399644e+02
-2.473082145434052563e+02
-2.898173664428355210e+02
-3.474675951245149008e+01
-9.294208759192464697e+01
-2.913031931100680367e+02
-1.921921658305885217e+02
-2.545343277596043094e+02
-1.571617016666138227e+02
-2.780551424882148126e+02
-2.875769354681330583e+02
-2.895943865080464548e+02
-1.721411301246562289e+02
-3.106114466334504414e+02
-1.650831618526758575e+02
-2.253450972147388995e+02
-1.130750655874572885e+02
-1.858879676441470110e+02
-7.007780830335448741e+01
-9.377190344441225989e+01
-2.416816825670831861e+02
-2.559410336776382167e+02
-2.827664338545617966e+02
1.393237388334667060e+01
-1.075677724663686803e+02
-1.607607821992938852e+02
-2.153276007284962930e+02
-2.463334571525924730e+02
-2.052897161224329921e+02
-1.732702161759083879e+02
-1.611721591671197302e+02
-2.601313170360175491e+02
-6.571203747375800219e+01
-3.155950388707177581e+02
-2.033204937472439724e+02
-5.530729243198963729e+01
7.690043591786320576e+00
-3.415282270873991592e+02
-1.227533156591613306e+02
-1.375610324092407097e+02
-5.572908578484933173e+01
-2.339753271845777078e+02
-1.857665658799496100e+02
-7.642022514444070680e+01
-3.103708412764725608e+02
-2.467650750470150740e+02
-1.891257872781798426e+02
-1.369752153020762933e+02
-2.831132866451134191e+02
-2.379581985970245341e+02
-2.722332196311458006e+02
-2.265481633986792076e+02
3.006482750250606273e+01
-1.414543546251181567e+02
-1.822972728308208161e+02
-3.755761425137725951e+01
-2.314093813749960873e+02
-9.620477223568441616e+01
-2.759827452824794705e+02
-1.796418608300022584e+02
-8.196146840211811480e+01
-2.029099106703316409e+02
-2.246736049063274550e+02
-1.495425353060467728e+02
-8.446047467987874313e+01
-1.988127978172827852e+02
-2.617955769519442129e+02
-2.971559181565183962e+02
-1.307585444283600111e+02
-2.599423665950974964e+02
-1.421965844918225628e+02
3.103587168118627915e+01
-1.875388540331816500e+02
-2.441038874291396610e+02
-2.717330749517110462e+02
-2.563755450882900391e+02
-2.860163860762807531e+02
-1.093726651424572225e+02
-9.629332250571678742e+01
-1.776770448251346295e+02
-1.767435432729488980e+02
-2.484955428037292222e+02
-1.206065118049127420e+02
-2.933630082471091782e+02
-3.700268062841269057e+01
2.678538709809205898e+01
-9.617494234104725592e+00
2.459888404015897834e+01
-2.055257152214236100e+02
-2.539566447327953256e+02
-2.742553141965819918e+02
-3.032542600715365779e+02
-6.101756148506822086e+01
-3.181814198417195030e+02
-2.000328363281538202e+02
-2.513056124660940327e+02
-2.677458511741529037e+02
-1.078397274701381434e+02
-2.302458192435942124e+02
-1.261307220671370288e+02
-8.756287609869420407e+01
-2.332889355344310616e+02
-2.232247824830117509e+02
-2.346192138743889473e+02
-1.867992484636772588e+02
-3.275748107403420590e+02
-2.327709848705633533e+02
-2.142573386263272539e+02
-1.931322164310116705e+02
-2.113420364482613252e+02
-2.266767877186817941e+02
-2.809634908596683545e+02
-2.480210356007998769e+02
-2.999969837475224210e+01
-3.352535539736405781e+02
-2.950336163405177672e+02
-2.348640806488441797e+02
-3.165447946673824049e+02
-2.724553793772691961e+02
-1.819388072233228968e+02
-4.113740314732214642e+02
-2.571557095876856920e+02
-1.673437970150020817e+02
-3.165860164177076967e+02
-2.886803386056401450e+02
-5.933174507339383297e+01
-1.769079867909928794e+02
-2.342915054314651968e+02
-1.656256138910655693e+02
-7.722978355349080459e+01
-1.249820983959139937e+02
-1.939665411775826840e+02
-2.332544729969747834e+02
-1.020180436630048746e+02
-4.069024001663207741e+02
-2.232878763920997471e+02
-3.316416315052952086e+02
-2.762045425515819943e+02
-2.931221132658292845e+02
-1.614537402239898825e+02
-1.421253495533929367e+01
-2.966267142587956869e+02
-3.848772849225431969e+02
-2.414297215611272520e+02
2.456686450820695882e+02
-1.265786700409178849e+02
-1.726601812075121529e+02
-2.855533612478092778e+02
-1.534392842595837863e+02
-3.306921372512574635e+02
-2.061038227590191525e+02
-2.303252056896597537e+02
-7.727132793207633199e+01
-5.396957665410242555e+01
-3.004843599548124757e+02
-9.763664881171615662e+01
-2.279058077881629458e+02
-1.673589939569217790e+02
-8.619269085755919946e+01
-2.809681659082842486e+01
-1.656989182966419776e+02
-2.649537634615684851e+02
-3.111761219189367011e+02
-3.370964265891039418e+02
-2.034982171450627959e+02
-1.861752741930257571e+02
-2.033748599596698909e+02
-7.941378042288383199e+01
-3.319732893816526484e+02
-2.195333153724102999e+02
-3.237527208104290821e+02
-6.910656790270867589e+01
-3.934531557964323270e+02
-3.233221673211992311e+02
-1.486808022747750613e+02
-5.074767369122650251e+01
-2.282535611810757814e+02
-2.105548841776551114e+02
-2.326378440776783236e+02
-2.525485302859555361e+02
-2.255501642185377591e+02
-3.038327686961141580e+02
-2.634840834476893292e+02
-1.435305340946347599e+02
-4.446616085126624967e+02
-2.946434566370996890e+02
-3.446123658406844470e+02
-5.522300519417054687e+01
-2.234268129000578540e+01
-8.542505751161939997e+00
-2.539281061075613195e+02
-2.959733963522431281e+02
-1.450282555579645418e+02
-2.939253217641976335e+02
-7.170101698658866951e+01
-4.344938742517550878e+01
-2.808502553876174943e+02
2.333946374356027889e+02
-2.313399938136299738e+02
-2.719339575448154847e+02
-3.032273546772519239e+02
-1.979828136060701240e+02
-2.388856359433423222e+02
-2.727543332145513659e+02
-2.905789957305733537e+02
-2.965965451134305795e+02
-1.667715857682848934e+02
-2.215278101718601533e+02
-1.354553532299256062e+02
-2.314077622178935769e+02
-2.496007900511295077e+02
-4.705821943878732583e+01
-2.323463976435928942e+02
-1.711837074997622778e+02
-2.598217303080949705e+02
-8.585732556729442422e+01
-2.532712112835732796e+02
-2.685461003323950422e+02
-1.229643263597964022e+02
-1.725370923559296443e+02
-2.657603801626457880e+02
-2.700446268282666438e+02
-2.356462857833305407e+02
-6.766410282668282150e+01
-4.445281925481825169e+01
-4.061100150389516017e+01
-1.503883178142280315e+02
3.014401815335244805e+01
2.084783248883353224e+02
-1.782566447664658540e+02
-2.738653497322526960e+02
-2.179562008285668639e+02
-2.303559770619187645e+02
-9.524880124619322430e+01
2.022719094412764207e+00
-2.131463225063867242e+02
-2.293462133794865849e+02
7.784375196915647166e-01
-1.207313022635304947e+02
-2.701793583936596406e+02
-2.353333710724031107e+02
-6.038674364906305669e+01
-2.449366617695545187e+02
-2.165631488789848333e+02
-2.597881598113730206e+02
-2.639028605242729100e+02
-2.660825764976560777e+02
-8.120612947332375597e+01
-1.965641410495381933e+02
-9.861968824942016454e+01
-1.550048619449553087e+02
-1.943580850531458850e+02
-1.374359280769959923e+02
-2.023633863372508301e+02
-2.300090506048525185e+02
2.310675194846777458e+02
-1.422506279327356538e+02
-2.014303229157562782e+02
-1.446821577093882070e+02
-1.881202409238253495e+02
-4.576857892556382978e+01
-2.989113504003134381e+02
-2.381836184757005981e+02
-2.226507590545316475e+02
-2.304605703227386471e+02
-1.720162736688861003e+02
-2.732832803414702880e+02
-1.750494568295625299e+02
-7.545859280703922423e+01
-3.450128093211537816e+01
-1.062170797352360125e+02
-2.083917877481353003e+02
-2.762900883404258821e+02
-2.887465450923783123e+02
-2.824510532144793160e+02
-2.672312835796005857e+02
-4.180695730241431818e+01
-6.099555927672160749e+01
-2.025595182230804312e+02
-1.507548836303136568e+02
-2.444316840068379122e+02
-1.696572401710345446e+02
-1.753119409940913158e+02
-4.971467704804657473e+01
-2.618988686083096127e+02
-2.835728734988441602e+02
-2.842129052780078950e+02
-2.873201469568019206e+02
-1.912146363500466180e+02
-2.742595258020757001e+02
1.901453446260660485e+00
-4.980226911775204712e+01
-1.693595345208406684e+02
-3.237483219943958375e+02
-2.444066340596453415e+02
-2.638147322707669673e+02
-9.704997186210863447e+01
-2.859384021192059890e+02
-2.472354055729519473e+02
1.981231104018954738e+02
-2.961874255437402326e+02
-2.649821387269846582e+02
-3.181851036762265608e+02
-1.763061646806393412e+02
-2.274539220031553555e+02
-3.106255152086197313e+02
-4.903218417966016318e+00
-2.659686636947654392e+02
-1.235665442693905476e+02
-4.193798493219836132e+01
1.643787931115083722e+01
-7.639686653800005445e+01
-3.180650901250967877e+02
-3.840249565975572636e+02
-2.672406503902303143e+02
-1.078954411016014063e+02
-2.870742548918487955e+02
-2.414515835130047492e+02
-1.109796759114643834e+02
-7.655350866475649241e+01
-2.041392808193368751e+02
-1.751027275481978620e+02
-4.852245643295719901e+01
-2.964850447870851440e+02
-2.772011141498339839e+02
-2.747314842064714924e+01
-2.856387002018722114e+02
-9.713897960953460142e+01
-9.686593611248153479e+01
-1.057644058851199418e+02
-1.997335645227600196e+02
-2.889500647770614705e+02
-4.700854745010627767e+01
-7.613651491437047980e+01
-1.481054597424948156e+02
-2.362152228661793174e+02
1.640557929392551273e+01
-2.470786775551984533e+02
-1.835832406916660773e+02
-1.281560210866671241e+02
-6.974152840382005536e+01
-2.275971792601872039e+02
-1.882521787706599525e+02
-1.437048806856606689e+02
-1.892198214975249471e+01
-2.989620875659792887e+02
-2.265152617583170525e+02
-2.373866332386630802e+02
-1.400635930517200904e+02
-2.527621113890871527e+02
-2.603144416830969021e+02
-5.698411763868364233e+01
-2.479471101755409279e+02
-2.499822658909345705e+02
-2.103648231950554646e+02
-9.773592012968757103e+01
-2.290465642285106469e+02
-2.295287474072810028e+02
-5.176676412487184820e+01
-2.430675840674761901e+01
-5.811559908632283822e+01
-1.294987752055131409e+02
-2.702667084730352940e+02
-2.656599276725705749e+02
-3.913641768475388005e+01
-2.456666233651949085e+02
2.582888520533601877e+02
-4.906382406513912997e+01
-2.394485119738683920e+02
-1.741483705133232434e+02
-8.411100801204331390e+01
-6.777357214361869353e+01
-9.077535169571845586e+00
-1.888565492624174453e+02
-2.584416984194738234e+02
-2.777011458043271830e+01
-1.625158210053347432e+02
-2.348073706203062443e+02
-2.469660084527582740e+02
-1.695581389483047872e+02
-2.329342677007896896e+02
-3.311356807976479217e+02
-4.237454267011958819e+01
-1.142416028777349197e+02
-1.616104551878126472e+01
-2.165569724538110563e+02
-1.980196100945310604e+02
-2.990662657700167415e+02
-2.509779932116653924e+02
-2.933528275626772484e+02
7.339755001353125863e+01
-1.972820741212152313e+02
-1.912236046045294415e+02
-1.809883899749365526e+02
-5.502551987878423034e+01
-3.261345922748527073e+02
-1.789071168195869461e+02
-1.787537648100846184e+02
-2.182097694618876744e+02
-2.939763078693702028e+02
-2.427052023441765414e+02
-1.665949441376039886e+02
2.573885511547093756e+02
-2.575712268162907321e+02
-2.737641536548100021e+02
-3.286698825851675565e+02
-1.485188546394217610e+02
-4.886081685453280699e+01
-2.487629935555242753e+02
-1.323897078877965896e+02
-1.823054995009062793e+02
-2.215637499860438595e+02
-9.022285851416940261e+01
-2.679754932255552546e+01
-1.988479786630765886e+02
-1.752879164848819755e+02
-3.172906208090992095e+02
-2.746447359029699555e+02
-2.067633951449770393e+02
-2.294804940133862772e+02
-8.287066251713928011e+01
-7.455850052063048850e+01
-8.578075863330458617e+01
-2.377235915412530005e+02
1.253646702063399232e+01
-2.869109244861780326e+02
-2.679733857326907014e+02
-2.038774188382934938e+02
-1.995447973183762542e+02
3.751672249311428686e+01
-5.732073423257232037e+01
-2.943529010256273750e+02
-2.169430198038739093e+02
-1.885642661627180701e+02
-4.173675028981859469e+01
