-1.352946157659746405e+02
-3.130796060704095680e+02
-1.497087248807902142e+02
-1.080898339999082793e+02
-7.429456682777143328e+01
-3.117839747849729974e+02
-3.720473583146480792e+02
-4.661329868196312987e+02
-4.072115412499761078e+02
-1.618275471803942480e+02
-1.317204524323584849e+02
-1.932889562625463213e+02
-9.184586990238074122e+01
-1.340850694785129633e+02
-5.606648724089868665e+02
-4.190233471631950124e+02
-2.325927022386222802e+02
-1.954222538901599364e+02
-9.267451395486652643e+01
7.430128405169114103e+00
-4.627263460065088339e+02
-7.264487298538546156e+01
-2.180713123833815246e+02
-9.734690551217025245e+01
-1.545762645864685396e+02
-1.111932473828677814e+02
-9.236712596125933317e+01
-1.205095173035442713e+01
-1.291192254444000582e+02
-9.313522845161428165e+01
-2.554974467071683648e+02
-1.224807673986081795e+02
-1.289974148339802582e+02
-1.036714210118279738e+02
-5.639473306463862201e+01
-3.919109841749863676e+01
-2.703660129624661295e+02
-4.972950420494895241e+01
-7.626101325241475593e+01
-7.058436010932592808e+01
-9.162402408460832248e+01
-1.086432459410118696e+02
-6.389503834319005904e+01
-1.133977227166240880e+02
-3.500739602532301831e+01
-1.041306436997823681e+02
-7.808559143999650587e+01
-8.096841982117729231e+01
-3.145941419104109116e+01
-6.033288401560883329e+01
-9.751486483318764442e+01
-8.978909223819752583e+01
-6.223522806248412564e+01
-7.002000630352199551e+01
-1.331214830652507430e+01
-8.973811970179889386e+01
-8.620648636637596951e+01
-4.640315764043280211e+01
-3.664935092642716086e+01
-7.239323118603095963e+01
-6.209035369442212726e+01
-6.607078202055808447e+01
-5.965550199195836711e+01
-4.358261062313830791e+01
-7.220946531914592015e+01
-7.861116387691731688e+01
-2.906971600020206381e+01
-9.354909195673961619e+01
5.721347506899405744e-01
-5.977817728400626152e+01
6.104367360320779312e+00
-4.965937129593815769e+01
9.498459354825101286e+00
-1.826802414999970381e+01
-9.415137770919547222e+01
-1.452342223910605412e+00
6.303667643746422300e+00
4.594850986222706979e+01
-3.165725551243633618e+01
-4.457216362321490521e+01
-4.976942269813493169e+01
-1.129891475465744293e+02
-3.842558399050757600e+01
-8.219351604291991009e+01
2.606318916012199338e+00
2.983887056185633924e+01
-1.017634982976361044e+02
-1.217353113684157506e+01
-2.106084723883053300e+01
-6.939607722227771092e+01
-1.444283900895190698e+01
-1.019626286373371755e+02
1.150367618171785011e+00
2.338895425669811345e+01
-3.933286921888726795e+01
-2.417086285334251272e+01
5.620959058618228710e+01
-3.271498170371319247e+01
8.503940846049346192e+00
-3.166153758074442237e+01
-8.229729776610207637e+01
-1.070250614060596206e+02
-8.536972972540922910e+00
2.698323265714027741e+01
-1.997661542403322699e+01
7.998021584850846466e+00
-2.987803805651994082e+01
-6.225606934221701749e+00
-2.287811053922753501e+01
-1.039854288644496876e+02
-1.931401834622619162e+00
-2.110152219519950734e+01
-8.952894597276070954e-01
1.686909895940147237e+02
1.477990190622427633e+02
-3.333302633788953528e+01
3.355595505539005785e+01
-2.216583210468971288e+01
3.196356237572678083e+01
-4.492571241534434989e+01
-5.990443206950764932e+01
2.140340023169963501e+01
3.355035266668195959e+00
2.195560910928421094e+00
-6.153932083238785111e+01
-6.297729620384715332e+01
1.180091553678579430e+00
-1.032183626694969121e+02
8.582468933142982337e+01
-2.423726780259827080e+02
5.944701190626605580e+01
1.147537133640004328e+02
4.593426081443627140e+01
9.835978801438891139e+01
-5.575736983572986105e+01
-4.882462541327028305e+01
1.314198507474947348e+02
7.815417564408883777e+01
3.663273834940426354e+01
5.926782067454381320e+01
5.364378231452053569e+01
1.094410851867036314e+02
4.623511106363166334e+01
8.365716102118184949e+00
9.267111516498343349e+01
-1.151654381503590230e+01
-2.917089379410931826e+01
5.361970141427058678e+01
1.217224277443440883e+02
1.780721425534921920e+01
-4.555284583030213952e+01
9.039588370948526119e+01
-7.232715145471871665e+00
3.223539835356132244e+01
1.770604874882468494e+01
-1.991274715032142240e+01
2.747038708792074146e+01
9.204082680709014141e+01
1.202375351471960130e+02
1.385364335971375738e+02
7.681089892569180222e+01
-1.613222192007796707e+01
1.674819353948935543e+02
6.797523795454227979e+01
1.451456425581428960e+02
1.331438646458047117e+02
1.066306247071417772e+02
-1.033863786850668447e+02
1.849000489047207907e+01
6.422975840111739387e+01
1.305322960580494964e+02
-1.966440097673566356e+01
9.544027100059454938e+01
-2.424504719727767110e+01
9.777378795459590322e+01
5.157345572210276430e+01
8.378728370256285984e+01
-1.569708570609438425e+01
3.133997709383913843e+01
8.566723196937742557e+01
1.250361893592133526e+02
1.396671862804002160e+02
3.684479703152734942e+01
4.490175519266327342e+01
1.180326651102877236e+02
8.732252996008298851e+00
1.321035466025456628e+02
5.968999157370415531e+01
4.251848507184348591e+00
1.328570734638634576e+02
3.281506199889068398e+01
1.249977004670242593e+02
4.068822696279377737e+01
-1.781405135557164954e+00
1.218485013580674092e+02
1.237316309883259891e+02
-5.088340857210199175e+01
-9.238216289674966220e+00
1.518965454162226081e+02
1.179649740463214869e+01
1.036650887840256274e+02
-2.992897459123440740e+00
1.043438060938783707e+02
1.387488148579587630e+02
1.065955966588670378e+01
1.288024652374845402e+02
-5.369287388643627423e+01
1.590582408815880910e+02
-3.269908918677575116e+01
8.713929817990883464e+01
1.243180245149883092e+02
1.346590803336596309e+02
9.614255614302557262e+01
1.387250658768152789e+02
9.371935407852502919e+01
1.312507210091346224e+02
-1.738190029707858741e+01
1.156740379758567911e+02
1.070494943681218558e+02
1.105475184436714216e+02
5.722756072516192205e+01
1.490836145329063811e+02
-1.302603594052072822e+00
1.003758862428013288e+02
1.191811557639745871e+02
7.545986784398955649e+01
-6.937446038397182235e+01
-1.939885582891724880e+01
1.679934431616265442e+02
1.101740862454671515e+02
1.321102620481575229e+02
1.716857335784099234e+02
1.347304507435372614e+02
9.022536525474589553e+01
1.046659262936996981e+02
1.300909507380482069e+02
1.568874591806863634e+02
1.102813626670088354e+02
1.141305212559725817e+02
1.338079980895006713e+02
1.921990745663917721e+01
-4.724554523565629438e+00
1.541687567473844354e+02
9.937794536002519408e+01
1.350630678706035610e+02
1.342653183417741047e+02
1.150744743351627619e+02
1.724659280323470512e+02
1.233867428238421127e+02
1.518637527868501422e+02
9.469095993745403916e+01
1.110053893704109100e+02
-7.031863241193055103e+01
8.722926379471945779e+01
1.149301280301444876e+02
1.279463532987905268e+02
-5.694737502008615593e+01
1.255659758631702658e+02
1.394580262650567590e+02
-2.107209765276780900e+01
-3.350834883350306370e+01
1.606362102255962441e+02
1.364282891558499671e+02
1.297372086269368197e+02
1.200321091717540867e+02
1.407631709361927506e+02
1.552021744382486474e+02
1.104410754296977899e+02
8.619289392601444888e+00
1.377445337265658054e+02
1.414449273002287271e+02
8.922012134354045543e+01
9.050780860055986921e+01
1.387568290740066743e+02
1.445717743978094632e+02
1.342908010163948802e+02
1.193916862685139080e+02
1.269254818899894559e+02
1.125437508224050589e+02
1.170663680583114399e+02
1.416119405310542163e+02
1.031470397896513305e+02
9.979673716994724941e+00
1.648455134932257522e+02
1.283474195387043437e+00
9.699834892804663866e+01
1.519127455697184530e+02
5.620691542717751332e+01
1.274981046743681219e+02
1.356685793857257636e+02
1.264630238742336559e+02
1.433383474788341232e+02
1.552880404803414933e+02
1.605699443633276928e+02
1.230655317079437907e+02
1.089210374354874631e+02
1.305917283721443027e+02
1.155768987097324896e+02
1.506007032492992153e+02
1.146947463512600223e+02
1.450169151333656714e+02
1.273518930540379870e+02
1.174275012819403088e+02
1.610144593518792533e+02
1.372546306228330764e+02
1.194173309258140279e+02
9.296375694811668211e+01
-2.529836270534354981e+01
1.408478333254868176e+02
1.509369775328812580e+02
1.264357481429644281e+02
1.557933177376464755e+02
1.054519237899719002e+02
1.432936103613980663e+02
1.383121671036270470e+02
1.012442826197558219e+02
1.490067367654214365e+02
1.234419866254797284e+02
1.111241434410076891e+02
1.671698304815367635e+02
1.318749995894634992e+02
1.231089608521737802e+02
1.018134620732177211e+02
1.739605149128119592e+02
1.574393518694314196e+02
1.810643950192966543e+02
1.084944517480775374e+02
1.313601292211971270e+02
1.360071278591666442e+02
1.274053549652050492e+02
1.235304975564763765e+02
1.519195605236192534e+02
1.494530023219139423e+02
1.638298777644567963e+02
1.438345628944867372e+02
9.848006630119796512e+01
1.323554236917656226e+02
1.003461742770071794e+02
9.895475063673033844e+01
1.610063228830989033e+02
1.329995468511907575e+02
1.013111523615310432e+02
1.338042955255876905e+02
1.286779250910036296e+02
1.506311214963056102e+02
1.359332888396991166e+02
1.402842673658766728e+02
1.566498450730797458e+02
1.450743179912203686e+02
1.384833155334223989e+02
1.416119529173952856e+02
5.385450268982459932e+01
1.194241879589529560e+02
1.141427794508694689e+02
1.451618162282184414e+02
1.184289841735359943e+02
1.195486847739752818e+02
1.113503842799474484e+02
1.454447778592544864e+02
1.721666424528159496e+02
1.405419002330088745e+02
1.510538430893548707e+02
1.118450150361354360e+02
1.750157991843148579e+02
1.310498672835878722e+02
1.522578587499783680e+02
1.624101021563324139e+02
1.358709204950065441e+02
1.185370841340501613e+02
1.474943265886150243e+02
1.485792915723461363e+02
1.335171492577669596e+02
1.177662144945273326e+01
1.274006646690250477e+02
1.753113071504279787e+02
1.607046740794397692e+02
1.321653508267847599e+02
1.443313125112112232e+02
1.590645607175990506e+02
1.020157414932849349e+02
1.268647394791091330e+02
1.455358808952253753e+02
1.631554204258526966e+02
1.795473746641998503e+02
1.635339930786733191e+02
-4.593715067046952072e+01
1.512920727466608923e+02
1.579384424735872869e+02
1.626837518387533237e+02
1.471982451900619822e+02
1.701663967764266090e+02
1.310418216564967508e+02
1.463011642520114037e+02
1.295892864121617549e+02
1.397798216998118335e+02
1.158613137665648338e+02
1.248962488455034361e+02
1.218948868349611843e+02
1.381083132629845522e+02
1.678199567390765310e+02
1.157577867026764835e+02
1.238380083919149257e+02
1.034087084716663725e+02
1.559626362877710335e+02
1.416953261131893953e+02
1.269760705259109699e+02
1.026704293326084496e+02
-1.673343035513604775e+02
1.294324840447317513e+02
1.466163071622178791e+02
1.514103092657761636e+02
1.323939197859974399e+02
1.502688281179686101e+02
4.345492477685772315e+01
1.253941082997495045e+02
1.097929444653249362e+02
1.059077489108088059e+02
1.306025187095837907e+02
1.766168878558662527e+02
1.122353212004799445e+02
1.177826120416128646e+02
1.457555039701515796e+02
1.474951917117961386e+02
9.577131363773152373e+01
1.220477003134043343e+02
1.697044206088000351e+02
2.660757393477589403e+02
1.623071354242249242e+02
1.554584223792901128e+02
1.706916929135859959e+02
1.583835110905257579e+02
2.328286440190185544e+02
2.587957937259239998e+02
1.388957626026259220e+02
1.616026187320075849e+02
1.541582213927602538e+02
2.566892413487261138e+02
1.476398605168952827e+02
8.560552441206091601e+01
2.523452813475911398e+02
1.166983672683180941e+02
2.440766332529064755e+02
2.119327247211667782e+02
2.501543560969182352e+02
1.176750898574955926e+02
2.791383940023142713e+02
2.413839289268273660e+02
2.591990383887801954e+02
2.124013488366148295e+02
-4.078004603359501345e+01
2.637183490830975643e+02
2.689983018896315912e+02
2.669788888246758347e+02
2.455550797199582576e+02
2.728758069987458157e+02
2.409469096491474716e+02
2.718653872006731262e+02
2.013171297097548518e+01
2.455234669922845967e+02
2.619582741470047722e+02
2.510123379087293074e+02
-3.718700923362014521e+01
2.669259587775540012e+02
2.299314170909682957e+02
2.845978043295670545e+02
2.104503942077579666e+02
-2.067247307337648010e+01
-5.458380770495234913e+01
2.088107632811101553e+02
8.623888776351260788e+01
2.796455498907174615e+02
2.583280404101199110e+02
2.831905395577332456e+02
2.745922296799967057e+02
2.773784123102873309e+02
1.102705130924187955e+02
2.414683267074485116e+02
2.802726636482647109e+02
2.664531538219129629e+02
4.379168018445488997e+01
2.866811047802819985e+02
2.515836139029740650e+02
7.927328851503992269e+01
1.287657413044041164e+02
2.590182319281968262e+02
2.659617266038323464e+02
1.984705023095825140e+02
2.413183041696439659e+02
2.709426093082778380e+02
1.057667753452111867e+02
2.659943279636565876e+02
2.265830551347305857e+02
2.645360537764466926e+02
1.203917565554290547e+02
-7.438415617031883187e+01
2.880558078408645315e+02
-2.439806764449399168e+01
2.666153757164528315e+02
1.298517118089284565e+02
1.848204519404663415e+02
1.137212419526504021e+02
2.821999153694955567e+02
2.672919696981805942e+02
2.363113535214561409e+02
2.641356301449438320e+02
9.959394000371865729e+01
2.760168662641484048e+02
2.480308052670579002e+02
2.774305624068696261e+02
-2.026421049887845527e+01
9.695970672175596405e+01
2.528327633406921677e+02
-2.093638268935492874e+01
-2.095863156632471203e+01
-1.803867444936935271e+01
1.044906754016942330e+02
3.366066987172723657e+01
-6.350014965084824325e+00
1.907526890806151982e+02
3.517922840641418247e+00
2.224922854906536145e+02
1.318499334258810904e+02
-5.407599726371860527e+01
8.647686106496770719e+01
2.995093608269521610e+02
2.803936532652022038e+02
2.009469961024205418e+02
2.544560653841569433e+02
1.318353006189170173e+02
1.496363728381999714e+01
2.462083585273222468e+02
2.165734576565745897e+02
2.445994604848060305e+02
2.410219982448782048e+02
2.857268653320364820e+02
1.503576697988428350e+02
2.627456982580328031e+02
7.885049797234472635e+00
-6.755830548553154813e+01
2.243093271835390965e+02
1.043152382376749188e+02
-4.766790352744506976e+01
7.740589319573926730e+01
8.655552878714431131e+01
2.864347760747735379e+02
2.302930274588002817e+02
2.827534988726533243e+02
2.599445411693994288e+02
2.127227279134472440e+02
2.865060448502851500e+02
-6.866250372109129785e+01
2.725034853048919103e+02
2.014797474545100613e+02
2.391262357754022787e+02
2.802256965041045760e+02
2.424680081760222663e+02
-1.653566685072955522e+01
1.968094138969369737e+02
2.611463802747084628e+02
2.853126989394012298e+02
2.818692335377591576e+02
2.280198000149367203e+02
2.841716290603239941e+02
-4.483981256341697019e+01
2.591239100851201442e+02
1.037506644341233653e+02
2.361516817666218060e+02
1.803592384789088783e+02
2.587605395605839931e+02
2.724680443407801249e+02
2.351317957797671170e+02
2.353571775240403099e+02
2.108729572276203044e+02
2.726544546344666173e+02
-6.558638829373032308e+01
2.161437980496291971e+02
2.722961310454861632e+02
2.379014938946726545e+02
2.775750652356317119e+02
2.534980291922977074e+02
1.199293914171836661e+01
1.275263332785328032e+02
2.386561041501156240e+02
2.033607255426505844e+02
2.544238473041468751e+02
2.808508459603893925e+02
2.822882218220810273e+02
2.192187222455344227e+02
1.106934740604084482e+02
-2.490549341549145979e+01
-2.441273449892815961e+01
2.349941669823078882e+02
2.011589130935811909e+02
2.591138657765953894e+02
2.273639401460513341e+02
-1.924516772105128837e+01
2.647819860836352746e+02
2.405439785828102970e+02
2.549602740888490189e+02
2.416641288948619888e+02
2.493928405920408693e+02
2.607399092462135286e+02
2.422323504060072992e+02
2.382604745987185879e+02
1.830097652010853437e+01
2.452962836508486362e+02
2.872571766313010926e+02
2.764331599992611359e+02
2.653785851524695545e+02
2.195331456382697297e+02
6.235982365887711865e+01
2.583460370332272760e+02
2.194775170779420250e+02
2.434571199629664022e+02
2.450787238362309495e+02
2.692365327080382258e+02
2.570166719327979195e+02
2.085347081111092109e+02
2.506307153007793715e+02
2.227423506541361462e+02
2.859387424782660787e+02
1.434412398509015247e+02
2.580752041186319161e+02
2.643577780105501915e+02
2.531647031238180148e+02
1.723778099801880330e+02
2.520017081416827409e+02
2.191001712706167268e+02
2.462482368321610124e+02
2.120582310435966349e+02
2.088264051090615112e+02
1.915688993827785396e+02
2.394592226124822503e+02
2.163760619306285093e+02
2.597066541121783985e+02
2.272858351180598788e+02
2.454277038670477111e+02
2.789377708107458602e+02
2.368879616686407132e+02
2.336408748194676548e+02
2.230037019048197351e+02
2.657299379721142714e+02
-2.408604512973539613e+01
1.921758887574804930e+02
2.752146336241158906e+02
2.489878330113614311e+02
2.563512994374027585e+02
2.790444627759169407e+02
2.510227026331060642e+02
2.648253580567862286e+02
2.521787995605966444e+02
1.968334960117646233e+02
2.192026997312364358e+02
2.590293626968489207e+02
2.497559671896810585e+02
2.659913471184802347e+02
2.749460091664566335e+02
2.569889716066484766e+02
2.381991399075706113e+02
1.911020509037181228e+02
2.712390839128418065e+02
1.961750285153234756e+02
2.562249216574515458e+02
2.307046504015693245e+02
2.866599707153567351e+02
2.766189475131773179e+02
1.032495649038863235e+02
2.684655376957792896e+02
2.729484614150077846e+02
2.755992185522761133e+02
2.226413595597523454e+02
2.720361066997072044e+02
2.138903202774220347e+01
2.806178986076374713e+02
2.573523193157860192e+02
2.522000581110136181e+02
2.712055722626446368e+02
-2.464426707238490621e+01
2.861980573587428012e+02
2.548652527576848001e+02
-1.062814031282077565e+01
2.822103438760709651e+02
1.110741970215683807e+02
2.904467358066709721e+02
2.314777540635304831e+02
8.122746076500780532e+01
9.997321054852193356e+01
2.138800385753204978e+02
2.382966568533549889e+02
2.359949122451824621e+02
2.053071913067992398e+02
2.448956983827343379e+02
2.758202979711016951e+02
2.785520762320238646e+02
2.807555173422374537e+02
2.540352035736410983e+02
2.352882139613438426e+02
2.255715642581981797e+02
2.777376795142790797e+02
2.752716721802373741e+02
2.965393289591813755e+02
2.170178952457612240e+02
2.281904298923525971e+02
2.610631866014295497e+02
2.786279519004554572e+02
2.450541349599091347e+02
2.644002355301203693e+02
2.476769973165708336e+02
2.498830359343044449e+02
2.537399539253866863e+02
2.514521626420677762e+02
7.931274640767594519e+01
2.490455893084607624e+02
2.708880654362778841e+02
2.902184525492208422e+02
2.469612454740036185e+02
2.884766844516565243e+02
2.758947175451550038e+02
2.915467586975095173e+02
2.878786520362637020e+02
2.416028539004158802e+02
2.501416189302491944e+02
-7.359668178127223825e+01
2.175103333538155539e+02
1.006409465450260967e+02
2.332494762010825298e+02
2.688070024723725169e+02
1.198757862985364966e+02
2.146130420707247595e+02
2.695340286984385330e+02
2.696824504052723910e+02
2.077739417260091273e+02
2.527656669486412966e+02
9.559077058972385998e+01
2.060531779190001771e+02
2.560866632931314371e+02
2.428207502586074895e+02
-1.966755960818996130e+01
2.908277599831359339e+02
2.823385013139040893e+02
2.568447483910903202e+02
2.233393382781928551e+02
2.865536648044503067e+02
2.732384825693413859e+02
2.322053972247136642e+02
2.255870030868918263e+02
2.795821966756933534e+02
2.099122874383566284e+02
2.023398144072787659e+02
2.557525916939771093e+02
2.384399184300874595e+02
2.638037875677631519e+02
2.482811944436295732e+02
2.274163116809865244e+02
2.468743261160666691e+02
2.596865608919424631e+02
2.178861192728330707e+02
1.434827915759921098e+02
1.994087778094167902e+02
2.399725388638406685e+02
2.979233385548600950e+02
2.225811449095127159e+02
2.355840969254096819e+02
2.453258206745162227e+02
2.549759651277714454e+02
2.496647350578638793e+02
1.210655996067537075e+02
2.497775617346634363e+02
2.467526046810193634e+02
2.514562705990648226e+02
2.617906241984696862e+02
2.682583535284351228e+02
2.726863389556143602e+02
2.534605584259658144e+02
2.187004030930380907e+02
2.248318885754575263e+02
2.483846203942003967e+02
2.749184642716159601e+02
1.215133356381840031e+02
2.145338689818165108e+02
2.223323337359142045e+02
2.173777641691397093e+02
1.944246836582814808e+02
-1.219783470560548722e+01
2.217193736081207476e+02
2.276304404514119142e+02
2.550590669422473695e+02
2.330813001896159449e+02
2.495208522990729136e+02
-9.443455696827099644e+01
2.742692183279785922e+02
2.435111018313314730e+02
2.307726592740089018e+02
2.561880074724957126e+02
1.115305158809406123e+02
2.901318775531050846e+02
2.620608988163944559e+02
2.397797364171423737e+02
-8.637123435409307604e+00
1.367064337225287716e+02
2.660472650339146412e+02
2.505538189912514042e+02
2.282202886570238718e+02
2.032722294762747879e+02
1.983878997265912290e+02
2.624109601551801916e+02
3.026474283326346040e+02
2.523660551916432837e+02
2.635880928292220915e+02
2.305913065840951219e+02
2.869624999965927259e+02
2.511850224506897860e+02
2.592331666023885646e+02
9.024437719619457710e+01
-2.738553444325478381e+01
2.818244178939293647e+02
2.238269233780734737e+02
2.102434869148013377e+02
9.582260764570150968e+00
2.314182132830054854e+02
2.996690914081862047e+02
2.092555091977869495e+02
2.182761731328349413e+02
-1.722417836480475728e+01
2.201055500300399501e+02
2.413523270313580724e+02
9.078477219599420778e+01
1.706202553979630636e+02
2.065624475731995915e+02
2.168880064979111353e+02
2.227638022545223748e+02
-2.873664518815134272e+01
2.389743827182470852e+02
2.400115814545423518e+02
-4.722124064408933464e+01
2.634920566408951572e+02
2.551772897315935893e+02
1.528089727838922158e+02
2.518057692502550537e+02
9.959222033900563531e+01
2.776803599983887807e+02
2.439296021372161647e+02
1.521192196746815455e+02
2.654559887428077332e+02
2.407470672357655701e+02
2.317336879058503598e+02
9.512320979006545940e+01
2.557532926288974124e+02
8.794264138868486214e+01
2.664986589205317387e+02
2.463476947178266130e+02
-1.298475028200374481e+01
7.834239313666117255e+00
2.312660901687448813e+02
2.344504846635908279e+02
2.329524493527805760e+02
2.889582377397121036e+02
2.222184339897075347e+02
2.360735059683493660e+02
2.566366811198939786e+02
2.259588161849879953e+02
4.470875407799763934e+01
2.722502379808023534e+02
2.883642896837931175e+02
1.795278139850247499e+02
2.648697374447849597e+02
2.417680499338101470e+02
1.208002390320509676e+02
2.116742666931500594e+02
2.793178495187933095e+02
-4.100752800587903835e+01
1.791119823490157046e+02
2.399716202333743809e+02
1.793943707510341596e+02
2.733201618845963594e+02
1.295172764376924306e+02
2.585032008312418839e+02
1.960184909777470352e+02
2.822960977425658484e+02
2.256880057059716478e+02
3.061823107548124199e+02
2.539425923217822287e+02
2.162424866996095147e+02
2.414089276641948629e+02
2.607655032050415116e+02
-1.037481748059170172e+01
2.310535005156776833e+02
2.480644839569705766e+02
2.858726134856530621e+02
1.046030751957000291e+02
2.539059999686072899e+02
2.630807905190921474e+02
2.461462437606575122e+02
2.396057147857403038e+02
2.118344025187991235e+02
2.864784063285108004e+02
9.181499205726382229e+01
2.969931623316390983e+02
2.994508460447281095e+02
2.921944091388331231e+02
2.723568212691884014e+02
2.676830146027761543e+02
1.849784105869182440e+02
2.504883942370409216e+02
2.313798874405071331e+02
2.612671368636506486e+02
2.416983877548413773e+02
2.996341027337142577e+02
2.386723081426544582e+02
2.461122568806638924e+02
2.387015395597092038e+02
2.194974994967306827e+02
2.361620685613168575e+02
2.391772013473360801e+02
2.986474853315094151e+02
2.710728723729566241e+02
3.001398000628623208e+01
2.792849510750667719e+01
3.099705785113794718e+02
-3.414322183317018755e+01
2.421230159396498323e+02
2.341097711876818153e+02
2.715639326424227420e+02
2.571154115563300024e+02
2.628894459541893411e+02
2.423041240048989664e+02
2.438190289035094622e+02
1.312645136246133575e+02
3.051701606320875726e+01
2.946771205667079698e+02
2.105634932569762157e+02
2.553966982073531540e+02
2.425453416663347355e+02
2.164244232348053174e+02
2.779013548984742670e+02
1.743254708019784971e+01
2.664848810678129780e+02
2.753429799552658324e+02
1.814278832119358071e+02
2.185349232225282776e+02
2.578300535199213073e+02
2.939061644061272318e+02
2.258580804338649557e+02
2.689964938916347137e+02
2.548992318330402327e+02
2.440117080008573680e+02
2.508022699100832824e+02
2.095948933319990317e+02
2.214115712430722738e+02
2.882007035871666289e+02
3.021283639646082406e+02
1.774997690186013131e+02
2.510219863310631467e+02
2.612250257670899032e+02
2.679351775352955656e+02
2.713862500846154262e+02
2.293852492535014562e+02
2.357935561200336849e+02
1.891004021531580577e+02
2.106870910064173472e+02
2.358208310902581104e+02
2.493445816046221921e+02
2.371740138051795554e+02
2.571372737585097070e+02
2.145540384343335631e+02
2.201504877985871644e+02
1.128690216466532661e+02
2.597968032567426917e+02
9.385921764092508113e+01
2.674804962490298976e+02
2.976574744554073959e+02
2.661479740236054568e+02
2.380241410816275902e+02
2.349316363211575549e+02
2.387520467669955337e+02
2.095326372195767135e+02
2.098974691048557020e+02
2.427011258928246491e+02
2.520415332432770583e+02
2.257970775536985570e+02
9.762245513435478017e+01
2.121082154938501958e+02
2.323397435571516496e+02
1.912528542485405012e+02
2.412802952993806400e+02
2.355777711049993002e+02
2.540701392785795178e+02
2.214468393167190072e+02
2.482650720337925634e+02
2.503533543723522143e+02
2.750555059462844270e+02
2.466125194105047171e+02
2.336110079581583818e+02
2.082719718454784186e+02
2.425037054397740235e+02
6.325757210017215471e+01
2.411521529660552403e+02
2.564100016294985380e+02
8.661284486688556683e+01
8.227977262965168848e+01
2.666318566016773843e+02
1.880005524413770104e+02
2.634773729463441896e+02
2.880386951047805155e+02
2.626332799579923289e+02
2.654793741382218286e+02
2.323510252551130009e+02
2.461149063702953299e+02
2.451909128159143165e+02
2.006329199417406244e+02
2.443446755966304806e+02
2.618625851330901355e+02
2.284945353804567958e+02
2.536056923839074102e+02
2.907739353588870017e+02
2.399110337990241248e+02
1.336919267478636471e+02
2.667413457504346752e+02
2.617740648403347450e+02
2.714199627716884038e+02
2.287862897426836923e+02
2.357937332402353547e+02
3.076528352567710272e+02
2.322430283933733506e+02
2.378323124147744352e+02
1.272443032207433475e+02
2.533710882436051293e+02
3.029205012930219709e+02
2.836924677159672115e+02
2.303368094620352622e+02
2.899959856182473459e+02
2.334019383266961825e+02
2.466107645488331457e+02
2.605464341312165288e+02
2.458234793178846189e+02
2.845789346137903522e+02
2.506206071286164558e+02
2.247115728063620281e+02
2.571665702176745754e+02
2.429144368083133259e+02
2.457224047286805728e+02
2.509920667252182511e+02
2.675326722648929945e+02
2.657789219832670256e+02
2.348523034282366098e+02
3.069258616036333933e+02
2.728968763805926869e+02
2.287310210365756120e+02
1.213044758982558733e+02
1.030849947207911015e+02
1.368647148357770220e+02
2.201095615246975683e+02
1.896416119610340729e+02
2.523387547180533659e+02
2.604781641947405433e+02
2.625539869126131407e+02
2.353932464336245403e+02
2.625677759446171535e+02
1.308819550942057219e+02
2.225964840160199856e+02
2.833414292772700378e+02
2.240425357889164957e+02
2.344758968509854640e+02
2.982093415918729420e+02
2.364027202926429823e+02
2.617399624878411259e+02
2.483805524729506828e+02
8.050825211785351598e+01
2.300941187461432946e+02
2.070244400739957200e+02
2.410267448963942059e+02
2.815410391469475826e+01
1.372058192934455860e+02
2.383154988997884516e+02
1.835935255680281557e+02
2.377758595499370244e+02
1.850609069712932069e+02
9.651590612204493880e+01
2.534968830594994529e+02
9.684073410000053173e+01
3.090689242130839602e+02
2.405928946022802961e+02
2.606738638451388397e+02
1.786958505130529318e+02
2.323689533371045002e+02
2.403418511859574664e+02
2.871236849026811342e+02
2.369416673380177940e+02
2.267437141704911596e+02
2.363398019140062729e+02
1.268100915034131333e+02
2.550543949548144269e+02
2.545541563694225715e+02
2.815149186139611288e+02
8.357983485021165393e+01
2.538729234769192828e+02
1.983407595583217073e+02
2.452562686375758290e+02
2.147874787372549292e+02
-2.883543641601658010e+02
1.146369647419887485e+02
2.519321782917308212e+02
2.280977927051992253e+02
2.811312288174810874e+02
2.533025916444869097e+02
2.253956764082643360e+02
2.317360404721780469e+02
2.505100245525279377e+02
2.448062797431806530e+02
1.262732429881322531e+02
2.851131285608798862e+02
2.539652627940250795e+02
2.436200084823017278e+02
2.422529480511755935e+02
2.705534799606773504e+02
1.048066866887293571e+02
2.518692118639836224e+02
2.348078685462755857e+02
2.408199314143873266e+02
2.793547846508793100e+02
2.562194342932353379e+02
1.044677240279606707e+02
1.665971769371908522e+02
2.245741105844877268e+02
2.251571758810905521e+02
2.531677153324210963e+02
2.201409115640718142e+02
2.704950470361995940e+02
9.426177991218310126e+01
2.284778188242657393e+02
2.550677181845664450e+02
7.414698066449349767e+01
2.278553575937334585e+02
2.327156904460823910e+02
1.060891582406108569e+01
2.590156856579208693e+02
2.052544452417390062e+02
2.184705831319674871e+02
2.855612780649871070e+02
2.777460686355739199e+02
2.320512210323015836e+02
2.479282369852396641e+02
1.014937132740963364e+02
2.490986130202631159e+02
2.134060274875722598e+02
2.414606213830318211e+02
2.345874288058095090e+02
2.565026295866115902e+02
1.035717262738604489e+02
2.381398733367134355e+02
1.287314553420245318e+02
1.504301285391602505e+02
2.419218601085793239e+02
8.046558481176987243e+01
2.217408446395677686e+02
2.423994852502052595e+02
2.406142230762362146e+02
2.480429295092837378e+02
2.613408673503926138e+02
-4.227793211401138933e+02
2.442777476812776456e+02
2.203173100619850402e+02
2.554598474946820659e+02
2.736957287226195490e+02
2.844923876711631010e+02
1.308741647239446309e+02
2.449533121943353535e+02
1.897781283920737678e+02
2.979048620307472675e+02
3.325319399463398895e+01
2.479148746601268272e+02
2.008616092939365956e+02
2.774977278897174529e+02
2.180225295159648340e+02
1.871281196340563042e+02
2.274527327190772894e+02
1.572865646050298096e+02
2.757521245706604986e+02
2.215914469175854720e+02
2.323768464094861201e+02
2.558959335661385524e+02
2.246068746514690702e+02
2.320837902989594852e+02
2.928462678266777175e+02
2.473381915378420217e+02
1.810473686354138749e+02
2.652813864494236213e+02
2.854186900220162784e+02
2.246431921798258031e+02
2.443591730610297930e+02
1.833130744641694037e+02
2.079523434471055907e+02
2.422543212214131643e+02
8.904687367761241035e+01
2.603319889684023565e+02
1.886347871132730347e+02
2.924857747580451814e+02
2.505221737089975420e+02
2.510231908393250819e+02
2.500951874507524337e+02
1.005318792353701554e+02
2.794894907631488650e+02
2.024130152037802759e+02
2.569434076829040805e+02
2.765310307408079780e+02
2.288037053783860415e+02
1.641236529904379609e+02
2.469117176457537539e+02
1.841371841921687746e+02
2.469431195412459488e+02
2.228831680178046781e+02
2.655463080080857594e+02
2.156081749955231999e+02
1.987695424906968924e+02
2.719644560116958019e+02
2.228740793651343779e+02
2.352208107571044593e+02
2.235326973388534952e+02
7.957328150047118243e+01
2.035860863135268062e+02
2.365137009039221141e+02
2.291062874292470610e+02
2.321123398131505837e+02
2.408600160795625129e+02
1.871737083876375891e+02
2.388644724207457557e+02
1.823632916908983930e+02
2.564939847886248572e+02
2.234354392424549758e+02
2.571058340239965219e+02
2.722640048068507213e+02
2.585734681792334868e+02
2.551445770305643634e+02
3.126276406592279500e+01
2.424768685121159422e+02
-1.944004501717415678e+00
2.303716023980172736e+02
2.366525804707862903e+02
2.369459438640212170e+02
2.837212475122238402e+02
2.277712079372556104e+02
2.372246943794146432e+02
2.173335577865314008e+02
2.546572875431405976e+02
2.283776689109229778e+02
2.392046432371851381e+02
2.453646825725303415e+02
2.591399033323524463e+02
2.087355910906515248e+02
1.789344883267070827e+02
8.802725495012373358e+01
2.254076854853295799e+02
2.407799041668813800e+02
2.845885409456049047e+02
2.470687870173695728e+02
2.418620815401675088e+02
7.464190921275910284e+01
2.602730896249065609e+02
2.289136584259015024e+02
2.592346327985895869e+02
2.080070087889712909e+02
2.690034574204037199e+02
2.373619591406609004e+02
2.380130375060611527e+02
2.566747764677337500e+02
2.723644839483457076e+02
1.905192971081256132e+02
2.066799643274399045e+02
2.287056664593212929e+02
2.155981516527767781e+02
1.867215760269886005e+02
2.548100224816203934e+02
2.210234313053155972e+02
9.047852524528023821e+01
2.571583396051132695e+02
2.540942334869039314e+02
2.200084920492470815e+02
2.283693274619110412e+02
8.011475416975611097e+01
2.572324144515172293e+02
2.499795795428672989e+02
2.725957801517631651e+02
2.396242264835542812e+02
1.851598409358445849e+02
2.552085448658284861e+02
1.763375917967514397e+02
5.236587713153317480e+01
2.655465380540888418e+02
-1.263831780988280684e+01
2.683943603905510713e+02
2.888476389320954922e+02
1.986813507604672395e+02
2.207928492119924613e+02
2.811513471053631292e+02
2.427211791255763274e+02
3.024535083367819084e+02
2.180790011007295561e+02
1.923847437495167583e+02
2.247407229457226663e+02
2.114076774648485753e+02
1.824574783810817564e+02
3.010160248614522516e+02
2.502677783499171369e+02
2.017582320106165525e+02
2.265476421310689830e+02
2.432645824933533163e+02
-1.665320226452926136e+02
2.423026231835940507e+02
2.023269197616828592e+02
1.920565709391736107e+02
2.220751845294179816e+02
2.633918998924232824e+02
2.221381835950417667e+02
2.550522138657289872e+02
2.264585584226463766e+02
2.662417523872280753e+02
8.263082643279197725e+01
2.549875677226555126e+02
2.254475117332731884e+02
2.602277400058142121e+02
2.248807004394699618e+02
2.159841566046513890e+02
2.198196957850654485e+02
2.087498131426582972e+02
1.704765691083042043e+02
2.079298616700840228e+02
1.155413287374805833e+02
2.310932995690410507e+02
1.032574990903685972e+02
2.067401281265427997e+02
2.737582702372370704e+02
2.695841793665189243e+02
1.869797711075756297e+02
2.502794709430080786e+02
2.459852700869241175e+02
2.257595969317544586e+02
2.049357031245471035e+02
2.129995512471297161e+02
2.427191774270299618e+02
2.190126585454875681e+02
2.653430392062186911e+02
9.812271166675424183e+01
2.107799496063577180e+02
2.281813431783137105e+02
1.046255350779639883e+02
2.385300412653888600e+02
2.134997762193349331e+02
1.953331552077472963e+02
2.340490122962403916e+02
2.447663667456681651e+02
2.021511165360682298e+02
2.739616973416797236e+02
2.417523099061843368e+02
2.029475197717102617e+02
2.148026919235817900e+02
2.238058072975526898e+02
2.310471928924642953e+02
2.327691667044258566e+02
2.372374266288510114e+02
2.308256211302906706e+02
2.416299377551095802e+02
2.803203408401720935e+02
2.226391190304769907e+02
2.297715534890859601e+02
2.265927313059902986e+02
2.759688709258327890e+02
2.899179277085227113e+02
2.633338387097735449e+02
2.288499018555838234e+02
2.429056296108633433e+02
2.429888939987586411e+02
-1.326462343126678434e+01
2.239910805218979419e+02
2.762985213179052835e+02
2.329172368720104487e+02
2.277547688442255094e+02
2.025198479631229134e+02
2.303621535519476140e+02
2.165592866173263928e+02
2.088370210490564887e+02
2.120972675861283676e+02
2.393743144917369818e+02
1.127008366357563034e+02
2.561252454980689208e+02
1.170246807301796537e+02
-2.163590084887538012e+02
1.473273118039384144e+02
1.043150827140385672e+02
-4.355065768463660447e+01
2.518288669140085858e+02
1.204488724938021562e+02
2.358778858667537861e+02
2.718846327211480798e+02
2.870459531816062508e+02
7.321893438823174449e+01
2.809054452565380871e+02
2.628263415220790193e+02
2.289856578869706709e+02
1.698660868952035514e+02
2.863750829034033814e+02
2.509278671176200532e+02
2.454567624367737722e+02
2.568949060886135385e+02
2.468410122268065834e+02
2.183627148687172053e+02
2.350990576621582591e+02
2.665565129347730817e+02
1.177469248653804641e+02
2.275664146339807985e+02
2.404450247464041865e+02
2.658907744330329024e+02
1.712593178938771814e+02
2.501536530270815888e+02
2.743758172368837904e+02
2.154900948410936508e+02
2.401063498840883028e+02
1.388253762555056881e+01
2.273136987099832140e+02
2.607841494942052805e+02
2.571414188367568840e+02
2.634997814850044620e+02
1.195280243126259734e+01
2.375226017821560731e+02
2.633822131305255994e+02
2.826186486995870837e+02
2.814641671220753665e+02
2.272385814741863896e+02
2.412322796949942472e+02
2.181525049006011159e+02
2.177700368142370166e+02
2.577352039195951647e+02
2.208953799613130684e+02
2.304319779602296308e+02
2.670824064593530238e+02
1.731824370314415091e+02
2.788547604380897269e+02
2.536659751271203902e+02
2.251089646689565029e+02
2.421007497883354915e+02
2.253380760298486507e+02
2.291611308311464938e+02
2.180017360734909744e+02
2.465715025942962768e+02
1.971950945961054913e+02
1.875610616892537337e+02
2.483868212232093526e+02
9.776426761550443700e+01
2.424350650283060133e+02
1.142290241968429712e+02
2.741484711101483072e+02
1.392450267205155683e+02
2.954918745479384370e+02
2.380277909438395056e+02
9.079206698819901078e+01
2.634720631394268366e+02
2.305982840292976448e+02
2.254952734649461661e+02
8.812580871544983552e+01
2.107432984141962038e+02
2.632458962991378826e+00
2.677670041517783375e+02
2.068824866303630472e+02
2.969605642148995912e+02
2.454444662120468479e+02
2.061823010834673369e+02
2.070750039558145659e+02
2.585161116354613569e+02
1.646198236803006694e+02
2.187655205048208131e+02
9.759358410664776784e+01
2.377077457341913771e+02
2.816588570680170847e+02
2.781378092040289403e+02
2.248881006286034392e+02
2.167261759535093120e+02
2.459607684196066657e+02
2.179363587423940771e+02
2.591393649982862826e+02
3.043367552876343325e+02
1.813759563133335746e+02
8.705717391547496220e+01
1.674290808859665844e+02
1.229669736896246377e+02
2.226176529065332943e+02
2.680953613954700359e+02
2.337830999683661446e+02
1.079476105476877734e+02
2.483203875988063771e+02
2.275221029247232423e+02
2.452611889320058367e+02
2.451263180330232103e+02
2.458484925713042912e+02
2.721773658486106910e+02
2.691502960780866260e+02
2.035087007013347318e+02
2.833540360623908327e+02
2.456768411398383876e+02
2.163894124474103933e+02
2.703544596417148114e+02
2.418421396457364381e+01
2.037968997602811214e+02
2.484973233160544623e+02
2.841277242971359556e+02
2.632753773759770866e+02
2.528032685625373404e+02
2.171884451473348179e+02
2.044388211289243884e+02
2.642512543081533067e+02
2.487016798023703075e+02
1.215738293063333799e+02
2.086200321012344148e+02
2.707189337374692286e+02
2.851882724984167226e+02
1.965841777817120715e+02
2.347931920684370652e+02
2.402375719638177145e+02
2.002749175177358438e+02
-2.501400247689551293e+01
2.180489316773118276e+02
2.300703433924853982e+02
2.155043768310277983e+02
8.830442029810994597e+01
2.755249484525051571e+02
2.068384760640895479e+02
2.398325601015399116e+02
2.229373411574491115e+02
1.865403882919699186e+02
2.140375074092214618e+02
2.689984258274686226e+02
2.106869986396779950e+02
2.647689811162299520e+02
2.592244863615197801e+02
2.644232208391426298e+02
2.653618917573065801e+02
2.612288524191924921e+02
2.239622546195396353e+02
6.635476341912203679e+01
2.138450226086317798e+02
1.957942215909199604e+02
2.868288500842375015e+02
2.709055200359854894e+02
2.227736671831149806e+02
2.401383442334191898e+02
2.379013678009013688e+02
2.359455413157241139e+02
2.298184158087003084e+02
2.584225507779214581e+02
2.669590322337389807e+02
2.421880958042433178e+02
2.432266384301100857e+02
2.465515567384134954e+02
2.718233064411778059e+02
2.724415441651467518e+02
2.947796997294444736e+02
2.738486336449088867e+02
2.355068466182861471e+02
2.391506088256296607e+02
2.461398734124937562e+02
2.191906287507260060e+02
1.820817941120259889e+02
2.266704572251005345e+02
2.724853201441661668e+02
2.484287792583012333e+02
2.566701956621997169e+02
2.319827300044859442e+02
1.089636445559490880e+02
2.264384276673521299e+02
2.369699695376635589e+02
2.271482512741922051e+02
2.561372932732942331e+02
2.103184702871575951e+02
-2.920483994719262455e+00
1.988668321923340443e+02
2.527584275145698598e+02
2.235797826906107275e+02
1.808964270150668767e+02
2.850306203038376793e+02
1.882869838573001573e+02
2.147834418325126649e+01
2.206840596366087652e+02
2.231497767476853369e+02
2.661354026313932764e+02
2.228038109496781090e+02
2.272974528969012908e+02
2.890727447231416818e+02
2.850016281759433241e+02
2.825822282964822989e+02
2.571648775163486107e+02
2.641864968696830829e+02
2.396198702735235031e+02
2.654200075874348386e+02
2.917620643233314581e+02
2.474187522978285472e+02
2.541444704674705690e+02
2.725925940135377914e+02
2.421961337054824526e+02
2.172102499747595346e+02
2.219088497171626102e+02
2.175260075321525051e+02
2.026266707171543544e+02
2.115399176907521621e+02
2.948158169459467217e+02
2.260741622622592217e+02
2.385965192454472401e+02
2.450225431243689513e+02
2.527033658309411805e+02
1.962417847702730569e+02
2.051904962382992608e+02
3.030719217825879923e+02
2.246558812791647028e+02
9.384372742177146165e+01
2.260392630307343893e+02
9.789083102469601272e+01
2.654449255609956708e+02
2.477068637571634895e+02
2.486587217327412986e+02
2.740897997002520583e+02
1.129772837454338656e+02
2.138892559353950276e+02
2.049984970629994905e+02
1.672221705028445058e+02
2.834942131672391952e+02
1.049751768829671050e+01
2.471281758098446630e+02
2.282600623279911645e+02
2.757703167037841467e+02
2.915474355098373280e+02
2.246586398303927012e+02
3.383496091301950059e+01
2.214006586472156073e+02
2.435285463829283970e+02
2.275199903025436470e+02
2.917625259546851453e+02
2.907174538796793968e+02
1.081782734942422195e+02
2.941760122565805204e+02
9.341365759556623516e-01
2.303093810373648012e+02
2.832442660325288557e+02
2.656724374117442835e+02
2.614510970790188935e+02
2.575408381244795351e+02
2.838365445345777403e+02
2.653146032610371208e+02
2.297660224731081087e+02
2.619105080259767533e+02
2.539943638366058281e+02
2.526664553088867819e+02
2.695322217820053083e+02
2.655435690535871345e+02
2.396367454780920525e+02
2.411659834531693605e+02
2.218385516480109345e+02
1.884104827634971002e+01
2.611028932706325918e+02
2.417039271248876844e+02
2.376377653708431410e+02
-4.211233082108935122e+01
1.510325035605146127e+02
1.217655669241309511e+02
2.548839537133805493e+02
2.668265514787757411e+02
2.279166159185622860e+02
2.499486424450799973e+02
2.485232679626491290e+02
2.140816227879066389e+02
1.311526280795171431e+02
2.427097303615469741e+02
2.745410431578175121e+02
2.675898035546155143e+02
2.739982746740272432e+02
2.420353175782151709e+02
2.682317960119406735e+02
1.329658323039514585e+02
2.092674773479780583e+02
2.659824522961301909e+02
1.296957308970540055e+02
2.299537678024108232e+02
1.954499364451523888e+02
2.676545883995407848e+02
2.606796337043334688e+02
2.572470053703428903e+02
2.455881357793814459e+02
2.687383857776036393e+02
2.408632013647136603e+02
2.166036303052372318e+02
2.770852718937792361e+02
-2.200739717034391845e+02
2.281033653505569134e+02
2.499787084940894317e+02
2.433172213995088100e+02
2.868873199609993776e+02
2.710724949770130934e+02
2.461177128623855879e+02
2.896256760903764871e+02
2.384989614137079457e+02
2.351470245075975640e+02
2.241510103382088914e+02
2.711655858751032611e+02
2.646331431942973040e+02
2.496334885669928667e+02
2.226821822913799167e+02
2.394320157413085326e+02
2.038720021545445888e+02
2.333135388729598390e+02
2.524439103959377064e+02
2.477454118299044978e+02
2.106609727979660818e+02
2.471251862416042968e+02
2.147727172890833458e+02
2.579131886098249993e+02
2.439449804815823768e+02
8.614519037658977751e+00
2.482492736630217962e+02
2.573385919851287440e+02
2.511126095018593674e+02
2.604995766697717272e+02
2.952329017656248880e+02
2.633311998074328244e+02
2.356197082772897318e+02
2.277952022439700954e+02
2.681305607559773989e+02
2.125163038655922492e+02
2.603092649788546851e+02
2.663148763318516785e+02
2.568313231769991489e+02
2.406188376597106924e+02
2.330236764592255270e+02
2.529860977299338458e+02
2.643381853775600803e+02
2.331224782974491632e+02
1.795095072720046119e+02
2.245787776144005647e+02
2.878618242189192529e+02
1.964654362191584482e+02
1.815705824309104059e+02
2.269962578515205109e+02
1.598345753056375429e+02
2.390067056387711091e+02
2.686258258188929631e+02
2.363256780165255009e+02
2.452355242889652231e+02
2.477829150913267995e+02
2.534803695953626459e+02
2.357567849254305372e+02
2.102869090473654126e+02
2.636414101053927652e+02
2.497349608436629751e+02
2.539549360703696834e+02
1.992874424860712566e+02
2.432563444523982525e+02
2.504067393549292433e+02
2.191401278377382482e+02
6.785682862153592509e+00
2.360433517753202750e+02
2.332788822407588611e+02
2.432892001345028916e+02
2.516320565193405514e+02
2.654819515574140496e+02
2.206167059239526793e+02
1.657074134382677357e+02
2.479212261363867071e+02
2.171359930189523766e+02
2.507570088209396033e+02
2.084465781934883921e+02
2.478332256848720192e+02
2.371621687520238595e+02
2.114465804158698461e+02
4.349710364576043276e+01
2.492614138705892231e+02
-1.648717372048618017e+02
1.314194530655705648e+02
2.577101969714059351e+02
2.332309068841751696e+02
1.233481733476520930e+02
1.751846526925893386e+02
2.217549706495076975e+02
2.491721823309797799e+02
1.331238176332698231e+02
2.401029341578831691e+02
2.225122720737436453e+02
2.433715788816116117e+02
2.439386385791668204e+02
2.040267233077698847e+02
-2.658262689895211679e+02
2.450478137389024482e+02
2.639914047986203514e+02
1.351953854330788261e+02
1.795084122236572171e+02
2.361206326644974922e+02
2.266919014118529390e+02
2.051529485639438803e+02
1.940660047497267158e+02
2.575066538131162019e+02
2.520832621683312027e+02
7.787857099741245293e+00
1.868263241640552792e+02
2.450836338263606535e+02
2.032656332564211539e+02
2.596976920011987886e+02
1.992058491946073673e+02
2.647152063579461583e+02
2.499426539734106996e+02
1.678846708802510364e+02
2.444275530292259759e+02
2.464999209391450563e+02
2.418563575759770572e+02
2.547886192389932489e+02
2.503894883538267777e+02
2.470655053795430831e+02
1.678315193124278153e+02
1.694995553349635315e+02
2.515162266334214394e+02
2.340321676396583825e+02
1.911546131439444025e+02
2.248746433965373512e+02
2.357041344527152660e+02
2.133143989711696236e+02
2.201347789996412416e+02
2.412832023640746968e+02
2.696547690288936110e+02
-3.161383658352167458e+01
-1.221204132199886772e+00
-2.650940067020351876e+01
2.195458433217523293e+02
2.385817037564614793e+02
2.305405643629856911e+02
1.828222818888592371e+02
2.541880848173525180e+02
2.068767425492205234e+02
2.402896136727943315e+02
2.237059167089307721e+02
2.171388300681932151e+02
2.515171282001529391e+02
2.044953503142512261e+02
2.304009931029790152e+02
2.309623058670591718e+02
2.217611989926075466e+02
2.424059835934556304e+02
1.546357348525472730e+02
2.306316172430562688e+02
2.971188241829179901e+02
2.181869601131029412e+02
-3.806192057478567392e+01
1.857314238558525403e+02
2.488372733705826647e+02
2.502653088123358032e+02
2.395432682997449660e+02
-3.382109035377214923e+01
2.292804236415894366e+02
1.983778311211045207e+02
2.432338157628978479e+02
2.207354279583472021e+02
2.670699798686376880e+02
2.649226523851058346e+02
2.354006134280435845e+02
-5.219465316702500957e+01
7.315408244261604409e+00
2.254263643721038193e+02
2.507557939947739953e+02
2.174050610444128324e+02
2.208479811094202603e+02
2.367567449239450639e+02
2.368156330506917016e+02
-1.992012869602355352e+01
2.752428247400010832e+02
2.601614295096689489e+02
2.745187567741103294e+02
2.148291885168546855e+02
1.322280928757650145e+02
2.070381016487405645e+02
-3.498167038372771742e+01
2.297832706314742950e+02
1.782506877233523142e+02
-2.746055426443918179e+01
-5.707352923615759721e+01
2.350633377256640699e+02
2.183855953987292935e+02
2.969118518454325795e+02
2.470437562298581611e+02
2.522061333426275951e+02
1.830404747314260021e+02
1.463424405441212457e+02
1.850201088613303000e+02
2.718907312595383701e+02
2.176045516689647457e+02
-5.825874407643539143e+00
1.948651235745091981e+02
2.249452426961090623e+02
2.460955993558039552e+02
1.884134273336121055e+02
1.844867573246376082e+02
4.647369920518727326e+01
1.430063625674257821e+02
2.003075156830234960e+01
1.226513569632081726e+02
-2.064858682224885911e+01
1.168019707826504572e+02
-8.823772521156982407e+00
2.433416428859044913e+02
-9.736569814994102501e+01
-1.412812181936172351e+01
-4.813983473920761469e+01
2.581769715765286719e+02
2.231859073870653560e+02
1.859271457316517058e+02
2.139504382617427893e+02
2.334967876277128767e+02
2.387049174432531231e+02
-5.190668936549005252e+01
2.055270822725412074e+02
-4.136495450859671053e+01
2.342499044726459374e+02
2.415379948855722319e+02
9.095932103297091942e+01
1.897107682414663827e+02
1.385404224058557077e+02
-2.836402863924028850e+01
2.178302162914214080e+02
1.703078832209607185e+02
2.252861020143786845e+02
2.592770311460901667e+02
2.263390150901619222e+02
2.148210729664232304e+02
1.821638384105228283e+02
-1.117317738612611322e+01
1.773822079137833327e+02
-3.019184340383203846e+01
2.807371495668572265e+02
2.535951254103517840e+02
2.804052506859254663e+02
2.382848957976546558e+02
2.591401121578672928e+02
2.136762330592414116e+02
1.010038025794948595e+02
2.033254459817154611e+02
-6.110276196018897110e+01
-5.988096277563883518e+00
2.515317660549975756e+02
1.943734444874731366e+02
2.047113603200386933e+02
-6.188212056108141468e+01
1.946876543347419783e+02
1.027738044986145525e+02
1.854651702966191351e+02
1.062345889929590612e+02
9.915838325162098954e+00
1.777093048142260443e+02
1.604408322834025853e+02
-1.237731566861062760e+02
1.034651050474390672e+02
2.384947347117536083e+02
2.595459605670985752e+02
1.620541988044136872e+02
3.177423263169831102e+01
1.779857922789123563e+02
-7.724081646512829025e+01
2.401831255037200492e+02
1.653210149890101661e+02
2.513634527614678120e+02
-2.288311912191986153e+00
2.140898211571107197e+02
-7.694867293578374756e+01
-5.914626236728474851e+01
2.173804693803394343e+02
1.057760931156954030e+02
4.942603121437215918e+00
-6.672119070935997343e+01
1.801821835538581524e+02
1.848940912305002939e+02
1.696372368061350926e+02
1.966850829485777012e+02
-1.647405811391772090e+01
2.152919422368892697e+02
2.164447124329455221e+02
2.633661454977367384e+02
-1.232950598399779096e+01
3.115395057878825469e+01
1.952005495728451478e+02
2.396657287625673689e+02
-5.583410841886409059e+01
8.802858131591857216e+01
-5.136659348427160410e+01
5.949238822876220922e+01
1.858323142068808806e+02
2.427421856277776158e+02
2.238198793929827275e+02
2.492610603330959123e+02
1.348050761715571468e+02
-1.992943628258838089e+02
2.027232925211565373e+02
2.282275934058558846e+02
2.292909840377134003e+02
-2.222876809566442091e+01
1.849655862600063472e+02
-8.207550854329764434e+01
2.273447350292939859e+02
-2.660275878412196704e+01
-5.617236915468576797e+01
1.174878216442059511e+02
2.520161783559045148e+02
-5.472506798410495321e+01
-7.157068652100819861e+01
-4.362018948018155129e+01
2.003556900482728906e+02
2.846344182309168787e+02
-9.464224187329108418e+00
5.528777210025721445e+01
2.402912793355407359e+02
-3.893852442579041906e+01
1.839609365860959542e+02
-4.955314558325885343e+01
-7.331534108424486362e+01
-3.045391913576864340e+01
2.325035572437923861e+02
-1.015714057779743484e+01
2.598656441467121567e+02
-3.039977211918260025e+01
2.195713473957053452e+02
1.629940087515047082e+02
1.924648272403901501e+02
2.064884839229436579e+02
-2.281297984910062837e+01
2.195893656420501827e+02
-4.532251101524776971e+01
1.075321640597989585e+02
-9.613262184016318201e+01
7.092910379629221040e+01
1.987434110400855332e+02
2.639528875812449087e+02
1.260282785560883525e+02
-1.488539145073799830e+01
1.609479920446802055e+02
1.634919184950667557e+02
-1.116119493983947564e+01
-2.986788290264171053e+01
2.022053767642997855e+02
2.212244011456302246e+02
2.199520019767539623e+02
-2.721524765624505449e+01
2.150692307294327748e+02
-7.900539390414627405e+01
2.446160142049604076e+02
2.314180617544079439e+02
2.177980894570675048e+02
8.480796701679423677e+01
-5.610503535074342096e+01
2.309436061223821639e+02
2.602422676966157837e+02
2.230275185668134270e+02
7.531442173724748557e+01
-4.689138878569006863e+01
1.986962020874167649e+02
-9.331654248649314809e+01
2.246656740477800440e+02
-3.660414362974374569e+01
2.342467550614591403e+02
2.776234511000637895e+00
1.811103168380803368e+02
2.312883409348572457e+02
1.914926808860332414e+02
2.151294569216426567e+02
1.864683448941166262e+02
-2.177911534163448266e+02
-5.547819087527592785e+01
1.495963337022080850e+02
2.516160851715106048e+02
-1.212292573735315955e+02
3.448091791722264787e+01
1.860751548318892219e+02
-2.220324781610354137e+01
1.380987059184340637e+02
1.095669440630331053e+02
9.307980298849074074e+00
1.842291612592489685e+02
1.973569874219724056e+02
2.025435032000147260e+02
-7.043885322007434979e+01
1.062110926234194039e+02
1.751354033500356877e+02
-8.140122589594466262e+01
2.434251238567518385e+02
2.258616886367908023e+02
2.068834220495765237e+02
2.114429854182438930e+02
1.770711204917911346e+02
2.045614050990778310e+02
6.090844638022433344e+01
-3.029826869722180049e+01
-7.850204017305841830e+01
-8.105485525969127991e+01
-5.904216729855418322e+01
1.546591659234359213e+02
2.119444934987638192e+02
2.393252402577916200e+02
2.024518710266887069e+02
2.082631159546137667e+02
-5.201896804846933264e+01
-4.454446083540375412e+00
-3.859595957344829742e+01
2.169452956933239989e+02
2.258265976027506099e+02
2.072612612061822688e+02
2.267405755046430045e+02
-5.640908582879661992e+01
2.502188891747034916e+02
-2.101539634078768870e+01
2.161448307373518105e+02
1.985322571709517092e+02
-3.787393192000935471e+01
1.294745136270132102e+00
2.406803228350162840e+02
1.589963767073145675e+02
2.416224630460040714e+02
2.771935651506734075e+02
2.449619186824704400e+02
1.854720261428616368e+02
-4.690171744885676475e+01
2.349845385606416244e+02
-4.569635109243592552e+01
1.629960743392594509e+02
1.866313190933195187e+02
2.530052958186310832e+02
-6.896885294620588525e+01
3.026002933224832532e+02
7.402855076524018330e+01
2.289367243442311519e+02
8.193257921877381023e+01
2.003603384831986318e+02
2.503611787180862507e+02
2.069494009832545487e+02
2.610799733107589873e+02
1.853671724700408561e+02
2.454061962228272478e+02
2.145004662794309809e+02
2.578486536503463071e+02
2.534965457182697151e+02
-4.594386566839112618e+01
1.805490947404528015e+02
1.875927095603628914e+02
-6.813683563550955569e+01
-1.137706429342538286e+02
1.348632031217440215e+02
1.689374617823469578e+02
-7.741808435951087120e+01
1.940515179844989291e+02
2.010689016809284624e+02
-8.628510688284585228e+01
-2.001857602853669960e+02
1.742894975938477558e+02
2.577708147745026963e+02
-1.100556204800777351e+02
-7.039975651929282208e+01
-6.967462875012188306e+01
2.521880841132463047e+02
2.235264110771231572e+02
-9.043990469351184913e+01
-2.609784910884513920e-01
9.699864610406564225e+00
1.109220978454972624e+02
1.719929710736274728e+02
1.362576222500335348e+02
1.313626780311684001e+02
-2.341116643569906586e+01
1.071957397916385446e+02
-1.018613958990123081e+01
1.716049519183837333e+02
2.494449608112698229e+02
2.467373733914950833e+02
1.380546305687419988e+02
-3.213581738098072549e+01
2.445849096621631418e+02
2.274665337876351145e+02
1.535331051360450658e+02
-3.371005710130414457e+01
-8.084792844567667203e+01
1.984812859993400593e+02
2.693905299822456527e+02
-7.955852128784613342e+00
-5.471635763323277502e+01
2.535774810942423869e+02
1.903413295658355082e+02
-8.839577606398441390e+01
1.439196267677899073e+02
-1.234297182911737281e+02
1.293956341300647068e+02
1.769460854189549650e+02
-8.994620051894743540e+01
2.558122258510649374e+02
1.671838391614819557e+02
2.577169520656689201e+02
1.626995055882795498e+02
-6.323567003864312852e+01
1.323771672345974366e+02
1.461438116705390087e+02
2.344088053382874364e+02
1.253154096157316957e+02
-2.018806171993915299e+01
1.297186909781886186e+02
1.756493144179958108e+02
-8.418376006969005232e+01
2.424300154845681732e+02
2.463912949490342044e+02
-1.196946858300731549e+02
-9.315442323311214068e+01
1.051725773681448857e+02
-9.328850694588280135e+01
1.902911820408968708e+02
1.909544361496419356e+02
4.126177550678256267e+01
-1.113579134032002997e+02
1.679737604706543550e+02
-6.270657647200654594e+01
1.977803166315025578e+02
2.141469928555891329e+02
-1.050367446837039438e+02
1.892568199122183046e+02
-6.861783064395174847e+01
2.054520731304866672e+02
7.666368278014846283e+01
-2.406829878164995762e+01
2.373102392816322492e+02
2.445735312161731656e+02
2.364799520385949165e+02
2.017896648291650479e+02
2.194663075455610368e+01
-2.135954329287032465e+02
2.484419900640924084e+02
1.108171709047995250e+02
1.573606275704858035e+02
2.335338599258425916e+02
2.628883165255855374e+02
1.226874056371232626e+02
2.474011035856986211e+02
-6.518596226773522062e+01
-8.390149390778663019e+01
2.470216889281636270e+02
2.107777046329626671e+02
1.512202089336498432e+02
2.347126763663566180e+02
2.434503380313772425e+02
1.101591611137710771e+02
2.223785093912144362e+02
1.515303969556492802e+02
2.252126743842704286e+02
-6.507455804770626173e+01
-7.578019721368977457e+01
2.066909882186777736e+02
-4.137550116360751318e+00
1.238724802157878884e+02
1.641871412608886658e+02
2.442017504160438648e+02
2.037456712566669808e+02
-3.907707540582843109e+01
1.454485627381845347e+02
-1.035498273933157520e+02
2.220104813987707075e+02
2.339690116526144550e+02
2.449231700590568437e+02
1.841754220691311730e+02
1.687114363648640847e+02
1.541990271859466191e+02
1.942652628309269005e+02
9.022540437846468819e+01
-6.632715601175659970e+01
2.747556624633423326e+02
1.523252503950451455e+02
2.501265143458381885e+02
8.517069237272067994e+01
1.967884476935025759e+02
1.986516935436637254e+02
1.923101110958073718e+02
-7.563616418781107598e+01
1.936688401849276602e+02
2.606440377044532397e+02
2.429605700821084042e+02
1.778595054973177412e+02
1.738415412835996960e+02
1.860483043031599379e+02
-3.313776109412924598e+01
2.205294380269806993e+02
-5.606615298341944253e+01
1.419048221669224574e+02
1.764132213260014339e+02
2.405746151567507809e+02
-2.414493978409835506e+01
-8.486243315442405333e+01
1.600963012174645428e-01
1.713706542638117867e+02
2.612535527138791167e+02
1.921461066331129928e+02
1.892958209928258952e+02
1.161060726937649861e+02
1.740165425227125127e+02
2.257213803799138816e+02
1.929595326716236059e+02
2.510777127634882220e+02
-3.840754544015848637e+01
-1.857625958934263508e+02
1.853388397699884251e+02
1.141107428931248933e+02
2.517510439044648365e+02
2.300431330967671215e+02
2.401601147585379294e+02
2.559353371627510398e+02
1.572407456664399206e+02
-5.449157647056448184e+01
1.201377673487166930e+02
2.511728186785693140e+02
1.496130993044944546e+02
1.838158410593112535e+02
1.957269349833271690e+02
1.972735509437513883e+02
2.711811234502092702e+02
2.685401229719503817e+02
2.295043692396993720e+02
1.392453593748691674e+02
2.102717163607263728e+02
2.797787168407706417e+02
2.158928546649655402e+02
1.881569037432731761e+02
2.276484980532926841e+02
2.633517949634518800e+02
1.340196658657122839e+02
1.729306545899970899e+02
1.800313540767550933e+02
2.221980276760983770e+02
1.359029765976098076e+02
2.388823273285069888e+02
1.640784112238941361e+02
-2.896914457530829168e+01
1.363813283401530612e+02
1.798287639823650181e+02
2.562108679397948663e+02
-2.461566310269279256e+02
2.111262130498897136e+02
-1.166013996279910145e+02
2.311374002587460268e+02
1.911308763715288990e+02
2.498008151781126287e+02
1.602125136657536473e+02
1.586841620477590595e+02
2.218413361917218936e+02
1.824917557306841331e+02
1.162240663415918362e+02
1.135311055008236423e+02
-4.319529239378709917e+01
1.663829428025355242e+02
-7.968272979355243990e+01
2.347175615806673363e+02
2.446892708612421643e+02
1.960177240670823551e+02
1.455420899187903956e+02
2.216027620316298794e+02
-2.604964658506453645e+01
2.350978319442089344e+02
1.630612560978011913e+02
2.746579175814861742e+02
1.946591851717541317e+02
2.279503968172735995e+02
2.464471848206014783e+02
-2.086669837881909189e+02
2.014059492892428693e+02
2.241690046732607584e+02
1.608766884779413999e+02
2.703944226147728500e+02
3.233279755232652519e+01
-7.290476376256663116e+00
2.413629644552605669e+02
-8.454196421564635955e+01
1.623651710552706504e+02
2.166744170416978648e+02
1.338599782250759596e+01
2.602610633388895849e+02
1.717817073876936433e+02
2.924321497899281894e+02
8.253655017325556287e+01
2.841816233793470019e+02
-1.249265709443497769e+02
1.686753851972903249e+02
2.342456369148524686e+02
2.302844363169210169e+02
1.730339062897517408e+02
1.512389435154384785e+02
2.219946300500797918e+02
2.724892211274144529e+02
1.769630535956455617e+02
-2.103256379984282489e+02
2.092647499380350382e+02
1.430335467170786501e+02
1.512124096874039481e+02
2.551745976059429211e+02
1.711813987116630074e+02
2.373568794908191251e+02
-4.590298928741847817e+01
2.746049635082947589e+02
1.645476911642157916e+02
2.770127212198398183e+02
-6.610448410162589994e+01
1.044117666007805951e+02
1.599581686904425339e+02
1.147780712384673052e+02
-2.278687900341765271e+01
1.689930784225566640e+02
2.154316944974047487e+02
2.633336166588783271e+02
2.890709562829083552e+02
1.630698821854633707e+02
2.267528902442498406e+02
2.986833771180253621e+02
-1.269683026292259171e+02
2.532203890237477140e+02
1.560325379215075827e+02
2.405135991061234506e+02
3.813497770080655158e+01
1.026934014789268872e+02
2.647752843811572632e+01
1.027999563845789339e+02
-5.162384125688858205e+01
2.434667061380584698e+02
1.784975662065006361e+02
1.557009227914209646e+02
1.553512463858151023e+02
2.732783028964703931e+02
2.356996504237228010e+02
2.385385841804907727e+02
1.185529057283839336e+02
2.571183174506438718e+02
9.541551009770827818e+01
-4.783874525917030240e+01
6.981778433630385905e+01
2.460371484309458197e+02
1.857217456994318923e+02
2.166689739288407281e+02
9.808830959794474325e+01
1.528438093819692938e+02
-2.285168024268486420e+01
-1.437706536962633379e+02
1.647805692625098573e+02
2.690696194912398482e+02
-9.801645907781670530e+01
1.738993557772194549e+02
1.773210840551665228e+02
1.095069975000313462e+02
9.993327934375926702e+01
-4.111320798152399192e+01
9.304936305984051614e+01
-1.149193315472601284e+01
1.855140948950986513e+02
1.734168698992989448e+02
2.580800736087521727e+02
2.378873271753197685e+02
1.940263728350944916e+02
2.495923847911055020e+02
2.197682031753778062e+02
2.203408746015919348e+02
2.502235376202920634e+02
3.122811166028469643e+01
2.240427945506740457e+02
2.014950476447103540e+02
1.025031357693183338e+02
2.270349024867396679e+02
2.458043166384826463e+02
8.387601535094995597e+01
2.358888506486399876e+02
2.097717924369664502e+02
1.966422416111904852e+02
-7.859558136261765071e+01
2.325637756639218594e+02
1.866538616188404376e+02
-2.215345712782596621e+01
4.476694885020323511e+01
1.095773443145887569e+02
2.634358669547705176e+02
-2.956877276465044702e+01
-2.998133942994948598e+01
2.045146490019970997e+02
2.035298522390206131e+02
2.357339830348439591e+02
-7.063240522693931212e+01
2.438188902131283271e+02
2.140448990225152102e+02
1.391543366786970068e+02
-2.136411891322774181e+02
1.460494265756636878e+02
2.327221923735527582e+02
2.499298941714889395e+02
3.999319932738971772e+01
-4.453118447525477563e+01
-4.607127753222268751e+01
2.634164814316075081e+02
-4.263584935134596776e+01
1.058284196459150621e+02
2.349210565074911017e+02
1.859014933927819015e+02
2.067229028847257268e+02
-4.636381332445559167e+01
-1.410136598459570223e+01
1.699228324178418461e+02
8.656378175755604332e+01
