-1.106040284256957449e+02
-2.936266948430007915e+02
-1.823504134819335718e+02
-8.609215940858646832e+01
-4.442697858304461533e+02
-7.046538142451564113e+01
-1.136495321482450720e+02
-1.561713698542653788e+02
-1.254598465513536638e+02
-4.568403389035262308e+02
-1.725188780953407104e+02
-4.475679437018948192e+02
-2.735421457971899599e+02
-2.223372339555767212e+02
-9.350475226102035720e+01
-1.408913425364875707e+02
-1.153341665907404519e+02
-1.428445271223255872e+02
-3.956738706548777600e+02
-1.586845101601125521e+02
-5.536095845885639477e+01
-1.756553546798193111e+02
-9.794907578743860199e+01
-1.666603231881776992e+02
-3.436591336499130307e+02
-8.237774622855836526e+01
-1.074990541368769357e+02
-1.104337682600492627e+02
-3.771792056560771016e+02
-1.081586126160474208e+02
-1.048985470646230453e+02
-3.021401217836458954e+02
-1.251472202601856907e+02
-1.341844077368328954e+02
4.974994071461725298e+01
-2.952678594920679984e+02
-9.431068231981052463e+01
-2.141163172674480961e+02
-9.988596978836034168e+01
-1.870146937279384645e+02
-2.448560489408135652e+02
-2.756912565040897789e+02
-3.224279099620598004e+02
-1.771616238625323376e+02
-2.676892572351277977e+02
-2.401849376776141582e+02
-1.089278156750223161e+02
-8.329878335521361521e+01
-1.114279141619456936e+02
-5.690926892176232599e+01
-1.152543701513051388e+02
-1.579596407499109034e+02
-3.855788301150806774e+02
-4.269830324561183374e+02
-4.137079936299364249e+02
-1.093214605045333627e+02
-1.077334090987188517e+02
-3.113736921752421267e+02
-1.716129079204914092e+02
-8.860178929230703204e+01
-3.862931984037031725e+02
-5.127561850754636907e+02
-1.035543511004847943e+02
-1.698710988899154017e+02
-1.214098711822872900e+02
-1.314161192885554499e+02
-1.872034580311511149e+02
-4.156997178950166472e+02
-1.350342224336511094e+02
-8.143117146825446184e+01
-1.570435824013857768e+02
-1.136695505006844513e+02
-2.625079647930209603e+02
-3.945761436189009714e+02
-3.921731461275131778e+02
-1.761753024399981769e+02
-3.541675268732873860e+02
-4.370534880993274101e+02
-2.668086966522773196e+02
-2.184028801046750914e+02
-9.170512299206042428e+01
-9.641408640254874740e+01
-1.902886196088808219e+02
-8.692577076654271195e+01
-2.840094298782536271e+02
-1.895144210414745203e+02
-1.121077404311857890e+02
-3.883640061981930671e+02
-3.294912055546716942e+02
-7.705301068872665837e+01
-2.450542802908868794e+02
-2.864456868531758005e+02
-2.974271533303012234e+02
-3.002022193096013893e+02
-2.447076470035495390e+02
-1.326155312120268945e+02
-5.835147941011187811e+01
-1.971803008785299198e+02
-8.389890915491533008e+01
-1.630111873976272818e+02
-1.600088366418458747e+02
2.488018191534014534e+01
-1.067959415648134467e+02
-1.256550495101977276e+02
-3.593367253954565399e+02
-1.239617695430429762e+02
-2.419104494446790170e+02
-4.160716229040845064e+02
-4.661631695012783325e+02
-4.974268769357047404e+02
-2.080955645970731211e+02
-1.447857239116189874e+02
-1.534756281815537307e+02
-2.893930396091618604e+02
-1.403458710345586837e+02
-3.418259436482744604e+02
-1.025934052748252725e+02
-8.844830520754561576e+01
-1.262325797489150006e+02
-1.126871711611324258e+02
-1.232835083179619176e+02
-4.192775103308380835e+01
-9.192997724980402552e+01
-1.097280439410893678e+02
-2.327503050176514137e+02
-6.835128727070477339e+01
-2.000516560032442612e+02
-2.614856046343349476e+02
-2.331269383172356129e+02
-1.297239456548050214e+02
-9.974637868898534521e+01
-4.896375374346546749e+01
-2.069326815450967558e+02
-9.604350120835471216e+01
-4.918726848837823695e+02
-1.478281652651822924e+02
9.204669242716747135e+00
-1.252844131981862006e+02
-1.059661906896556189e+02
-1.544131433129430775e+02
-6.792748333524377813e+01
-2.170892523674767176e+02
-2.674515555174652945e+02
-1.241526575690742789e+02
-1.161511699333482710e+02
-1.135774348242982228e+02
-1.070117203111484230e+02
-1.185436043631185328e+02
-2.126387431020610563e+02
-1.427303290259897040e+02
-7.383608374827360876e+01
-5.387155194992844827e+02
-9.883812690493095943e+01
-1.956749670969689419e+02
-9.986992592141723435e+01
-1.682982836064574030e+02
-2.396517179606913714e+02
-6.550173783838312147e+01
-2.295905867054951557e+02
-3.250483620887463303e+02
-3.463967906788573146e+02
-1.431698446215806655e+02
-1.128053775561056966e+02
-1.127304835378186567e+02
-2.439440231989838992e+02
-2.327105802279156137e+02
-3.297392906229088112e+02
-6.713680979515470426e+01
-2.206058035008319393e+02
-1.068357076836437329e+02
-1.083632747490673438e+02
-2.894909560264669608e+02
-4.487523577300497095e+02
-2.151732187889823535e+02
-1.242830513711171108e+02
-2.100500257076409127e+02
-1.697487364916668184e+02
-1.061751759544582541e+02
-1.871286156698313334e+02
-3.134660477070966635e+02
-1.698403492009338720e+02
-2.762287698329325849e+02
-2.142005826277786298e+02
-1.881825592132980205e+02
-1.130974153658899866e+02
-2.463186945056669401e+02
-3.060318206470874429e+02
-3.771931316576641393e+02
-1.063780596887797998e+02
-1.362415155158494713e+02
-2.811573782226996627e+02
-1.295692151669256873e+02
-8.198262317032735780e+01
-1.974020208011197894e+02
-2.493464221928477400e+02
-1.030841877648914675e+02
-1.299417799466283441e+02
-1.655315144082711072e+02
-1.524145662867012447e+02
-2.585390193865836181e+02
-2.261165147620463927e+02
-6.260846230252428057e+01
-1.177871125413721813e+02
-2.927720204147379945e+02
-4.598979706792688376e+02
-1.177041346128731902e+02
-3.734641883635099475e+02
-1.552323140687559828e+02
-7.261672860594165968e+01
-8.298061702482421254e+01
-4.424480729179812215e+02
-7.820942176494295950e+01
-1.639534865900304510e+02
-1.586030158778032160e+02
-1.569111151614509083e+02
-9.302749407293910622e+01
-2.423423434498046447e+01
-2.817583568584902878e+02
-1.041790815818671376e+02
-7.664311034369339382e+01
-3.765969095267969351e+02
-5.727775363606076553e+01
-1.484227237156991919e+02
-1.364087329942949793e+02
-1.574701323516901823e+02
-1.260529447411954322e+02
-1.143128434565106204e+02
-2.983163444979838914e+02
-4.241265453602069329e+02
-3.177051472579881306e+02
-4.444579467176641856e+02
-7.512568836454566679e+01
-3.081907196332904846e+02
-3.420900342689683384e+02
-3.766739729327608188e+02
-8.996470764985578228e+01
-1.470629903768771385e+02
-5.261264900084499629e+01
-3.130369221305551264e+02
-9.279913863898131865e+01
-1.523816667429201175e+02
-3.094189434502196718e+02
-3.150594922300125518e+02
-2.016183880325461928e+02
-6.016285380602447219e+01
-7.199813787376244534e+01
-1.476145066057209192e+02
-2.673264687585196384e+02
-2.184965120692201026e+02
-6.794825039517202470e+01
-1.911187682826957257e+01
-9.176320316909210817e+01
-1.371969521820594196e+01
-8.063786040426694512e+01
-1.021486787673387084e+02
-1.892128238772683630e+02
-4.271113631277389686e+02
-4.802300161478595442e+02
-1.592685270704252218e+02
-2.301789424407570550e+02
-2.574440545898148969e+01
-9.165836743340939563e+01
-1.009529226514207494e+02
-4.561570305893062027e+02
-1.516560946008996780e+02
-2.950607547390313812e+01
-2.527284838055455225e+02
-1.030949007556986459e+02
-1.383288590584730571e+02
-2.449492640574140410e+02
-8.881303102328594434e+01
-1.883719479045776097e+02
-3.820577228937661118e+01
-2.510485700092420416e+02
-2.659633081149353870e+02
-3.384343500235625015e+02
-2.234015108201360817e+02
-4.331064293312476821e+01
-7.243080017033545914e+01
-7.393965344823834585e+01
-2.321709067446958557e+02
-3.140520096705828337e+02
-1.488572089278097792e+02
-9.844752135405269655e+01
-3.298389315030495084e+01
-1.247811739292701958e+02
-1.488947250941819789e+02
-7.715603202154551354e+01
-3.957358742732824908e+02
-4.448523414447410573e+02
-1.699465036489335716e+02
-9.762135114092626509e+01
-1.218790289503492374e+02
-2.762676048599240062e+02
-6.126810803469037126e+01
-3.547061070731377868e+02
-1.218326524304548855e+02
-3.244235019868459062e+02
-1.581056811333908172e+02
-1.618082496366659484e+02
-5.226195933428628848e+01
-1.642859948954748006e+02
-2.824970363107620415e+02
-1.447822942888286093e+02
-4.389840618475197687e+01
-6.606559225129632296e+01
-1.016949891925676610e+02
-1.372336990369126966e+02
-3.529246197297197796e+02
-8.200930936409591254e+01
-5.369248658927959639e+01
-3.638296185462274934e+02
-1.176526882606772091e+02
-1.272368528972453134e+02
-8.565885325327231214e+01
-2.131060178675708414e+02
1.710077381939825614e+00
-6.624711249906366106e+01
-3.548243592414939371e+02
-1.036778134677283987e+02
-2.984091903833552806e+02
-1.449535086399222905e+02
-8.495775309837767963e+01
-1.428432687421726257e+02
-9.950816573605317217e+01
-3.737255975617364925e+02
-1.051946989677336859e+02
-2.138738645443706332e+02
-1.810123905828881448e+02
-3.783206570699387612e+02
-1.085015798888368153e+02
-1.929724571723666315e+02
-4.233132152367274159e+01
-3.509450219773172819e+01
-1.428455255012322880e+02
-6.962011038274691543e+01
-2.406711616242554896e+02
-2.746824859250480131e+02
-1.167220206032008036e+02
-1.500110759104034628e+02
-1.441347929127033183e+02
-1.391755918005763419e+02
-1.305053206200600471e+02
-1.753873361522032042e+02
-1.028622307980264026e+02
-6.885057769133891270e+01
-8.984658032006967687e+01
-4.363875765406714891e+02
-3.160089350891936988e+01
-3.736837877893341897e+02
-3.695655640908266832e+02
-2.319063535629225612e+02
-8.099320801505010081e+01
-9.956678866948995221e+01
-2.842629228699412351e+02
-2.232471729984471835e+02
-1.357045105414090358e+02
-2.581517040563979890e+02
-1.059909192497596990e+02
-1.765634712210442103e+02
-9.022393785990728077e+01
-2.428535850134243788e+02
-1.938250021003400718e+02
-2.040180062490849480e+02
-7.016016289336083389e+01
-9.748536351867721805e+01
-3.809494579780854906e+02
-8.468493864531859572e+01
-3.096419216659985523e+02
-1.259720311284062717e+02
-4.573700787635641518e+02
-1.114053522279699564e+02
-2.353141108742906340e+01
-5.864939639033746488e+01
-1.145938785428296001e+02
-2.187388157660346053e+02
-2.340388683026386332e+02
-1.453316190527647791e+02
-4.065691839149507132e+02
-7.882343279130654423e+01
-1.247230135364383443e+02
-1.169128181399716766e+02
-4.611247863337897002e+01
-5.805170024669823903e+00
-3.895048813717642133e+01
-1.436066728265984693e+02
-2.428079819716794816e+02
-9.307404697858204656e+01
-1.368749411257049360e+02
-6.791267179261015485e+01
-2.448443519121686336e+02
-1.189986449039513872e+02
-1.194345055022736091e+02
-1.544534745753619234e+02
-1.251469076694671116e+02
-1.740449930351204273e+02
-2.342644330082172246e+02
-3.241882027668638671e+02
-1.389441858571325383e+02
-5.100281425401962565e+01
-8.408895017042361530e+01
-2.822303243865010245e+02
-2.214109243331027983e+02
-1.064278809135009141e+02
-1.059798922747348513e+02
-7.129162925722565092e+01
-6.652141975784267913e+01
-9.440317908113483725e+01
-2.258909107445675772e+02
-7.065120693304079680e+01
-5.406487783652622170e+01
-3.298314382254758925e+00
-2.585427698875552096e+02
-2.818064448578441272e+01
-2.383530216478183661e+01
-2.317463631507792172e+02
-9.117016129363645405e+01
-6.170330809032121522e+01
-1.069890897618963237e+02
-1.444697334523290806e+02
-1.120352263712448320e+02
-2.172905158243877395e+02
-8.307606998001351428e+01
-2.656193833567024285e+02
-1.714577360939119899e+02
-1.184925250997265920e+02
-3.338923945692139341e+02
-3.133246017333898408e+02
-1.650141547788763887e+02
-1.177584278411256378e+02
-1.852750237702107086e+02
-9.708036135974290914e+01
-5.216095820969679409e+01
-1.041613442031838588e+02
-5.071704164408160409e+01
-4.126355551074632899e+01
-6.707915900204240245e+01
-5.357712285544251074e+01
-4.302206061186109309e+02
-2.439360886550873033e+02
-3.701241428893619627e+02
-2.918490485973870818e+02
-2.221688086121650656e+02
-7.520820533136138408e+01
-7.235408659636772200e+01
-1.250715558577882121e+02
-7.189117226923082171e+01
-2.204296790765305900e+02
-7.753213781774790903e+01
-2.005308810797141348e+02
-2.349819302676818040e+02
-3.707401263434312000e+01
-1.203514138347527052e+02
-2.425289057858032606e+02
-1.322637637372383779e+02
-2.911168807572973947e+02
-3.564131700559729552e+02
-1.553936235930963790e+02
-2.352442728787261217e+02
-1.123624195620652131e+02
-2.348866359108550910e+02
-2.526618206048636637e+02
-4.846117747872708037e+01
-1.238336111179889372e+02
-1.683433060167933490e+02
-8.180472888885610416e+01
-2.907963816970266180e+01
3.613650350119813481e+01
-2.142510864812555553e+02
-2.024679032842632012e+02
-8.476431844880245592e+01
-7.144486413462797714e+01
-9.490564967069197166e+01
-3.422298392181482996e+02
-1.145921427551908920e+02
-2.492386588654548518e+02
-2.155025348952588615e+02
-3.558265680401674445e+02
-6.250195559537370116e+01
-3.368685131727169164e+02
-1.550871783654147009e+02
-7.524379980422420999e+01
-8.202469152361264548e+01
-2.782395169794015146e+02
-2.250724691245480358e+02
-2.648563245413347431e+02
-5.541294791894141269e+01
-6.563307452299936529e+01
-1.239331684984547337e+02
-3.229014241591769405e+02
-1.120769666002599934e+02
-1.097326604068620384e+02
-7.428146709852885010e+01
-4.494132596105722541e+02
-5.366635899784220953e+01
-1.146084380810439427e+02
-7.407819497838826805e+01
-1.206298628101144743e+02
-1.340064485774456102e+02
-1.918090039062425944e+02
-1.780379844168284649e+02
-1.096816999462331097e+02
-2.556930209005912218e+02
-1.083521937277280927e+02
-3.967240126494758101e+02
-2.460605981046315378e+02
-1.884405114358019659e+02
-2.496320375219600294e+02
-2.991380856853038495e+02
-2.214070345649271587e+02
4.506690131431653867e+00
-2.976494091526663510e+01
-6.266228523773809655e+01
6.827361258178456183e+00
-1.836525349216977645e+02
-2.381919374761087909e+02
-6.704463739703200531e+01
-1.646523395881698661e+02
-2.812444476612664346e+01
-1.816078730426924608e+02
-4.173153942111275114e+02
-3.507165072084174540e+01
-5.463768617848357678e+01
-2.097342368159697230e+02
-2.808413592960913547e+02
-1.374045890826930645e+02
-8.998119167700203036e+01
-2.362481225098551931e+02
-2.660125226465631840e+02
-5.846404639359695921e+01
-9.867466109442975153e+01
-1.740487274500908939e+02
-3.389626208539234540e+02
-9.685350761283389431e+01
-2.560298126831602303e+02
-3.463047533794484707e+02
-3.106551760785137049e+02
-4.750396723669418009e+01
-9.537868689205946282e+01
-1.804148566810749514e+02
-2.090999821501956433e+02
-2.936901557324117107e+01
-7.037612837587445824e+01
-9.149743754065333690e+01
-1.023747675368793182e+02
-8.292653867356331432e+01
-6.422548162533344396e+01
-7.650674353400208361e+01
-9.037343178692376000e+01
-1.418221500002260882e+01
-1.141761516162022900e+02
-5.437958420404484627e+01
-1.136397004262839516e+02
-3.731664054799240944e+02
-1.841926592823504052e+02
-1.562198611182968762e+02
-3.390590672702270467e+02
-2.992317594491495356e+02
-4.881156251495254139e+01
-9.978442790029276921e+01
-9.733413643681730321e+01
-1.329165455004591081e+02
-1.071818609196017604e+02
-8.479458870334583764e+01
-1.636547052552671175e+02
-3.766296366178930839e+02
-2.264241804980065922e+02
-3.790868340783604253e+02
-1.794113858042542802e+02
-1.933726109615705582e+02
-6.028805226174988974e+01
-2.380516217143187419e+02
-1.006347779117677703e+02
-2.151872346321244436e+02
-1.589065827502583943e+02
-3.521571383926162753e+02
-2.756135263164613889e+02
-1.195529972483780909e+02
-8.427150552853242971e+01
-9.172443620242897566e+01
1.104185591521826382e+01
-2.547028770232488171e+02
3.002838062892510962e+01
-1.727716641280730983e+02
-1.562295641625728990e+02
-1.509198616052387365e+02
-3.582577162041363295e+02
-2.465068122512248294e+01
-2.407184292703230426e+02
-2.558960279044816559e+02
-3.010754877275895751e+02
-9.954447244061636013e+01
-4.422086562339312366e+01
-3.719626057920528694e+01
-1.482411138573418725e+02
-2.004681310381208164e+02
-2.991813129291020346e+01
-4.360921478034140364e+01
-2.146060457419814043e+02
-1.038092992495890456e+02
-1.171510370991371417e+02
-2.667064783575245883e+02
-6.475259470051800292e+01
-7.136538466575102291e+01
-5.642081911958419482e+01
-2.092155868780244816e+02
-2.647016159872549679e+02
-3.127821932252476245e+02
-4.331248041469209511e+02
-3.135321327376593672e+02
-1.152639492143893847e+02
-5.005231698827137734e+02
-3.231126416190476220e+02
-1.855004344183540184e+02
-5.838864617900757281e+01
-2.555928596500735637e+02
-5.442022241405793181e+01
-5.108572063878126812e+01
-3.083334987832002980e+02
-7.731225919922351864e+01
-6.995148988627559561e+01
-2.276418919282602360e+01
-1.032782162280255847e+02
-5.729189626741278119e+01
-1.545139287193876783e+02
-7.620872960101749527e+01
-1.817171927301310745e+02
-9.590829816070933589e+01
-5.109773678752347337e+00
-5.239564420544481038e+01
-2.300602853994084001e+02
-1.961246203187910169e+02
-3.396928410353362437e+02
-2.807889474441556672e+02
-9.777288374683003269e+01
-4.690936049239412853e+01
-1.969542539310091058e+02
-2.353418817116657067e+02
-3.186132420095844395e+02
1.541956960592175108e+01
-3.095271693167040894e+01
-1.060439399364315705e+02
-8.650600935479380382e+01
-9.741044577811791783e+01
-2.506878534716149147e+02
-8.768780427939418587e+01
-1.944817179536751723e+02
-3.562439452151048158e+02
-1.610451130957747239e+02
-9.485466264702466788e-01
-4.951495552256876920e+01
-4.770375803112011681e+01
-2.103671305341246125e+02
-1.347322413145590190e+02
-1.516715518011447728e+02
-1.006779529176992298e+02
-2.175619487088004860e+02
-1.002215931920541294e+02
-2.384716207896570381e+02
-4.061344013280516947e+02
-1.017847234719734217e+02
-5.084176856011661130e+02
-3.229030380712507622e+02
-7.605310978640096664e+01
-2.555772535283165894e+02
-1.933449738625126884e+02
-2.691669161959405301e+02
-1.909660775359025138e+02
-3.429934818330822850e+02
-8.366972716137792077e+01
-3.272934700586975509e+02
-1.996722128062263266e+02
-5.747599607990218828e+01
-1.394038780190888360e+01
-1.328184440445211862e+02
-5.350091939187726666e+02
-3.175148931838904218e+02
2.114036563546004288e+01
-1.579136019925434198e+02
-1.150925393281813740e+02
-9.098696791571865106e+01
-2.527340344200088396e+01
-2.837641104288748011e+02
-3.616417948185268756e+02
-2.411519467180403922e+02
-2.466432274684635786e+02
-8.566483127796689701e+01
-8.086163259561013206e+01
-2.173948474297911844e+02
-9.540468707730026665e+01
-2.080626720445407045e+02
-3.597000951035982439e+02
-1.487435446262402650e+02
-1.440546445224038621e+02
-1.067512689870328160e+02
-2.578419008273686472e+02
-1.606349328420540132e+02
-2.759097141466417042e+02
-2.467467717796284319e+02
-9.472906036713537503e+01
-1.691309035791368274e+02
-1.319338715774435684e+02
-1.251332705537473799e+02
-6.573809875412777615e+01
-7.179102870434326178e+01
-5.867520362752039631e+01
-1.421780950563803572e+02
-7.322131544601853648e+01
-2.854625017428984961e+02
-2.959678060702783853e+01
-6.820731720952502997e+01
-4.075546013309468094e+02
-1.102790405019129025e+02
-1.538205938611404804e+02
-5.347310183122687022e+01
-5.366925197617059240e+01
-4.119080952464864964e+01
-2.494866185883411731e+02
-1.363056866074843470e+02
-2.821846720105141060e+01
-2.709229040977947989e+02
-2.916354441405574960e+01
-5.110634218856069424e+02
-2.304379263968545786e+02
-2.430787472088624668e+02
-8.099198495438901091e+01
-3.956513884598720665e+00
-2.175123999715555101e+02
-9.009022304916540236e+01
-7.360057565430615512e+01
-2.505768429477066945e+02
-2.292110785326252085e+02
-2.740365575544502690e+02
-3.074881387435638658e+01
-4.992233486143663868e+01
-1.985749370447665001e+02
-6.714945296721444379e+01
-3.205015985160254104e+02
-2.692510122035963036e+02
-3.510261465075387832e+02
-2.417431198358090398e+02
-1.022097807406351819e+02
1.063596191217730791e+01
-3.004331000018497093e+02
-9.718407680761679046e+01
-8.087730339015325853e+01
-2.411043383999308958e+02
-2.019759640350730479e+02
-2.785261543598208505e+02
-7.775239892487174131e+01
-1.063511100183505675e+01
-3.628405418885093354e+02
-1.295415942794828936e+02
-1.230428500196255754e+02
-8.823937013128900730e+01
-1.620027938493121837e+02
-3.550801244652116395e+01
-7.539389467052455984e+01
-6.232526294886802276e+01
-3.659677236419810242e+02
-2.621217252682719163e+02
-3.044877050182738003e+02
-2.890306594933838369e+01
-6.928705959456696917e+01
-2.055920721848838753e+02
-1.081603390380316796e+02
9.195001401185820100e+00
-7.496163458638504551e+01
-2.279360258330331135e+02
-2.645232172682971168e+02
2.131856379122879730e+00
-1.517542997047684139e+02
-5.851240616742064304e+01
-7.770128970718175765e+01
-2.399851469515378426e+02
-3.037944403937267452e+02
-1.054560035271096154e+02
-2.658072296664297482e+02
-2.118707132312378860e+01
-1.535478633251269684e+02
-6.666135543629863491e+01
-1.351314072172864371e+02
-5.161365217781253278e+01
-2.348670769154621496e+02
-7.343671282086648944e+01
-2.413057275295675481e+02
-1.571042023648281258e+02
-9.812167674021910102e+01
-1.111205642971613798e+02
-2.080708520980233800e+01
-8.062930305112820406e+01
-3.120628478601489633e+02
-7.142914975027120761e+01
-2.516760930818069824e+02
-5.656057752307699360e+01
-3.495666622201929385e+01
-1.556644876817632621e+02
-7.337741224052143707e+01
-9.109113648261579499e+01
-1.843077457148519898e+02
-2.654160994765450710e+02
-1.746137113810871142e+02
-2.131285463166583440e+02
-2.650590840274858238e+02
-2.189628354857136117e+02
-7.503812650017073338e+01
-3.836248145773495821e+00
-1.052763648753403345e+02
2.529759264208294667e+00
-4.853086321228879285e+01
-2.928142374018303826e+02
-2.057979448630129014e+02
-2.024537862369743380e+01
-2.020721849908294985e+02
-9.859892446693278600e+01
-2.489982454450425848e+02
-8.692260693430905860e+01
-1.839917837508249931e+01
-1.495007645472385320e+02
-3.153528545145141493e+02
-1.533844856139880335e+02
-5.722479265772864210e+01
-2.089405920899956186e+02
-8.209494593436623688e+01
-2.449098706746682979e+02
-9.831658312237865971e+01
-1.097942430515830381e+02
-7.302955392462152417e+01
-4.672033692482966671e+01
-1.350060222519457227e+02
-1.169144184659125472e+02
-2.421898468100755792e+02
-3.621084563965474103e+02
-1.862382296307499701e+02
-2.625235544487040897e+02
-3.833179365979152919e+01
-2.001274593064040914e+02
-1.622870684624000432e+02
-3.828455993933788193e+01
-8.289793645849837844e+01
-3.928762289532772911e+01
-2.894417529616067668e+02
-3.174741001052511535e+01
-9.662563565581949376e+01
-1.200118272365745611e+02
-1.490628552033752499e+02
-1.411709207427604440e+01
-6.606839902660892960e+01
-3.141735034393174715e+02
-9.173767657750917692e+01
-2.903023530312337925e+02
-4.721405153729546669e+02
-1.101788042194831689e+02
-1.125198205824559210e+02
-2.505768034130020681e+02
-4.520218927653699126e+01
-1.386952645512405979e+02
-2.794608414495670559e+02
-1.613929168421861391e+02
-1.457392873928047550e+02
-2.861324555376999115e+02
-2.982430936072752559e+01
-3.955812869960519151e+01
-5.884282457145650369e+01
-3.907879025232127645e+01
-8.663860149517503828e+01
-7.308826017960234367e+01
2.045727544056535407e+01
-2.844571580423260002e+02
-1.038050148402594886e+02
-1.094182486560785890e+02
-1.064644754701291163e+01
-1.773361897535491494e+01
-9.426227351939998300e+01
-1.918688056577976226e+02
-1.163090585635794270e+02
-2.022263806874195780e+01
-1.051234969906946333e+02
-1.076207779128461368e+02
-9.695333802462589290e+01
-1.205924183995425238e+02
-1.304166176562986834e+02
-9.222029812165251883e+01
-6.452468721431939969e+01
-4.953546208412853247e+01
-3.014856597118462105e+02
-1.909891149244299413e+02
-2.631692427223624975e+01
-3.188583376889673673e+02
-1.477439475594884755e+02
-8.877078754683606121e+01
-4.343197397112273848e+02
-5.902767506075329607e+01
-8.258461594264726102e+01
-3.837411307481973211e+01
-9.040326894461092877e+01
-1.039813430587699656e+02
-1.101613233015454938e+02
-9.269934875610375968e+01
-3.216120269135423371e+01
-1.049599031437193872e+02
-1.414952564987102619e+02
-5.079050929323020114e+01
-3.149763583642433105e+02
-9.096704787173990781e+01
-8.689149664156278163e+01
-2.018540894955168028e+02
-9.193182421770558221e+01
-5.373016337967003864e+01
-9.647169690972320666e+01
-4.332471409558101527e+01
-8.530492387350611239e+01
-7.355774465848301702e+01
-7.728665071423318977e+01
-2.794815099438276889e+02
-6.776220240419905849e+01
-1.432564845129883224e+01
-6.177600706151864784e+01
-1.665485304206843580e+02
-1.602232597048031835e+02
-3.549125839900889332e+02
-1.438714853117293160e+02
-1.911230974025837099e+02
-1.769657093798928145e+02
-9.703787992379014327e+01
-1.140079637497796057e+02
-3.715388254265786259e+02
-9.128474756462978235e+01
-1.614151813869705734e+02
-1.736515789449521208e+02
-6.207910017758158716e+01
-2.662472884312525139e+02
-4.701992139665972559e+01
-7.877343246569097346e+01
-2.549507444681403001e+01
-1.225415264008976806e+02
-5.557107890135692685e+01
-4.429345039322483046e+01
-2.317613703128043312e+02
-7.686569049879082627e+01
-2.526142740125877140e+02
-4.949926770232029583e+01
-4.069734746528225600e+01
3.206738058157532123e+01
-7.885862234197985288e+01
-3.936384581640254510e+00
-1.708141411023598266e+02
-2.659124517478176131e+02
-3.924360496441330781e+01
-1.289260316020428832e+02
-1.370043023932335586e+02
-1.075603349600728365e+02
-3.009881192826398433e+01
-1.435878343477448880e+02
-2.695464621139025496e+01
-1.060848635796590145e+02
-1.538088539780087558e+02
-2.704502512770213798e+02
-7.739578721789251858e+01
-7.508832696184279598e+01
-8.479290880337725866e+01
-1.431217632498103001e+02
-3.463786540411499004e+01
-1.406177123674915208e+02
-3.718765776039608681e+02
-8.222789417860587946e+01
-2.434796327548072270e+02
-3.319427201559773266e+02
-3.182332288420813029e+02
-3.450942020155151795e+02
-2.056307111508374419e+01
-4.458999987396916254e+01
-1.526458436829944674e+02
-6.906765735786821381e+01
-2.311129097596983399e+02
-1.230202563587241968e+02
-1.272578276215264594e+02
-6.474871146080111828e+01
-6.361345043424359602e+01
-5.848693513822829004e+01
-2.776096574879024104e+01
-3.349442637811949908e+01
-8.232556406786258663e+01
-1.253094812204113140e+02
-2.439375549177455582e+01
-6.018166976433185766e+01
-2.440070757906052847e+02
-1.540614631830423775e+01
-1.782517194653859747e+02
-1.521537675836202652e+02
-7.437354755148987806e+01
-5.401796855141468257e+01
-1.879300846249726362e+02
-4.204545936223949809e+01
-9.926410273296833964e+01
-6.714438780490159786e+01
-2.127050066160069548e+02
-3.466074183485465028e+02
-7.229774553610801036e+01
-4.067633379046865372e+01
-4.674040774905519413e+01
-2.236610534415332836e+02
-6.782219055107719896e+01
-4.820639986657116083e+01
-1.595197007434177578e+02
-1.835422472763869450e+01
-4.619915420900724712e+01
-3.338906949798404185e+02
-2.724601603370794010e+02
-2.285511081130061939e+01
-1.576542809683000428e+02
-2.399512004305739481e+02
-1.159306337911052935e+02
-2.562721117498643935e+02
-8.181352272565460737e+01
-2.826693029032584263e+02
-2.206250058990599427e+02
-4.826947385857338624e+00
-1.577240506203081054e+02
-1.819989669206485416e+02
-7.538318207868397280e+01
-5.542391851786844370e+01
-1.623349321585506004e+02
-2.920005167509862076e+02
-1.108155025987579734e+02
-3.019554711105848810e+02
-2.563682929126858880e+02
-6.459263141622793114e+01
-1.403906191667498149e+01
-8.994137539492362521e+01
-9.704858884179337508e+01
-4.955166065527316732e+01
-1.737355042357214359e+02
-1.037669665164411015e+02
-1.338509603964436678e+02
-9.095983060720524804e+01
-1.720750204767284970e+02
-2.736830441892386716e+02
-1.972140819502190539e+02
-8.006198218276961143e+01
-2.616853019895549437e+01
-2.335642436950237197e+02
-2.432647492361245156e+01
-1.102219830625579391e+02
-2.086842205843496458e+02
-1.717640287422235872e+02
-1.658181570920316403e+02
-1.779361189538325334e+02
-9.458067469893225621e+01
-1.252897202017727807e+02
-1.144642495906080200e+02
-1.403530671906324301e+02
-6.172708870285583060e+01
-8.768960881939415231e+01
-2.919827500626195160e+02
-2.550429548103697641e+01
-1.248732930667896284e+02
-3.155522466933872465e+02
-2.001214094577331934e+02
-1.513391271672996083e+02
-1.439963670917157685e+02
-2.474567492536094164e+02
-2.179493872653267772e+00
-3.627806817465144036e+02
-1.221152675946730568e+02
-2.398226532519689158e+02
-2.004729398149347617e+02
-9.182706251446811052e+01
-1.306593909794484603e+02
-6.007310477681765093e+01
-3.235116423363909917e+02
-8.571172229491166661e+01
-5.869008509208166657e+01
-6.780312480643567596e+01
-2.210320660070043175e+01
-5.414576113278241110e+01
3.123420137760433590e+00
-1.073750423387929089e+02
-1.388549961160558155e+02
-6.388147785696463643e+01
-5.380608262614314441e+01
-3.993224533912317042e+01
-6.409345693697790125e+01
-8.917325979736747854e+01
-3.629853924399539267e+01
-2.263975574144302527e+01
-4.956266438915753838e+02
-1.150449510873894781e+02
-2.689423016493246905e+02
-4.852729248490709324e+01
-1.304471467072440873e+02
-1.143244024942119808e+01
-2.736023492050212553e+02
-8.693768674481938774e+01
-9.066454267565418945e+00
-1.911039570027018897e+01
-8.835309459450617453e+01
-7.284944717881272425e+01
-1.778469663055813328e+02
-3.244798629570743742e+01
-1.558511255756735636e+02
-3.085367004996147955e+01
-8.297744615031365356e+01
-1.184989286370573467e+02
1.726610249057635826e+01
-5.898632552501616999e+01
-6.123738763667459750e+01
-6.801006480689409273e+01
-2.388043181594814826e+02
-2.442158416107045866e+02
-1.246125225310908036e+02
-2.125991417285162868e+02
3.029753782151971109e+00
-1.981001680511909058e+01
-2.293679811054700792e+02
-1.356966048058874605e+02
-1.549296469251464430e+02
-6.489407232806293280e+01
-4.433638029176662343e+01
-2.399527257574095529e+02
-2.303495987123721704e+02
-7.007315513327145595e+01
-7.103693895303759120e+01
-1.680402308859939353e+02
-2.145036993026820937e+00
-2.581735347712463522e+02
-1.764436175900423791e+02
-3.176351406998237792e+01
-6.096618791068948440e+01
-6.990718937146797884e+01
-2.453613396485506257e+02
-6.150364405006662594e+00
-3.365265223966829353e+02
-3.626045699636240727e+01
-3.098138910640928998e+02
-2.287506718564451660e+02
-3.407391812066603620e+01
-3.224902083222402780e+02
-6.628336083649551824e+01
-2.212454301225808706e+02
-4.152127338856255960e+02
-8.739668659976581466e+01
-3.063794857408083772e+02
-1.178226607871939251e+02
-1.070676513285669529e+02
-3.008244674521347406e+02
5.210250733904882736e+01
-1.571629870798716979e+02
-1.759648522806986080e+02
-4.226025270234678999e+01
-8.549088884691354906e+01
-2.024480909081469804e+02
-9.377004320140420646e+01
-6.170415519563772477e+01
-2.090858643449740271e+02
-1.525538925864657358e+02
-6.271419697087338818e+01
-1.095791341489613728e+02
-6.865444127416630238e+01
-5.313395305883799580e+01
-8.878819668094504891e+01
-3.125205962937168351e+02
-2.523745846915583968e+01
-3.740357269777946954e+02
-3.443239431344052548e+01
-6.618698102121939542e+00
-1.862047429944756800e+02
-1.256001076635733682e+01
-1.701340550296585263e+02
-5.696442803053896853e+01
-3.220985751115776452e+01
-8.161016950155705274e+01
-2.995215230939916182e+02
-2.180954239525021876e+00
-7.820692617268056779e+01
-1.112260609746336684e+02
-2.565436876677943019e+02
-2.386984737055326491e+02
-8.698225747965626908e+01
-2.391095759448792535e+01
2.666178025571360877e+01
-4.255339167481400864e+01
-4.526547519209921688e+01
-1.125049816951584205e+02
-9.814011218047653529e+00
-4.838961070616063864e+01
-1.659122500824636290e+02
-6.922803915993893042e+01
-1.695668123268893339e+02
-7.400112188583770489e+01
-1.818593424681745603e+02
3.651207813327545182e+00
-1.649529000720035299e+01
-5.841020920904861669e+01
-2.501567939239268981e+02
-1.966482821699339070e+02
1.660552803493642671e+01
-3.098813682256482025e+02
-4.645968790498482548e+00
-1.034546812501063329e+02
-1.256724220068338127e+01
-1.741148854162119051e+02
-2.016455248395614035e+02
1.416778955642026006e+01
-3.656963911754920673e+02
-9.221009380119348009e+01
-9.118175626119059984e+01
-3.035321892439586122e+01
2.082187333033439813e+01
-1.255976144840287532e+02
-1.073037490288229066e+02
-6.308307052784214619e+01
2.460396564877321168e+01
-1.356183535882665296e+02
-2.564129342442587358e+02
-9.151963816433385546e+01
-6.921906357654833641e+01
-2.597077244709613808e+01
-1.946795319477595285e+02
-2.049140788091526701e+02
1.314106720503870918e+01
5.940477275591644002e+01
-5.882237421484774131e+00
-2.905095231733184846e+02
-5.449909935931949434e+01
-5.690960482437493795e+01
-3.417216898696210592e+01
-3.200156381436884203e+02
-3.349897364142343008e+02
-1.356664470597637546e+02
-3.291722541444859473e+01
-2.783595374779990266e+02
-9.388899483810014601e+01
-2.165078400281668110e+02
-3.445743478926669923e+02
-1.124393032881654619e+01
-1.798552568630668702e+01
-7.738059961374284512e+01
-1.684689291549887855e+02
-1.824613995989534772e+02
-9.013627476341135036e+01
-1.438124296166213298e+02
-4.545389913066784970e+00
-1.713928327975559682e+02
-1.944578886603243859e+02
4.149023192722677322e+01
-5.552180615341745806e+01
-2.645879113311558228e+01
1.362487033186484098e+01
-1.918034715654950162e+01
-3.172371536646364802e+02
-2.381152028854566822e+02
1.792208509315294407e+01
-5.919382119820102162e+01
-1.270931976018027001e+02
-5.250979128156365050e+01
-1.779666074846430774e+02
-2.862904752677145552e+02
-1.921629501655030765e+02
-6.347646064730094650e+01
-1.921257075919179158e+02
-7.316013705547108259e+01
6.913453388901444896e-01
-1.645516853757469562e+02
-5.035210988201277615e+01
-5.817180465525940036e+01
-1.418825402562107456e+02
-3.307992475579381164e+01
-2.299605294227871752e+02
-2.290126133645816822e+02
-5.533426756563717674e+01
-6.201199258973115036e+01
-1.871452753018675992e+02
-2.388650016952892940e+02
-1.275599625520768825e+02
-1.183503116643105386e+02
-1.201946711831494241e+02
-2.292480034855141469e+01
-7.983995650196411020e+01
-7.416817705161932395e+01
-2.753066325806132681e+02
-2.431360817160565659e+02
-2.012675950237426719e+02
-2.479107355620018041e+02
-1.847625981019994583e+02
-3.124950004789322122e+01
-3.139260284176466484e+02
-1.805306610291241043e+01
-8.351010405344166543e+01
-1.698587411226912991e+01
-3.594415631366584307e+02
-9.197872532676058199e+01
-8.105554093412052907e-01
-2.473652188890321781e+02
-1.384913092155737502e+01
-5.455160970821812043e+02
-5.978333256300901155e+01
-3.612708211626457455e+02
-3.617848416526720712e+01
-3.636537827719048721e+01
-3.393036232234869942e+01
-1.138312948573932601e+02
-5.722874987865463225e+01
-1.500054292589745728e+02
-2.132568703465206283e+01
-9.523662024596342235e+01
-3.746458691327035240e+00
-4.738344731482868042e+02
-4.845796238395051603e+01
4.320853539040055580e+01
-2.343248530077598559e+02
-5.326778957211764975e+01
-7.344565381519414871e+01
-4.305936453400224195e+02
-1.444326293494613651e+02
-8.580869707974825644e+01
-9.820377760543259171e+01
-3.303734517277421219e+02
-2.102676507424617398e+02
-1.000775327363615759e+02
-2.038479752834426861e+01
-8.447704966394947235e+01
-3.823056934638222515e+01
-3.004953963186166277e+01
-5.429030425778164215e+01
-2.466500543503644280e+02
-2.904203408511840934e+01
-2.527532896318582800e+01
-4.292070364983852926e+01
-1.878167158386718256e+02
-3.232862845370917171e+02
1.285007711126485219e+01
-3.119868959167492051e+01
1.402685767126018845e+01
3.923645566241830807e+00
-3.449336821444384782e+01
-2.607419684081738183e+02
1.357005466796999826e+01
-3.332638135687375325e+02
-4.074299678403710345e+01
-9.009210442911296468e+01
-1.482909162517974551e+02
-6.648220354846034752e+01
-4.854303679253320070e-01
-3.472275388672717611e+01
-3.578091948849435653e+02
-1.820892403105291635e+02
-1.616779601552299539e+01
6.160172295954104982e+01
-3.341788162541523093e+02
2.897741266249141745e+00
-3.200071384913835573e+02
-3.121657770080147998e+01
-1.170565029360901121e+01
-1.311979624597321674e+02
-8.540792688053382165e+01
-4.829675871864024828e+01
-2.618987326776770033e+02
-6.474347149514159128e+01
-3.708503066438328233e+02
-7.806883591968008318e+01
-3.581702825648683870e+02
-2.090118291584002463e+02
-5.475877255816088507e+01
-1.770349020230340784e+02
-1.051234699928201195e+02
-2.883061873452212467e+02
-1.142547469756619591e+02
-3.731889909944261063e+01
-1.130939286430435686e+01
-3.768860630498298292e+01
-3.023622863752308376e+02
-1.944524750176022394e+02
-1.492454382568789129e+01
-4.270332559621732571e+01
-3.209430939643500835e+01
-1.697606131986064497e+02
-4.168297693738760756e+01
-3.433819131017126836e+01
-2.351830609693192287e+02
-1.265475267100371752e+02
3.321697236024456856e+01
-1.748703328353562938e+02
-5.581654714061444622e+01
-6.253485882716405797e+01
-2.800990802093000411e+02
-1.424041712501863799e+01
3.235432649023772456e+01
-1.220124834931212376e+02
-2.193722680238531382e+02
-4.611139037655225081e+01
1.980281038529471971e+01
-6.151320010332463539e+01
-2.471111116428635057e+01
-5.922936718403661871e-01
9.936687491407482753e+00
-1.141059201701348229e+02
-1.093667936921420392e+00
-3.040188723750833333e+02
-1.081425839705807732e+02
-1.285351298489774763e+02
-3.633301688958290470e+02
4.084239236249169380e+01
-2.069445508205841406e+02
-3.394938485295078578e+01
5.282466124328712453e+01
-7.245475999842436465e+01
-5.304123976395861462e+01
-7.003011078770249753e+01
-5.729293888547132951e+01
-5.587191558429331906e+01
-5.283290418646284081e+01
-7.109571270314461344e+01
-1.846841720863047556e+02
-6.784463690599024233e+01
-8.925739351556885026e+00
-1.320120666090872419e+01
-2.948968938997099372e+02
3.618585840448483282e+01
-2.283948020730839801e+02
3.162892303013339301e+01
-1.017455242517034719e+01
-2.400155315094906427e+00
-5.937593267518474249e+01
-2.932717180335855574e+02
1.263082325188750588e+01
-2.984973858253148364e+02
-2.205209208882175744e+02
9.516808997134376114e-01
-6.101193167276406371e+01
-1.136292521490674261e+02
-1.888544064630698642e+02
-7.894314770756956534e+01
-1.473832848653394194e+02
-5.426924130209316672e+02
3.201903294168712932e+01
-2.701792108214779375e+01
-3.948152837644168471e+02
-2.038732820120651468e+02
-1.939761566059227960e+01
5.377252357518941039e+00
-1.530339603183681163e+01
-6.021655418311185315e+01
-3.045836580190872382e+02
-7.891370868597604726e+00
3.508798614771788493e+01
1.123769280972288698e+01
-3.766260776474696570e+01
-4.448300429859772009e+01
-4.559479989732477634e+01
-2.672979812707941960e+01
1.885238875729663732e+01
-2.018248869003525670e+01
4.424720810783696834e+00
-3.321501280683719415e+00
-1.446188626033973890e+01
-1.420133356031577989e+02
-1.209801838062863766e+02
-1.273473774275589250e+02
-1.443893300574760019e+01
7.707913454948894127e+00
-1.433504336187661465e+01
1.897272442036106099e+01
8.716827527028286227e+00
1.002664660804967411e+01
-5.518733088781364415e+01
-6.828942662995812896e+01
-3.952493692896428001e+01
-6.463921243641601677e+01
1.635238828938787492e+01
-2.729666438958676622e+01
-8.403545650914350063e+01
-6.400900737839315013e+01
3.738779952480678759e+01
4.436970997182348242e+01
-1.505812361827283326e+02
-8.248001993806649068e+01
-6.362292049753278889e+00
-6.307467728927990436e+01
4.404773138386099163e+01
-2.242860910202982438e+01
1.439014133932882089e+01
-8.652236478461679781e+01
-7.312391093143861553e+01
2.790645788151377360e+01
-2.456067707144065650e+02
-2.518739179674416562e+01
-8.457472037861421654e+01
-9.153477385870355931e+01
-8.153528176714866049e+01
-1.928145095516423169e+01
1.784407092105368520e+00
-4.082410697047541248e+01
2.239462249453040954e+00
-2.638065005507173169e+02
-1.107579709956355885e+01
2.920665575713917406e+01
-2.251624315803888976e+01
-3.877376143620624021e+02
-4.446527226925398679e+01
-1.811005327585385487e+02
-2.109805240405597715e+02
-1.755901883568922131e+02
-1.869868551838524411e+02
1.736518834644850529e+01
-2.091125427511987311e+01
-3.723935005408112175e+01
8.497505814179220351e-01
1.317097717021894709e+00
-1.507637660537745319e+02
3.818349711655329770e+00
-1.176105407209436748e+01
-5.624506653546507096e+01
-1.180232933908548887e+01
-1.800743121780203353e+02
-7.133176937396589778e+01
-7.896732712328196158e+01
-2.665307638067265543e+02
3.254969387212117482e+01
-8.518487198422775464e+01
-2.941245215299020401e+02
3.234474174391499446e+01
2.640763328541632404e+01
-3.034900381853756812e+01
-3.688862431504840345e+01
-3.911892852066654314e+01
4.330837678016263226e+01
-2.122918628978551965e+02
3.581712548234844462e+01
-1.270861902634644593e+02
-7.674916443853376791e+01
-3.270373162730141985e+02
-5.416412690333039848e+01
3.441583229643629238e+01
-4.932429469606108796e+01
-6.153306449074710116e+01
-2.306740492231776329e+01
-2.202775127693924446e+02
-1.511909515776993373e+01
-6.048734129031289797e+01
-6.009550898824344500e+01
-4.853476480829414186e+00
-1.105388491768629109e+02
-5.056439262952757474e+01
-4.994345242593102796e+01
-1.556968414779148020e+02
1.151199622879363460e+01
-7.533059379437300151e+01
1.030616011301587776e+01
2.008843220906453197e+01
-1.827969458297512517e+01
-1.134027510599003676e+02
3.276390415798019262e+00
2.855276210375973278e+01
-1.525596212777776941e+02
-7.781877568980505089e+01
-6.334279137955181938e+01
-4.340412081318561377e+00
-4.665846316575669448e+02
-5.242534245557953909e+01
-1.025491284994461552e+02
-1.252657254257950825e+02
6.159024251277631379e+01
-1.994665667731088092e+02
-2.429572815374183392e+01
6.877213686116720126e+00
5.673446543142659948e+00
1.572107816385047840e+01
-7.456978652546708553e-02
-7.131609367818141720e+01
2.699644311066279556e+01
-1.387673190820949571e+02
-1.559033697708874833e+01
-2.195896622105454981e+02
-2.872899510913512700e+01
-9.271133433508651933e+00
-2.348156861786822560e+02
-2.504537467870091234e+02
-1.611190757369948869e+02
-1.503745286440774009e+01
-2.136038075532994185e+00
1.585561632738752280e+01
-3.193597512950634609e+01
3.878915225328862704e+01
-3.527997776502698457e+01
-2.502598089885671300e+02
-2.278959680523225302e+02
1.907603917617536027e+01
-4.291059194591063886e+01
-1.984373647288781228e+01
-8.546709753185830039e+01
-3.151827385946630500e+01
-1.324468497061535288e+02
-4.297854937790069130e+01
-1.137723892368920531e+01
-8.367874108333985816e+01
-6.368545705801346912e+01
2.596280488198269154e+01
2.251601668541925960e+01
-6.132483591220933228e+00
-2.124360281608636569e+01
-8.728002188007951645e+01
-5.483608777155156844e+01
-9.683416721258936377e+00
6.944635955426690543e+00
-1.487794973970434853e+02
-8.826627382869699545e+01
-4.231762019309438472e+01
-7.130674310906741198e+00
-2.046258154138304235e+02
-2.665894348466876806e+01
-1.797041620629669012e+01
-3.130096803548509854e+01
-1.321648317217070030e+02
3.612944666396174398e+00
-3.151128737182402517e+01
2.664029469982875753e+01
-1.804641293151094885e+02
-2.027577394274814537e+01
-1.490725244284091389e+02
-4.228549128649578392e+01
-1.389745300403535566e+01
-4.962265418239645953e+01
-1.008197680488535468e+02
-2.150925799417590838e+02
-8.466154471913436907e+01
-7.192885547448557304e+01
-6.302262631312684960e+01
-1.756596657481642865e+01
2.002097862788482985e+01
-1.463372095020941401e+02
-5.767796833715147642e+01
-1.985434000459465267e+02
-5.470856798562716961e+01
-1.465415591051395836e+02
-2.238863982907014076e+02
-1.424101649783347625e+02
-4.875060675354284001e+01
-5.943954220287664469e+01
-1.798512044159904804e+02
-2.502958436908850217e+02
-1.360110412575447469e+01
8.155417819473285590e+00
-1.544690760671844600e+02
-2.893192769191341540e+01
-3.948092519349557961e+01
-1.854229161723111474e+01
-7.231732924987733213e+01
-1.381938707622267692e+01
-1.558769896057860933e+02
4.430050307129064890e+01
-5.674388155039682147e+01
-1.270674546509407179e+02
-6.883480726961495577e+01
-9.477511080932160326e+00
-4.492641526286534770e+01
-5.511426753101011400e+01
-7.849131037792012933e+01
-9.417989201628132889e+01
-6.221864126301164788e+01
-2.734576553723860570e+01
-1.269376864333037247e+01
-4.193305347803534744e+01
1.159338472553116617e+00
1.848341993501315983e+01
-3.469818764557192026e+01
-2.192161794451371293e+02
-3.276125837750387291e+02
-5.581819114381380587e+01
-4.801823136682065751e+01
-1.186014444004001689e+01
-6.972064652519858186e-01
-2.558111244282774521e+02
-6.084473802304843559e+01
-2.018456582792207143e+01
1.218214839219095325e+01
-7.835277106614768172e+00
4.872336860370381828e+01
-2.192013997038463913e+01
1.546786881509321177e+01
-4.631395046697103624e+01
1.256862594817784284e+01
-6.755170774733201711e+00
-2.967575431371029993e+01
7.926916568246339523e+01
-8.424377947284435209e+01
-1.594301312623240960e+02
-3.318753533891080565e+01
-4.538397577787783632e+01
-1.243190110188363064e+02
-1.640570687720942544e+01
-1.134404688526181815e+01
-7.779969878456530807e+01
-5.104601583353294814e+01
-4.863313598528394266e+01
-3.390314278134718506e+02
3.030345358296975178e+01
-2.093445261895349176e+02
-2.558338358438252058e+01
-1.120577532872166984e+02
-2.415854130412100176e+00
3.545908663555690055e+01
-5.186752658703250063e+01
-2.165504775868946297e+02
-8.888877119707149177e+01
-1.730167844161636026e+01
-1.164173178217465647e+02
-6.397978444622144423e+01
2.313522688103780212e+01
-1.537640669401834828e+02
4.421757857755009269e+01
-2.967886330938387118e+01
5.132118949704643285e+01
-2.183804099838027923e+02
1.092972252234738306e+01
-5.395912480272700407e+01
-1.031193879633252664e+01
-6.674572613786735076e+01
-4.487863571297489784e+01
-2.029516842391204534e+01
5.178700609541966315e+01
-6.486361596374328542e+01
-2.149384704572403848e+02
7.693684505551047437e+00
-5.329143853543065745e+01
-4.167357121972258938e+00
-3.243520154075223161e+01
-9.805666600735867178e+01
-1.342763728881611485e+01
2.290606737744409571e+01
-2.888823010347023228e+02
-7.324377762653767832e+01
-8.223559026429796859e+01
-3.711038738779473078e+01
3.237477602621152073e+01
-1.031546157772281447e+02
-3.035414249893231897e+01
-1.795149847772887597e+01
-6.046434431084273342e+01
2.312313566765608641e+01
-3.718819779714411311e+01
-3.552237761107060976e+01
-5.069195576340561615e+00
-3.852866572458893302e+01
1.776230318135232267e+01
3.536928659574229528e+01
2.076993600165704379e+01
-2.337552788085828581e+01
-2.372707200114383852e+01
-3.083206255161523757e+01
-1.706382915677231438e+01
4.143436091868679227e+01
-2.780056042219921153e+01
-2.420441094322808340e+01
-1.909462505918860984e+02
1.842144961405689685e+01
2.196860612345211905e+01
-4.912718675778150157e+01
1.195386760635658163e+01
-9.020557531484416813e+01
5.263232085254969661e+00
-2.916701852740612821e+01
2.838224130599030559e+00
-7.553765365313533664e+01
-2.501113387187156718e+02
5.060781727981009226e+00
-1.619564415245613134e+02
1.252771389760535747e+01
-1.063618053382534754e+02
3.958417819811046456e+00
-8.237470937396595616e+01
1.626362678532144912e+01
-1.837981242490756983e+01
-3.513097764483092078e+01
1.378726853773773087e+01
-2.072256923192212241e+01
2.427217905797336073e+01
-1.046642973675992039e+01
-4.978886819103112771e+01
-3.822697521892877148e+01
-4.224443378336854948e+01
-8.261344523612063995e+01
8.385572196141794166e+00
-2.393813514202093984e+01
3.265114784856953634e+01
-2.545614934565465717e+02
-2.330730963403547946e+02
2.108375844422779721e+01
-3.361903101003068173e+01
-1.741658833580954990e+01
-1.784129914965812702e+01
5.351149098600131992e-01
-3.542327328637266248e+01
-1.351580303489797359e+02
4.732141453453010627e+00
1.560406636186581864e+01
-4.360646593640280599e+01
-1.387906332449738045e+01
6.589565690984778179e+00
-3.102610998439720902e+01
2.764716069369200113e+01
-6.027165790959082869e+01
5.416052918952141226e+01
1.883606611677724629e+01
-1.130064697341942690e+02
-5.697223550656682534e+01
2.357032681807355701e+01
6.951125696206943871e+00
-2.152365633851879068e+01
-2.385497024395980645e+02
-2.244563527662549518e+02
-3.513035336422825594e+01
2.582818379097786377e+01
-9.383615533066645753e+00
1.184849478536715139e+01
-3.869860115831322389e+01
3.791223166089272922e+01
-1.065626570314594801e+01
6.417725372950371820e+00
-1.808866006216469202e+01
3.656818307130654944e+01
-2.893661231753206664e+01
-4.847450446801899204e+01
1.136712042944248324e+01
-5.040946587931642853e+00
-9.576550308504593545e+00
3.462311127772161967e+01
-1.929167591269361992e+00
-6.021550730524936057e+00
-3.355113702795539439e+02
6.564547032550586358e+00
-1.757911929484200186e+02
-1.020166410004122781e+00
-3.183803286939183863e+02
-3.114903152492009042e+01
-2.863175130745746344e+01
-9.454091357502562687e+00
-2.863557220472855036e+01
-1.284001540045276215e+02
-3.055666917830446891e+02
5.398335714030513266e+00
1.009629275455125708e+00
6.105941346870622510e-01
-2.704617121718530370e+01
-3.914617383490917035e+01
-1.690539650882876970e+02
-2.942557848234912399e+01
-1.887914699693357363e+02
5.057486586860039601e+00
-3.466518667309826185e+01
-2.743105267909156737e+02
5.073368514527451367e+01
-2.137959473914342823e+01
-4.937933978667634705e+01
-1.184685774562748861e+01
-9.885551435868745074e+00
1.626098920689385352e+01
2.816904769630548344e+01
-1.918880654683394482e+02
3.305200915968299569e+01
-2.714777411709488320e+01
7.116861338075233334e+01
-1.098952632180808848e+02
2.730809454455895491e+01
-9.076717481713299662e+01
-1.151616722566871971e+02
1.440263161068637032e+01
1.566524660824129001e+00
-2.897655022898473653e+00
4.773900242835082963e+01
1.467295532835007066e+01
-9.892343949206860998e+00
-1.597110082180541895e+02
4.299316980633534513e+01
-2.132480571273302985e+02
-1.858095692717840564e+01
1.741521521397234551e+01
-1.175015112463966318e+02
-1.909738322002521613e+02
1.323373554341769420e+01
-1.057396099262398081e+01
2.135235597909711203e+01
-3.565564776909209286e+02
-1.655500378563153276e+02
-1.739123519477790865e+02
-1.861933442876107847e+01
-2.971127456532609656e+01
-2.433986089737398117e+01
-9.278207666350979821e+00
-2.544338856539553717e+00
-6.130515268068142376e+01
-1.116174379576413855e+01
-8.969991153430214581e+01
-2.863016700048439134e+01
-1.459348560581655931e+02
2.889291890778656580e+01
-1.047543833608736321e+02
2.979767088261354502e+01
1.292094454619014243e+01
-4.189726789292642195e+01
-4.038054859831473209e+01
-8.815317278939002676e+01
-2.962789112836682648e+01
-2.933277065231775396e+02
1.042743339789956991e+01
-2.777776751589690818e+01
-4.085445917670926974e+01
-2.089876666454243264e+02
-1.792834406641394196e+01
2.894944661798185948e+01
-1.636207099507454359e+02
-2.364301363016377877e+01
-3.065418811400909327e+00
-1.001690199635276031e+02
2.809703595830919198e+01
6.037407628104205060e+00
-2.082650366872265408e+02
5.424543945218388785e+00
-1.250527130213946521e+02
-2.853822249930026445e+01
-1.936646340640816675e+02
-1.384984035550464121e+01
-4.835333364690087876e+01
-1.421616555152417334e+02
-2.514812359115484242e+01
-4.209854790679489156e+01
-2.605763363330478910e+01
-6.538370955937807594e+01
-4.256067805075832666e+01
7.110246676480016959e+00
2.464315526841687642e+00
-1.948119791660390510e+00
-5.340889632128651954e+01
2.035490842255418897e+01
6.399075620180524737e+01
-5.940143588424180621e+01
8.950071002506771123e+00
-6.142391493869986618e+01
-1.083749006711909324e+00
2.176953475058652998e+00
1.940329777038978420e+01
-9.902048074374320663e+00
-5.351712848357719565e+01
2.347037813811348883e+01
3.360089890285514969e+01
2.688856895318518170e+01
-2.063910986886575074e+02
-4.224517301215443013e+02
-1.535349244845999692e+02
2.354588081860588034e+01
-3.299182656074673048e+01
6.879340591272132599e+00
-1.816994080506822797e+02
1.403453099774779389e+00
1.590975592409520800e+00
-2.049774704247988666e+02
4.013863595476516366e+01
-1.039555136620999320e+02
-2.026280916424497036e+02
-5.534402223437557922e+01
-2.076173433076693584e+02
5.449329548590412742e+00
-1.256454682129331957e+01
-3.860412692994726740e+02
-5.752330142941940494e+01
1.111789372353873695e+01
-3.019146895092761724e+02
6.041352197175939409e+00
-9.528421381871858387e+01
-1.218254675107760363e+02
3.188473704239947892e+01
-1.690293647491623972e+02
-1.435140159574426093e+02
-1.526420454436532168e+02
-2.392297919020477650e+02
-1.700092780927306819e+02
-6.007503574004319802e+01
-3.231079061405928883e+02
-1.253250807340298536e+02
-8.659307449615394603e+01
-1.597908077994907217e+02
-3.481360015462388446e+02
-1.552330166833040437e+02
-3.344710544412254905e+01
-1.382981763894341043e+01
-4.910517957726746374e+01
-1.578695122159753623e+02
-1.439993489586787234e+01
-2.416741724898334098e+01
-6.648623729351906775e+01
5.333842555169049859e+01
-9.420266202683100687e+01
-1.968349984584052095e+02
-1.993307892525847080e+01
-7.237723242806367807e+00
3.453958127362573904e+00
5.796655268976175535e+01
-3.057427617942729370e+01
-2.305295818352027482e+02
-7.394777016073496156e+01
1.081335711542135414e+01
-1.660863366942047037e+01
-2.828786085437592419e+02
5.237561378264399536e+01
-6.324916535741645873e+01
-1.021766863978020439e+02
-7.885818506566039332e+00
-4.364183973339694944e+01
-1.803148035268688432e+02
6.074328510964636507e+01
-6.267024800835788945e+00
-1.849508663869690963e+02
-9.528667583562702248e+01
-2.120514574998935586e+02
-1.738993449597317635e+02
1.659584834999793301e+01
3.215778145859049975e+00
2.082506008628377714e+01
-4.749590760019102476e+01
-2.321847092394616539e+02
-1.845982410833392180e+02
-3.226107413458333184e+01
-2.782781069507689153e+02
-1.791358774973499237e+02
-2.286085635464765176e+02
-3.513594436963252576e+01
1.678378215253746575e+01
-1.324374130273290575e+02
3.801116636788634651e+00
-3.856415866748856303e+01
2.989446619845270448e+01
-1.630936970130908392e+01
-6.902284932043143328e+01
-2.440556367944448724e+01
2.836447849294079404e+01
-6.091142538875262602e+01
-2.229117596158929473e+02
-1.859528471641928604e+01
-2.072621501093204870e+02
3.359414249597924140e+01
-4.645703724129818113e+01
-4.464793922639525192e+01
-4.563912544551682515e+01
-2.092615437383150834e+01
-1.788980524055775732e+02
-2.479883815313004050e+02
-1.143471768922279921e+02
-7.063403427171095927e+00
3.191937866048168360e+01
-6.557638197798480917e+01
-1.584064935348730216e+02
-2.301658388916749232e+02
-2.361702659571078868e+02
-9.434859318781832371e+00
-9.587086277300343795e+00
-9.192980389409844122e+01
-2.608579818992268429e+02
5.875767232886821745e+01
-1.267345698972085799e+01
-3.773290436695793915e+01
6.576483768951777442e-01
-3.903700530107198574e+01
-8.090435565473984525e+01
2.067584392166182283e+00
3.504933099916354422e+01
-2.799467415331287157e+01
-2.265821169161890225e+02
1.652512873168237206e+01
-1.355135630825411681e+02
1.770469945277186241e+01
-1.858968140523991508e+01
-1.127187340656292633e+02
-6.967275608982967583e+01
-1.396792096356192125e+01
-1.821428039419698734e+02
1.482755912905284390e+01
-1.825544863248616423e+01
-1.686510597332664929e+02
-3.598736304664387831e+01
-2.308026460230290979e+02
1.678248420966482968e+01
2.571524967730966438e+01
-1.659519973417284859e+02
-9.918008265660604650e+01
-5.528948794432670155e+01
-8.678094566046887337e+01
2.090179192535046582e+01
-1.874178820575651230e+02
-2.078409306455921524e+01
4.186950214610604348e+01
1.024738595362717319e+01
-5.974123767515493455e-01
-1.421469211855090578e+02
-1.868759510702986972e+02
3.492620386480313499e+01
1.114703880495553578e+00
-6.932646330684050895e+00
-2.978942944391008041e+01
-1.323420022637809552e+02
-3.083606185851427881e+02
-3.091742050857395796e+01
-1.532418950200310803e+01
5.481616828202447778e+00
-4.007994668244980119e+01
-6.383734534435557606e+01
-6.383059471567435139e+00
-1.352376204901145513e+02
4.431042843499716355e+01
1.216697867479299866e+00
1.829044168926568403e+00
2.335336003503816471e+01
-1.172814209662388549e+02
-1.915205905356870630e+02
3.531936078825756908e+01
-2.131528152126042528e+02
1.062424874279144227e+01
-4.069425043403512632e+00
4.742855968918188836e+00
-5.665412368016581013e+01
-5.763209093985803122e+01
-5.514958719571046686e+01
-5.589186293101944614e+01
-9.618608592358593512e+01
4.566595151254313123e+01
1.389331097984289975e+01
-2.032739408285169702e+02
-1.902845591929219182e+01
2.315841179493838808e+01
-3.491861743337846065e+02
-1.578910029230073064e+01
-8.518352175019643369e+01
1.028856397825688873e+01
-2.341858351053687386e+02
3.397515219664388297e+01
-6.503689605272867880e+01
-3.753370323392273633e+01
-1.309872082080971722e+00
-5.196936710102991697e+01
7.507921723898974165e+00
2.886306279903521954e+01
2.481757978892680683e+01
-8.300180112920693887e+01
3.639919767733155709e+01
2.982364476452695001e+01
7.666668179993294530e+00
-4.277585695082706252e-01
-7.595142402301070206e+01
-2.377735798800287625e+02
-9.273020852532195590e+01
2.187352344544667915e+01
4.843108488064675043e+01
-1.718232793850004043e+02
1.416416008991326692e+01
-1.960987193374410253e+01
-5.576773692783590519e+01
6.383954200133805656e+00
6.130345530102979446e+00
1.174724462863177621e+01
4.934469630083544445e+01
-1.612293331101446938e+02
-1.007884767877851431e+02
-3.432624340707307908e+01
2.885337032441175253e+01
-2.402028034158102230e+02
2.357939748588013629e+01
-4.525618397775971857e+00
-8.287435153084553363e+00
6.677382210917035543e+00
-3.452271783640720315e+01
-6.409989110209295404e-01
9.574482089102076543e-01
-2.318908016130856993e+02
-2.382641074471862552e+01
-2.185272602712213939e+02
-2.114491633627967815e+01
-2.618152033942597967e+01
1.102719874204996131e+01
-5.813517903678288690e+01
2.230577679826208737e+01
-3.700159805641011701e+01
3.418395129594267701e+01
-2.854594468354067658e+02
-1.300832447795049518e+01
-1.068823536739542988e+02
-1.531080798124484659e+02
2.059250807977747399e+00
-1.197128356563244154e+02
5.416001285856552272e+00
-1.953241252651179707e+02
3.309960953687623331e+00
3.463948932479492271e+01
-6.074392099339021911e+00
-1.613845943776510694e-01
-2.031005829145934172e+01
-1.903962587274429552e+02
-6.197861509440103589e+01
-7.425982111637106975e+00
8.033415079927526392e+01
-1.192358398478745585e+00
-2.643881846797833646e+02
-1.630039302199340057e+01
1.164719610912314351e+00
-1.227286145537149764e+02
3.395258581886979243e+01
9.527389519178228738e+00
-1.606844258683325961e+02
1.201478960779373040e+01
-1.229500750106058149e+01
9.828350919321206192e+00
-3.192148589622155441e+01
2.585370964317129960e+01
-1.739587083413613868e+02
-6.130856723483177007e+00
-2.987329127615920470e+02
-1.586999563962208981e+01
8.332027530138702787e+00
2.494874796663978600e+00
-1.698810824765427441e+01
-8.357332380062889854e+01
-9.705127562892931792e+01
-8.926675758204547151e+01
-9.867576408528250909e+00
-1.787714493176991937e+01
-3.329534639951715747e+01
6.259830244002301924e+00
-9.461253741635546533e+01
-9.514168003067329238e-01
9.692296569205430146e+00
-4.002702478124790275e+01
4.099303888118183181e+01
-2.295925615060180291e+01
-2.436153387550284322e+01
-2.496586232909847602e+00
-6.338476605026471589e+00
6.017159622129963026e+01
-1.141987547115682986e+02
1.126325648549995151e+01
-2.309560163191831919e+02
-3.218535636009524126e+01
6.332400318180196308e+01
1.167549567477415451e+01
-5.414257684493734679e+00
5.927645611131289627e+00
3.869718956010669331e+01
-1.094787609820801322e+01
2.656170745601926342e+00
1.093935623610518348e+01
3.314220096810480243e+01
-7.308022133904349182e+00
3.848774091469242542e-01
-1.509808833324042610e+01
-4.522469012120826193e+01
2.287297500216854473e+01
3.574883596975098499e+01
8.232194787397774860e+01
1.213467868373182235e+01
-3.307069178343449494e+02
3.055078873007389006e+01
2.517089309097839589e+01
5.385441808461659718e+01
-1.832208418390762361e+01
-2.115208777620281921e+02
2.308081630523591343e+01
4.069109324162285191e+01
-3.591153363735776338e+01
4.604247603709751502e+01
-1.084511206835172459e+01
5.679174590835315684e+01
-1.476860089164665055e+02
4.399986382613323599e+01
-3.235639776220774877e+01
-5.040190220889968487e-01
2.639436394208787817e+01
-1.328570545022710689e+02
-6.533863856583978702e+01
7.002146544583354171e-02
-2.019972321918318414e+01
3.307147884538238714e+01
3.377202171575864043e+01
3.704600989412378453e+01
3.570553103044957766e+01
-1.752943978150266275e+02
3.058311281872092735e+01
-4.419304883988313293e+01
2.108738656981314463e+01
5.612709499761493248e+00
-5.161006686659105469e+01
3.997981623433940968e+01
8.344381534349486174e+01
-5.458180266128913161e+01
-7.812823749800020323e+01
-3.304061782186848006e+01
-3.489209285355877199e+01
-1.674361775989878538e+02
-6.134142356899023873e+00
-7.248205928113964092e+01
2.842413090572937051e+01
2.457115157830963881e+01
-1.079062476353399518e+02
-3.712817209428656895e+01
1.422592354056226327e+01
2.456747091300161401e+01
-1.200940155949376162e+02
1.636774708817601720e+01
4.910615635541947199e+01
-8.403995877041396056e+00
-3.906493804978239837e+00
-9.468052401169829935e+00
1.703278782116126422e+01
-6.086298419106104518e+01
7.426135658753942437e+01
-1.895826078777138548e+02
-2.584639840242713262e+02
1.937063431617669096e+01
-1.580478645460982534e+01
4.546761929093425891e+01
1.432605087949652045e+01
-5.649512577802450863e+00
-5.192666774824093068e+01
-1.582842185010710168e+01
-2.434925728246344789e+00
5.092175759984132810e+01
3.185581272855517909e+01
6.970268396661683141e+01
-5.285557956209402164e+01
1.822379446361024691e+01
1.411332702835606767e+01
3.698896637969541246e+01
-2.924368010260668598e+02
3.424645571744701300e+01
2.231422769980331111e+01
3.512314308720350198e+01
-1.619953816443206165e+02
6.440251130419470371e+01
-2.906364196286646973e+01
-2.711820295662508329e+01
3.580389441382894233e+01
4.502834871983213105e+01
8.612008222274766922e+00
1.295676433930617577e+01
3.664389179750560288e+01
-9.515018886682592836e+01
-2.075510431421378144e+00
-1.303285769283419882e+00
-1.004468927485989838e+02
-2.140884311194753309e+01
-9.098062473435476250e+00
1.716915859834834635e+01
-4.360935659057702196e+00
1.335590552539581211e+01
-2.653573849198814116e+01
1.536971483021527973e+01
-3.050434210988323969e+01
-1.392219561896371829e+02
8.223528163066700358e+01
-1.741271496925693896e+02
1.640579422905737061e+01
-1.385125709410529282e+01
-1.033488619466256324e+02
-2.236799791686273124e+02
1.269938368490815606e+01
2.083268033263006558e+01
1.444289140779330438e+01
2.827619384818930826e+00
1.659014607382753681e+01
-2.649638792158667684e+02
-1.801566870935033648e+00
-1.605605460969148623e+01
-5.233270602017297790e+01
3.301229848641389708e+01
2.342569241492401488e+01
-2.013842609670525974e+01
1.498989931627377814e+00
-7.567181932026619506e+01
2.580300161815669924e+01
-5.014468226001039852e+01
-7.270578295544736136e+01
-1.663684243392066264e+01
4.590251693810088796e+00
-8.128510468199336003e+01
3.549700260184127387e+01
3.225633329009582440e+00
-3.021281136148872548e+01
1.993176161226655552e+01
-8.923953425648043947e+01
7.498862931945807020e+01
1.118225953240235526e+01
3.322596320681299176e-01
-1.856248496592201036e+02
4.472895800416623047e+01
7.133455491297610251e+00
-2.841051088985869200e+01
4.821366309542172246e+01
-7.275477134625297992e+01
-7.025779252762431781e+01
1.928594499928465211e+00
2.908380471040215554e+01
1.791504709716980415e+01
-2.827183373506703390e+01
4.913619088670117208e+00
3.520231010968106489e+01
-5.358540722852115579e+01
-7.948785891755022703e+01
2.443783562060238523e+01
1.031271034635766171e+01
-2.561928277334813231e+01
-7.445668443938217251e+00
-3.172488301646942332e+01
-1.222566425783595037e+02
-4.057821847482105682e+01
-2.588535044406158647e+01
3.179216750975007244e+01
1.760855365806625983e+01
3.388318504415897792e+01
6.150443833141438432e+01
2.052181043599730081e+00
7.543765383963202176e+00
3.992294249728379896e+01
3.811070177748188126e-01
-5.769156222570605053e+01
1.719970196305876087e+01
-4.026550252168870259e+01
5.841576635974212728e-01
7.493029799477992015e+01
-7.208131763885521082e+01
-1.022219044563986046e+02
2.187693551313810048e+01
6.714302665429869421e+00
-2.600560240517479826e+01
3.118257900462111820e+01
5.568480186696014300e+00
-5.747971084364691308e+01
-7.078852652438982318e+01
7.307728480832828666e+01
-6.074932758897119811e+00
-1.650783047149537310e+02
-8.876215150966211809e+01
-1.013507346496504091e+01
-2.105853465550353576e+01
-1.120849586579222432e+02
4.561879162558955159e+01
-2.281190024731359500e+01
-2.264275605059245322e+01
4.028819962626678119e+01
5.169911409997340712e+01
2.337062278390939696e+01
-1.401268184571829920e+02
8.487012313094507476e+01
-4.179990271356084008e+01
-1.183536673553435037e+01
2.794270907356245459e+01
2.458114777626988712e+01
4.263146802321651307e+01
9.045504965736691716e+00
-1.726098576911794567e+02
4.432934322354196865e+01
4.566149920094832737e+01
-1.237577451391340588e+02
1.339638909895691121e+01
-2.483955740997840422e+01
-1.019519659810123073e+02
-2.468620658503621712e+01
7.714045314179855950e-01
-3.379909185002877337e+01
-2.842949805847792533e+01
-1.941885744987506541e+02
4.990340143484472435e+01
-7.268178924996261614e+00
-2.716816698283273013e+01
5.187173939715859916e+01
-6.061882963651656553e+01
4.639681146346833884e+01
4.870840782357817034e-01
-2.120749191247967360e+02
-1.298459492546134975e+01
-1.829876412989992929e+01
2.382967798472513010e+01
8.043708346562441136e+01
9.285196234511584379e+00
-2.338277985693951280e+02
-2.272657604992818960e+02
1.063783053916796817e+01
4.939696438679692392e+01
-9.896663158059392629e+01
-1.880218895013257452e+01
1.015668408130624734e+01
3.511041591467319023e+01
3.088598990063636762e+01
3.568135857742271355e+01
3.180302175864855485e+01
-1.556780404569622078e-01
-2.095660856079899759e+01
-3.166494071225424989e+01
2.287293249927617822e+01
5.919985695637702605e+01
6.624890725244702594e+01
-1.974531456178456779e+02
1.784844229272215443e+01
3.603008095065857930e+01
3.710250592257369107e+01
