-8.030144528011635430e+01
-3.674258085476045608e+02
-2.995271259337728509e+01
-1.171779121327858633e+02
-9.225215195235543320e+01
-1.373643930765526591e+02
-3.865503585240202824e+02
-2.610281073278168265e+02
-9.357861085243466448e+01
-2.830411756520520612e+02
-8.083928857954407476e+01
-3.340186330726882602e+02
-2.245426633968542660e+02
-1.801021390549940406e+02
-1.867599820742869383e+02
-6.530412018313468536e+01
-5.710590215146102366e+01
-9.389894778512156392e+01
-9.435971614865583490e+01
-3.961033470561831678e+02
-1.742397415855820952e+02
-2.698187376601867982e+02
-1.107090433359462338e+02
-2.476784442926493739e+02
-9.123858707999394824e+01
-2.112025672629058022e+02
-2.755827942082632376e+00
-7.110489233077015570e+01
-4.812765245491783617e+01
-1.877196264766133709e+02
-3.470057327569508061e+02
-9.179134740933726277e+01
-3.555115069738965303e+02
-6.362708582217799602e+01
-6.427026674617002300e+01
-6.745164704105957298e+01
-1.731414177784399726e+02
-9.000636730282549536e+01
-9.861459651983315666e+01
-9.108876492841608297e+01
-1.997278017551845721e+02
-1.765818689774168888e+02
-5.765572826599244394e+01
-1.211112010304541542e+02
-6.815718379685615957e+01
-9.894604007390857703e+01
-1.171354738438689935e+02
-9.135206362655640078e+01
-2.269929764461021193e+01
-7.780337610599974596e+01
-2.546890874229673045e+02
-5.385188123670026528e+01
-3.137171488532096646e+02
-3.415498048113948926e+02
-7.126237395665225449e+01
-9.834518849606290303e+01
-1.451137249449635362e+02
-8.948797584885269885e+01
-1.174593551881393978e+02
-1.523150447065054891e+02
-1.928197043931056101e+02
-2.714507289427592127e+02
-1.388798215550468740e+02
-8.958256451713795343e+01
-2.054345944037988261e+02
-1.491456608824620957e+02
-6.439704187889591935e+01
-1.910801301011023838e+02
-8.046725739213317752e+01
-1.763311854805625956e+02
-9.365582648410584454e+01
-1.014772839403387223e+02
-1.147418087241562574e+02
-1.985631142565462994e+02
-1.343816701922251582e+02
-8.464960936206628617e+01
-5.705986909881474389e+01
-1.271142472980212688e+02
-2.094734106189013119e+02
-2.015236681171357702e+01
-1.240615058200621519e+02
-1.824773426239095500e+02
-1.286827278503882326e+02
-1.319921893256828298e+02
-3.348901202203710454e+02
-1.579758538818347802e+02
-7.846097272773073428e+01
-8.269195787104050055e+01
-1.354264675443330361e+02
-8.805360101318694888e+01
-6.785726417968834312e+01
-1.009803406219126458e+02
-2.563248964666498750e+02
-9.122906978931484900e+01
-1.209828831081327678e+02
-1.281239056120012378e+02
-1.540471989001381417e+02
-1.101346220152156974e+02
-9.604729431765517234e+01
-1.039545160024660504e+02
-6.340005414391025340e+01
-9.979403371420460189e+01
-4.389699538833468750e+00
-8.103714828782158008e+01
-2.362058791901971233e+02
-1.342515309905909930e+02
-8.806317929927428168e+01
-3.591298686796446304e+01
-1.436253705559761897e+02
-9.709333170961753012e+01
-2.133992333222239779e+01
-1.120021038451678095e+02
-9.825251160508643977e+01
-1.357875674279927978e+02
-1.017171590394090970e+02
-8.639056545181395563e+01
-1.230506451669759826e+02
-5.362995848732761317e+01
-8.266584709946823750e+01
-9.726457789476049243e+01
-1.664792497203883954e+02
-1.212878608444730162e+02
-5.446844319311247773e+01
-9.965569244299902607e+01
-2.550454847097660718e+02
-1.542134717145576133e+02
-1.747468095206243390e+02
-1.148167467611570771e+02
-5.833815216332680365e+01
-9.751865499277339211e+01
-1.554958065581639630e+02
-1.198280595175458814e+02
-1.137887920420883887e+02
-1.688234592757365533e+02
-9.600540518585785321e+01
-2.557261044413137370e+02
-1.067070294753022921e+02
-1.164638383271763047e+02
-3.602194341123401387e+02
-2.101398326773316683e+01
-1.666064649645078362e+02
-1.062898742123358602e+02
-1.923514777418824622e+02
-1.525271652174556039e+02
-8.434177594785913357e+01
-5.538515041925160176e+01
-6.441908990747108987e+01
-1.301842293799210779e+02
-1.089474514813983461e+02
-1.102793584761403309e+02
-9.561879333300313988e+01
-8.896226916375120197e+01
-1.414408502317456282e+02
-3.377173457752581953e+02
-1.268044123554554972e+02
-8.140886371823680179e+01
-1.195543513980828436e+02
-8.961210191398821223e+01
-9.787423121734542519e+01
-2.398512398323047989e+01
-5.871535414227554384e+01
-1.391496072040598051e+02
-3.445326019013606356e+01
-1.147756038193514598e+02
-3.798175969768080336e+02
-7.892259263002797809e+01
-7.094761472682921521e+01
-7.888024485390644713e+01
-1.266050767887854533e+02
-9.248886095490360049e+01
-6.282830918405034026e+01
-8.912240245482001910e+01
-9.459820597406155684e+01
-7.539600067154071894e+01
-9.660653699809822115e+01
-6.319667567039400069e+01
-3.598219730636880342e+01
-1.150473971713506671e+02
-2.122750084944257196e+02
-9.428895803155930366e+01
-1.050119603497753786e+02
-6.541095609696428426e+01
-1.022556685344180210e+02
-7.642973548517579729e+01
-1.854587706920805203e+02
-9.672633279077886925e+01
-4.051223770603987759e+02
-8.515975871695425781e+01
-1.200797493103798672e+02
-9.489540203645623251e+01
-1.280366057967565609e+02
-5.934410589824562976e+01
-8.553918325792450617e+01
-3.840180165753998409e+01
-7.759196683714358755e+01
-9.170189216807236221e+01
-1.074166032564469049e+02
-9.808301152740925488e+01
-9.904944292559291341e+01
-1.873926372118424979e+02
-1.061439920673439019e+02
-6.900511593868509408e+01
-8.147545934913807741e+01
-7.029098318295582715e+01
-1.178596133952536178e+02
-1.240884055565324928e+02
-1.793540249219341831e+02
-1.224802446672243690e+02
-1.286338476828615001e+02
-8.394555904542491476e+01
-8.549960578512369125e+00
-3.808824174766583326e+01
-2.355873897322888411e+01
-1.137480121853177906e+02
-6.796086593744274751e+01
-5.328789452440619101e+01
-5.744582084991507998e+01
-8.817037516595333102e+01
-6.581151672761492932e+01
-1.232186977110942081e+02
-4.997443677755907743e+01
-5.737173578727576029e+01
-7.774832254774781859e+01
-3.847330721572663492e+01
-3.443862049823923144e+02
-1.189474519289082082e+02
-9.400614800479885957e+01
-5.054821780514215845e+01
-3.882311819729211777e+01
-8.500588619308345528e+01
-1.869909606733316991e+02
-7.338125325878314698e+01
-9.073737180203976038e+01
-1.585666577838307774e+02
-1.120530644944805232e+02
-8.904494493935966659e+01
-2.000415844354966453e+02
-7.022436321422972583e+01
-1.006925476072515693e+02
-1.674387912889102950e+02
-6.337727745029859250e+01
-7.290498149025926011e+01
-9.262380084878741116e+01
-8.158538239991369778e+01
-5.123487977948555994e+01
-2.105993814168711253e+02
-6.781453031262481090e+01
-8.339894431509874551e+01
-1.460348656714260756e+02
-7.830890372822425149e+01
-8.770676026156164085e+01
-7.054792626592691818e+01
-8.598599393613338293e+01
-9.288025727784258834e+01
-4.749715975957069247e+01
-6.360958341475868849e+01
-2.295895107819839893e+02
-4.691759654641515453e+00
-1.084805248613435538e+02
-1.369925307415705618e+02
5.990762175838244019e+01
-6.575945906093838289e+01
-2.405488666119478580e+02
-1.050985472015904492e+02
-6.872513217984412393e+01
-9.022937147278058490e+01
3.108714418996595441e+01
-5.141828546828796220e+01
-2.357613102278683073e+02
-3.415520201845770032e+01
9.002184347531297703e+00
-1.385875760228238107e+01
-8.666527333896998186e+01
-3.136559877769059312e+01
-1.474407459054857270e+02
-8.660858160520831461e+01
-5.636936637378226322e+01
-9.662803103339237509e+01
-8.843624404767956548e+01
-2.132928329742979656e+01
-5.632265314241529097e+01
-9.235558622883046098e+01
-1.006467575499070790e+02
-8.569345374722321651e+01
-7.350128787026885391e+01
-1.118162227679394505e+02
-7.983424259862123051e+01
-1.784797074385684255e+02
-8.833712392220505194e+01
-1.438716184479509366e+02
-1.123085920487747131e+02
-1.527460508468454350e+02
-4.755368915518613449e+01
-3.956131258652423810e+01
-1.205878465277861409e+02
1.045209776426037251e+01
-1.383609680847557684e+02
-1.097980746040477129e+01
-6.821491986119366402e+01
-1.150531852214270572e+02
-9.814978563021928437e+01
-8.893736217542799238e+01
-3.141658621239165541e+02
-1.883776277047900862e+02
-9.358730724924305377e+01
-7.296521092460277202e+01
-7.177394253430922788e+01
-1.113100006993899598e+02
-9.998139174023988573e+01
-8.315423983075382353e+01
-4.579856662184182170e+01
-6.106579703380925395e+01
3.999804245987115792e+01
-1.676252347415455972e+02
-1.043381200752412497e+02
-2.390797996532683669e+02
-7.919862759112939443e+01
-9.650588798285856740e+01
-9.865176179621262520e+01
-1.040793480906248760e+02
-7.548480355213382609e+01
-6.350009412962089073e+01
-1.017921002064342701e+02
-1.001201828338654565e+02
-4.286428462335118184e+01
-9.589880844691913353e+01
-9.855936050984472274e+01
-7.970298407470858137e+01
-8.819137746549061774e+01
-4.905003940845571719e+01
-8.907041526824099265e+01
-8.430190236977958307e+01
-6.534453501360330563e+01
-6.065797261639049509e+01
-6.692899929911564527e+01
-5.519249364160580029e+01
-1.682027604157095766e+02
-1.173525174580229873e+02
-7.511476417716539800e+01
-5.681629620007247894e+01
-6.396403677313340097e+01
-4.705141712883936123e+01
-1.881873294010486291e+02
-6.295966120821020695e+01
-1.758258267391264837e+02
-9.068560476479527210e+01
-9.423196586599657110e+01
-6.318430614799656553e+01
-6.298938186852372212e+01
1.504301427554622705e+00
-5.457202171550697756e+01
-5.977449018138921133e+01
-7.199095712917227274e+01
-4.786453368924290430e+01
-5.143791142257213522e+01
-3.790387740795932814e+01
-1.716928953394767632e+02
-2.493269904228902192e+02
-5.542403176933392217e+01
-8.479461553928922513e+01
-7.439082952460698550e+01
-7.397051909395133862e+01
-6.660866849499191744e+01
-1.158178800672514086e+02
-8.997555212616526887e+01
-6.272787044755706631e+01
-9.993327821533372912e+01
-9.152286693531391393e+01
-1.091380418644829859e+02
-4.574004421153372846e+01
-5.633618251821700085e+01
-5.640099577894355320e+01
-1.232578299580899284e+02
-5.014844245019436642e+01
-7.333169641777313075e+01
-2.720699858323493459e+01
-9.337885182786754967e+01
-9.331594412060093191e+01
-7.530456177701685760e+01
-1.248098163610891334e+02
-1.071949393873315159e+02
-1.542616970418188771e+02
-3.612620577543088984e+01
-7.132172687357557095e+01
-7.343036394892979501e+01
-5.007643509996310627e+01
-1.039206351229854022e+02
-7.576895176279515454e+01
-1.053809423049143419e+02
-5.010529797179879097e+01
-7.764485270223696034e+01
-3.176926577049495393e+01
-6.265521189000522639e+01
-1.345607344123780535e+01
-1.547445205635639809e+02
4.664603793782461594e+00
-7.723505647252473238e+01
-5.987781361532589131e+01
-5.817402897240802417e+01
-1.674174144631984689e+02
-8.983067264122585982e+01
-1.000614612465034980e+02
-2.533812927132619564e+01
-1.014536348822754377e+02
-9.066935821504503679e+01
-6.206200990543371176e+01
-1.747035965401841509e+02
-5.554261854406323096e+01
-4.624622711573174172e+01
-1.155697703089856532e+01
-6.040548183809725913e+01
-5.470685047606115603e+01
-7.418277169012333161e+01
-7.372348487052977362e+01
-2.555351467297302293e+01
-3.480943526395837750e+01
-4.515975737347599761e+01
-4.538233512061816555e+01
-5.126808953663767454e+01
-7.446696489487999315e+01
-9.300886267359237536e+01
-1.874486823328664400e+02
-1.054847457950865248e+02
-6.981552657257103078e+01
1.616272221332049241e+01
-5.150871284674902739e+01
-2.116227446014444808e+02
-3.767383317866281800e+01
-3.508525729917444380e+01
1.844501353533604515e+01
-1.439617353446320180e+01
-4.316740122993893891e+01
-1.064290047072833261e+02
-1.030083712480812750e+02
-4.616035728488290601e+01
-5.661119444803698286e+01
-1.306558596766243738e+02
-4.346107487701210914e+01
-1.924449154451049537e+01
-6.430705344742605689e+01
-5.712204972606041764e+01
-7.059741903685804232e+01
-4.544774206635441516e+01
-6.107557901330167738e+01
-6.071677978408563803e+01
-1.346588283968451663e+02
-2.868987871539117407e+01
-8.589791742941783070e+01
-5.471399612087804343e+01
-4.678263954266785873e+01
-4.130915466258220903e+01
-2.471200715940361192e+01
2.889625451342411111e+01
-5.865874250271990320e+01
-8.188961305969270654e+01
-5.166645972469398629e+01
-1.077183077880489606e+02
-9.649803788834155682e+01
1.286666444102783657e+01
-5.176812231984798984e+01
-9.229871812353354699e+01
-7.310158571185813514e+01
-5.222639525097267921e+01
-1.725182403069288739e+01
-2.523156147801599047e+02
-1.057782545911304339e+01
-4.254639090679680180e+01
-5.326349416953114968e+01
-9.210814722558370704e+01
9.393382336814042333e+00
-3.802209985574972961e+02
-1.019671115637746794e+02
-8.333298123878486763e+01
-9.405274594689078071e+01
-1.047240278707584196e+02
-6.352030815597488100e+01
-8.386308602266889523e+01
-7.955774522082424483e+01
-5.012495036054178854e+01
-9.241157297452444652e+01
-9.862885954501288666e+01
-6.586049729024720989e+01
-4.366525835119433907e+01
-3.946520525559667192e+01
-8.065194281361124240e+01
-2.877441516409010092e+01
-8.598415577709900504e+01
-3.574260045227926241e+01
-4.697990636711284651e+01
-6.248730607833718409e+01
-3.398159085628064702e+01
-4.464328498292884007e+01
-4.479569572615778839e+01
-3.988598950179283520e+01
-1.714557570172554790e+01
-6.918956695123746670e+01
-9.601559244767850032e+01
-2.461285550820001333e+01
-4.123406811230559299e+01
-4.336355771197398212e+01
-4.794752457394197620e+01
-9.590296058232310372e+01
-3.728023473646269537e+01
-3.132463126127515807e+01
-7.645704546691334258e+00
-2.526627595629788914e+01
-4.704567797903650472e+01
-2.590269716946760070e+01
-4.916467717426147033e+01
-5.566982723496178664e+01
3.231723744385237751e+01
-7.019051300152770523e+01
-8.950343441490556984e+01
-5.573765580871110359e+01
-5.229683327067718324e+01
-2.047366930718581841e+02
-7.988752307801165387e+01
-2.598134960608274469e+01
-2.137016501385522815e+01
-3.305378753781083390e+01
-7.328261147524959540e+01
-3.756641652385700070e+01
-1.201491668089608851e+02
-6.628052847705288286e+01
-8.779455188120834919e+00
-6.339571980387219696e+01
-1.099204413234681965e+02
-9.603771830864924652e+01
-2.610212893589394412e+01
-7.215194706990882878e+01
-5.680935984486369961e+01
-7.076393581370410857e+01
-8.724609305491175348e+01
-1.721600435953344572e+02
-5.781799518476541522e+01
-1.044517447291290750e+02
-5.742678509654945174e+01
-3.809506354098702730e+01
-5.469839183033398911e+01
-2.241722366439805114e+02
-5.519572634720672255e+01
-8.359476923880080790e+01
-8.778577342032244246e+01
5.083673677425366577e-01
-1.330027785327062873e+02
-5.170368849037053849e+01
-8.288034057690390455e+01
-8.431431959019730016e+01
-9.238951238363678442e+01
-9.689494437619580935e+01
-7.157099991305406661e+01
-8.454647432998571333e+01
-9.264355113709881095e+01
-1.526108921856759082e+01
-4.772855703770597557e+01
-4.482066065371825658e+01
-9.174809109671576834e+01
-3.287741845488930892e+01
3.962949265025912382e+00
-1.704554505277999112e+02
-6.211039506654176989e+01
-1.728853790906550500e+02
-4.008155104572681182e+01
-7.440705194499999209e+01
-8.854940689647506247e+01
-3.775465341811541009e+01
-5.735882649004292944e+01
-1.022040394262465526e+02
-5.791122557760360223e+00
-7.683364925276043778e+01
-4.231877551832695872e+01
-5.683369550032306705e+01
-3.294036822809835030e+01
-7.781044395639300149e+01
-4.760730823969473136e+01
-4.224507160217551416e+01
-5.655891461749087057e+01
-9.450442900125602819e+01
-1.944657421876698322e+00
-6.982365666540164284e+01
-3.617965074042584206e+01
-3.561462318144627659e+01
-1.260369421385028943e+02
-5.313970626950796117e+01
-8.726678403458768685e+01
-4.918003026720779758e+01
-5.056296428643733520e+00
-6.991097520832660450e+01
-8.797774898189442183e+01
-4.559289507633437211e+00
-8.224433396449931877e+01
-5.353518617048795392e+01
-3.008129460090346186e+01
-3.220160035443693403e+01
-1.212215428383378679e+02
-6.155097862076769388e+01
-2.257188798957281506e+01
-4.940122870270482736e+01
-2.365913394606621978e+01
-8.660930178891811693e+01
1.664723741942701452e+01
-3.898950857366804712e+01
-9.663336773465127294e+01
-3.621415962043134584e+01
-1.191306896256750605e+02
-6.991942406288887923e+01
-2.284701043273418009e+01
-5.855055498155707028e+00
-5.053139643655513424e+01
-8.480657657813931394e+01
-5.797356566526833888e+01
-4.243101689263122012e+01
5.201146547614129645e+00
-2.754844733581613525e+01
-1.060665895902899933e+02
-3.058341262762762369e+01
-2.893796759305539013e+01
-2.517458003154868607e+01
-7.469608689520985934e+01
6.357197025148079206e+01
-1.009380834821608204e+02
-6.809239009541167320e+01
-2.364253819106106391e+01
-9.228175377888800313e+01
-7.464249806775411855e+01
-8.467994553317240047e+00
-7.044198199515948033e+01
-1.132744338516519065e+02
-7.482468373205124124e+01
-5.429684931629977740e+01
-1.970023597738659760e+01
3.269707401394850876e+01
-5.220916909290428976e+01
-7.204481816092106783e+01
1.715550681616137751e+01
-8.091578004022422022e+01
1.875640708778330179e+01
-1.439223668077175944e+01
-8.216350643511600538e+01
4.439125128005156284e+01
-3.690801191828729770e+02
-1.710269741723773222e+02
-1.096497750107926663e+02
-6.808870623488213880e+01
-9.841727042785899471e+01
-1.930837455678087622e+01
-6.793872782417022904e+01
-7.610007662768057912e+01
-7.674463701369849389e+01
-7.935077406664527189e+01
-1.509488724295127327e+01
-4.250358890945452828e+01
-1.951463123385154859e+02
1.780187432355006649e+00
-5.006682928660791987e+01
-2.659343041915951744e+02
-5.159924510441042855e+01
-1.015024330263029526e+02
6.263236813671696268e+00
-1.014254587232104114e+02
-4.210427648411041446e+00
-2.633814886496375607e+01
-1.461684664079473635e+02
1.364005892461804592e+00
6.192620582346407332e+00
-2.677129599065943353e+02
-3.346029049259172439e+00
-1.404659793436749453e+02
3.239853810009972790e+01
2.753120696935746992e+01
-1.012982725015848899e+02
2.386926219378055691e+01
-2.063151857030453584e+01
-1.529963432470657381e+01
-8.736090547172369725e+01
-5.310871819827047347e+01
-1.629967884281453507e+02
-2.276091954900692826e+01
2.763673409515617152e+01
-1.314533420445980312e+02
-1.259556443670523151e+01
-1.059597400808931411e+01
-1.900572827717692235e+02
-1.497227929747155883e+01
-7.318203282912541852e+01
-9.699420946555369483e+01
-3.658224275920156288e+01
-5.726172863623379783e+01
-4.478350752887953945e+01
-7.163237997883231856e+01
-1.821634273509786794e+01
-9.735789433964205841e+01
-4.714795090453699089e+01
-3.422394123662732568e+01
-7.544707750325510176e+01
-4.170271572312992703e+01
-2.299903422263294317e+01
-3.802191937473408245e+01
-2.476632887229332880e+02
-7.141377958731450803e+01
-8.220823090823004975e+01
-3.979065338357347770e+01
-7.378826015096036883e+01
-1.553298625109858619e+02
-7.985951448345002746e+01
-2.148815160664065615e+01
1.474766506475340577e+01
5.243523218893960802e+01
-2.856276903187537641e+01
-3.440916034679889890e+01
-2.074207489336072285e+01
-2.204740696369761110e+01
6.005423109286965655e+00
4.626881281249643507e+01
-2.269980175872149175e+01
-5.693490205227024603e+01
-6.134782494839063816e+01
-1.993864782128001139e+02
-3.455806616615606686e+01
1.536236346913821649e+01
-1.308248880921229329e+01
-2.587821413092638068e+01
-6.565508200011791473e+01
-3.898861902119733713e+01
-5.248416821268475019e+01
1.845391236783083855e+01
-1.965293258301715866e+02
-7.417828960915257142e+01
-7.632596378467201248e+01
-1.199615353952282106e+02
-3.613559547164868491e-01
-6.385685050407933261e+01
-5.128116625024875930e+01
-3.100280671083038442e+01
5.143950764200155845e-02
-1.064223880991106910e+02
-8.721631889629341572e+01
-1.619417479329133585e+02
-5.142172657641755507e+01
3.852814113731392354e+01
-1.441286648856136310e+01
-5.031499275823108519e+01
2.548783483984891518e+00
-4.920863639468504402e+01
3.586697985827981938e+00
4.170428190813240121e+00
-1.156108656097308085e+01
-4.800979845360507881e+01
-2.350005087226304568e+01
-4.580424140194553217e+01
-6.180938104852364745e+01
-3.235122852460399656e+01
-4.172353338223884123e+01
-2.324491397413400762e+01
-8.624455063113913411e+00
-4.977303044963271361e+01
-2.445266445611547113e+01
-6.577149454605223866e+01
-6.807790905837001105e+01
-1.555196993773337510e+01
-3.226766822481329200e+01
-2.413555152676451598e+00
9.131092525598047871e+01
2.405904050426219598e+01
-5.702561534120967224e+01
-6.982034965192804066e+01
-3.691506402044022650e+01
-1.148423310763490122e+02
-3.155320231512277473e+01
-1.390377150749411044e+02
-8.694790976072539479e+00
-1.570150538316937059e+02
-2.056275288184172609e+02
-9.122869995039626190e+01
-5.624151258438676138e+01
-5.495857526779084878e+01
-3.814531833653111903e+01
-1.192163148706728748e+01
1.595444164448026925e+01
-1.662042119261154483e+01
-2.326803201938986945e+02
-6.445410733449664065e+01
2.508795112379551995e+01
1.267354214875159357e+01
-1.165387514599914311e+02
-4.216615867373113957e+01
-1.132806358796017463e+02
-8.882382754443591466e+01
-7.783804106087430341e+00
1.081689683216333719e+01
-1.021027272452473511e+02
-1.856272122291034066e+01
-1.230582498319873537e+02
-4.348489833605844979e+01
-6.183368642544593285e-01
-2.666602847938865750e+01
-6.671119151825843119e+01
-3.156651114646805922e+00
-4.969889645565123715e+01
-7.052157666312902506e+01
-7.136189698505162937e+00
-7.870897287598555181e+01
-4.650379049347378668e+00
-1.631486166794060466e+01
1.090829803041988555e+01
-6.907998899441463436e+01
-1.034946733526120966e+01
-1.798287204818952034e+01
-3.822910261904301876e+01
7.407703768480899953e+00
2.328938097069114121e+01
-4.636476378070460669e+01
-2.102907624119626462e+01
-5.218184680982525947e+01
-9.544648069579039884e+00
-7.667540775587546875e+01
-9.207420491338118040e+01
-1.557650050757403903e+02
-7.772482632038503425e+00
-3.199275333080410633e+01
-2.201937977475466823e+00
2.229705216987687777e+01
2.048595979553208224e+01
-2.494454689597944537e+02
-1.833490767592499537e+01
-5.551260053645666659e+01
-2.437516020831498054e+01
1.657726807183664164e+01
-7.504270620684474125e+01
-2.590852765912686095e+01
-2.323745918905146368e+00
1.011053479035084024e+00
2.515792822685369856e+01
-4.706694276071804239e+01
-5.338702729607548747e+01
3.206558048504120961e+01
-2.258125781954740319e+01
4.449655962727979386e+01
-4.302375587158332593e+01
-1.846158262850073584e+01
-2.453105100388101079e+01
-2.533810999457824664e+01
2.329108243493797659e+01
-4.927640056765748966e+01
-3.423282586954880458e+01
-1.780807104807033170e+01
3.549765406387425060e+01
-2.330231526366366666e+02
-4.373175785462315446e+01
-4.799922639099588650e+01
1.024559844902175314e+02
-5.371110920675027955e+01
-7.904807107534298893e+01
-2.743367358436330505e+01
1.716210733873847971e+01
1.161751865355100222e+01
1.020944235652642362e+01
3.055734215119898067e+01
-4.278532107479530566e+01
2.470961257774989406e+01
-8.712908780809598852e+00
-1.637562395205050336e+01
-3.476236185009705082e+01
3.825891604061027351e+00
1.149273188160585057e+01
-2.586414797532178511e+01
-7.446442132142512094e+01
1.165963361453873404e+01
4.698819248296719309e+01
-1.075201724687736089e+02
-1.796502887607930177e+02
-3.340341985623727084e+00
1.021561496589143303e+00
-1.778900545435814706e+02
-7.071970463951103625e+00
-3.948370142608268907e+00
5.741266311813319589e+00
-1.458965757282172149e+01
2.998541692398509895e+01
-2.318313311755437667e+01
-5.628195226787342165e+01
-1.395391845733986997e+02
-5.154845623549249467e+00
-8.206034516963801195e+01
-3.751460233029547453e+00
-2.276219592608555331e+00
-4.642406991360313384e+01
-3.659953197048466222e+00
-2.271605465718252503e+02
1.469732433744955813e+01
-5.888370835096523592e+01
-1.314923430989383064e+02
2.895868991139593618e+01
2.299917203288211454e+01
-2.570873564066485528e+02
-1.477262411178060120e+01
3.222233047978093623e+00
-2.134174112853256133e+02
1.254333043216372801e+01
-1.519311041863301170e+01
-2.784709488480332595e+01
-2.560932538271503063e+02
-1.103238163480531853e+01
-3.639353182208571980e+01
-1.476874216277700214e+01
-4.101950277481051899e+00
1.210371446786937781e+02
3.758113212410577830e+00
-3.837592404739375240e+01
-2.191788636304145257e+02
-6.926965017732433694e+01
-1.569909429931497584e+02
1.082978537638198020e+02
-1.238862992223424158e+02
1.093716813389437448e+01
-6.201744182644069525e+01
-7.763411217492671312e+01
-3.336407498797311177e+01
6.248747531651930132e+01
4.620922037255300552e+01
1.117580977130395752e+02
2.206960504769277804e+02
-1.201432303908607935e+01
-6.678926572815147722e+01
-9.319383142875254578e+01
-8.437155755551565051e+01
-2.106938222507221781e+02
-2.235514753886384085e+02
-5.807913112181707760e+01
7.775343746137664880e+00
-5.522923227031231619e+01
1.100642565151919428e+01
-2.048648380063895047e+02
-7.022800297715865270e+01
-1.299262540201581828e+02
1.823204102972134422e+01
1.074001544408659896e+02
8.416979083502643277e+01
-6.319813260737934968e+01
9.043903854593065716e+01
-3.207669907476015680e+01
-3.456641638273836747e+01
7.006956226752627970e+01
5.973653584223628599e+01
-4.889406280252418924e+01
-7.856463556060079156e+01
-8.231233358636725939e+01
-8.176395241587925966e+00
3.159743094209420633e+01
-3.130913897790130704e+02
-1.928430658373942492e+02
-6.673949766007513063e+01
-2.392518589742956010e+02
-2.107668570224738858e+02
-6.121958487547789929e+01
-2.796487609684820654e+02
2.388788066670676358e+01
-1.387501145661910584e+01
-5.016619960331846784e+01
-1.434995433342659226e+02
-1.609047561505757074e+01
2.239677159316626387e+01
1.005005469927221355e+02
-2.070115950297223151e+01
-2.087058035042492747e+02
-1.864048718910007096e+02
-5.283544710583267090e+01
-6.132180631101111885e+02
-6.537233014151090060e+01
1.691092343223130001e+01
-4.388948407521667150e+01
-7.634251066875805236e+00
-8.999236850601931792e+00
-2.060759595416931234e+01
-6.884263001153691164e+01
-7.235617793070089476e+01
-3.500586929273701742e+01
-5.755489018942750334e+01
-6.405636682214000643e+01
-2.480999582235851619e+01
-3.609486469020453114e+00
-5.997326429874633646e+01
-2.796049916270848144e+02
-3.231374484624615206e+02
-2.609854164650121220e+02
-2.410025548006346696e+01
4.571654754131441223e+01
3.484379616739460062e+00
-1.598420398523566632e+02
-2.485312884540163907e+02
-1.659583780541008480e+01
-3.614312762983978189e+01
-4.636462086653547487e+01
-6.661614470456115100e+00
-5.756292635279529435e+01
7.078791401943200867e+01
-1.524502310726904284e+02
-4.565453257568276513e+01
-1.684735917744445999e+02
-6.746227817937170812e+01
-7.359039354309061309e+00
-3.784074946446375520e+01
-1.084775748771465373e+02
3.206726881438299870e+00
-2.567587578314023631e+02
3.907313360161893456e+00
-3.327433893969597989e+02
2.091942708157741038e+01
-3.018046653774005108e+02
-2.773539516802501339e+02
-5.391324864553236296e+01
-7.288584016932416887e+01
-2.094577210231821311e+02
-1.214658853324765886e+02
-1.356222051808940421e+02
-6.663038935603103141e+01
-6.590576212632009856e+01
-9.827099702382473367e+01
-1.893188977254364147e+01
-6.783058298704872868e+00
6.556792470456556110e+00
-1.794989389059084317e+01
-6.019720283096982882e+01
1.114065003508113989e+02
-1.338536903788911161e+02
-2.560364165268538272e+00
-1.206542485271656773e+02
-6.955972112111352601e+01
2.449185452430114651e+01
6.688486729642022510e-01
-9.587427134681689722e+00
-1.555923890227725792e+01
-5.644640416127104743e+01
1.072712853121707042e+02
1.035435625255541368e+02
2.158110083593851414e+01
-9.654717433304929841e+01
1.447384099157304433e+02
-2.468305898696022496e+02
1.764555961657828220e+01
-2.273620131164942677e+02
-2.963744680985060143e+01
-5.695053415698995991e+01
1.164381370184786988e+02
-1.307680563757868981e+02
-8.151690639172947783e+01
-2.111339250250375699e+01
1.211668489345352384e+01
8.432402929064153341e-02
-2.243199802517426633e+01
-4.266876348606263036e+01
2.375878764039576652e+01
-4.472082214911949904e+00
7.770330450058129657e+01
-6.076550121707190044e+01
3.299289337085841112e+01
2.738534729530350376e+01
-4.093753075121479412e+01
-3.252094815511148340e+02
-2.729499939576334100e+02
-4.646163568024658730e+01
-7.131922158064327277e+01
-8.409666543632295088e+01
-1.092586655942378115e+01
-3.947752150015659822e+00
-1.836840519361387010e+02
9.483999790884948311e+01
-4.741100189175655544e+01
1.176732896431530122e+02
7.808086575206591817e+01
-4.813880526278011018e+01
1.131720298764223571e+02
-3.683184893589040598e+01
-2.788905945630388317e+01
2.620034632463016067e+01
-3.492924131012910038e+01
-4.162071229817635043e+01
-1.760130742813599625e+01
-3.667949091229497327e+01
-3.738618511247791076e+01
-6.610566723246520837e+01
5.654685180303519587e+01
-6.487681268203733964e+01
-1.080093932641670733e+02
-1.727387970789047245e+02
2.360494874811820409e+00
-8.500328965551963734e+01
-3.554830586311908291e+00
-1.420858058365240595e+01
3.713660188422274189e-01
-1.991348183323103171e+01
-9.027820109194937004e+01
8.335661909043268736e+01
-2.340142448848637002e+01
-1.456185738766856446e+02
-1.055070755550913617e+02
-5.150096685964347216e+02
-3.539504505134227941e+01
-3.556990027458556369e+01
5.467552400060293394e+01
2.659072688151837838e+00
-7.678891817151537680e+00
-6.033058106860512027e+01
7.978864274729866679e+01
-6.921380315880074363e+01
9.865640077980535239e+01
-2.441248556673386361e+01
1.038935123436643408e+02
-6.767024384666930814e+01
-8.480855374236693933e+01
-4.583116305056780959e+01
1.008510016514085805e+02
4.644718115484891996e+00
-7.126203545173794396e+01
-6.850531549126571917e+01
9.813816953330652382e+01
-3.142355717728896991e+01
-7.656570493913940822e+01
1.107735776641646197e+02
-1.649381165902947544e+01
-2.980215307056745644e+01
-1.231263783655876409e+01
-1.322367835666089491e+02
1.492404864081363769e+01
5.362522968398766920e+01
-1.856490628007822181e+02
-3.414526078187140001e+02
4.289250697750944141e+00
-2.496918282716879673e+02
-9.520281999815766483e+01
-4.148199660654600507e+01
-5.094683088640736202e+01
-3.691881163141064803e+01
-1.820450547973097173e+02
4.186334199954893620e+01
-3.539519698818158133e+01
-6.762616352887329185e+01
-7.666333562875439611e+01
-1.596702818491907010e+02
1.417327520259954099e+01
-2.349131664897415135e+02
-1.799141280946827237e+01
-8.683217259908145991e+01
-4.086378039846853767e+02
-5.766577902224229035e+01
-7.368370818591699845e+00
-2.101290233798029590e+02
-6.864474839133858097e+01
-7.307986589409580347e+01
-6.515347981409723843e+01
-1.064441139229202236e+02
-2.924820401265416763e+02
-2.536613018734810510e+01
1.790740431127147758e+01
-1.039855356638573198e+02
-5.753448288969470070e+01
-4.482787723895460630e+01
2.616071828445549841e+01
-1.401217335986232513e+02
-6.782314900206813491e+01
-6.662697041505877849e+01
2.318662865588519750e+01
-1.926083799680844777e+02
-1.058671352836552586e+02
-5.751154789933395506e+01
-1.794000694369545954e+02
4.635988812471111942e+00
1.419066970471260731e+02
-4.007558982520988167e+01
-1.282393716159367614e+02
9.375348035636477562e+00
-4.435176501735200816e+01
8.602610587799642872e+01
-9.439344999266711511e+01
-1.227764505018028274e+01
-1.962916105848406687e+02
5.450825873588578929e+01
-3.191686024193830917e+01
3.880392048505802904e+01
1.013863615814631203e+01
3.357577466182632975e+01
-2.069748470722753098e+01
-1.814305462023392579e+01
-2.255079260960825422e+02
4.014198380533373722e+01
-6.490372534168115237e+01
-1.412272529557985763e+02
-1.125974082117006958e+01
-2.010199171453872111e+02
6.074402757292426003e+01
-1.796649385495239812e+02
7.505116861214017376e+01
2.834967641541521743e+01
-6.984823942399977170e+01
-4.315951193229078342e+01
-1.855673002579373474e+02
-1.616728003979479809e+02
-1.250493648900660446e+02
-7.432517092961003868e+01
-1.234011258775208830e+01
-7.085723815353478017e+01
-2.658960210910851174e+01
-6.596257378405158533e+01
-6.855256218931174317e+01
1.275074773536831145e+02
-1.528938930563708709e+01
-9.494638881595014368e+01
-1.809963079233259009e+02
-8.231642412487292404e+01
-2.954452981856097438e+01
2.497984827174650491e+01
-4.588798593270496440e+01
-1.686275959605004857e+02
-2.686852267374636938e+01
-1.274278243821355261e+01
-7.046880046547505572e+01
4.064758298972407147e+01
-2.511665548204198046e+02
-1.279838124172886182e+01
-1.954251951297331971e+02
-1.477570352080550720e+02
6.142194761873136599e+01
-2.053142732277835592e+01
6.807689140413449991e+01
7.369732829043667266e+01
-3.182846394833855186e+01
1.106957477159212999e+01
-4.418235163961705325e+02
-4.156472325928903615e+02
-3.478745840571249914e+00
-8.903022023331669743e+01
-1.291419228874516136e+02
2.432355103775732630e+01
-1.508765978751654302e+01
-1.264461112877275752e+02
4.905334175357910453e+01
9.317924971776378129e+00
5.131789705222847431e+01
1.174945088693786062e+02
1.155983968997265805e+02
1.022821128643979023e+02
-3.203521816616083697e+02
1.585525801527472254e+02
-8.266149827078990597e+00
-9.370239999492780214e+01
3.000605313932135232e+01
-4.843440687315317916e+01
1.447466251407100231e+02
1.895900955765618789e+01
-1.578982197769163065e+01
1.189415644007323891e+02
1.316736272995253216e+02
5.384964411729586686e+01
3.720659485229060692e+01
1.466643737167148629e+02
-1.796089592929595256e+02
-3.663143777614793350e+01
-1.693415359271606349e+02
5.740718389940064981e+01
-6.424717610391019207e+01
1.188435967718430106e+02
-2.539443945929022561e+01
-2.139426272463997236e+01
-7.217150947328892130e+01
-2.395015049895279446e+01
-1.806189751754587292e+01
-2.118038332981969347e+02
-2.278947044884029083e+01
-9.373579587553393822e+00
-1.021277153446746411e+01
-1.228401551391518325e+02
-3.265249670498809564e+01
-4.381621309150084187e+01
-4.514334512670016863e+01
2.220821332437715796e+02
2.763911781140132007e+01
3.912871493855925564e+01
2.076068159005529878e+00
-4.514314551981166801e+01
-4.150929594618350649e+01
-1.394745567915921924e+01
3.487819811240001400e+01
2.082005973782231933e+01
4.360843736293335837e+01
3.483753720260951070e+01
1.181548419797971405e+01
-2.149835678435771058e+01
1.199245507142936162e+02
-1.539883342479961925e+01
2.762515439626777436e+01
9.492494589345665190e+01
-7.163899448017065197e+01
-2.487198833022571023e+02
1.005687920218158240e+02
-1.251026610572233722e+01
1.930151520790075210e+02
1.618454316926727188e+01
2.087335839436011042e+01
8.575044630730918982e+01
-3.198288218672362859e+01
3.217859941813219393e+01
-8.866512309948177517e+00
9.461049980451662123e+00
-3.904894217242883769e+00
6.870718355962463875e+01
1.063387975957981268e+01
3.197925929181413807e+01
7.293163730710372761e+01
-1.229260168359851946e+01
-1.487686335036562468e+01
-4.391417459561500891e+01
-8.864396888357372006e+01
-7.076720692169975280e+01
8.495733813332861928e+00
-4.936206257187816959e+02
-5.527862514603991428e+01
-5.717434261823557051e+01
-2.568938973198871167e+01
2.773713034183267112e+01
1.606426146911651927e+02
3.798736556960392363e+00
6.687707153308389252e+01
-5.266050467003375957e+01
-2.415998931568472585e+01
1.629726694012467192e+01
-7.095002221418309318e+01
-6.621933878489527103e+01
-2.746251808090173085e+01
-2.699188324980772791e+01
-6.537377984751239524e+01
-1.866745231178763333e+02
-9.218587487179495099e+01
-1.839252381177892062e+02
-2.197634419354860711e+02
-3.985978247584505141e+01
-9.012834713946172371e+01
3.004604544049894344e+01
-1.023207838581570712e+02
-4.117756520092304129e+01
-7.160926332856357135e+01
-8.400286505686321448e+01
-2.450481506525074451e+02
-4.257881378665956618e+00
2.938212393652023025e+00
-2.225544188323453909e-01
-3.960499688904855020e+01
8.180453998745136346e+00
-1.954750428285686894e+02
1.828582830561899186e+00
-4.855650705024538638e+01
7.855634016259841701e+01
-2.113760751888383993e+01
-7.514607543964588388e+01
1.491319763008986286e+02
1.312407122584612011e+02
-2.672517380326230807e+01
-1.169786684734767022e+02
-4.568391219331495279e+01
-5.687963086335371372e+02
-3.427859935452443096e+01
-1.544727038700487469e+02
-1.708609229676616792e+02
5.277192598520997535e+00
-6.645172883876205105e+01
3.903470565210838572e+01
-6.055991208640781309e+01
-1.633868553203979559e+02
-3.295503915171178733e+02
-1.216002151906161544e+02
-3.700131308893664084e+01
-4.105182414387224554e+01
-1.719274641943471238e+00
-1.921497852400117949e+02
-3.154524837792344272e+01
-1.983603095342921847e+02
-5.676684011168950406e+01
-4.158820549225556817e+01
8.712624753392432808e+00
4.475397562379760075e+01
-8.165238669028187246e+01
1.741915805166280506e+01
1.413755213792545362e+01
-2.739140354085473916e+01
-9.970661836873676975e+01
-3.195196538378588613e+01
-3.011705562776873535e+01
-3.980454583857560635e+01
-2.267251417693694293e+01
-9.464183564690992512e+01
-2.204485625775426456e+02
-1.122561514141338357e+01
8.495155043449353904e-01
-1.285917496636848512e+01
-1.370795593920756517e+01
-6.906042221604818110e+01
3.292228004332059754e+01
-7.912189012154456691e+01
-4.859453982997194998e+01
-4.002497492958241310e+01
-4.597909128272490875e+01
-1.954455222516684216e+02
-3.625832889097689815e+01
2.934665085147562991e+01
-1.773828319316249349e+02
-6.103050225098871806e+01
2.201070106656138137e+01
7.894308594782832245e+01
2.774963880663993621e+01
-2.820985134186952905e+02
-9.157983554161438633e+01
-1.696474914384153578e+02
-2.538038107659316438e+02
1.145554147247740673e+01
8.494838180554155826e+01
1.240072759038985453e+02
2.258654223690929257e+02
1.240193846543429288e+02
2.703382935804830822e+02
1.065402526661501383e+02
1.036754948922077801e+01
6.281716598699409815e+01
7.103948435095561820e+01
1.286463765942853570e+02
-4.660062295605619909e+01
-1.064545638201947924e+02
-2.487117165515742840e+02
3.002241204921091366e+01
-3.373474418142440356e+01
-1.065207431470160202e+02
-1.842226591523734669e+02
-6.308124128198204517e+01
4.849369105330505647e+01
-5.076100654470126017e+01
-1.035399075297375759e+01
-2.658746946531688877e+02
-2.174617637912065220e+02
-2.021936594436753580e+02
-1.446594994402980205e+02
-5.954205070212057649e+01
-1.669846923476644918e+01
3.302506879171735932e+01
-2.462719650332701349e+00
-3.766607957709244658e+01
-5.029845772975326668e+01
-3.517187030655523472e+01
4.878444447618065283e+00
-8.176350471098197659e+01
-8.508787674877149243e+01
-5.420673349114294126e+01
4.497874632813810081e+01
-1.063953099222101031e+02
1.963302105682834053e+01
-3.968199770809617632e+01
-1.375116956426256820e+02
-5.945681960387867093e+01
-8.523992047647155346e+01
-3.098241088116759556e+01
-7.398952770233812259e+01
-1.928387113621756725e+02
-1.023133354296793840e+02
-5.279553577146059240e+01
-8.370668883660627557e+01
-4.698230416268621923e+01
2.844739818262524977e-01
-5.375484869075924621e+01
-4.073488240320645559e+01
-1.290691357323549369e+02
-5.475244332126111146e+01
-1.541061588599803258e+02
-2.410235601232243141e+01
1.262235110216850842e+01
-3.164894468050445653e+01
-1.166074200222820281e+02
-2.293870753991106994e+02
-8.352741049696001596e+01
-2.425492735240297293e+00
6.742896537761848208e+01
-9.226521748119959909e+01
-1.599570852436521591e+02
1.334798583523421200e+01
-5.911774752350382300e+01
2.490638297198780649e+01
1.015061610911996581e+02
-1.721161797137352778e+02
-6.168058052679086245e+01
1.623017092550811213e+01
-8.732434991411751923e+01
-1.374633600643239788e+02
-4.664036264507139151e+01
-1.298283058474206086e+02
-1.046472568093556674e+02
-4.329603172617042617e+01
-1.133602630161249607e+02
-5.554016120239261056e+01
-3.996486506266735717e+01
1.188912605447512760e+01
-2.280394187140473150e+00
-1.013565226886056791e+01
-2.840912911929152074e+00
2.374025472859339914e+01
-1.193810630287080130e+02
-1.055916810498378311e+01
-1.370111324444139598e+02
-2.106170455904546657e+02
6.387966794637495127e+01
-2.540830076480641253e+02
-1.997313146557140158e+02
2.313570398659348371e+01
-4.840234575946701057e+01
-5.328604645367397552e+01
-3.192902415055104370e+01
-2.265267641872775073e+01
-4.097501185156872339e+01
-7.381445211132785289e+01
-1.110917099215742354e+02
-4.266137901118102604e+01
2.023374683822952136e+01
3.469146441709462181e+01
4.724108741237398590e+01
-1.038943366344931007e+01
-5.474835581732293122e+00
-1.637948031516991421e+01
-2.256177523812031041e+02
-9.013491885394954295e+01
-5.791503516012188157e+01
-1.374714243961479951e+02
-3.023437182484877894e+01
-6.354210473381950663e+01
-5.212242899175082300e+01
2.744517389628721560e+01
-1.171242094208432718e+02
2.124411801955527039e+02
1.105846590774756777e+02
-1.414089372107122244e+01
-7.078974583373391738e+01
1.956551576337602683e+01
-5.213026984062054225e+01
-1.343797964336608857e+02
-4.431901972961254899e+01
-2.283002857903061056e+01
-4.209678722558162178e+01
2.544466848434565520e+01
-1.288169354358238365e+02
-1.416722723661508212e+02
-4.211566792814131759e+02
-8.463207684843766287e+01
-3.916465337153591975e+01
-2.765883962075734726e-01
3.979631251014342297e+01
-1.012208418101222804e+02
-2.899388556865557121e+02
-4.785211875857788044e+01
-6.915166462845270701e+01
-6.908193900567553669e+00
-2.263049743133510106e+01
-5.108902041835179375e+01
-1.511437469543794343e+01
6.528472922705751103e+01
-2.047956789135394615e+02
-1.519868040750258160e+02
8.733901786917238041e+01
-1.058874304599788587e+02
-1.182543439965387648e+02
-1.499713521537989038e+02
-1.359084003622180319e+02
-9.017698972052296824e+01
-2.836754780001523955e+02
-2.174944859831996951e+02
-9.332687096551607908e+01
-6.438899514525908785e+01
-2.691046176870221416e+02
-5.195738791648253141e+00
-2.713005753798255171e+01
-5.523804349578941242e+01
5.844626874966769492e+01
-3.404155979105483993e+02
-9.037086880518653231e+01
7.723204053722463414e+01
-7.145988253653752054e+01
-3.605775603599626322e+01
-1.370572434527525161e+02
2.676129293861214720e+01
-2.351795239351265536e+02
1.926806507872825591e+01
-2.657151977613818872e+02
-1.954334043593402725e+01
2.108612907263847092e+01
-2.850366467322483288e+01
1.016402899021490782e+02
-1.256200014373693392e+02
-2.107203864729606266e+02
-1.641622675361650749e+02
-3.196017802017202030e+02
-5.431294940014014117e+01
-5.561220287972744813e+00
-1.791104429824973749e+02
-3.595355693598321523e+00
-1.290667460581113346e+02
-1.838213408758103924e+02
-5.706610345436163811e+01
-1.017157454952082389e+02
-1.866441492076093596e+02
6.011973018341694797e+01
-9.400808416180022675e+01
-5.098546903000764985e+01
-1.295535209892875059e+02
-1.324349281692624913e+02
-1.562943530786778865e+02
-1.866753823170481041e+01
8.321506983860884077e+01
-1.017263114341246961e+02
-1.269034543638153707e+02
-2.184345848347600167e+02
-2.360434731433870184e+02
-1.887685165489592976e+01
-7.946139715850165430e+01
-1.454128922623157223e+02
-1.729913735687635494e+02
-2.132211097553428942e+02
5.436952009694675780e+01
-1.112395367813578844e+02
2.361031803719694722e+01
-1.447854172171034293e+00
6.516280233823991352e+00
-8.464670515928608552e+01
-5.515733342697203057e+00
-1.125329047501534774e+02
2.412173590693767267e+01
-2.354142942904487086e+02
-3.916792512147765137e+00
-7.596911097539781110e+01
5.144346895689281496e+00
9.223539160040571971e+01
2.219785248166831479e+02
1.100783276294351509e+02
-1.729488678873680101e+02
-1.839138617991486626e+02
-9.609118307838598128e+01
2.613844067443210406e+00
2.624108739554845329e+02
-9.384924685435255753e+01
-4.129254041139039089e+01
-8.485914674297154647e+01
3.211568260445361034e+01
-2.775749366230550095e+02
-2.172558348087675881e+02
-4.408167303532975367e+00
-2.725726274904291131e+02
7.132895416678374545e+01
-8.910176763694749980e+01
-1.963161612899091040e+02
9.356352112152532641e+01
2.376601213932145242e+02
2.251145719322830701e+02
2.311790836936565086e+02
3.873936047124398385e+01
2.348329844288534218e+02
2.833143400310743800e+02
-5.665476075350682095e+00
2.511863836615026742e+02
2.761137844881169485e+02
2.723703174510733902e+02
2.957814323820343816e+01
2.484343377096333256e+02
2.607600457700100378e+02
2.679364533576730310e+02
-8.496038664599765866e+01
-1.229107731502393790e+02
-2.552941088082884846e+01
-2.097446158776905065e+02
-1.027260010710195388e+02
-5.201444063569219622e+01
2.434658174776936903e+02
-4.320259405238671491e+01
4.020884926820133387e+01
-1.719923023387200089e+01
-1.176093349285565068e+02
4.461712234073959849e+01
2.541176600673973951e+01
3.065770334384595230e+00
8.112687599053145959e+00
-4.521494738887226106e+01
1.737573328591680877e+01
2.520816289305637952e+02
-1.601677721310279878e+01
-2.118708555364497670e+01
-5.321097984756100630e+01
-2.479665230793632702e+01
1.888347193677316795e+02
-1.084603607902434419e+01
-3.393916787193600726e+01
-8.978796977679230906e+01
6.767571624508481420e+01
2.297313155796225033e+02
1.391667090840327603e+01
-6.803861876468667447e+01
-5.954739726800166864e+02
-1.372686600214863120e+02
-2.574383736275112255e+01
-2.215811912517227711e+01
-3.771770494085275516e+01
1.061433331518580303e+02
2.064131286879477898e+02
1.057530992322193413e+02
-1.396186672563696618e+01
-1.631010135985657428e+01
2.459169572903655876e+01
2.394836892958378485e+02
-6.624563209943555364e+01
1.038375307302735422e+02
9.280253730162357328e+01
-7.054289103337453071e+00
2.333959823213255049e+02
-9.524648569126670239e+00
-4.042029103129737422e+01
9.999181980698928385e+01
-2.754839989711366854e+01
-1.793227377363160713e+01
-1.967277499690638649e+02
-2.195850704511495621e+01
6.923523595503297656e+00
-1.346866282826420047e+02
2.110151436055101613e+02
4.925996226338006068e+01
-2.644766839752054466e+01
8.849210566257099231e+01
-1.005102221476516888e+02
2.559845955580670989e+02
1.206080074665550228e+00
2.237956671009486627e+02
9.655425117067787255e+01
-5.088682185677328107e+01
-3.306463678740606582e+01
2.420785231099148405e+02
2.088052765449518802e+02
-1.179080593149267742e+02
-2.201802105337946500e+02
1.141485256453564432e+02
2.710133973891678352e+02
2.430463169234260477e+02
2.305542198048537443e+02
1.112739503974885196e+02
8.459197165220453485e+01
1.309425512091607402e+00
3.993664628513940329e+01
1.152035280465841183e+01
-1.014774342531957529e+02
2.674088714195957550e+02
2.327370291546545218e+02
-2.526654775784584217e+02
2.474940068304179306e+02
2.760082570692663353e+02
1.081999223141759074e+02
2.430249689464897642e+02
2.693359576982871317e+02
2.265447132954628273e+02
2.411589024344136760e+02
-1.281185476566665216e+02
2.140544655210456142e+02
2.485779380515640753e+02
1.573285817598876690e+02
2.169776441704596266e+02
8.809073945075209622e+01
-9.485980553018562205e+02
-2.196715177348139036e+00
2.358762698514291856e+01
-4.237517500728662299e+02
-8.767242239736548015e+01
-1.361128198057778604e+02
-4.453283419069738613e+01
-1.972690870506423835e+02
-2.863008613711187422e+00
3.222575591681874130e+01
-5.449726729276876824e+01
-1.430616464890485986e+02
-3.120721127756122826e+01
-7.017946872077618536e+01
-7.549022712974050364e+01
-6.715618742077165848e+01
-2.015786510833739555e+02
-6.333950837800315981e+01
-3.788776241187011919e+02
-5.420984016820450080e+01
-2.022387622110352936e+02
-3.695794705259199020e+01
-5.481691385362650237e+01
-8.233778759177175743e+01
-4.258693652909794025e+01
1.269269240672694821e+01
-5.640731418860372059e+01
-4.595192706110849201e+01
-7.702442232004415246e+01
2.539689135071971293e+02
3.234471056848516923e+01
-1.485733270020773773e+02
-1.196512611362572898e+02
1.987781699514646334e+02
2.595303590742176425e+00
2.364962401490295747e+02
-1.330219420276926030e+02
-3.480602485560213211e+01
9.535513145655305323e+01
1.817431285233683269e+01
-1.876480557254958228e+02
-1.513694850034255523e+02
-1.227202645618326642e+02
1.261705605903015766e+02
-3.344381984147528897e+01
-2.258366246186004389e+02
-1.152992263099390726e+02
4.343212173728555570e+01
-7.843196190579885752e+01
2.558778033893423753e+02
-4.599665467771189924e+02
-8.553172448539459083e+01
-7.312807490755054118e+01
-1.866867794132346603e+02
-3.113165693068584972e+01
-1.369769174810095933e+02
1.969524207312943531e+00
-4.984160906391202275e+02
-4.559382964711684849e+01
-3.938211459586817398e+01
-9.313816912677737037e+00
-1.493754357841578155e+02
-4.220469898350538784e+01
-3.749533234329043694e+02
-6.561418346985450967e+01
-7.471549470657577352e+00
-7.749197147171101108e+01
-1.117594193183602584e+02
3.166624132265533831e+01
-1.221806557671471296e+02
-1.825610452830284203e+02
-1.786144750202091700e+02
-1.746717185403737815e+01
-4.853839422782232305e+01
2.943267680240080608e+01
-9.774341659591806319e+01
-4.973925510878729597e+02
1.964509319162203838e+01
-1.787666944794539177e+02
2.857960070911918393e+01
-1.710118688926878860e+01
-2.325499647290520500e+01
-2.168018998822827541e+02
-2.626233520150763070e+02
-1.776993291011865495e+02
-5.817286924726477793e+01
2.089244507482010249e+01
-3.012874669811539974e+01
-2.276849964663451686e+01
1.653911358977310542e+01
-2.193586625347253971e+01
2.072516755403247046e+01
-7.470938026022871270e+01
-3.359429557406442655e+02
-1.484348884054903124e+02
-1.114181286888820921e+02
-6.230961265875646404e+01
-1.530013979339899777e+01
-1.577017056763997687e+02
-1.634826031280113057e+00
-1.661805799452136512e+02
-3.381379767877340470e+01
-3.971146021469002108e+01
-5.477700223477873109e+00
-8.873243498727717338e+01
-1.408715680673345503e+02
-8.025858274085919675e+00
-2.714972778327648939e+01
3.654081274119058520e+01
1.388922550702673675e+00
1.256052215113163228e+01
-2.129129823058881357e+02
1.221513111643352687e+02
2.235541511244017840e+02
2.165940223553434407e+02
2.673662262814028736e+02
-2.514328051310994283e+01
4.595181000914891456e+00
2.552004021549251433e+00
2.637329334487293977e+02
-4.765773470784134815e+02
-2.207037768693774069e+02
-3.401511672317747070e+01
2.384833048541720473e+02
2.177593786152143593e+02
-1.559339820421718059e+02
9.874220086879574865e+00
-2.309820932176743042e+02
-6.551633763567377855e+01
-1.021486906674608264e+02
-1.285844051641162764e+02
1.960349668703294128e+02
-3.504649304834869668e+02
-2.789236076566895690e+02
-3.269141474355456545e+00
-1.739764810071314969e+02
-1.687348592581320759e+02
2.072610859629113236e+02
-4.922906967886461871e+00
1.866014625419315962e+02
2.313971352354913336e+02
1.558515830550293799e+02
-8.570803092933203970e+01
-6.158558569471529154e+01
-7.999963233450873190e+01
-1.024665496324442131e+02
-1.503117330427674574e+02
-2.108667870830012703e+01
2.317207815981566625e+02
-1.093078311880759657e+00
-4.405539624170280888e+01
-8.389619371775509649e+00
-5.042775386617158517e+01
2.254685791076514079e+01
-6.188487935686892882e+01
1.574429144783964318e+02
1.262690783121342974e-01
-4.239158270723351052e+01
9.452970450582675710e+01
-3.242337987887452755e+00
-1.316584797608948065e+01
1.842171608549441331e+01
-4.743983305189200905e+01
2.114997662988166667e+02
-7.760671945524777016e+01
-6.399252808413891813e+01
-4.731515628809805918e+01
-1.076481169934497757e+02
-2.706111031276224139e+02
-3.175974879499481176e+02
-2.847407713907787752e+01
8.854350277580268269e+00
-2.114726426694590771e+02
-5.116666274996915718e+02
1.813652616634592221e+02
-5.822312090091909340e+02
-5.924398172209727420e+01
-1.014061069146124936e+02
5.776853937065880018e-01
-1.725769896699371770e+02
-3.409595148869952652e+01
2.533715936346823128e-01
-2.996468938875187860e+01
-1.847765290759322099e+01
-5.822626544487290090e+01
-2.554905101466557937e+01
2.810435923196765202e+02
-2.959118608169808340e+02
-2.261069003772743713e+01
-4.422770189819272559e+02
2.465258704310278972e+02
-2.646557084653690026e+02
-2.322504840147382197e+02
-7.053523656696997080e+01
-1.802348862095399795e+00
-1.154668586450358134e+02
-1.156310797675013191e+01
-2.476867377300287103e+02
-1.487364435613950491e+02
-3.411224459231839035e+01
-2.978752887776373370e+01
-1.693915680948292675e+02
-5.870678028633612655e+01
-4.868892520565742643e+01
-9.503958005748051718e+00
2.081334774242660615e+02
1.844572062591877284e+02
8.381091930934179146e+00
-3.888476249485066205e+00
2.609140932296867277e+02
2.502279911788736229e+02
-2.834484336113210645e+01
2.681902285327723803e+02
-2.179141986629569772e+01
-1.378145444370407802e+01
-1.163782630822980622e+02
2.366384992076273761e+02
2.189428064341443019e+02
1.121074431534666047e+02
2.152871823783695504e+02
-1.341557295112259283e+02
-1.912441818395330415e+02
-4.697657098897262529e+01
2.485537565855394959e+01
8.528594760301686506e+01
1.206292972429718020e+02
-5.019807444871256052e+01
-1.005974817892030160e+01
1.462915790706866233e+02
8.038247704078395373e+01
1.041480593578772726e+02
-1.025466523281096585e+02
3.074125797925861434e+02
1.264907355389921548e+02
6.650396953964190061e+01
-2.153887832322778308e+02
6.045501228569902707e+01
-6.135468133273949434e+02
-3.302102583614425271e+02
-1.586772876060866224e+02
-6.830795272529858266e+02
-2.273862531780196150e+00
-3.054755661829783264e+01
1.657351658111836059e+02
1.388691119178220106e+02
-8.068980202740384300e+01
1.338850672306236902e+02
-4.134804351251684125e+02
2.285756938989256923e+02
-1.098963755802749773e+02
-8.823137326464495800e+01
6.111030971753960728e+01
-2.572068353415589854e+02
-9.799993292496876052e+01
-1.585762026005816949e+01
-4.319013357174427483e+02
1.849216532297884896e+01
8.179242950799192613e-01
1.798198845907602461e+01
-2.753700303175806141e+01
-1.055153088806052608e+01
2.041732290306423465e+02
2.012515511998019520e+02
4.541068698226206379e+01
2.348584161498819469e+02
1.681642236999192050e+02
-3.100229732805682659e+01
-1.425236088462015971e+01
-4.488953310837173660e+01
7.266586834802950534e-01
1.927995400603695089e+02
2.594274049160303548e+02
-3.682615480886382215e+02
-1.168154542156999298e+01
-1.015433075508864960e+02
-5.247719855434556848e+02
2.255900102013728201e+02
-2.316556028532431810e+01
-2.331801482534666548e+02
-2.673902026662537992e+02
4.575632310876812880e+00
2.549683362384326131e+02
2.351133068384051512e+02
2.548097018918973049e+02
2.397621076227097774e+02
-1.787232511056305952e+02
2.513013285998408151e+02
1.776231657514335893e+01
-2.864382550064636916e+02
2.589789614749616931e+02
2.463861326876861710e+02
2.262594587904293633e+02
2.434635048478722865e+02
8.673955322313366878e+01
2.651571063972642150e+02
2.485230297819590817e+02
2.318131448758296074e+02
6.198578545845992238e+01
2.742380389785882926e+02
-1.409546106429949930e+01
2.675239323151621420e+02
1.387409696683380957e+02
-4.436449470543230689e+01
-1.502613628913026389e+02
2.295824808585633718e+02
2.361090951557076210e+02
2.044152374323312245e+02
-3.225297568665949370e+02
-4.721089438797905302e+01
1.310210454277286374e+01
2.863704469245462292e+02
1.529090580555583188e+02
-3.847060146422228399e+01
2.502404103547942782e+01
-4.042885166828729666e+02
1.272378125490633778e+02
-5.124371690785518751e+01
-6.932481276169923490e+01
-4.372518362294640610e+02
-5.284463066442303614e+01
-3.705978454387446277e+02
-2.853558033032437038e+02
-2.866576227608973113e+02
-3.616001882250359927e+02
-6.625557772879682261e+01
-3.979251556897369255e+02
-2.344720087394825043e+02
-3.347594443004275035e+02
-1.327758672718402977e+01
-2.822789808552059299e+01
-6.404525505460460977e+01
-6.833764575231670335e+01
-6.235363262764931136e+01
-2.872377071030916795e+02
2.719409722600114776e+01
-1.521926940875571574e+02
-3.984395071146882401e+02
2.932740761799894358e+01
2.941469524582657868e+01
-4.467524604257229015e+01
1.875147786914767778e+01
-3.833204238288025323e+01
-1.087033360192701252e+02
-3.727403321688257165e+01
-1.741791716122716025e+02
4.147325420852448374e+00
-4.424218187570372152e+01
-2.458304571651424553e+01
-8.985606714838549891e+00
-1.271648732980679597e+02
-2.536536870717941667e+02
-3.848405596170741916e+01
1.662863190384985046e+02
-2.786210153692551330e+02
-3.632084865833455467e+01
-1.984240990052355258e+01
-1.684685684106877375e+02
-2.076928395895741346e+02
-3.598324362793486841e+01
-2.341237305219031271e+02
2.537541166428681549e+02
2.688752621052404379e+02
-4.702246167299776403e+01
1.901553772746589743e+01
-5.172209614122863286e+00
2.710336886845893787e+02
-7.211250818346215397e+01
2.087628300643986279e+01
-3.002993430529497232e+02
-1.999067878225338291e+02
-6.838305782565780255e+00
-7.473246333024738419e+01
2.377037121610534598e+02
2.450797647834832276e+02
2.606136960539930669e+02
-2.230728714633454501e+02
-3.218731231015206049e+02
2.460483906876110893e+02
-2.736867396809034290e+02
-7.002154581775350550e+01
-2.830723390124624927e+01
2.085263228842714511e+02
2.984713575199248794e+02
2.461850801962944217e+02
2.884861111397388527e+02
2.520691208546003566e+02
1.980516763710583632e+02
2.622932789247404912e+02
-3.088322720947128630e+01
-2.195942331946210118e+02
2.192960675100451908e+02
-8.539679064072089432e+00
6.866182107524213052e+01
2.340098989805931637e+02
2.000058268379247011e+02
1.943005883963542715e+02
-2.219195879796727411e+02
-5.088637201616375449e+01
-2.081362376567960268e+02
-3.048341080926678615e+02
2.776098279240674174e+02
1.138866473504222654e+00
-1.680083501444814829e+02
-1.460196750436709578e+01
-2.420400009992590071e+02
-1.950382721615146124e+02
2.444205466120098151e+02
1.514057050212466038e+01
-1.176562067293696145e+01
-8.186910923184015587e+00
-1.694866472999303824e+02
-4.142307918334104500e+01
2.169692448787445187e+02
2.740637285186198255e+02
-2.989513236687059816e+01
2.244654604109124421e+02
2.734395500384555362e+02
2.306534966813060805e+01
9.742489298217944338e+01
-2.208149339076316267e+02
2.929618740250086830e+02
-3.030893307317009544e+01
-1.902782138565608818e+02
-2.984893988626579926e+02
2.451224477129397599e+02
2.525929679164193828e+02
2.736888591768330343e+02
2.601975475536561930e+02
2.432950861881380717e+02
2.665448479068508618e+02
1.921620684748091321e+02
2.400310724181299520e+02
2.389885383149008362e+02
2.096146484496088078e+02
8.322057531787052653e+01
1.982902291817416085e+02
2.262429774232288935e+02
-3.228764754143598736e+01
4.790679322465373957e+01
2.688851004883211431e+02
7.135134000657009778e+01
-1.400428295690534242e+01
-1.396742586349316753e+02
-3.114489456800427547e+00
2.248465614357724860e+02
-2.554133055225540261e+01
-1.101256280044552227e+00
1.210809010760830091e+02
-4.803478758547264249e+01
-3.783326970732571937e+01
5.097811835234611344e+00
8.313859050453359600e+01
-5.717194722745134072e+00
-2.945861297747211438e+01
-1.723504307623862246e+02
9.978833147434443163e+01
-9.760418844133229754e+01
-4.657291413498313659e+00
-2.879428178388972981e+01
-1.255052811327179541e+01
-1.343057482865649774e+02
-8.213317359475809099e+00
-3.258778014003036105e+01
-5.372081712270727394e+00
1.901606280620526945e+01
7.979483680412590729e+01
7.963602864682238192e+01
-1.701997907582830862e+02
1.758156863255454141e+02
6.274349414595229746e+01
7.823590393768961349e+01
1.083873829957414472e+02
2.481137783529995033e+02
-9.426969362563312416e+00
2.613356368487031887e+02
2.867439466889931623e+02
2.344763710271077173e+02
2.199477707775925239e+01
2.440900724872020930e+02
2.749452134129031720e+02
-5.710495623049192204e+01
3.043778937576032035e+02
3.001883415581638133e+02
2.542582244235667304e+02
1.907090320358722693e+02
2.605373626241191687e+02
2.044615813806223628e+02
2.885362532679170613e+02
2.453955341225878612e+02
2.728237718591537941e+01
2.351560674093067860e+02
8.201714835983968044e+01
2.148859659535219464e+02
1.270720137765825086e+01
-2.108669135704336384e+01
2.941734030466717513e+02
2.200627149547499926e+02
9.485272676579877782e+01
1.850993215535866909e+01
-3.099878795448506708e+02
-1.213259399969798693e+02
-4.299157121908024948e+01
-1.103227890533165692e+02
-7.205349308742566450e+01
1.076350809844305729e+02
-6.698428018086841007e+01
-6.267321514679059646e+01
2.489211970959870825e+02
-1.250866121613219946e+02
-1.693472549250930683e+02
-5.003902376311221190e+01
-1.057910781469988137e+02
-7.687340881462048969e+01
-9.333795753987769217e+01
-3.697894317650341236e+02
-1.633916991356783512e+02
-6.337436307649149114e+01
-9.489893618267909403e+01
2.225900796254088903e+02
-5.956897810632617052e+01
-3.126646920502579405e+02
-4.311549640465244693e+01
-1.181326642927966475e+01
-1.263317687908476188e+02
2.476843409002669034e+02
-6.393813360627875397e+01
2.127426277933897154e+02
-2.005216008631352054e+01
-5.989750043084133324e+01
-1.836223769086417406e+02
-5.802821166349175286e+01
-9.134683996704055176e+00
7.845270776477676122e+00
2.155837714863001224e+02
2.723225170456393016e+02
1.756860967173695371e+02
-8.238891226604418705e+01
2.552855171024005756e+02
2.433056251061088631e+02
1.681979964382622939e+01
2.396503617468309244e+02
2.679544548404496709e+02
1.772404881963974788e+01
-5.128046257162169752e+01
2.400432645392605195e+02
2.613039177223030833e+02
-6.229122222701365530e+01
2.384153725649186981e+02
-2.307095819494431055e+01
2.666069035661002431e+02
-9.446705107914561950e+01
1.722218595064191504e+01
2.225692859176625689e+02
1.890885081336813869e+02
-4.582332788231427401e+01
-1.755872584918896351e+01
-2.693984214208626327e+01
-2.407431914189278377e+00
2.044484846289689415e+02
-4.314914449884583973e+02
-1.552012277541069238e+02
-8.150162289737949095e+00
-6.799793215524449863e+01
1.322222753075992614e+02
-2.500770835467422160e+01
2.624942826920525931e+02
-2.401303254928556044e+02
-3.456137083621712236e+01
-7.971195160814055214e+01
2.405497399621840486e+02
-1.063546350316056817e+02
-4.731533571194152898e+01
-1.353446447977117373e+01
-2.025136295547085865e+02
2.400778377495416294e+01
-2.182965421959036689e+02
-4.750857689758363733e+01
1.440348639449136670e+01
-2.289646854036988088e+00
2.734700217799158395e+00
-1.159590138318212382e+01
-9.682905043607442508e+01
-7.424246735893481741e+01
-3.341103518912991603e+02
-1.908675727207337047e+01
2.173274389713778874e+02
2.188079885879562312e+02
-2.303575549298868452e+02
-6.373212057676153108e+01
5.050742270196778350e+00
1.259380591802283789e+01
-1.314929893390958604e+01
-1.776926133527368279e+02
5.362625822705765444e+01
-3.909956848029032130e+02
-6.019400658061415754e+01
-2.331815399106691302e+02
2.100078017270048036e+01
4.414747462192350014e+01
-2.001774661181988790e+02
2.024610447184086581e+01
2.202726613426494851e+02
-5.013443039597547113e+00
-5.603522338927970736e+01
1.904170130243230687e+02
1.966491464962977886e+02
-7.361402050589589408e-01
2.131456517403615010e+02
2.052010635286029867e+02
-1.026278070963926154e+02
-5.593594338082131401e+01
-1.525314269620758978e+02
1.686140547692303926e+01
-2.831910106064367483e+02
-1.678668270977701127e+02
2.211753716514183452e+02
-2.829285475126505389e+01
1.824395360632452139e+02
-9.373098495387444018e+01
-1.185598151954626758e+02
-4.388210686694529983e+01
-3.001388402064187630e+02
7.764986291871878166e-02
-1.506643402976785069e+02
1.931320934890724743e+02
-3.092582787802153348e+02
-1.825559568575834533e+02
2.728738592186490450e+02
-2.303201169587822150e+01
4.866127782880919739e+01
1.825230469541410798e+02
4.664709458428220756e+01
-2.762254929097632612e+02
-2.006075238444078082e+02
2.539674167755310918e+02
2.289061399403383632e+02
2.668240358431895629e+02
3.012455198200960922e+02
2.595161352613493477e+02
2.423045657273591473e+02
-2.124257948756052770e+02
2.573801627883466381e+02
1.983738121736805624e+02
1.473431455049588124e+01
2.419321140610151701e+02
-5.216341334132356877e+01
4.913033803142081979e+01
8.226556410265516206e+01
2.476375503244827883e+02
1.226353528051200215e+01
6.895456608220109729e+01
6.074651807144425675e+01
2.911275560523330341e+02
2.808637243189738797e+02
-1.994017584161155980e+02
1.565304442342585389e+01
2.185854362260973858e+02
-5.231494470129042185e+01
-2.430280099981740705e+02
-1.293844494585626421e+02
-1.469911622439461496e+02
-5.676283646490337276e+01
-2.220562853808393129e+02
-3.415922617453772148e+01
-1.273584003418884549e+02
-3.272985379063106848e+02
-4.290251207894493746e+02
2.049713773936479129e+02
-1.432985490764160375e+02
-3.493964287154600470e+02
-2.468592339967437965e+02
-1.755994641192535823e+02
-7.972876205898509170e+02
-5.990827963449524063e+00
-9.225871652161353609e+01
-2.484941305972670307e+02
-1.236999694673821750e+02
1.588074320393772325e+02
1.868142003510475888e+02
-1.748815277479092458e+02
-6.669509281462111971e+01
-3.528965196918785807e+01
-2.135070634957351103e+02
8.482548398360211195e+01
-6.491841320928388370e+01
4.059083384078941492e+01
-4.313988775936493880e+01
2.187610300230070948e+02
1.817689251129313561e+02
-1.992189792574907301e+02
2.499447933769503720e+02
-2.276364654772065421e+01
-6.445397480905759835e+01
-1.967613642988667380e+02
-7.627792903489839205e+01
-2.330845469206623477e+01
-9.581519724950865680e+00
-8.723105723013199508e+01
-3.619481330040727585e+00
-5.383370770304402697e+01
-6.715061858097524805e+01
-1.422545578423248571e+02
2.636185269293817157e+01
-2.669758875043869466e+02
2.587717071734430192e+02
1.883941322635286042e+01
6.033046043936050751e+01
-1.906614809975116032e+01
-3.771208426189497231e+01
-8.492504520802890511e+01
-1.601202311409148535e+02
-9.285260631960404965e+01
-2.362599261047445509e+02
-2.480978327172300055e+02
-1.808465173022580643e+02
-1.096465790285915602e+02
-3.676724329268017186e+02
-2.306992484398853662e+02
-3.895590004745498049e+02
-3.306703296343202965e+02
-5.568361465124776259e+02
-4.322706142932040621e+02
-2.990283530721636751e+01
-9.434292335165012844e+01
-2.620124252111000942e+02
-1.952732952269242901e+02
-2.613173970903716281e+02
-3.691253625645422858e+02
-1.023619389734221414e+02
-2.886019551622111408e+02
-6.061954873226695639e+01
-6.311952492076316901e+01
-4.135496393148255834e+01
-4.868805817872291186e+01
-5.782704512358893680e+02
-2.351234974056122837e+02
-4.252900553231393133e+02
