-5.185970806552010970e+01
-4.850303763933835910e+01
-1.039548895383626359e+02
-3.146684956330407772e+02
-5.515089704460698385e+02
-1.237338900516907785e+02
-2.179234019798075792e+02
-1.129353143058943800e+02
-8.756898190653862457e+01
-9.781489782631733476e+01
-1.256418070034086725e+02
-3.842392207914541586e+02
-2.351521087302228352e+02
-2.465408751026421896e+02
-6.151267582195492878e+01
-4.033552097285009950e+02
-9.563522456673888428e+01
-3.590020243231647328e+02
-7.758370689757641969e+01
-4.460677070389146479e+02
-4.238626647332096695e+02
-9.657346966073278338e+01
-4.075600467111174225e+02
-3.374182750397060317e+02
-2.632036096605123703e+02
-9.835042609502413313e+01
-3.096569863371281599e+02
-7.231811753956678501e+01
-3.298540768278954829e+02
-1.670090790480760461e+02
-1.540835490220424902e+02
-3.864381493736777315e+02
-9.527655697140426128e+01
-4.248389869566318566e+02
-4.371079923691287377e+02
-1.692486086206141920e+02
-3.471156778728849304e+02
-2.674069168998622104e+01
-3.136006266708147905e+02
-3.320107329504261315e+02
-4.955446581227629110e+01
-3.819108646707737762e+02
-1.734388643499764555e+02
-3.016860381342966662e+02
-2.996569870029184699e+02
-2.307730195129779815e+02
-3.938929827869953897e+02
-2.186172211263520921e+02
-2.318543184449474097e+02
-1.460842927240328208e+02
-2.062896718398462781e+02
-7.994646667949029961e+01
-3.757060623318616308e+02
-2.913612127751362095e+02
-2.530374583381565401e+01
-1.894185145483221504e+02
-3.876997323919176779e+02
-3.108700511279662919e+02
-2.340163830767232014e+02
-2.381803938909831402e+02
-1.118111380227627336e+02
-1.057136426493092642e+02
-3.647962682829388541e+02
-3.461914141150076603e+02
-3.803824133180054332e+02
-1.565207418012815310e+02
-3.079515696964763265e+02
-1.382658364310834429e+02
-3.067659229249516670e+02
-1.523171488745197450e+02
-1.607023967198554146e+02
-3.820079329034454076e+02
-4.101175678523778743e+02
-3.167546220462693327e+02
-3.813275970819766059e+01
-1.125216005781318245e+02
-3.900609591857751752e+02
-5.945457248178393002e+02
-3.854077732294831549e+02
-3.436300403170089339e+02
-2.025890849578462394e+01
-1.965956582552939835e+02
-4.630664661776615958e+02
-3.087315652837162361e+02
-4.795200561274668161e+01
-4.800936613126710881e+02
-4.079942980680320375e+02
-3.403247742440419188e+02
-4.163202764279138250e+02
-3.449855630252262699e+02
-4.304864678980588906e+02
-3.894467086005104193e+02
-4.700649171543903435e+02
-3.278861437886827161e+02
-3.559258369446259280e+02
-3.565764805384903298e+02
-4.342295133497142956e+02
-2.355699501359087833e+02
-3.375396372622645913e+02
-3.229807933386350669e+02
-4.073283058541737773e+02
-1.451337139969386385e+02
-4.295323321978999047e+02
-4.041576267560196811e+02
-1.086630423427811110e+02
-2.038858405628385242e+02
-2.661523164639930883e+02
-9.667598629592362158e+01
-1.214101888581109279e+02
-1.779088863626484454e+02
-2.895540233820340177e+02
-1.656155580836801846e+02
-2.789845646209322467e+02
-2.743295861443419881e+01
-4.556871322627542327e+02
-2.402684624049518334e+02
-6.127263441805863664e+01
-4.287547905847890206e+02
-7.967929169272186130e+01
-3.549074387227674379e+02
-2.440819856810321653e+02
-9.699992716069925791e+01
-3.368262566587839046e+02
-4.158251319139007478e+02
-4.164670913755376773e+02
-4.195468990469965433e+02
-1.401428085887998805e+02
-1.177641718198777596e+02
-4.223648067575471146e+02
-2.416048047506638170e+02
-1.114291196796081067e+02
-2.728184147978657847e+02
-3.039498859041364085e+02
-3.315565811591214924e+02
-1.531811757523420852e+02
-2.626310264503756571e+02
-2.372244686243259082e+02
-1.305560336855255343e+02
-3.740122603590762651e+02
-3.541446910072146466e+02
-4.118092441091718570e+02
-4.152392126204813962e+02
-3.631198020823870820e+01
-1.174808458475835948e+02
-1.814500565359049915e+02
-3.328558839086133503e+02
-2.536980892719072074e+02
-2.567018041202147742e+02
-3.536468411485777779e+02
-1.513240562226654902e+02
-3.499919636299942738e+01
-2.712676403981541853e+02
-7.936213950843338694e+01
-2.547110584049335955e+02
-2.437078522594536309e+02
-2.193298811900285727e+01
-6.431609395510585614e+01
-3.319604961302023867e+02
-3.762965253304820976e+02
-3.806095525184460371e+02
-2.621979672735835720e+02
-7.257915299018588939e+01
-1.926206069646542289e+02
-1.721647435461837290e+02
-5.899340836567339466e+02
-3.403641540393467722e+02
-5.117477567942031556e+02
-3.929263289770033794e+02
-1.027452394213555067e+02
-4.632383970215946647e+02
-2.984320248451547286e+02
-3.791823150838158654e+02
-5.050857634995752221e+01
-2.692184745556010057e+02
-3.289932770358212792e+02
-3.552588768017324128e+01
-3.314119034473599186e+02
-3.210247132134546746e+02
-3.278727267880440195e+02
-1.836137295366688136e+02
-1.863961884260829436e+02
-4.210131311122265885e+01
-2.067885452009525125e+02
-3.500526437521023126e+02
-5.661904367369202191e+02
-9.807062948144000813e+01
5.913122383167969787e+01
-1.179167100336646286e+02
-6.730625103228732087e+01
-4.927215870184208484e+02
-2.709034070560925329e+02
-1.373120247946401093e+02
-1.656079668134446194e+02
-3.331609495068020124e+02
-1.446095618363203812e+02
-2.357359941391139557e+01
-2.925768532789272740e+02
-2.457638538941834554e+02
-9.522549038074888017e+01
-4.341574270660212420e+01
-3.046567879433891903e+02
-5.310325301359200694e+02
-1.071891184545151248e+02
-6.259435423240605445e+01
-3.686436450913171825e+02
-1.920236905495052611e+02
-1.455979202417792351e+02
-2.012562758173046120e+02
-5.342188925457700321e+01
-1.242845840334150864e+02
-3.783595777196265431e+02
-7.921906287521962042e+01
-1.164805152547388474e+02
-1.199381482367114273e+02
-8.639448057652340651e+01
-2.076151980239417298e+02
-2.716539787166672113e+02
-3.101261288285217006e+02
-3.853337426150812348e+02
-4.019467494444282352e+02
-4.244733852008434383e+01
-3.991298317615221549e+02
-5.467870564519471372e+02
-1.332537907900464234e+02
-9.025083651601278234e+01
-1.613115454450591528e+02
-3.884771268325732194e+02
-1.082108272185113691e+02
-3.558963213921470015e+02
-2.561892714377386255e+02
-6.767562888176342994e+01
-3.563910392065434394e+02
-8.516244817652676602e+01
-1.039550562240863201e+02
-2.383865522429895805e+02
-1.306951969308271373e+02
-2.709872695781109542e+02
-1.247788496642096163e+02
-1.502156572500431082e+02
-4.627862749958839004e+02
-4.293490175179803714e+02
-1.808252770725154335e+01
-2.331530440932503438e+02
-1.065996959042275449e+02
-3.925461022976984395e+02
-6.009557947069866657e+01
-2.307147579807474926e+02
-2.713977804319044651e+01
-3.228377903996591272e+02
-1.253183673389995647e+02
-4.289556356006120268e+02
-1.478503360003161049e+02
-1.616982062813785319e+02
-4.447806504961029077e+02
-7.735469968467535296e+01
-5.021722079123894389e+01
-7.747913571538582289e+01
-6.935275438339172638e+01
-4.254083082477408766e+02
-3.185303830890327959e+02
-4.119146897373175307e+02
-9.187999372135948306e+01
-5.821587058858408170e+01
-2.765292910906929365e+02
-1.969842468032418310e+02
-1.131012013776473708e+02
-4.049306884732072263e+02
-2.257583625710303181e+02
-2.693917585112266124e+02
-7.606662268365593604e+01
-1.142814441675172787e+02
-7.516045569128289117e+01
-1.349069806523720558e+02
-1.886703426017950846e+01
-1.525401692941560441e+02
-8.632583802203453160e+01
-3.318664348574233145e+02
-9.338871723425900484e+01
-2.936853185423558443e+02
-2.940708024316108435e+02
-4.122644291234250602e+01
-1.440874900913602232e+02
-3.276989023856021959e+02
-4.365662384893788044e+02
-1.829044377657327800e+02
-3.299543926846845352e+02
-2.419895611418539829e+02
-2.981883164886969553e+02
-1.823958737599463689e+02
-4.005897748532509013e+02
-8.990656667006258829e+01
-1.044390316688237306e+02
-1.925901388774546774e+02
-4.470906318485832998e+01
-2.654446274892854944e+02
-1.183849449915227439e+02
-2.873826657894426262e+02
-7.827100039110516150e+01
-1.725160217736467416e+02
-4.702833267742477688e+02
-4.278441751123498875e+02
-3.965368344798220051e+02
-3.003359396878961434e+02
-1.215884588153512738e+02
-2.566491690207530496e+01
-4.035428917869823522e+02
-1.739494595077215990e+02
-8.528434195764219794e+01
-1.232573546605909769e+02
-6.182166366546963587e+01
-2.189185991976015941e+02
-5.190115305009609870e+01
-7.861665176525593779e+01
-1.226437849835244549e+02
-4.096928485931363184e+02
-1.615539723334948121e+02
-3.428054784843347988e+02
-2.125112082556688904e+02
-1.569112474341085885e+02
-4.855460500400751016e+02
-1.445808230170264892e+02
-2.297200761714174746e+02
-1.185031947202063947e+02
-1.091637328071192599e+02
-2.465160340742981475e+02
-3.187120387059239874e+02
-8.546557865262887788e+01
-1.422528295693896609e+02
-2.935935983320994751e+02
-7.453734912120513911e+01
-9.326600494272487651e+01
-1.427475104433059983e+02
-2.720270791011350298e+02
-1.239325344039986163e+02
-1.814914464812871415e+02
-2.406804922727085909e+02
-3.166503711340096743e+02
-2.927881607327984739e+02
-2.624297604430954607e+02
-2.968112057382410285e+02
-1.787153074609511805e+02
-1.630200444386898084e+02
-3.266448378560656920e+02
-8.648060380997156926e+01
-1.481526853814384310e+02
-6.781309567423028284e+01
-1.677452811405300395e+02
-1.381612353744800430e+02
-2.864746273875283578e+02
-1.231950392270922947e+02
-4.737363879674585121e+01
-1.796333805643686219e+02
-2.865781697165759851e+02
-3.051731856267759895e+02
-6.323687574722848126e+01
-2.850233967526592664e+02
-3.243613646209940953e+02
-2.487282290612963038e+02
-3.444061092960325254e+02
-1.226912327675144212e+02
-1.534047913242063714e+02
-1.397137463303705545e+02
-1.882178566306546941e+02
-1.031123070807327053e+02
-1.086572480163326304e+00
-5.631155387256369238e+01
-8.253058872432862358e+01
-9.918532550603761422e+01
-1.075682743738370277e+02
-3.487189971400194111e+01
-5.691374023424069151e+01
-1.318886244819769900e+02
-2.825897209968812263e+02
-1.434375366699587744e+02
-9.308402331603528523e+01
-1.675509243575599498e+02
-1.636882967460558405e+02
-1.711517309153454107e+02
-2.803580970611574230e+02
-2.588049017244973129e+02
-1.844569999640713434e+02
-4.165003824702322390e+02
-2.917087576445555328e+02
-3.686630849741105749e+02
-5.208143542238735790e+01
-1.163803560206002317e+02
-1.843106925993631364e+02
-2.943320670416062512e+01
-8.999719667555768865e+01
-7.567005639530633232e+01
-2.048378476022796235e+02
-1.817365661922954700e+02
-3.272084615031159274e+02
-3.414449631616315060e+02
-3.803922933613763462e+02
-2.493465261328335600e+02
-1.422945090241913420e+02
-1.160363458408466926e+02
-4.263611801141300361e+02
-2.546318069567657858e+02
-5.389356516561829835e+01
-1.353412980395783052e+02
-2.272018422438486311e+02
-2.001482970988401462e+02
-8.282629185689432916e+01
-3.986727963431262651e+02
-1.586152995842009830e+02
-1.859755017244702913e+02
-8.684849469507091158e+01
-2.766124361973810437e+02
-1.974400871180668275e+02
-8.786548892741596717e+01
-2.255992908033782669e+02
-4.480296360619560403e+01
-5.466400683287525197e+01
-7.815253779121192679e+01
-1.772761247068748673e+02
-9.935254601486975901e+01
-9.213122874289683750e+01
-1.394060184325253999e+02
-1.224482405014653636e+02
-2.412128632906439520e+02
-2.125896718046458318e+02
-9.291491443636520842e+01
-1.378368160328715817e+02
-3.092092440365282755e+02
-3.022007459545351367e+02
-2.319393048617152431e+02
-7.969928137657674938e+01
5.049791005519182363e+00
-1.590129872040558610e+02
-5.159874956129463897e+01
-8.838322040048242911e+01
-3.329339637296598653e+01
-2.078653891984531867e+02
-1.782587476487408935e+02
-1.344473230728576141e+01
-2.167578313529558613e+02
-6.175804823089275430e+01
-1.925368862693475762e+02
3.974857809075504633e+01
-1.033719089650604133e+02
-7.492243447065511930e+01
-7.951215124076394147e+01
-1.037210301454084487e+02
-2.463282101770245163e+02
-9.264672333394246095e+01
-1.283200573134726028e+02
-6.035397302288345145e+01
-5.996227985250813930e+01
-9.899169843425934801e+01
-2.872367091881258148e+02
-1.076296905219566753e+02
-1.070280445488089356e+02
-4.436511049455483544e+02
-1.260725201653577443e+02
-1.545945644047411633e+02
-1.087145687679645079e+02
-5.373156401802948778e+01
-1.519644000750191140e+02
-1.109416295004809569e+02
-2.846492092151931956e+02
-1.195723888182698147e+02
-2.668442484482797283e+01
-1.294760198180804309e+02
-9.875688880288427640e+01
-8.674530036676394218e+01
-1.272781378714913956e+02
-1.723559261921838015e+02
-5.571593582242145430e+02
-5.805341450306282525e+01
-2.033739922150093378e+02
-2.158372985680849183e+02
-2.722148836930086873e+02
-1.797761695305037506e+02
-2.840441026719372530e+02
-1.229407976503133852e+02
-2.158887905734131891e+02
-9.370005933099658080e+01
-1.062738438906793448e+02
-2.602359198495919372e+02
-3.052350045577786659e+02
-5.632480409758606754e+01
-2.542564376923564851e+02
-9.479069430782070071e+01
-3.155379571228371560e+02
-9.723943842692898443e+01
-1.894725979145048882e+02
-7.971820349677236095e+01
-7.601612144256007753e+01
-2.249115406376565147e+02
-1.037618282199992876e+02
-1.022275294502292837e+02
-2.239486814460912569e+02
-2.836641986691836337e+01
-7.991130891375689771e+01
-1.007596605836472037e+02
-1.060463278344677889e+02
-3.355853527188634189e+02
-9.761864901004574335e+01
-2.678102619065998624e+01
-2.455123513683744250e+02
-2.680648965097711880e+02
-2.054211366014505984e+02
-4.394330438566991859e+01
-9.479332448554285406e+01
-1.533703792236087793e+02
-3.466095165369047777e+02
-3.155239376430312177e+02
-2.278847190708777362e+02
-3.948608679024633830e+02
-1.431598475258470557e+02
-1.586405165978157470e+02
-4.570076400061242339e+01
-9.065114545015073588e+01
-1.141390827663611844e+02
-2.798481119633986509e+02
-1.070468879062852778e+02
-8.712922191275114869e+01
-3.072408627278355198e+02
-1.812548657066489284e+02
-2.622337975196371644e+02
-8.494878998040755391e+01
-1.139090512318219623e+02
-6.414108071555440915e+01
-1.705243428198021434e+02
-2.553203119757467618e+02
-1.670664076763858361e+02
-9.633902183808586983e+01
-1.721043943475994809e+01
-9.523273241113008680e+01
1.870937208523820061e+01
-1.218657851878506904e+01
-4.629973443291464008e+01
-1.325585500649834216e+02
-3.070853271771582058e+02
-1.849109915103816206e+02
-2.983642767884524574e+02
-2.178847866048464539e+02
-5.555978475949670070e+01
-1.770542751340535688e+02
-8.654564705013163461e+01
-1.148259123912319666e+02
-2.523348109207422283e+02
-9.969124572190976608e+01
-3.733745046827582428e+02
-2.182405080159663839e+02
-1.706927790225015542e+02
-2.333009077531336573e+01
-8.601125867299383287e+01
-5.751187533228112869e+01
-3.734942384230936341e+01
-2.003398087744322993e+02
-2.703401681507346552e+02
-3.311555384453244244e+01
-2.345751755360132904e+02
-1.302085088941019251e+02
-1.056058903747462239e+02
-1.254584686998704086e+02
-5.700913434862540186e+01
-1.691593197934532213e+02
-4.375609054396767306e+01
-2.203385661223725833e+01
-3.142366247336617846e+01
-2.418022550587988633e+02
-1.300680111307850666e+02
-8.098431684543979259e+01
-1.346941609196083220e+02
-2.395703106118412791e+02
-1.352673854497236618e+02
-1.162391757001894348e+02
-1.667450891672502848e+02
-2.295568817185857142e+02
-2.149874480674765209e+01
-2.884163379751951766e+02
-2.491268544833484953e+02
-1.256556774083776986e+02
-3.275652315612034045e+02
-2.044967616304019771e+02
-2.222985761441718182e+02
-2.298277888944025165e+02
-2.616523173412084589e+02
-1.102670372732348625e+02
-2.713840099402867736e+02
3.842256033782143732e+01
-6.827383125754531079e+01
-2.234288317228968310e+02
-1.234048460667741267e+02
-7.193361061145995450e+01
-1.799819488390273250e+02
-9.977670663802578588e+01
-1.674337075611167620e+02
-1.586434243012760135e+02
-4.578228425735716201e+01
-8.387827544253354972e+01
-6.262277321617386860e+01
-3.226233303826104475e+02
-6.937029601973443960e+01
1.824660766758253772e+01
-1.623159689308528755e+02
-9.225923603130780748e+01
-8.967435974513814756e+01
-7.706430369395587832e+01
-1.099075982725503451e+02
-2.574467717320394513e+02
-1.090483461236073737e+02
-2.938457224492658497e+02
-8.515022452091488958e+01
-2.485184085722950158e+02
-1.903667602033956996e+02
-2.176287225523938673e+01
-3.654417351671391430e+02
-2.320359010643298632e+02
-1.367132294023695351e+02
-2.552768802629297511e+02
-3.150744753082691432e+02
-9.897628629775792319e+01
-5.822792163356087514e+01
-1.910143059640809042e+02
-8.431436255841131810e+01
-1.638950323074098776e+02
-5.629867396680793945e+01
-2.637065300311491001e+02
-1.145733864702927605e+02
-2.081308541710573081e+02
-4.196702167146302145e+02
-1.390207383706341489e+02
-3.030159062664162661e+01
-3.381677480318550124e+02
-3.492818372897056065e+02
-2.726994069801000364e+02
-1.915389664730410004e+02
-1.531364515454451976e+02
-1.413527170250531810e+02
-1.377042049471992300e+02
-2.176346681242648060e+02
-3.830877641030693326e+01
-1.768150321643776977e+02
-5.657997758292695778e+01
-1.506824418855314320e+02
-2.472522828423827832e+02
-7.047265598565461175e+01
-3.661093345389955402e+02
-6.047033272852894470e+01
-2.508108554981299676e+02
-5.301975378088657180e+02
-4.862996707198423110e+02
-2.114736360973784315e+02
-9.259135668166949529e+01
-7.638769532733955714e+01
-3.407138145120164836e+02
-2.435482010283171235e+02
-1.320880974216904917e+02
-3.383350262047027854e+02
-3.358705171013915560e+02
-7.892443993646250533e+01
-1.899684599843919841e+02
7.390896912849316891e+01
-2.693953446277399735e+02
-1.311940907739275133e+02
-2.831386314862950826e+02
-2.512103775748302326e+02
-3.146037693403289381e+02
-2.686360311725567840e+01
-1.033958139972513095e+02
-2.329022780539867767e+02
-5.349539725133666934e+01
-2.126367210765027380e+02
-5.117980939222832859e+01
-2.682983902175532194e+02
-4.481598157135929910e+02
1.219153093415953037e+01
-3.262236962903084532e+02
-3.507374241867740920e+02
-7.633957541878977793e+01
-1.613901411476979035e+02
-4.635068780502226105e+02
-6.738789935833344202e+01
-7.045508076554303045e+01
1.559685499802895947e+00
-2.411769123402036428e+02
-1.588919690159160609e+02
-1.904361831484531251e+02
-6.904113056238632851e+01
4.401658076344796200e+01
-4.233466853127029594e+02
-2.318159953088173211e+02
-2.814732356673215463e+02
-6.180008702078568916e+01
-3.657985305562978340e+01
-2.014996141870266513e+02
-3.235871472073941959e+02
-3.471031501948737059e+02
-2.754409902047943888e+02
-6.417674288383011572e+01
-1.031810664099048722e+02
-2.300987743386554314e+02
1.463966996354402283e+01
-3.432869834807805205e+02
-2.357736103585693854e+01
-2.064601265433096273e+02
-3.087963743008295978e+02
-8.264118997212428042e+01
-4.912001928021719550e+02
-7.266324531522334951e+01
-2.074578828643396662e+02
-6.722208994663095893e+01
-2.453942934941095757e+02
-1.367386461180894344e+02
-6.293271487390515517e+01
-1.167744069197404855e+02
-3.396417270228760117e+02
-2.720125277364869589e+02
-1.637123939002933071e+00
-6.498619011217786579e+01
-4.859265713797665853e+01
-2.011898384043636838e+02
-1.343377885644890739e+02
-7.020497745317199190e+01
-4.145328765272950022e+02
-2.685888481270392276e+02
-5.037826456150797299e+02
-1.539846322392557454e+01
-3.114672764376476835e+02
-2.796903299969463887e+02
-1.091933618901632741e+02
-1.588412832660291940e+02
-3.828105124856094790e+02
-1.649577136911789239e+02
-2.902440281855692206e+02
-2.343236273034450505e+02
-1.371428353196189107e+02
-2.952596684593629561e+02
-1.574643385253109784e+02
-1.024201164990017361e+02
-1.689240847381186938e+02
-2.723881458893689000e+02
-6.337411227465020858e+01
-1.619465230598273138e+02
-2.347667378003634724e+02
-1.289560261671637420e+02
-1.180772975735649766e+02
-3.167342252171673636e+02
-7.787769532000967843e+01
-2.079066267242674257e+02
-7.089050776555194489e+01
2.381330920034224619e+01
-1.708384567077279144e+02
-3.102197824560495292e+02
-3.923080817296058740e+02
-1.188684070165365085e+02
-2.050830563706732335e+02
-1.855241248946752819e+02
-1.507007591136057272e+02
-3.662664565090340147e+02
-2.824559506739499284e+02
-6.397611442163720312e+02
-2.719870341354290417e+02
-1.025358435151812273e+02
-1.696653412136881229e+02
-1.141147279764198288e+02
-4.986650122539435159e+01
-9.258459651967478976e+01
-3.143936141607921400e+02
-1.748704645438517673e+02
-2.190125686012240465e+02
-4.272247916443938038e+02
-3.152300530925575686e+02
-4.443544550427418471e+02
-8.969179461042655532e+01
-2.220969995817148686e+02
-2.297316123624178488e+02
-4.842967420774872949e+02
-2.958837275701902172e+02
-2.163253409980787296e+02
-2.648114564799074628e+02
-2.376793609265969849e+02
-8.681211350485516220e+01
-3.248384379989190620e+02
-2.560251665163891062e+02
-3.585310557816404753e+02
-1.602754846122194294e+02
-2.064220097405033130e+02
-6.638496014848848858e+01
-1.223059079848266890e+02
-1.880439628592880581e+02
-5.752849924619761879e+01
-5.444810945978696282e+01
-1.725512651787194045e+02
-2.314776556113181414e+02
-4.032228928662977978e+02
-3.371712411171413351e+02
-6.126165153697763799e+01
-1.741577409642252974e+02
-2.773330648639157516e+02
-3.688712616954337591e+02
-2.782091497099436310e+02
-1.307071920087446983e+02
-3.024842139122841331e+02
-3.691122869357183163e+02
-7.392643710219354602e+01
-2.407318131978881581e+02
-4.432032327975136354e+01
-3.027997647303334929e+02
-3.361953106930454283e+02
-2.544957643068101447e+02
-1.205805813100726738e+02
-1.022376220731732559e+02
-3.804815984066249257e+02
-1.380573259441456742e+02
-3.848319133471211444e+02
-3.959548789941240443e+02
-3.439341843228669404e+02
-3.152836274741757165e+02
-2.496335665823866918e+02
-1.228546333915171971e+02
-4.368048751914959666e+02
-1.626611398368917207e+02
-2.483141783882102800e+02
-2.386386323093304327e+02
-3.695457698772943900e+02
-2.101130329309514195e+02
-2.840165263806361509e+02
-2.149296324218850032e+02
-2.020609459034662052e+02
-3.082419280947817697e+02
-3.157832746214429562e+02
-3.620712067446124820e+02
-2.569743044494302922e+02
-3.659275605492766772e+02
-2.611537938817409668e+02
-3.937000930008258592e+02
-3.810802279873175280e+02
-1.550984344283637029e+02
-2.455755211541132041e+02
-1.798802184426019437e+02
-2.473796481061063162e+02
-7.244772273173791177e+01
-3.636877860545216663e+02
-2.550330494653892401e+02
-2.702462787255025773e+02
-2.664051500700538782e+02
-8.697231242787667327e+01
-2.382649571735445875e+02
-1.573444993736776212e+02
-3.145644471306023320e+02
-4.280728047948124981e+02
-3.757117791358995760e+02
-5.026224633831002819e+01
-1.659381855612055574e+02
-2.970064548806532230e+02
-2.147937166940653242e+02
-3.163364183720108258e+02
-2.391660456099246232e+02
-3.265642247904872306e+02
-2.154639519600715403e+02
-2.157760764923529280e+02
-2.944346870152160136e+02
-6.919853244075719090e+01
-2.341267161275435456e+02
-2.008874292462139124e+02
-2.998302212572749568e+02
-1.534245193133967859e+02
-1.652709171854087344e+02
-1.674302408819272046e+02
-6.786168375913528905e+01
-3.827992461453936812e+02
-1.118152349857085284e+02
-7.098977267176093164e+01
-5.498837220215796862e+01
-2.971733362093181086e+01
-1.508147211469339766e+02
-5.966494172769754556e+01
-2.847591830444629295e+02
-3.105922004216016603e+02
-2.514233747744234506e+02
-4.395057333756789149e+02
-1.057317334041836432e+02
-6.939776859381265695e+01
-1.815144439857279792e+02
-5.597561041770856605e+01
-3.896423054263386376e+01
7.919366369311262588e-01
-6.005945630148664804e+01
-3.524969501749716301e+02
-2.118865290508586838e+02
-3.164077361760232634e+02
-1.545364179109312772e+02
-3.349058309092632157e+02
-2.926811204842455822e+02
-4.340340559990341944e+02
-3.447116534597582813e+02
-6.165912663184373343e+01
-5.615985205114581191e+01
-1.507820780455446652e+01
-3.465185280785388500e+02
-2.591725078345561997e+02
-2.947725027541450800e+02
-1.201981265995499939e+02
-1.957660199949401090e+02
-9.804882474169406237e+01
-3.211183497892134255e+02
-1.032336912793066688e+02
-2.894207440321627018e+02
-1.251807156185217593e+02
-2.076314707383494351e+02
-1.105724525573124168e+02
-1.810435290680181311e+02
-2.241854823323672008e+02
-4.198661208939596463e+02
-3.008216786114170418e+02
-7.373793744190905386e+01
-3.110365948203499329e+02
-1.939064692574750097e+02
-1.467524250276831594e+02
-1.006500060897404012e+02
-8.111984491248404083e+01
-1.986930287884611062e+02
-3.385144800052565870e+02
-2.932961557065576130e+02
-1.598226332726347039e+02
-9.406623063687143826e+01
-2.549996378640816772e+02
-7.555275469735428828e+01
-4.486055948378863718e+02
-3.325106810940830826e+01
-1.283353260945891634e+02
-7.803539982483829363e+01
-1.115964283693978700e+02
-7.456738417017628251e+01
-3.373700132909360718e+02
7.768231899127437501e+00
-5.262286237302282643e+02
-6.566394185298202046e+01
-2.780485568658728823e+01
-1.767616789742048979e+02
-1.465127293306904619e+02
-1.270945994808332955e+02
-2.797147392151179019e+02
-1.766437807042498207e+02
-1.942920601572450323e+02
-2.878983828699192600e+02
-9.659937024355321000e+01
-1.828027243779945081e+02
-2.390705209698797944e+02
-1.737021836772103711e+02
-6.440440713657269498e+02
-2.180513099627793849e+02
-3.890922212254734518e+02
-4.540650250027348989e+02
-2.702435057391240321e+02
-2.264258885393118987e+02
-4.611967082718740585e+01
-9.741049474023064647e+01
8.508703187366464249e+00
-2.950849463622770372e+02
-1.358971626820847405e+02
-5.236520833029261723e+01
-6.298585973846184771e+01
-1.226451060669262461e+00
-7.112435670109660180e+01
-2.482504565889833259e+02
-2.224224344929410222e+02
-3.972744260580459468e+02
-2.725516095673073664e+02
-3.009470488925916811e+02
-1.637337701161566201e+02
-1.072306032050671973e+02
-3.175764062718230889e+02
-3.949387175525484395e+02
-2.622893388743959804e+02
-3.662450319091744433e+01
-1.328607590719506391e+02
-2.718925045634854314e+02
-2.940860752798898829e+02
-2.268614027550866297e+01
-6.481148338650989160e+01
-2.352194609786179171e+02
-2.685566225783908862e+02
-1.238225878442253105e+02
-1.278326691045057117e+02
-5.899719285469262786e+02
-3.679815149344348697e+02
-2.616458954078403849e+02
-3.194039150761597057e+02
-4.967948358369254152e+02
-1.621384692454315086e+02
-9.582846776860039029e+01
-6.331255805039038478e+02
-5.058183369690090103e+01
-3.643883617243695312e+02
-3.650749394225059632e+02
-1.064695590782389161e+02
-3.452914507656059300e+02
-1.355835176335100414e+02
-2.687841867513520810e+02
-4.510926807135748362e+01
-1.486982837808426154e+02
-2.442414740915337461e+02
-5.533724339956879703e+02
-2.013684208694555764e+02
-3.757767981048039587e+02
-3.123410133553238666e+02
2.817597904798671493e+01
-1.785470750079424818e+02
-3.161490516238922623e+02
-2.033383562173324606e+02
-6.841663592741516595e+02
-2.074675181200145175e+02
-3.982463375333123423e+01
-2.276739969262561090e+02
-3.455169430812311475e+02
-3.872947637588472389e+02
-2.632688886823436860e+02
-4.226730505086846534e+01
-2.662784232460085150e+02
-8.901233870270927184e+01
-6.417431150954945451e+01
-1.602496875991371326e+02
-2.549360779492067195e+02
-3.979906192336356980e+02
-1.522029305803658303e+02
-1.070841600006813508e+02
-5.597240451469543814e+02
-3.024755956590262258e+02
-2.007505416767006352e+02
-2.400862978797660219e+02
-3.917367206652113509e+02
-3.343072054059296647e+02
-5.148906188521708316e+01
-7.901141132372357845e+01
-2.409595824747809161e+02
-3.996122745235365414e+02
-3.261182255301380337e+02
-3.243789225091841217e+02
-5.400367354502061090e+01
-5.231217171767689251e+02
-1.511101354755028296e+02
-1.928227157295351901e+02
-2.262435733357552294e+02
2.079836109676654132e+01
-3.829905844418778997e+02
-3.940519340889119349e+02
-3.053618091220773181e+02
-3.881120266555957983e+02
-4.019463634658902862e+01
-2.968952983251211890e+02
-1.824205984781212067e+02
-2.400934537097870134e+02
-1.469383937645790184e+02
-9.627741998669671375e+01
-3.964940883499894539e+02
-2.638881684700780852e+02
-5.599697756280236405e+01
-3.337957222968577184e+02
-5.024974511187670601e+01
-2.086989690561419195e+02
-2.450169730488011908e+02
-4.055730362856733109e+02
-3.125966068663673241e+02
-3.713947554868535690e+02
-4.212358837723527927e+02
2.270447241449255671e+01
-2.981561783800823378e+02
-4.597828304703001550e+02
-2.373723721628828400e+02
-5.199152764191108389e+01
-2.945759133124825553e+02
-1.195041830702983248e+02
-1.347378131371059169e+02
-2.637849952256137840e+02
-3.149767923759853829e+02
-3.003494165029622991e+02
-2.874141948028431557e+02
-2.702364325530716087e+02
-3.023907821370447664e+02
-3.232116636847129030e+02
-3.239753928722218461e+02
-2.472565245066888053e+02
-2.081425395471683544e+02
-7.511075346885098725e+01
-4.531134761482646809e+02
-3.214968669573283933e+02
-7.465208336982423987e+01
-9.953562840353205843e+01
-6.433856556014034140e+02
-3.434116607185283954e+01
-5.052210797932119135e+01
-3.605347112639856277e+02
-2.836276611079979375e+02
-6.456980079731772548e+01
-2.818450667614329177e+02
-2.744820931527019638e+02
-1.275759490859738889e+02
1.849648311914036469e+01
-3.603949623616696272e+02
-7.288850112053897874e+02
-6.218757214611650852e+01
-3.295413974092990088e+02
-1.225237674305819837e+02
-3.088140701746705190e+02
-2.281611535357386344e+02
-1.013287025949644118e+02
-6.923465351016980662e+01
-1.067847457045573947e+02
1.017290596409509362e+00
-2.603623548213006416e+02
-2.774906458618386296e+02
-2.817424012272954315e+02
-1.483701055302872476e+02
-3.299938063797869745e+02
-4.589363188893930214e+02
-4.097313104620457125e+02
-7.754926924220806939e+01
-2.089994082251290592e+02
-3.019407530651049001e+02
-3.533220735761943843e+01
-2.353779104596283673e+02
-4.181286564735138001e+01
-1.985839286159251742e+02
-1.759934236670320331e+02
-3.935350116193069425e+01
-1.552401791789456524e+02
-1.991051901522729395e+01
-1.492688189045512104e+01
-2.613367614860632671e+02
-1.977327806089007822e+02
-2.663087693719639901e+02
7.529921054854327167e-01
-2.104006943326343446e+02
-1.820678096437789577e+02
-2.597422578377036757e+02
-3.048996156780038405e+02
-1.477837146518692748e+02
1.915184465241610212e+01
-1.767027143748197489e+02
-1.101842656016539621e+02
-1.039713027905695242e+01
-5.342860938716410146e+01
-2.467450804811029172e+02
-2.149665401246523970e+02
-1.854236449238430851e+02
-1.291217554383652555e+02
-1.911602077977491660e+02
-1.713264214986933212e+02
-2.768736744354389430e+02
-2.865576411236711465e+02
-2.006307450967010482e+02
-1.382273499306761551e+02
-4.125309147541523913e+01
-2.608057959713714524e+01
-3.321574363210407910e+01
2.103205337347479542e+01
-2.558800701201335528e+02
-2.014794635172240191e+02
-3.342701489107435009e+02
-6.648335519449156550e+01
-8.864514195855007017e+01
-1.846890250304659276e+02
-1.185436245259499231e+02
-2.347025515868815262e+02
-8.613495361136574502e+01
-3.809587194785768247e+02
-2.400990948886332319e+02
-2.659748826649711191e+02
-7.359729783077054321e+01
-1.668567507788575881e+02
-3.217285139972599382e+02
-3.724805349866928594e+01
-1.387136594884143221e+02
7.037777876393505494e+01
-2.046490794628264496e+02
-1.986493819933286034e+02
-1.550473651954843888e+02
-3.199069984386925967e+02
-2.534294070787359487e+02
-1.098237325333431755e+02
-2.356861502603872793e+02
-1.052577719769684421e+02
-3.428882999832850942e+02
-2.397387498104627923e+02
-8.600643321739077862e+01
-2.370752827443873798e+02
-2.517478417856722501e+02
-1.315053129195103452e+02
-9.082618717737224756e+01
-2.623116134253480141e+02
-1.037941308065552590e+02
-6.740749641579412810e+02
-1.420645473727223020e+02
-4.860483684577890529e+01
-1.958641552777499157e+02
-1.892757054215698531e+02
-1.312339538694381531e+02
-9.444017426657113390e+01
-6.971554402826474472e+01
-1.479089875914851504e+01
-1.947867816027926438e+02
-4.911578552429724454e+01
-1.921412480293052170e+02
-3.181086793383735767e+02
-3.732999842706140612e+02
-3.422913582324976005e+02
-4.066587296873638735e+01
-3.616069948234078879e+02
-3.366963504360809338e+02
-2.524314088873582023e+02
-2.541629040183461257e+02
-4.101293175359165843e+02
-7.505954467369755889e+01
-1.548188311909504478e+02
-2.038612601098206483e+02
-6.040631114149326919e+01
-1.384929247892293915e+02
-2.829032253739873681e+02
-1.927267091017738778e+02
-2.738394970620432787e+02
-3.683654599607436353e+01
-1.414124973256710120e+02
-1.534446753043415583e+02
-3.810543056076960511e+02
-1.872698631884746874e+02
-3.688849778795587895e+02
-2.946237338417448655e+02
-1.262309560994058160e+02
-2.867515576443925056e+02
-2.147089269632280093e+02
-1.370027229803057480e+02
-5.558994302416482469e+02
-1.117658061356006129e+02
-3.308657195352243434e+02
-1.188582790362717816e+02
-3.414978147172619174e+02
-3.080525313671811887e+02
-1.572006781927751149e+02
-1.118809053436720831e+02
-9.867272096515594626e+01
-6.731613801443276657e+01
-2.300052920692887426e+02
-2.118064947364875934e+02
-1.567588070605187340e+02
-1.022205451009605497e+02
-2.406315443772338938e+02
-1.250965030218707739e+02
-3.077176564553835192e+02
-1.461271951795887958e+02
-2.465542260423892174e+02
-3.539897899549619638e+02
-1.752353574021550742e+02
-3.241468382161420436e+02
-3.504932338914080674e+02
-3.484892561501950468e+02
-1.307435374109126087e+02
-1.521281806212393803e+02
-1.809524421874791074e+02
-2.571007037125081069e+02
-1.783785852048046365e+02
-5.145779587344892434e+02
-4.434762189832412105e+02
-4.689564663337979482e+02
-3.465132976285696600e+02
-4.487385419860897855e+02
-5.297465113818695954e+02
-1.500951160540284661e+02
-5.125156095658969662e+02
-3.149713422576224957e+02
-4.187731145214973481e+02
-3.958854218043564970e+02
-2.851709130978107396e+02
-4.620543447514710920e+02
-3.514225563632145963e+02
-3.115473849457952156e+02
-4.185276543841666239e+02
-3.080673004475772814e+02
-2.070378864954728897e+02
-3.722018096892808785e+02
-1.168358727582078416e+02
-3.010823886127866444e+02
-4.346174731707093315e+02
-1.843716674794034134e+02
-2.548170745588705302e+02
-2.736891030825022995e+02
-2.503676418429394914e+02
-2.539269591809739097e+02
-4.125172688707968405e+02
-1.938068649449480176e+02
-3.279766834090137309e+02
-1.264671341086875316e+02
-7.347371926352477658e+02
-2.873531309662679405e+02
-6.193314014497721018e+02
-4.893357434916140392e+02
-1.654706163407068686e+02
-2.917340638034098674e+02
-1.429206996372979575e+02
-5.679369947140869499e+02
-2.565464439524244540e+02
-7.306958090518860445e+02
-1.374306251107697108e+02
-2.831007013913682044e+02
-2.485885351842861155e+02
-4.661334091444438741e+02
-1.774997795291928355e+02
-4.337734735864636946e+02
-2.460041790715848435e+02
-3.076102860137872881e+02
-1.781008700451205016e+02
-1.456618411119129064e+02
-2.689574280970825839e+02
-2.450688341806596497e+02
-2.125667421087259186e+02
-2.130853428902873929e+02
-1.799759592015739997e+02
-3.396752559846358963e+02
-1.173975344971228907e+02
-1.773511780985758151e+02
-4.006410608367662007e+02
-4.488501781223383205e+02
-2.947301829645670068e+02
-1.932115845518206356e+02
-1.932189157232147920e+02
-3.387701293561282796e+02
-5.735156395764238368e+02
-1.316839056432382336e+02
-1.970974522514167404e+02
-3.214740757978279362e+02
-2.442047446131310551e+02
-1.591421755587074927e+02
-1.455950934257142535e+02
-8.166366583939030477e+01
-2.279271836994128932e+02
-4.058703064643963785e+02
-2.138102721529979817e+02
-3.686593304574779495e+02
-1.537021244254177645e+02
-1.615551214829717708e+02
-2.598424717659092948e+02
-1.809586021875962274e+02
-1.886331880892585104e+02
-4.247355679599020277e+02
-4.599835553331510027e+02
-2.070300270653068537e+02
-1.802537456943973098e+02
-1.460084294282267479e+02
-3.475632255124025392e+02
-1.746431466129470778e+02
-1.887422283097047284e+02
-1.562165299548917972e+02
-1.764731880522541587e+02
-3.361400982287340184e+02
-1.065414968450416211e+02
-2.058414254830462937e+02
-1.523866044011074337e+02
-3.183167447607237932e+02
-3.473376215633973061e+02
-1.812876822603010680e+02
-3.133563390627666081e+02
-1.560490707052405810e+02
-1.391564389295267006e+02
-2.922698722430239968e+02
-3.416608436798535422e+02
-3.872563425733266058e+02
-1.138612544309137178e+02
-3.262579340134457198e+02
-1.045595209798777177e+02
-1.462440987816179927e+01
-2.762112676559941349e+01
-1.451351650385036294e+02
-7.985217289914808703e+01
-2.205019375141686169e+02
-2.137972156028046413e+02
-1.321605628917871229e+02
-1.912217276439620264e+02
-1.335408387800789001e+02
-1.424685262754083226e+02
-5.061696299992549086e+01
-1.258848737755203047e+02
-2.745865024002494010e+02
-1.478290683193021096e+02
-1.914517609657432899e+02
-1.365206366113303034e+02
-1.988978288642122436e+02
-4.297046293887768229e+02
-2.614662870063166906e+02
-8.458793415026907780e+01
-1.602462798096717336e+02
-3.511907965009544341e+02
-4.936223944526935270e+01
-1.448229265527753284e+01
-2.866590593566598955e+00
-1.508678728907653124e+02
-1.392891864310066694e+02
-2.823036425240698009e+02
-1.714231168767647091e+02
-2.906646504941508056e+02
-9.284579486690432759e+01
-2.680610576969698968e+02
-7.547425852929042378e+01
-1.037407535792050055e+02
-2.563908701970026414e+02
-3.522199175892151857e+01
-3.540167609640300839e+02
-4.840616688713219418e+01
-4.080426245645484329e+01
-1.692157080067282777e+02
-2.725786595219349238e+02
-3.080157686752822315e+02
-4.600260213410434176e+02
-8.183219336004552247e+01
-3.749630300184146847e+01
-1.980038507399035552e+02
-8.293653315061666831e+01
-2.531736896035580173e+02
-2.984182454428148503e+02
-1.333317151052609688e+02
-3.298237712149820027e+02
-5.232293423125106813e+01
-1.074112424724690413e+02
-1.708418473697375362e+02
-2.837611504254636543e+02
-1.009624417342663492e+02
-2.530400115079966668e+02
-1.255028119548781405e+02
-2.761107539020487138e+02
-1.226556216034470310e+02
-2.397068710429083183e+02
-1.402904833451649154e+02
-1.447035420516634190e+02
-2.157421761700970535e+02
7.728010558474146308e+01
-2.311544500804615154e+02
-2.725505334899016816e+02
-3.870070982315359629e+02
-2.893427524757692026e+02
-1.456591418557473503e+02
-1.302673449468375111e+02
-1.057995355819598586e+02
-1.560443485719603984e+01
-9.115525818478917586e+01
-1.198669999273491982e+02
-1.707962915002721047e+02
-1.490719717535120594e+02
-1.694251377870653812e+02
-2.249129138998562212e+02
-1.103688961777888551e+02
-2.669529989313487590e+02
-2.018325919187908539e+02
-7.605663293685284998e+01
-1.186387096568368520e+02
4.635475931674344352e+00
-5.820818702880293927e+01
-9.852767674363407480e+01
-2.950891655482570286e+01
-3.447079594227996040e+02
-1.388891769126776126e+02
-1.025198653736317453e+02
-8.658396255793263663e+01
-1.542701101763251472e+02
-2.465683037103708841e+02
-3.695383906092816915e+02
-6.605580535854353741e+01
-3.261410743693650147e+02
-3.748709976650871312e+01
-7.461563185360527939e+01
-1.118043707573417578e+02
-4.022577336842712157e+02
-3.095769078267115901e+02
-1.768199801814056400e+02
-3.915294743189571136e+02
-2.475298589760843129e+02
-2.493362489265848865e+02
-7.651125690899561960e+01
-5.730233476965912587e+01
-3.794456821774353443e+02
-2.170287771850680940e+02
-4.165171944814851486e+02
-2.362973477341065234e+02
-1.642392585405884518e+02
-7.175250511222232319e+01
-1.252287627369931755e+02
-1.207697639358319464e+02
-1.554925131393380298e+02
-3.428765736680194323e+02
-3.965431576148909585e+02
-2.515106946765055511e+02
-7.258065696728078819e+01
-3.656821674543725749e+02
-1.266548041959052853e+02
-1.403160768483406571e+02
-9.274575335100442430e+01
-2.604590661754129428e+02
-3.674157605008785481e+02
-3.586157721793558721e+02
-3.470773998489900123e+02
-1.267381223519536348e+02
-3.612705162735367139e+02
-2.552517970779139205e+02
-2.649308834671743398e+02
-3.351449103855444491e+02
-3.093413925757525931e+02
-5.272779880703770914e+02
-5.869545138835610487e+01
-7.628775637118177144e+01
-1.860510163104717094e+02
-2.916742254883382657e+02
-3.333017705491598690e+02
-3.935395109660548201e+02
-1.148860658117214371e+02
-2.183520113866925385e+02
-2.352725895440943873e+02
-2.788690997676256984e+02
-1.343365603640556571e+01
-2.519446912127355063e+02
-3.998328216270863891e+02
-3.564668976737444837e+02
-4.349238430048980035e+02
-2.468075704733681448e+02
-3.280478072236040816e+02
-2.811608366397099417e+02
-4.478733753098565558e+02
-3.751690420647127411e+01
-4.498182374401168317e+02
-3.875964285209884679e+02
-1.423270872978797854e+02
-5.962927713897881858e+02
-6.535427432320909702e+01
-2.513763311470076474e+02
-2.810681882010991330e+02
-6.112593610194423945e+02
-4.269016521994163895e+02
-2.191808726577679067e+02
-3.897647362726798406e+02
-1.944033418704797214e+02
-3.042587946206266452e+02
-3.057954101570994681e+02
-3.968694964845176969e+02
-1.987262942438183018e+02
-6.807235700962371538e+01
-1.469028187495654265e+02
-2.730655505849745168e+02
-1.183051020426185573e+01
-3.068276352997524441e+02
-3.553767796239235395e+02
-4.287934906158717467e+02
-1.948459213817765203e+02
-5.067744489883620531e+02
-3.064336117478846973e+02
-2.719487018883157248e+02
-3.127915086346579869e+02
-2.873719990400464894e+02
-4.360939412872858725e+02
-4.977220797974943594e+02
-3.160521194261769438e+02
-2.429909049925871045e+02
-5.279975612333429353e+02
-3.235427768568470128e+02
-1.585154809692615174e+02
-4.408547661311002344e+02
-3.535899537344654391e+02
-3.281562829137553194e+02
-8.601305584907768775e+01
-4.547451429770566023e+01
-3.108974707173110232e+02
-3.634575337097618331e+02
-1.280841348705129974e+02
-3.097211234060316656e+02
-4.670315725507043680e+02
-2.956251555097609298e+02
-2.866847417015862902e+02
-2.778432087418474907e+02
-2.204976123757206778e+02
-2.206881621827464812e+02
-3.351136103720049277e+02
-4.434355196978083882e+02
-3.788462327521899624e+02
-1.388876605443527410e+02
-3.134639611712266287e+02
-4.109060046933610124e+02
1.170389121040503255e+01
-2.832606261407809143e+02
-2.884665041755205266e+02
-3.533180780069099001e+02
-3.408195930521147261e+02
-5.422894821135644179e+02
-3.886912700428057406e+02
-2.097314817037156445e+02
-3.159084452181301685e+02
-1.454367398744631430e+02
-4.175849531956250758e+02
-4.384242891059184899e+02
-2.578386188717098548e+02
-3.763883479072870273e+02
-2.330554849999244880e+02
-3.856062451778144862e+01
-3.290298998082048456e+02
-9.100040286319412530e+01
-2.865617432177641604e+02
-1.949354919138415312e+02
-3.405540100238603145e+02
-2.881086778425423063e+02
-2.319947541013257819e+02
-2.972857208039259831e+02
-1.198487298536091004e+02
-8.146620461812159419e+01
-3.114322567905825281e+02
-3.270706069627741499e+02
-3.776372794002313640e+02
-3.740971481687336677e+02
-2.180572601751941875e+02
-3.221486345726875697e+02
-2.308452873479556047e+02
-2.000853863239547934e+02
-3.686433856247555809e+02
-2.870349032456269356e+02
-1.409370937642738966e+02
-3.060530749966339386e+02
-1.422864329989737087e+02
-1.736015214445815502e+02
-3.055582409486883080e+02
-2.830447713919710395e+02
-2.783182911714316106e+02
-5.796633555348825695e+01
-2.148447673209884954e+02
-6.537168006854246016e+01
-1.666684784269896795e+02
-1.975034965256962209e+02
-3.049984707738984753e+02
-2.421450105182832999e+02
-6.296466059465761589e+01
-2.918229937868860588e+02
-2.618456101865274377e+02
-3.355688812287442033e+02
-1.213208160130467093e+02
-3.036519637648575554e+02
-9.738250561188043264e+01
4.448054537051675084e+00
-1.700750087007501463e+02
-1.784322544726801141e+02
-2.072704194966895557e+02
-2.471993768188111744e+02
-9.461225101219203282e+01
-2.235070608528579328e+02
-1.687702716721063894e+02
-1.055688560463724599e+02
-1.475989708587709686e+02
-3.224613082055651603e+02
-1.791186637126968719e+02
-2.213152796945140324e+02
1.745131997583716199e+01
-2.496612396872259581e+02
-1.240336671157690915e+02
-1.010166526480010987e+02
-4.547326657982689824e+01
-1.102743315262367929e+02
-1.335673433623725828e+02
-1.824329271071341623e+02
-4.102558777195755368e+01
-2.339229229818173792e+02
-2.683530479405997085e+02
-2.066493387958659582e+02
-2.767292363217642333e+02
-1.824971508247823522e+02
-2.623269052205546359e+02
-1.976854863297400584e+02
-3.160835680696017107e+02
-1.993044034581051278e+02
-2.313277268243788569e+02
-2.589372310013627612e+02
-3.492517818056448959e+02
-2.581097571160351549e+02
-1.014134986363873310e+02
1.203639918998534597e+01
-2.047330577792082522e+02
-2.059461445029480444e+02
-1.099251812373423860e+02
-1.456134029371347367e+02
-1.603407498225240602e+02
-1.982013288761541787e+02
-1.989705188398630469e+02
-1.165466213528561070e+02
-2.329362446621281322e+02
-1.619179354267120345e+02
-3.178631521516866769e+02
-2.497980961772188095e+02
-2.484930914674577593e+02
-9.890922099697205283e+01
4.286737359711924711e+01
7.831587734299310455e+01
-1.449619416891541732e+02
-2.349140004059735816e+02
-8.600218559672624963e+01
-1.195975272767586546e+02
-1.739982817279490632e+02
-2.942418104720424026e+02
-1.198324240154802851e+02
-2.482639642088497283e+02
-2.226457167740797445e+02
-2.967335807472124998e+01
-1.811151010313044196e+02
-9.905605123226457920e+01
-1.434220476437789671e+02
-2.199861474134328319e+02
-4.636889709927339709e+01
-1.128565685009158699e+02
-5.055040132657321124e+02
-1.701355866584602268e+02
-9.592665265251203266e+01
-2.731679186316608821e+02
-1.851979465897965156e+02
-2.411055344943784746e+02
-1.159936354851855356e+02
-1.176914670249520753e+02
-2.623241884914007755e+02
-2.398732727257084036e+02
-2.897022946689349396e+02
1.943978551787099462e+01
-2.374490136177541331e+02
-1.311166800464256141e+02
-8.815438019942257597e+01
-6.822209170132147449e+01
-2.808855388650401892e+02
-1.871190159115031904e+01
-2.636869734757490278e+02
-7.211440800456918510e+01
-3.631736781468186450e+02
-3.197788740482967569e+02
-5.833857264042568147e+01
-3.503510899022869012e+02
-4.775063945539913846e+01
-1.403404665112232976e+02
-3.566958989447867339e+02
-8.775205007593018536e+01
-1.222086482420257312e+02
-2.604472092496215510e+02
-1.207413406721997120e+02
-1.889350698083802627e+02
-3.402917087854833653e+02
-3.954246244468581040e+02
-2.416962363883326645e+02
-1.275547379613277315e+02
-2.636572419485066803e+02
-2.239958343427252032e+02
-2.543261546163137723e+02
-2.305637133966484100e+02
-2.758806004113029076e+02
-1.670856755994540777e+02
-1.228535071055624286e+02
-3.034399929911039635e+02
-3.006227920727620813e+02
-1.429023658598831332e+02
-3.219980579313184990e+02
-3.525697167328396517e+02
-6.557213484979774876e+01
-6.909461657453431371e+01
-3.841801279674809280e+02
-2.704572839398977067e+02
-1.898994195524875295e+02
-3.136019882315777636e+02
-3.318610445741918511e+02
-3.263735465680887273e+02
-2.245663558180335428e+01
-3.030266192440218447e+02
-3.041481432338885327e+01
-2.851059173714492090e+02
-2.027455839477886173e+02
-2.274769153824777845e+01
-2.308223290990096643e+02
-3.246764501988243410e+02
-2.386597300556930179e+01
-8.407518550854918260e+01
-2.409103232826458054e+02
-1.554281587031580614e+02
-1.326716618942369621e+02
-1.873595678616212581e+02
-4.414560681126907582e+01
-1.587855929539297222e+02
-2.167154258354718763e+02
-1.743730851250616922e+02
-3.210583248996600219e+02
-2.993461242269146396e+02
-2.886482997031145032e+02
-2.578240250163250380e+01
-1.297700164869625894e+02
-2.297760492217930164e+02
-8.276177670730014313e+01
-9.117884952707964885e+01
-1.365386067210137071e+02
-2.439850918536932625e+02
-2.118382953905092165e+02
-2.301545095290888412e+02
-3.197073900182704165e+02
-3.450253116044177659e+02
-3.609201563123422716e+02
-8.760509326016827458e+01
-2.371158704002270383e+02
-2.575894014714435798e+02
-2.920726892645571979e+02
-3.391034885443898474e+02
-2.875411286010140088e+02
-3.208760404075682118e+02
-1.861850912079636089e+02
-1.235368917555712613e+02
-2.001405938843102206e+01
-4.226224827850549559e+02
-3.859173980569938749e+02
-2.530893251689892622e+02
-2.283554712008979379e+02
-2.391322822321600370e+02
-2.890116302939958359e+02
-3.287777795017640301e+02
-2.321990235796249067e+02
-7.737945344504630896e+01
-1.098570684281816483e+02
-2.677105472611278856e+02
-2.766774348020902039e+02
-2.398578979749911468e+02
-6.129237394753364754e+01
-2.413375051770133837e+02
-1.788253514782923048e+02
-2.502262761920202934e+02
-2.933993757499325170e+02
-2.696313523913943868e+02
-2.881099201563930023e+02
-2.351998662472726949e+02
-2.776342294140573586e+02
-1.815164523382337904e+02
-2.724602417561090988e+02
-2.729306431015870658e+02
-2.856567444820797732e+02
-2.414301596123291915e+02
-2.498839844031967061e+02
-2.932164604099348821e+02
2.691857410460782773e+01
-6.382965811200264028e+01
-1.255019528911506939e+02
-2.423739025324145189e+02
-1.301290048118455616e+02
-7.026922773504701070e+01
-1.561445234019863619e+02
-1.771376134809750056e+02
-3.532122615440960658e+02
-2.481863991045040621e+02
-2.897386449460747713e+02
-2.403703534522475707e+02
-3.171388768346434972e+02
-7.185004881528131193e+01
-2.297264601398810555e+02
-1.293673813511701951e+02
-4.523797639192508058e+01
-2.741934617207362521e+02
3.156813402192564055e+01
3.079772125726566401e+01
-2.011366185368734136e+02
-1.100903916871614143e+02
-3.194018750645822138e+02
-1.074855813736353838e+02
-1.542273668778800015e+02
-6.482229216553082551e+01
-1.884455885570250189e+02
-1.266676583951196591e+02
-3.434750598769039698e+01
-1.630816077577030114e+02
-2.397080264428636553e+02
-2.414963986631932187e+02
-1.293371170285007281e+02
-9.146727073501523364e+00
-6.768023967465290980e+01
-2.095710329146380388e+02
1.954680507799963607e+01
-2.061917389865592725e+02
-1.898617808730876106e+02
-2.005317605812295483e+02
-2.581902451446078430e+02
-3.024474546523289291e+02
-1.861169341292851129e+02
-1.147072747503201668e+02
-3.072771347920180460e+02
-2.014786127589389935e+02
-2.791502316168532616e+02
1.462462781072908058e+01
6.091000763572114352e+01
-8.759189315037156121e+01
-1.949324400323936288e+02
-8.203350140674152158e+01
-1.936890363494417500e+02
-2.423005808029880939e+02
1.560231198802266306e+01
-2.473908825285247417e+02
-9.128776648263092852e+01
-1.702267227510500902e+02
-2.419750073388880480e+02
-8.742741760973291321e+01
-2.774363806095280438e+02
-3.690696195769151586e+02
-2.579352991977256124e+02
-7.152476424145484657e+01
-2.866122014655171597e+02
-5.368867730492155488e+01
-2.208996024793815138e+01
-2.663654059372113352e+02
-2.605606501867498537e+02
-4.145271808243130067e+02
-2.692037314876898790e+02
-1.588559875541328097e+02
-1.641063479975155133e+02
-2.412044899067506663e+02
-2.540556240226475211e+02
-1.875921392738677582e+02
-3.001749993480387388e+02
-2.243230350186011037e+02
-1.250987017862689754e+02
-2.646093276748929384e+02
-1.992137378697377130e+02
-2.056975048931622041e+02
-1.827628458433530909e+02
-1.112438393319618370e+02
-1.135605081176588698e+02
-3.072963826193666819e+02
7.501108000548823895e+01
-1.409824921830896471e+02
-2.347972451983541760e+02
-2.429742231520411337e+02
-2.990385113168259181e+02
-3.393097208561275693e+02
-2.442066038655236184e+02
-2.625678248376661941e+02
-1.788018951375253209e+02
-2.667835625599512923e+02
-3.034712651458962682e+02
-1.797051103929822204e+02
-1.605860658084249053e+02
-1.108398058724377506e+02
-1.593765645752280591e+01
-2.922054868319368097e+02
-6.264563604746095393e+01
-6.899657525394468394e+01
-2.825462083344006032e+02
-2.616850308373258258e+02
-4.020432909565197122e+01
-1.965005855044215082e+02
-7.818104532345098789e+01
-2.485852228928237082e+02
2.662120915460093329e+00
-2.612326354828262538e+02
-7.693902094012088355e+01
-2.974216764683471865e+02
-6.199787724770510522e+01
-3.144642242074588125e+02
-3.907478805366401531e+01
-2.639271745913127916e+02
-5.450880545476042016e+01
-1.959831856059639961e+02
-2.788165035345598426e+02
-2.172570164924491394e+02
-6.504639656358448008e+01
-1.876941255688319643e+02
-2.148236995458594549e+02
-2.254713223030572067e+01
-2.833633155510153188e+02
-2.708614125396460395e+02
-3.348203025307385587e+02
-9.390295514719477410e+01
1.927219591165647117e+01
-2.670468959780110652e+01
-2.591752793043648353e+02
-3.424450302916795863e+02
-3.586184856016338358e+02
-1.011036499264956348e+02
-2.322468070417753552e+02
-2.958848844792430555e+02
-3.851148608958084196e+02
-2.071153261633943998e+02
-2.145709846418790221e+02
-1.720189606040975718e+02
-2.721147357440120800e+02
-2.545150102447477138e+02
-1.756435493367783067e+02
-1.698674319608215626e+02
-3.151003009677795035e+02
-2.349320855398814558e+02
-2.767954295384903958e+02
-3.143261426371547032e+02
-3.493391454530744795e+02
-3.286592888196850595e+02
7.627270873819384178e+00
-1.673407976785004223e+02
-2.809965713765159308e+02
-1.313439352455159792e+02
-2.038402166175686716e+02
-1.655861656883261332e+02
-3.447712429009336574e+02
-1.856393412647678645e+02
-1.918179840016845787e+02
-3.101972449848474866e+02
-6.200343244247707730e+01
-1.567827300995188011e+02
-2.432522541826005238e+02
-2.514602745335292582e+02
-2.369091972449227796e+02
-2.822444207396414413e+02
-2.786625645689700832e+02
-1.525321763620351305e+02
-3.467443666558160658e+02
-2.537524369992466120e+02
-3.340676425263126248e+02
-1.869168366295590431e+02
-2.133864193118593562e+02
-2.823705420279851523e+02
-1.622625006982692923e+02
-5.785891372792733023e+01
-2.603787738581443705e+02
-5.499385467019473595e+01
-2.180562912422532804e+02
-9.804917569307866643e+01
-2.503845717865709162e+02
-2.528030152150040806e+02
-1.967767380749094741e+02
-2.229643806139526703e+02
-8.892688706951152255e+01
-2.611055781522812254e+02
-1.470097966514568668e+02
-5.737390521743237315e+01
-2.502163409429848286e+02
-2.375550784882752566e+02
-1.694501456049996477e+02
-1.084224115385491274e+02
-1.020640131876098735e+02
-2.277961070221750219e+02
-2.824955986606288434e+02
-9.102878001133615271e+01
-8.906258505759748800e+01
-2.466500682325275022e+02
-1.606196514805700417e+02
-9.620379784630188169e+01
-8.865140505123591197e+01
-2.990256996376556344e+02
-5.603042863276214547e+01
4.163716875806954931e+01
-2.613045474308630673e+02
-2.437775192610324950e+02
-6.526334399650144746e+01
-2.137932329953148383e+02
-3.512235422539794172e+02
-2.882013149856469454e+02
-1.141666797335135186e+01
-2.707223408105136286e+02
-1.166878617997271164e+02
-2.232576673756903745e+02
-2.026826293775056911e+02
-2.770133180364689451e+02
-4.099972766763421816e+01
-3.928895728812173616e+02
-2.376103431397414454e+02
-1.755272893312430256e+02
-2.995361790129867359e+02
-1.949737542069855465e+02
-3.140434646897693369e+02
-1.807009160117974886e+02
-2.870027470769852016e+02
-2.455342486414439520e+02
-2.220716319737567233e+02
-5.799852357150811599e+00
-9.634795656231698047e+01
-2.145659910277988445e+02
-3.762622327660297401e+02
-1.450051268933565041e+02
-4.451504563233170586e+01
2.358310951649141884e+01
-7.294544120066726123e+01
-2.369758105461532978e+02
-7.658115855530537885e+01
-2.509767895120446894e+02
-2.542601273546861762e+02
-2.352874143807382552e+02
-2.454504859220951687e+02
-1.891785375057774843e+02
3.882343851410162916e+00
-2.349757579203250941e+02
-1.782376847925493735e+02
-3.199318471865880156e+02
-1.381915435314719502e+02
-2.914129564508820067e+02
-3.165413760148304618e+02
-2.788663375749204079e+02
-2.474708163177237452e+02
-3.639479692233985588e+02
-2.843603045895976038e+02
-1.372243359973340944e+02
-1.495929805887722353e+02
-3.040503116416197145e+02
-3.230761579484790502e+01
-3.546440048057855847e+02
-2.911597906578458606e+02
-2.518986817227608697e+02
-1.518337550848451656e+02
-2.511205159504168591e+02
-6.335348269395292675e+01
-2.369447569330511953e+02
-1.254413562842930361e+02
-6.818868369997181844e+01
-2.577569088821455807e+02
-2.762562480299480967e+02
-3.129792378025480843e+02
-1.822401394618906352e+02
-1.362481552049579818e+02
-3.517479846171968916e+01
-1.088576800185411884e+02
-2.268183536182151556e+02
-2.244188109747576050e+02
-2.014690346315608167e+02
-3.549790252991651869e+02
-2.377916431042243630e+02
-4.376136623863876451e+01
-2.917324426482828699e+02
-1.703861256904127117e+02
-3.931175566862384585e+02
-3.340097664908267916e+02
-1.726278591950185159e+02
-3.133979988934670473e+02
-6.582805135145439124e+01
-1.751565174007903352e+02
-3.310601150311394463e+02
-2.510598245637350487e+02
-4.204356388721541862e+02
-2.343666861725529884e+02
-3.458741607498478743e+02
-2.311064338585445057e+02
-3.844714621280816687e+02
-1.310250598117693244e+01
-2.071692517333912633e+02
-1.635891935114912599e+02
-2.292472188122932835e+02
-2.965991629099600573e+02
-5.122925954347235233e+01
-2.098507374295921295e+02
-2.832640136270059088e+02
-1.981673872157420533e+02
-1.890056888767607290e+02
-4.027368044855847415e+02
-2.771419763025225791e+01
-2.594758179170412404e+02
-1.345041495032041894e+02
-3.204414557219874951e+02
-2.227317659538423982e+02
-2.001621903473841257e+02
3.410468659299874616e+01
-1.825009894088582314e+02
-2.922581061204559205e+02
-3.918191617406193359e+02
-4.371202792062978801e+02
-2.496977332453156464e+02
-2.544642941473579754e+02
-2.122236357595122342e+02
-1.625007909876130441e+02
-1.694394824704240818e+02
-9.234443379176799738e+01
-1.748733976358990958e+02
-9.250028703334440650e+01
-2.223630806521842374e+02
-2.442962054676236505e+02
-1.619838274276642665e+02
-4.265967807753226282e+01
-1.921338121573457443e+02
-3.034795079559324904e+02
-1.551685927397876412e+02
-1.867450389370469850e+02
-2.355292376907449636e+02
-3.667800270615502427e+02
-2.819093016935237301e+02
-3.233129337462112289e+02
-6.797961655997634978e+01
-2.009273599733679703e+02
-2.085314104841716585e+02
-3.396978828993600530e+01
-2.543088979933238249e+02
-2.082515437562920511e+02
-2.292886546943767883e+02
-9.256937088299265426e+00
-1.800279553318699755e+02
-7.725125578238132107e+01
-2.342298531545626474e+02
-1.873142658637165141e+02
-7.234074153817297770e+01
-3.377434117627208252e+02
-2.242416556030462118e+02
-1.993911229355323087e+02
-2.575028160835423705e+02
-2.197024154186456144e+02
-4.292297478492144336e+01
-2.640406855779613124e+02
-2.309752980635521737e+02
-2.593443120755678706e+02
-1.656558501933355956e+02
-1.563955445236738342e+02
-2.571698723145691474e+02
-2.194931810975035376e+02
-2.001053253544372410e+02
-4.314678745443034558e+01
7.889732265743575113e+01
-2.990079686886227250e+02
-2.674863714365493195e+01
-1.022770619642732015e+01
-2.696343983918578715e+02
-2.017967732704405819e+02
2.298611128118027480e+01
-2.799378698803907355e+02
-1.866224225597877933e+02
-1.347918095566820398e+02
-2.638877421797638476e+02
-3.209517007846251602e+01
-1.884315228605465791e+02
-5.835725602135658363e+01
-7.361042269772102031e+01
-1.642940297083847554e+02
-1.026927301021262622e+02
-2.911519296233039995e+02
-9.261070238482231787e+01
1.199503135862885159e+02
-1.876077375606195119e+02
-2.480957980079434719e+02
6.842989891456423379e+01
-5.168411961574751956e+01
7.275933505559137870e+01
-3.887248179565045092e+01
1.572229001771903256e+02
-2.190388188758007004e+02
-1.787180615407539790e+02
-1.556448712869738529e+02
7.982696644356224169e+00
-2.127174308793682656e+02
-1.748560847411654890e+02
-3.032300559988207169e+02
-2.274177436823291032e+02
-1.276669639332042863e+02
-4.424084712442929401e+01
-2.230999591492891341e+02
-1.915646279432359904e+02
-2.133810358350087313e+02
-2.406871705880309946e+02
-2.755322079609317143e+02
-2.778691469512777417e+02
-1.164954943256484938e+02
-2.712630670529779309e+02
-2.223863843626454582e+02
-1.709002830406120097e+02
-8.357268810919336488e+00
-1.657194620439640289e+02
-1.733813476401217031e+02
-1.657689576878689763e+02
-1.997529808607549171e+02
-2.064272031885967635e+02
3.657831431336757078e+01
-8.304292609939658121e+01
-5.936962157474584245e+01
-2.746711131892224103e+02
-1.027909869693838374e+02
-2.851372974168121459e+02
-3.354883563577382688e+02
-6.263320363269443192e+01
-2.853247403026933853e+02
-9.955342863937158882e+01
-2.695341061596603822e+02
1.707293492159590755e+02
-5.457475538191809505e+01
-9.084242122705894928e+01
-8.939283889830343810e+01
-2.518343186660250126e+02
-2.224699405451560210e+02
-2.800070011438156143e+02
-2.947725059626733355e+02
-2.368053758296230171e+02
-3.527769999151036018e+02
-1.070866739642640226e+02
-2.318705952562202128e+02
-2.363447200785198561e+02
-3.134728224378835648e+02
-2.035708363360974431e+02
-2.424840790562043651e+02
-2.010140661151169468e+02
-2.788877789760945802e+02
-1.789658415947511401e+02
-1.854401678345903406e+02
-7.028190390515432284e+01
-2.037709921278730008e+02
-2.976629262445363793e+02
-2.629320271816367267e+02
-1.814921472278170995e+02
-2.293023658203245532e+02
-1.961934708429604370e+02
-3.384706717797277520e+02
-7.314448868077869292e+01
-1.782379527879655541e+02
-1.577172353392289779e+02
-2.028134176723417568e+02
-2.371113670009200689e+02
-5.715580925156720582e+01
-3.211929791269256498e+02
-7.340161679646811876e+01
2.299755539222260836e+00
-2.942248096457371389e+02
-1.360678814193606456e+02
-2.126311608150788288e+02
-3.241390763930065191e+02
-2.801657813748395256e+02
-1.352796158301611911e+02
-2.202257813043765964e+02
-3.426292013425432401e+02
-2.517753322334127688e+02
-3.009861955315675459e+02
-2.125502198468803101e+02
-2.348848617639604868e+02
-2.584046472699208152e+02
-2.773885169249733735e+02
-2.960290854505169591e+02
-3.286420183452743231e+02
-2.305520664330159093e+02
-1.182760487742674940e+02
-6.075684411580621713e+01
-2.693694518762940788e+02
-2.523068265750518435e+02
-2.393654162219835371e+02
-1.804502879447260852e+02
-3.443985403372793144e+02
-1.981212817574377709e+02
-2.688139885288145479e+02
-3.600926076631677688e+02
-2.816544134072971701e+02
-1.277664017458100432e+02
-2.412655017460803606e+02
-1.654548815455259216e+02
-3.302117409647821660e+02
-3.505369512661491740e+02
-2.719693307008759575e+02
-2.958943786999149097e+02
-5.337955614376705427e+01
-3.515798064441824522e+02
-4.207962563793312825e+02
-2.544750918494188738e+02
-3.420635127187350122e+02
-1.600966450128306349e+02
-2.167748557721438942e+02
-1.027807689088095060e+02
-9.411730848627732371e+01
-2.131757462475208058e+02
-2.215017699109394016e+02
-3.157980987781683098e+02
-1.882303611989287617e+02
-1.705968861304112352e+02
-2.578255255167237010e+02
-3.136368093389880869e+02
-4.751122078551771324e+02
-2.333591760295980180e+02
-9.309056344028434182e+00
-1.776612306569642215e+02
-1.231914027299119567e+02
-3.195962120430248206e+02
-3.416672766729255954e+02
-2.273333438686433965e+02
-2.487196534970568109e+02
-2.759665609712774881e+02
-2.773758939622209709e+02
-3.192985338720039863e+02
-1.677760965986860242e+02
-2.180335761755358703e+02
-2.925057737005697618e+02
-2.371299845926758962e+02
-1.846177162786630959e+02
-1.645008171598213096e+02
-1.849632856017699396e+02
-6.678529734156762743e+01
-2.807896367795017341e+02
-2.794697198402906224e+02
2.977661409477432244e+02
3.038715375237339344e+01
-3.592585156199505718e+02
-1.942557850924982858e+02
-2.911143432061053318e+02
-1.986896677207404878e+02
-2.932745018612756098e+02
-2.473296547015112878e+02
-1.472461994088349115e+02
-1.863948069351624781e+02
-2.347424121521782752e+02
-1.042416443861980184e+02
-3.399847089666957345e+02
-5.192604353768214054e+01
-3.537515134266636778e+02
-2.735593470683761552e+02
-2.728608942059039464e+02
-2.810668932646466374e+02
-1.038945651498327152e+02
-3.376281094763704687e+02
-1.660975970961615644e+00
-6.393731760000405728e+01
-2.634828963276847276e+02
-2.971012885125668959e+02
-2.293992254407569646e+02
-5.265189489200884054e+01
-1.651411911350142532e+02
-2.781209051561389174e+02
-5.237805351455548930e+01
-2.172020955685390504e+02
-2.827627004197871941e+01
-2.784729868938956088e+02
-1.838395512059929615e+02
-3.283915733489386639e+02
-8.558956302832868346e+01
-1.650417668185460798e+02
-2.326001501897401909e+02
-2.383720434519096898e+02
-1.028877048064201887e+02
-3.513426119607231612e+02
-2.111346138821462546e+02
-2.548703889132618485e+02
-2.578676836469937257e+02
-7.542262995516709623e+01
-1.555487949052503041e+02
2.856679522966570062e+02
-7.684622215192105443e+01
-3.101416578134184192e+02
-2.477376277485649325e+02
-2.013633466918219881e+02
-1.118672428651201471e+02
2.643799479074740475e+02
-1.619934941000575463e+02
-2.146769288217385565e+02
-7.519201668950640283e+01
-1.692256172472033313e+02
-5.187850730862924564e+01
-2.962342885379769086e+02
-3.566851987132399131e+02
-1.951680357698567150e+02
-2.153337710110747025e+02
-4.365960879038387077e+01
-2.843058439921301215e+02
-4.345283921441109953e+01
-2.625454033125957949e+02
-2.508203109568733851e+02
-1.276548438948849480e+02
-2.779632487623533734e+02
-3.180612878720021399e+02
-1.052025475828005483e+02
-3.273370011012511895e+02
-2.439264923123081132e+02
-2.449925345730059689e+02
-2.588003289143516668e+02
-1.488141868371174894e+02
2.739249787289285223e+02
-1.368261731488223063e+02
-2.514766684546546571e+02
-8.153079190596655224e+01
1.673575163229115219e+02
-1.581417613593446561e+02
-7.833804389233942800e+01
-1.791358082272109868e+02
-2.924998182317462465e+02
-1.653669569886766908e+02
-2.585081221331927281e+02
-2.814046434097265319e+02
-3.146262280897574328e+02
-5.831243938635411439e+01
-3.568497135252198404e+02
-6.084804676459197026e+01
-3.873917775053453170e+02
-2.561564625812754343e+02
-2.835383762826579073e+02
-2.518388158509972641e+02
-1.126399760729710664e+02
-2.627451454270938029e+02
-9.505400649978312799e+01
-2.338124851336764323e+02
-2.416529104717087648e+02
-2.808253515025358524e+02
-1.712285008242453159e+02
-2.769421516260023282e+02
-3.007287723026055346e+02
-3.677404295384416173e+02
-3.603662662262333924e+02
-3.137489774498702673e+02
-3.074775255553031457e+02
-3.573201356942862503e+02
-4.053721521033116915e+02
3.840575419858524242e+00
-1.938096319285380389e+02
-1.783158485769318986e+02
-8.360934573583743656e+01
-3.194839106455589217e+02
-2.853123335929967084e+02
-4.630505930285904128e+02
-3.032877865683461778e+02
-3.223792148805905526e+02
-2.903317354645827777e+02
-2.003016683517756178e+02
-2.533382869464748239e+02
-4.077920875363401478e+02
-4.535113005870269376e+02
-2.065150419011755787e+02
-4.116984433402108721e+02
-3.029750204694219633e+02
4.284466762908022019e+01
