-2.410150030033917403e+02
-1.321316255394245331e+02
-2.741414259313020239e+02
-3.110067476085829981e+02
-1.028427796908084559e+02
-2.841011609356262397e+02
-5.246049752502481169e+02
-4.787061545170587920e+02
-1.721818388000156119e+02
-6.966142571477143974e+01
-2.033429060588750588e+02
-4.507310099639822738e+02
-7.402431750683711016e+02
-3.755540803925139244e+02
-4.419448922805959228e+02
-2.430517389871867238e+02
-2.431682483133064352e+02
-7.093572361849783192e+02
-2.551262035975210267e+02
-3.352961510934182456e+02
-3.579121325653277950e+02
-1.047096962556238964e+02
-2.994512757324436052e+02
-1.587695277723129834e+02
-1.498567689830772736e+02
-8.508024432759999911e+01
-1.704408883853139685e+02
-3.177620127188683909e+02
-3.684067342382132892e+02
-1.551869630739106753e+01
-2.274827039932729349e+02
-2.986572751526173306e+02
-3.079558211387532651e+01
-6.848552415990261011e+01
1.170554459803248903e+01
-4.268095174283992321e+01
2.899769854313512951e+01
-3.134455222824489340e+01
-1.723858952108238896e+02
-2.179423403452818491e+02
-5.334958554746921777e+01
-3.067751429093590332e+01
-7.091358685225995373e+01
5.926299298550915751e+00
-2.468427941686928762e+01
-1.941767964129033430e+01
-5.894082608684582425e+01
-4.515288565604681281e+01
-7.578029711030478666e+01
-6.999904680055510653e+01
9.212306777640591804e+00
-2.793971482217413040e+02
-2.458119262330741606e+01
-1.158882461367522723e+02
-5.651475391646116719e+01
-1.523208192811864592e+02
-2.951341195839462728e+01
-9.340688340188073369e+01
-6.490641633098682917e+01
-5.092998001367281802e+01
2.656147014666191808e+01
-2.785946112313027356e+01
-2.460832866093262794e+02
-2.579378186963269854e+02
-2.491240720242685427e+02
-1.557540333091939999e+01
-6.652711021395884927e+01
3.559950300961449443e+01
-1.804602344416563824e+02
-5.506702104312083179e+01
-1.088233695683044289e+01
-6.399456991320112564e+01
-1.111586532501933107e+02
-2.211508169127155199e+00
4.801506409570912126e+01
4.308915492730142738e+00
-5.045552396833040376e+01
-2.389365482449473177e+01
-2.092071975411478491e+02
-4.613606554963801045e+02
-2.559296468681860404e+02
3.275291666146754466e+01
-1.069090711572061139e+02
-2.820348949575089819e+02
7.691973145238551979e+01
4.049342768488095601e+01
8.323119582273738715e+00
-3.165258135442404352e+01
2.560092466458937466e+01
3.231358637263046063e+01
-1.968773637370713345e+02
-1.774939956151685294e+01
7.557853043160321249e+01
-2.646297095759127274e+02
6.173264331622176115e+01
2.604182955822559364e+01
-2.367371831636863817e+02
-1.299021682355978839e+02
-5.248401194908251455e+01
-2.901561602055951425e+02
-8.596593585845960206e+01
2.703881339188839661e+01
2.180948173181769789e+01
6.298176384340196421e+01
7.392303200949814368e+01
-1.341290521665900712e+02
8.501593692793939283e+01
7.644027870134495117e+01
3.918394730498852141e+01
-1.360108236775840567e+02
8.576914391214658906e+01
-1.362036448058009626e+02
8.219727040912184179e+01
4.630209985459793387e+01
6.314439808534010012e+01
6.705146164253048369e+01
4.681231154956244467e+01
5.293949585315735007e+00
1.316352847005035756e+02
-4.815899046952640816e+01
5.005268222415479329e+01
9.438873681504981050e+01
1.501641118198296283e+02
1.196663171632571618e+02
1.239812823508016777e+02
-1.774459382629489568e+01
1.044034419058332048e+02
2.373128164437726184e+01
7.460673160205458032e+01
5.632786117609218479e+01
6.202905714538158577e+01
1.061210473313875156e+02
7.675027804946810761e+01
1.354113830171791903e+02
1.129959764757974057e+02
1.279478404399131080e+02
1.055947880711823359e+02
1.217992284320517768e+02
1.099409204286662884e+02
1.027658761114683585e+02
1.039024597827858543e+02
1.528414198604837964e+02
1.572487955574959813e+02
-5.656206120797335757e+00
1.338761594177512677e+02
1.249884960237817779e+02
1.442137285866153604e+02
1.187016858435706155e+02
1.260293286568561228e+02
1.503657587758955003e+02
1.452334218351982429e+02
1.219777675907861010e+02
1.063747378791630780e+02
1.707909810322802286e+02
1.288370009671896526e+02
7.103450916731380005e+01
1.463681085260380428e+02
1.181648181301026455e+02
1.617227307357752863e+02
9.278370773671004201e+01
1.218911821332034151e+02
1.278298818257487994e+02
1.177635530957223438e+02
1.137680045959697566e+02
1.403360285194172548e+02
1.149824393266666505e+02
1.151077188660058397e+02
1.352246187126731911e+02
1.264241904792678923e+02
1.154638697670775116e+02
1.234009244828629193e+02
1.582753749003360326e+02
1.533200267881202024e+02
1.032251747198769749e+02
1.128007107514579559e+02
1.247924114459721778e+02
5.621680961245496633e+01
1.509585231469062023e+02
1.501769974592154995e+02
1.216421331675319522e+02
1.353514226837868080e+02
9.360848767714151109e+01
1.584916471622056520e+02
1.210916973683466153e+02
1.696242570293507583e+02
1.450594192500958854e+02
1.196367814254119253e+02
1.310132106934826197e+02
1.220305682185218217e+02
1.269232789328686692e+02
1.555556831942029135e+02
1.375409451528516342e+02
1.367444738245374936e+02
1.242339992897907166e+02
1.596825618498531583e+02
1.647598443386075928e+02
1.691729395734945456e+02
1.488193582676727544e+02
1.591916794198152729e+02
1.426774235980419689e+02
3.972039019537325544e+01
1.205812736235934466e+02
1.578071352944784280e+02
1.341504589202722286e+02
1.202268595113406349e+02
1.388940350349731716e+02
1.485757740177270705e+02
1.252984477903599156e+02
1.534510816524638983e+02
1.444142729297952314e+02
7.987497799604567206e+01
4.647445566127524330e+01
9.993754388562798852e+01
7.888196953917207566e+01
4.331761879645097224e+01
5.941840352546938675e+01
1.570759574010388349e+02
1.549222337321458269e+02
1.150330472121504783e+02
9.958508821156380009e+01
1.181273666531618289e+02
-3.664311356662150132e+01
1.310049860566029452e+02
1.161258035839695140e+02
4.091037443530316864e+01
1.530857671981861756e+01
1.297964165970773536e+02
1.354105668577686288e+02
-3.097311992052553364e+01
4.866479721801226788e+01
1.485199160363792998e+02
4.847316737930180608e+01
1.517378444600746263e+02
1.398280187351568600e+02
6.172121438487533851e+01
6.412152702558663009e+01
1.318644090454939430e+02
1.594945555476363950e+02
1.234106148895969568e+02
1.527333227627490828e+02
1.045477491225163647e+01
1.536216328767779373e+02
1.400668790498831981e+02
1.549276289995510751e+02
1.315512397302485681e+02
1.611481750938100390e+02
1.455046265927701938e+02
1.373670778307817102e+02
5.241005023426473741e+01
1.490842484125857084e+02
1.717112136700806673e+02
1.099467387172500707e+02
1.424413377235840699e+02
1.536872519407758375e+02
1.082776653507415574e+02
1.071936738259503841e+02
1.313550032940087817e+02
1.186148952687977101e+02
1.360201476338596933e+02
1.615067661495951654e+02
2.499200367527265882e+02
1.383799794804718886e+02
6.829278521373245781e+01
2.723975780862271563e+02
1.436858109404994366e+00
1.855446436775463326e+01
-5.627389719177939753e+01
1.249221196504781375e+02
3.134672636765013465e+01
6.810614661309119811e+01
7.351293007824430958e+01
1.204307085621168909e+02
1.144256482386829248e+02
1.153936992347654353e+02
1.373161538446762790e+02
1.284926971477983102e+02
1.402291791699926193e+02
1.407097263752732204e+02
1.146792083905690447e+02
1.348098279973284264e+02
1.092310296162909822e+02
1.466451732125326544e+02
3.031243259835093795e+01
1.418208806581528734e+02
1.228391306682814559e+02
1.349873090961271487e+02
1.053180066040280849e+02
6.819451034444961124e+01
1.397963222514888173e+02
-2.292625947791194392e+02
5.633777450201903036e+01
1.666534787595998921e+02
1.614942717236903036e+02
1.412963001410631421e+02
1.006444455015534629e+02
4.586771130217712766e+01
5.608777980213986325e+01
1.358575945393414486e+02
1.436106744291060977e+02
1.464709446921906135e+02
1.449781523666470378e+02
-2.085270734253158764e+01
1.837246075135510068e+02
1.672611578594404307e+02
1.068846999445261190e+02
1.175009189371052116e+02
1.551619724234745377e+02
1.542422472829427988e+02
1.247138766633864435e+02
1.531906835032139327e+02
1.530770655337220205e+02
1.701447565305854539e+02
1.765387861697774667e+02
1.553497910414899366e+02
1.496385851533177913e+02
1.424067500746933774e+02
1.274621338472789631e+02
1.426825116846254389e+02
7.934603940548655032e+00
1.363922803450905974e+02
2.181346612061491896e+01
1.190448113431785515e+02
1.041066695917018023e+02
1.377014313173321511e+02
1.552779794302783500e+02
1.429904547726751787e+02
-9.203942042743662455e+01
1.598752234475565501e+02
1.501122829160165963e+02
1.183701984733079513e+02
1.533811317848696945e+02
4.522607951911496116e+01
6.517481353245102582e+01
1.652496868689578662e+02
1.473761415928396445e+02
1.454183772988993724e+02
1.414253535437325411e+02
3.620389558059298452e+01
1.440804419548115050e+02
1.256441638709952855e+02
1.269194578368402517e+02
1.717954917091416860e+02
1.656493478306322800e+02
6.178704021904269439e+01
1.430746737117317480e+02
3.502947257441073248e+01
1.514562802241396469e+02
1.679323899901361301e+02
1.173028241136935179e+02
1.672587103098122441e+01
1.527521586885125942e+02
1.169014927798403818e+02
1.679626273901154718e+02
1.580111011538442085e+02
7.303955788516948644e+01
1.426394758389903075e+02
1.250598787588437233e+02
1.317877408292214625e+02
1.482612957092355828e+02
1.471590334116384611e+02
1.330998211512876708e+02
2.683260867858280108e+01
1.367575443239033746e+02
1.375960587968549191e+02
1.495219840323967730e+02
1.250922838311529262e+02
1.511955141254142916e+02
1.305539316268078665e+02
1.465220059285200875e+02
1.386916202642582334e+02
1.250926609594411474e+02
1.592991810536762216e+02
7.603864077456094606e+00
1.272596012836511932e+02
1.763578953690013407e+02
1.661604225130323584e+02
1.356574075354676836e+02
1.597277536329733607e+02
1.568391337149229798e+02
1.268548859597514422e+02
1.674933564674792592e+02
7.799778326847112453e+01
1.087009260005054045e+01
1.668619858598597716e+02
1.742735692212172012e+02
1.556044680725294143e+02
1.645794581066262765e+02
1.305023515394272806e+02
9.601767317777236599e+01
1.484952536495338791e+02
1.392708511016439843e+02
1.201157284775906930e+02
1.597366991090875104e+02
8.000476776788018185e+01
5.809523946901009595e-01
1.114983972911971648e+02
1.624347764112278867e+02
1.495617353990864444e+02
1.541517908838436313e+02
1.534872814073564768e+02
1.432661714353622244e+02
1.415336190864122443e+02
1.353692245429047318e+02
1.200712785801346740e+02
1.356054993581900021e+02
1.365096256946347069e+02
1.649385389930322958e+02
1.467445821602803733e+02
1.701925303074737599e+02
1.501251112908910272e+02
5.293317709832854234e+01
5.791466964624780189e+01
1.142076347364260158e+02
1.083833541751985905e+02
1.736306697466939681e+02
1.667135852391333799e+02
1.665110759410025025e+02
1.786059998050877766e+02
1.370385712623714483e+02
1.421728891153772452e+02
3.693779695424598231e+01
1.879451381376656798e+02
1.777106243336968134e+02
5.813564948865456472e+01
8.466856369938142279e+01
1.548192162251757509e+02
1.261385942592952887e+02
1.740253857018664974e+02
1.514726468786781481e+02
1.694760265192185500e+02
1.750196736193194056e+02
1.467112834211894210e+02
1.618130256602137820e+02
1.178777759061615171e+02
8.881189437036753986e+01
1.328066557418717650e+02
5.913834494690942734e+01
1.291937715167983640e+02
1.757190947102876635e+02
1.058061282302101063e+02
4.778483680746984419e+01
9.986271289579590871e+01
1.451109108081901979e+02
1.690608676697246437e+02
1.569952075518732784e+02
4.110677267848029715e+01
1.462690818605475727e+02
1.360564583315288587e+02
1.762595330458343312e+01
1.251026780529598312e+02
1.363604803926331215e+02
1.679494161018912166e+02
1.121960224649438373e+02
1.435087832400134005e+02
1.526428621446038676e+02
1.556669426378005596e+02
1.122236756906605422e+02
1.223799136534765921e+02
1.504550984549199768e+02
1.613082216683136778e+02
1.798540665310817133e+02
1.143125431430211165e+02
1.527406512578190814e+02
2.060712358382518801e+02
1.398261720372786101e+02
1.436141409813392897e+02
1.838072543974870428e+02
5.415323981735525649e+00
1.574946414337641443e+02
1.173019288455895150e+02
-1.083205657718494308e+00
-1.439366317382237526e+00
1.611926373726346071e+02
8.755924965673784754e+00
1.709525463269378065e+02
1.549269427579654916e+02
1.859662783626723126e+01
2.711194514686468438e+00
1.363559644582996100e+02
2.363161420514498445e+01
1.048956928131441373e+02
1.068410445240905631e+02
8.271803593341330441e+01
4.678324994410337467e+01
2.361381467119323077e+02
9.298680151448570541e+01
1.365324902887942073e+02
1.537421050955985891e+02
1.398416941087591567e+02
2.366983627757687145e+02
1.424375692846924153e+02
1.182475383151547987e+02
1.254574262110512990e+02
1.218946281276627985e+02
1.392409539105649401e+02
1.002915755422114472e+02
1.531394812087062292e+02
1.484037352784832535e+02
1.371859925358782277e+02
1.149163594856321993e+02
5.275963844291339910e+00
9.010307438480136000e+01
1.652499605683480581e+02
1.477641483108257034e+02
1.213964454886610014e+02
1.355498092182981509e+02
1.371272201234528723e+02
1.287404168179797637e+01
1.529111037596017582e+02
1.312198269390661949e+02
1.527839760820860988e+02
1.370808516995668356e+02
1.532727928674864302e+02
1.182021337522878923e+02
1.423655610350601819e+02
1.271597809062008508e+02
1.485707784365552868e+02
1.377352026174669106e+02
-8.682028665813533053e+00
1.584344974371139472e+02
1.444128853875091920e+02
1.668210026717241874e+02
1.521803316876702468e+02
1.483726284088922114e+02
-7.693454831527475335e-01
7.131964748379033381e+01
1.488901062462636844e+02
1.242512588634079407e+02
1.541452983431250345e+02
4.808883101838554808e+01
1.613458621152259127e+02
6.837104154590528537e+01
1.316143290182514249e+02
1.477913818588307038e+02
1.407535729819251173e+02
1.236520924077999979e+02
1.726248837821022164e+02
1.362601461070190396e+02
1.167076083460078166e+02
1.754332350405848047e+02
1.485645918954879789e+02
2.712175878167187193e+00
1.750581686289824574e+02
1.445803034815176602e+02
7.797091513410995844e+01
1.132385532107344090e+02
1.840550320775851105e+02
1.266701986211262607e+02
9.364678028341235461e+01
1.363768190888572462e+02
1.203799584779292360e+02
1.616969484520098206e+02
9.549056238980010392e+01
1.428853018888019335e+02
1.665497508285371850e+02
1.405968736890101241e+02
1.460526458173372930e+02
1.180523479216002301e+02
1.450513685283182213e+02
1.248176560154146841e+02
1.042580942895662588e+02
1.243739594955687409e+02
1.102642676237199026e+02
1.297555931252818766e+02
1.337347829177921881e+02
1.470642473983951959e+02
1.137974734706678959e+02
1.525619754150195888e+02
1.028118341866997127e+02
7.120613938356257222e+01
1.397520291326034965e+02
9.232555575971490214e+01
9.482886330509288086e+01
2.368906509372461073e+02
6.424143806274415169e+00
6.659699470023589640e+01
1.007122599300789290e+02
9.159853054669312655e+01
1.230901248470834872e+02
1.158028859831595696e+02
1.520299022424234465e+02
5.955317057174715956e+01
1.325810434017347461e+02
1.197681291123802936e+02
1.394649727768523917e+02
1.233282366297971748e+02
1.522350240254449716e+02
9.256408852486711680e+01
7.527299830527272206e+01
3.385222207435978703e+01
6.395934765647522369e+01
1.630816199097727406e+02
1.529608360471526680e+02
9.177061089791298798e+01
2.186346201500253699e+02
1.239963158227619004e+02
1.621707946287999391e+02
-6.308915476541520917e+01
1.453320017693639556e+02
1.566438149123520702e+02
-6.077712336299182283e+01
1.697970623890865909e+02
1.500542984593206199e+02
9.484349378818326670e+01
1.856151590984454174e+02
1.027675343771608567e+02
1.456222122844668547e+02
1.814612964937634274e+02
1.139672261363317318e+02
1.722656584206296770e+02
1.115129060404580201e+02
1.107130054328179654e+02
1.528259890436734167e+02
1.584979277621877429e+02
2.745522940692281963e+02
1.442545359312733524e+02
1.426946214496921073e+02
4.799721529094904326e+01
1.758652107421886228e+02
1.809114352548909892e+02
1.339105982079877037e+02
1.386743795174888021e+02
1.610678768765789073e+02
-3.858703284601133987e+00
1.595701102200179093e+02
1.729490420294113733e+02
1.353280466169064766e+02
1.414323152144367839e+02
1.364739581134226114e+02
1.715581332481723393e+02
1.451532691984324686e+02
1.263617011620145547e+02
1.545441241878918959e+02
1.259281180667339299e+02
1.302482933253569968e+02
1.532453820923012984e+02
1.382859063828300634e+02
1.802448292260773997e+02
1.833129740050372334e+02
1.126849002254198808e+02
1.495231809252143762e+02
1.669267773679715674e+02
1.487040665109644237e+02
1.576378299460781705e+02
1.750771955394692725e+02
1.469079692085611555e+02
2.519635056446405770e+02
1.540787566277390965e+02
1.342241051058973653e+02
1.355686051156064025e+02
1.663180064509114686e+02
1.478822717932922046e+02
1.357488868699283842e+02
1.286850403778207124e+02
1.523997229569015701e+02
1.153773349395263779e+02
1.450357561912007611e+02
8.789553166566255982e+01
1.575884507315063843e+02
1.419425739229415910e+02
2.454489635411867710e+01
1.097899618485254223e+02
1.020788748462494198e+02
7.865114095751260948e+01
1.570783925608985214e+02
1.301073415814316832e+02
1.253027503437596266e+02
1.314313709447633585e+02
1.727978768853554072e+02
5.681828620892886761e+01
2.735714702128269948e+01
1.680723101887028292e+02
1.447017115007430164e+02
1.170569994740088191e+02
1.709929793101621271e+02
2.448673346733075959e+02
1.708098222343631960e+02
7.976894844841713450e+01
1.385241668491601956e+02
1.580352742399374790e+02
1.486085419032266657e+02
1.425749658807292235e+02
1.640889159634873522e+02
1.464305109284179309e+02
1.630237473866922358e+02
1.570658870851532356e+02
1.319824164028938753e+02
1.354742106246662559e+02
1.528096488133469677e+02
1.152767256180125628e+02
1.396518860733324914e+02
1.398199976156112427e+02
1.535339143468233658e+02
1.317663720027025818e+02
1.099186752714844744e+02
1.774096864533186420e+02
1.299161679821793882e+02
1.428958442573805598e+02
1.294613735071116594e+02
1.323750268298462629e+02
2.448857376994207868e+02
1.595172184572070933e+02
4.357609288374234779e+00
1.327272594203533345e+02
1.223326245359312168e+02
1.684047477943314561e+02
1.647643929422436599e+02
1.313387608943696989e+02
1.771664698110124334e+02
1.451968541851945531e+02
1.561394515459217871e+02
1.286839565923991984e+02
1.306820874516964750e+02
1.663557336431900637e+02
1.422922951556986959e+02
1.664117803892086442e+02
-7.424084466555029849e-01
1.759073442691872344e+02
1.185693942680788382e+02
1.337001537371574500e+02
1.508143002711746590e+02
1.305453399180242684e+02
1.545753873961266720e+02
1.782854352146488282e+02
1.374996586080016812e+02
1.188595471265255128e+02
1.629729602575128240e+02
1.366071055551651341e+02
1.237692304571034896e+02
1.405205962152471102e+02
1.381450570899382910e+02
1.436931991044505992e+02
1.607686380187128066e+02
1.563790037488477083e+02
1.399367184030920725e+02
1.506256851689941243e+02
2.652964684672891735e+02
1.699662032133912248e+02
1.551972416126785674e+02
1.672287594794762242e+02
1.464880548837849972e+02
2.361273878279043856e+02
1.886083007220133538e+02
1.338568528181457680e+02
1.613081318215407407e+02
1.854877115125551370e+02
1.287825742570364866e+02
1.501635053386075072e+02
2.962658137896348194e+02
1.850104862594561723e+02
1.797440559280140064e+02
1.450640853133857604e+02
1.881667511714184684e+02
1.775741247900838289e+02
1.566729802907151736e+02
1.656123848961044303e+02
1.721080646239495877e+02
2.235502033869873628e+01
2.486832732588240447e+00
1.369927481160038667e+02
1.506621346714380536e+02
1.404811223561545148e+02
1.444232040012949483e+02
1.529404799503676600e+02
1.446405942018729434e+02
1.680756024482757027e+02
1.871725028600508267e+02
1.720331914613036872e+02
1.595624852222395873e+02
1.441295918700713514e+02
1.300004433801178720e+02
1.405231619069031410e+02
1.690427788935522813e+02
1.898531537411197405e+02
2.373709567424769773e+02
1.478917433006512852e+02
1.633528346687748183e+02
1.809648720288164441e+02
1.156218690663363304e+02
1.564710735356467239e+02
1.349380651551799701e+02
1.433336127534973059e+02
1.360911300838197349e+02
1.550346376321926982e+02
2.777528353976162521e+02
1.268172623862528070e+02
1.633132956861186358e+02
1.658901540480692347e+02
1.779105876856605732e+02
1.287845997185299609e+02
1.847251412137467810e+02
1.458635190403716138e+02
5.753206223333575053e+01
1.539587224448387985e+02
1.380456061338605878e+02
1.471700947802366102e+02
1.151449753182761810e+02
1.685392491379163289e+02
1.452380810681223977e+02
2.479829483053845252e+02
1.529480663144416610e+02
1.444464609972221467e+02
1.499759968948471851e+02
1.514204560215551680e+02
1.555813368546151878e+02
1.209229029727648452e+02
2.632935803105862647e+02
1.434737908446309973e+02
1.401664296218792458e+02
1.397321343073666071e+02
1.812539882219977869e+02
1.708934559853467192e+02
1.670270133891468163e+02
1.512847339266280073e+02
1.598742067724244009e+02
1.363516100146729570e+02
1.517979228154009661e+02
1.341382961828787757e+02
1.540517239170958419e+02
1.581336743951382005e+02
2.544353374451255263e+02
1.276236479486655497e+02
2.699945610953019468e+02
1.490220557701714768e+02
1.422485973553657459e+02
1.327436730078235030e+02
1.217094417767845442e+02
-1.283022597360240695e+02
1.582014069563765872e+02
1.877252731432130872e+02
2.066568962048407343e+01
1.510531391229494886e+02
2.666268969539290765e+02
1.165722520786463861e+02
1.597075098516799585e+02
1.645648629472864002e+02
2.571757649517262507e+02
1.448547759339713537e+02
1.432647187627789549e+02
2.674099448384126276e+00
1.582469450334710928e+02
2.416490699088741962e+02
1.242747677581639039e+02
1.382175535215995410e+02
2.602304941167037100e+02
1.282382262103881487e+02
1.214437916728586089e+02
2.496586850492872998e+02
2.682136769366259159e+02
2.489492479080525413e+02
1.398412862132237819e+02
1.573854853946173478e+02
1.479085329355245619e+02
1.647119096127408113e+02
1.744154611396464816e+02
2.446621142499556072e+02
1.541819970090079153e+02
1.715041391173754732e+02
2.640995891616207700e+02
1.583274188683944885e+02
2.453038753883533900e+02
-3.921177962788001281e+01
1.582316050337208253e+02
2.227054709676178277e+02
2.385579921539910515e+02
1.454261659804255373e+02
2.526565570575515949e+02
2.436020177931196145e+02
2.522948704732487499e+02
2.542867371544507193e+02
1.335801805284127681e+02
1.296673152430815321e+02
1.437596264569964148e+02
2.661643842771706545e+02
2.695526726092253398e+02
1.429159759149580395e+02
1.431702740550186093e+02
1.476272685141013028e+02
2.601302342208811638e+02
2.450854843325768115e+02
2.470034563122663656e+02
2.683296948884819813e+02
6.750633761582099623e+01
2.471147118511865699e+02
2.524597461392600337e+02
2.455035531513362628e+02
2.594413658246950263e+02
2.656338824723538892e+02
2.578574707457382829e+02
2.759529147957568966e+02
2.529576788775831062e+02
1.113587430836640806e+02
1.614697809174118959e+02
1.531199033000533518e+02
2.665575702112969338e+02
1.509258625256169921e+02
2.585900563421647576e+02
2.181029209093742622e+02
2.386966966323156214e+02
2.790345488946651358e+02
2.287652285154419474e+02
1.458807706607346120e+02
2.173651115747223344e+02
1.627807481333950363e+02
2.562542488835453582e+02
2.749744824014354094e+02
1.225743667901264473e+02
1.721653062071545719e+02
1.770605450510045102e+02
1.579377940042015211e+02
2.620819962649467811e+02
2.583526213026104870e+02
2.532710399537777164e+02
2.404392884297165836e+02
1.057537678650762132e+02
2.524185643498874185e+02
2.931808861069073373e+02
1.363185525582975401e+02
2.654793682823316203e+02
2.357566124536528491e+02
2.573503977881109677e+02
2.540022928018991024e+02
1.144180034530099590e+02
2.474895410722670590e+02
2.880442890042749937e+01
2.539660299158697114e+02
1.467190233857259898e+02
2.425152866494619275e+02
2.583090490969817097e+02
1.230413755412089358e+02
2.625502478104885995e+02
-2.021577642651075735e+01
2.166201185995266769e+02
-4.308213515769264035e+01
2.016026786135096813e+02
2.739849355951559460e+02
1.080299152486708181e+02
2.212923446015460627e+02
2.046651678414638980e+02
2.563460739943911335e+02
1.640868170010245422e+02
2.764506097610367306e+02
2.402341031696994662e+02
2.542062633842351715e+02
-1.519058311003560924e+01
6.156061601583061815e+00
2.776777449981672703e+02
1.601371231683269798e+02
2.227608928987336583e+02
3.530669094477553926e+01
1.434861048781338582e+02
2.503839163720549550e+02
2.784054038510439568e+02
2.770714624331115488e+02
2.748666804337767644e+02
2.531818175785095093e+02
2.662921350090051078e+02
2.411057081280926582e+02
2.595533534888539862e+02
2.820578593937968890e+02
2.449012128332427665e+02
2.547349271649869138e+02
2.318090421962959908e+02
2.611741856160894599e+02
2.853498857631033161e+02
2.528308704462479284e+02
-6.537784516222586717e+00
-3.601247468014167907e+01
1.348215459400787495e+02
2.755834668666084326e+02
2.808555751334403112e+02
2.655399561127044308e+02
2.309787095647721458e+02
1.498243801153173251e+02
2.326849308046234057e+02
2.423713248098692361e+02
2.121191115121845883e+02
2.277494242047334581e+02
2.247142020815961985e+02
-8.526762550719736566e+01
1.339714989522588553e+02
2.409123145012592317e+02
2.323051392889685758e+02
2.817168948462806952e+02
2.790502292628212899e+02
9.616522939930210612e+01
-1.082964125827835744e+01
2.185340178618680795e+02
2.050564699360563736e+02
3.524521422137155469e+01
1.529818603673099062e+02
2.598813937286282112e+02
2.561137058078919608e+02
2.684139315785475901e+02
2.599568826162503115e+02
1.282872571462556266e+02
2.409952115281401746e+02
2.260891986050646096e+02
2.672728064056478843e+02
2.706760437301356887e+02
2.180770533657834847e+02
2.582081708751217093e+02
1.391997575845949200e+02
3.664607697177488888e+01
1.333178600075290490e+02
2.312380329808330259e+02
1.406227282396975227e+02
2.729297251597434979e+02
2.524559419266659432e+01
1.219050105720510686e+02
2.307200129155378932e+02
2.498071545853658790e+02
5.722332587406273774e+01
2.571064858567133911e+02
2.236772779959173647e+02
2.621371103575503980e+02
2.757100941486212378e+02
2.725787629361111044e+02
2.773520963009692082e+02
2.464769553043275891e+02
2.505028133635291283e+02
2.475019492163703489e+02
2.821237359378833389e+02
2.668673849469370225e+02
2.411120353521585287e+02
2.336787950314687521e+02
2.476273705857388165e+02
1.590274649655441976e+02
2.314270597914992322e+02
2.538084811812709916e+02
2.368676815318962952e+02
8.268730718987964678e+01
2.423817165060478374e+02
2.580012163615378427e+02
2.201998524909831758e+02
2.496319573214924219e+02
2.228856857745826687e+02
2.509630535491221224e+02
2.726767601004989956e+02
2.269060863899107403e+02
2.271396484711671633e+02
2.382564150507303680e+02
2.712416720453596781e+02
2.349318590373572988e+02
2.295072372889982830e+02
1.373725138185035632e+02
2.460020306773504899e+02
2.580306100902292883e+02
-1.611121555438847395e+02
2.715350659179315471e+02
2.635196082008313283e+02
2.827098222307088236e+02
2.577358078915517581e+02
1.163597786076145439e+02
2.750203252129228986e+02
2.557400841939414136e+02
7.456324632550436604e+01
2.930126838918351382e+02
2.461969537393322867e+02
2.874151620323228826e+02
2.666507967045493501e+02
2.756758007609106471e+02
2.488406389845060289e+02
2.707071180247413622e+02
2.223029184079749996e+02
2.701810519007836433e+02
2.725007031896194576e+02
2.269503035491894138e+02
2.787995710500687210e+02
2.429624619510647108e+02
2.456347476840387287e+02
2.493791979460643233e+02
-6.899997406821513835e+01
2.573853393133417171e+02
2.533005124579175344e+02
2.514486026995750194e+02
2.477757411565756627e+02
2.340763930458897732e+02
2.302023379184110468e+02
2.528611702773378909e+02
2.201986121813111765e+02
2.151218531677948249e+02
2.307117697157270015e+02
2.455751409245071670e+02
2.759776476905819891e+02
2.371983542186336251e+02
2.704870077239296506e+02
2.691471070019362060e+02
2.923431580075949796e+02
2.744653041186660403e+02
1.111986559915249906e+01
2.770808496342591525e+02
2.298204393512486661e+02
2.540131347315828805e+02
2.212975002790076928e+02
2.793186617629992838e+02
2.100210435249215379e+02
2.524910588757234962e+02
2.722017879562080225e+02
2.681918794688888283e+02
2.806515312539835350e+02
1.497337251034841188e+02
2.915280445787431631e+02
2.712795590051135832e+02
2.633580074406099811e+02
2.678610849499582400e+02
2.704024073006903564e+02
2.573087785794947422e+02
2.808941297222993398e+02
2.748511116388054347e+02
2.424396626851676331e+02
-3.737471760632679008e+01
-3.400801701037822795e+02
2.727047293931445893e+02
2.121257968439392130e+02
2.209483013559034816e+02
2.425542269162783668e+02
2.378979830151010333e+02
2.347481172036645489e+02
-4.640696712237935628e+01
2.479474763550348086e+02
2.485848343977156105e+02
-4.674429786557005428e+01
1.127338076880375581e+02
2.614113405735795368e+02
-5.513333765711976753e+00
2.390465517470838392e+02
2.803078456723379759e+02
3.295734058253304966e+01
2.470033687994711897e+02
2.410460910439828979e+02
1.869845750638507411e+02
2.811888333228602619e+02
2.678326873684941916e+02
7.340798648166131102e+01
2.186848118013741669e+02
2.745318544792486932e+02
2.128980021575223702e+02
2.897213829033233878e+02
2.301265229272520969e+02
1.699192422397278435e+01
-1.884183064156208047e+02
7.962959483155395901e+01
2.368931421758816782e+02
2.715984506564331014e+02
2.495368109267539296e+02
2.532154950666586899e+02
2.111585354172568998e+02
2.494097761128238915e+02
2.903057191548442688e+02
2.665993469569864374e+02
8.844534371987937504e+01
2.368086345440401317e+02
2.533831644914538401e+02
2.314737005269160477e+02
2.624361078627589450e+02
2.386030934484566046e+02
2.913702665240360261e+02
2.695354849583816303e+02
5.653277177597924208e+01
2.886770890330087695e+02
2.719685956213420468e+02
2.469283837097622438e+02
2.643124404577243922e+02
2.640783834372606975e+02
2.487215617217020167e+02
2.605485080356437493e+02
2.554748513870866304e+02
2.609973990738909606e+02
2.402206609924709255e+02
2.480267182843321052e+02
2.434837636652735284e+02
2.580172296856827074e+02
2.396024420025103154e+02
2.313205762813661011e+02
2.381530798556982518e+02
2.765497573203005004e+02
2.676502203903501140e+02
2.625832393454300586e+02
2.935928100600837070e+02
1.544117088106571316e+02
2.768360804426635582e+02
2.244882276687599187e+02
2.726080988622111931e+02
2.335284050861167486e+02
2.797777002177789427e+02
2.766245560619569233e+02
2.135422269810280227e+02
2.243207698800590038e+02
1.251333706326065993e+02
2.338154232325377677e+02
2.759022226108037330e+02
2.496634401016564482e+02
2.608011882112650710e+02
2.376220163023020007e+02
2.896100950653728319e+02
2.567863205708800365e+02
2.515868524290957851e+02
2.870469798560495747e+02
2.698532818662159798e+02
2.788476534621161704e+02
1.742125311972110353e+02
2.866032459363085536e+02
2.144621257353004466e+02
1.344198168098641872e+02
2.694423349683768265e+02
2.867534104561648292e+02
2.628744554204357655e+02
1.114310953843202583e+02
2.739246387144511914e+02
2.623682172347084816e+02
9.106229115170420130e+01
2.706960828536332428e+02
2.771246359517052724e+02
2.176707952942250017e+02
1.159906809683847939e+02
2.780923590636706990e+02
1.284302912646213883e+02
1.874303105680762656e+02
2.464513278779350003e+02
1.177023415048303718e+02
2.525928212815063318e+02
2.334322466599611232e+02
2.701156410763430813e+02
1.637100614464594059e+02
-1.647350694689306749e+01
2.565041450640060816e+02
2.207324896604192759e+02
2.490639464896775905e+02
2.530948396176198969e+02
1.164303184483735123e+02
2.780729837226703012e+02
2.731260248092313532e+02
2.692156625161272814e+02
1.045564193431717968e+02
2.458928107370285829e+02
2.313717501990192034e+02
2.631065842059448983e+02
2.673105308660938135e+02
2.344264240873174003e+02
2.680104224353383415e+02
2.443621476785441757e+02
2.631054145820713188e+02
1.205153784397293748e+02
2.679333685655576573e+02
9.061309374133827532e+01
2.522634389976801685e+02
2.740162119704089037e+02
1.031928643722740873e+02
2.211974158653598579e+02
1.528169261743415461e+02
1.209782170499255471e+02
1.291040558513801386e+02
2.707352036239912536e+02
2.629553068221293870e+02
2.706494347615881679e+02
1.885336462258188135e+02
2.691677070493604447e+02
1.662924725067010741e+02
2.618557704691800154e+02
1.200640095982600286e+02
1.024305462404625331e+02
2.464170341747074247e+02
2.364589483055187316e+02
2.245798620442949982e+02
2.057823336009775517e+00
1.326109285924026153e+02
2.929820816993125163e+02
3.220340976182870918e+01
1.393008706253701234e+02
2.255658368145748227e+02
1.087798633409434075e+02
2.589868270609206320e+02
2.680643625064096796e+02
2.153451967498905901e+02
2.460347131404409708e+02
1.099109737265820854e+02
1.157688644409441281e+02
2.490711024902102793e+02
2.393863920804980694e+01
-2.121744133779226615e+01
-7.702462276835774446e+00
2.819661552952177317e+02
-3.426447582247898538e+01
1.733648467194946363e+02
-1.283468655378012713e+01
2.532489210709613019e+02
2.494408663722477115e+02
7.784614220984094857e+01
1.015704627032794605e+02
2.233034572021931581e+02
2.682221713999953181e+02
2.000790009343837710e+02
2.818304396932828126e+02
2.231470737350013565e+02
2.743070151637047047e+02
2.584025029602901213e+02
1.493907756498203412e+02
2.517746056653471101e+02
1.992444171474441461e+01
2.406702867393316865e+02
2.580485070187714882e+02
1.309981101511223187e+02
8.065381708106230008e+01
2.574944725600535094e+02
-1.663638553298349620e+01
2.517268448760016213e+02
2.401685071045088478e+02
-8.824638358121589476e+00
2.660135200071288182e+02
1.339008038297233725e+02
2.749935549666715815e+02
-3.046050660712436411e+02
2.859401038739167689e+02
2.451832577335573262e+02
-1.969021767396475866e+02
2.124406502809229096e+02
1.962672859749442296e+02
5.408032311513075996e+01
2.572137653897963219e+02
2.503506223802665431e+02
1.627829516973104660e+02
1.563630156097499651e+02
2.856481733866164632e+02
4.613333397676157688e+00
1.140100901163292804e+02
1.347613076328737236e+02
2.411420797734284918e+02
2.518478215548001060e+02
2.408664488041277991e+02
2.444128339053622483e+02
2.520232488274301375e+02
2.401149468720176117e+02
1.072348504768795152e+02
2.558240504040101939e+02
1.995022793036853272e+02
-2.870781099832385053e+01
2.072606621269693221e+02
-2.247104681586316133e+01
2.711376868599248837e+02
2.681818850164029868e+02
1.835634790989713565e+02
-2.507770869782706313e+01
2.055308583736904211e+02
2.593593091197511740e+02
2.769506627706222162e+02
2.453469155767627115e+02
1.267953644597557314e+02
2.598514515006903594e+02
-3.734329798319349436e+01
2.819046859143408028e+02
2.542190007339206943e+02
2.195818865009416356e+02
2.271159126316931633e+02
2.442062132389694113e+02
2.475554406748443910e+02
2.090627508561788090e+02
2.670662602762284337e+02
2.716282940208768082e+02
8.635250123011776680e+01
2.734990299921207679e+02
1.366362503987760988e+02
2.606202273377290339e+02
2.166554474317824486e+02
-2.295752718333363873e+01
-9.128999078346836882e+01
2.664302613032607496e+02
2.641766417136020664e+02
2.930149994995801421e+02
2.626736020095489152e+02
1.880562366918165367e+02
2.570075906086060513e+02
2.671888340901195988e+02
2.207938090044433466e+02
2.759160599489118226e+02
1.092033036866683062e+02
2.423788715585125999e+02
1.959596683944492952e+02
7.851955228747996784e+00
2.381334108381415717e+02
1.417442600564446877e+02
2.548211781044162194e+02
1.500005863364180811e+02
2.424343784179922352e+02
2.321552183271710987e+02
2.595844409122040588e+02
2.085926924926714037e+02
2.673084952544353996e+02
-2.549615264047156415e+01
2.540751850486606997e+02
2.158218055944590787e+02
1.067334688600317065e+02
1.009719688593638551e+02
1.143095991210806943e+02
1.627538705406351838e+01
1.253903683883348208e+02
-5.648950955727546841e+01
-2.817416547314898878e+01
1.323988505659510793e+02
9.673669468693397278e+01
1.233313789546021866e+02
1.191400344264892510e+02
2.344857723804232705e+02
1.293798526948630183e+02
2.414989634337656526e+02
2.390736341806288010e+02
2.022168344351431131e+02
1.085908425843303320e+02
2.733919272007696009e+02
1.988863562970440455e+02
2.424249141454606331e+02
2.281497159078213883e+02
1.129551638794118134e+02
2.685089590650622995e+02
1.838252769665880919e+02
2.078273853373324869e+02
2.529850214902120626e+02
2.429266140755273113e+02
2.616836534854256797e+02
2.151013323864283677e+01
2.768509099394283339e+02
2.738547366741476026e+02
1.240841953059203320e+02
2.451465424721758666e+02
2.494447095705661184e+02
2.491796210818523036e+02
-3.412637522115102229e+01
2.157033327458206031e+02
1.224151117091038543e+02
2.425996103858987283e+02
1.066153216957174550e+02
1.406793350836231866e+02
2.597612859513928925e+02
2.677835683852144939e+02
2.678397276393029642e+02
2.618141812908248767e+02
2.810659506041920963e+02
2.157892395543277075e+02
2.472968862116722448e+02
2.632319815319229974e+02
2.343554922687381179e+02
1.452161887190665368e+02
2.680100649206879098e+02
2.224620076488622828e+02
2.278041433802870301e+02
8.907013853354986566e+01
2.310868507693564595e+02
2.385522109935554340e+02
2.197363004561111666e+02
-1.447346469302647876e+01
2.454374883385332282e+02
2.234825553187965852e+02
1.974175415438241430e+02
6.059313275954339417e+01
2.242641533511058185e+02
6.675322878498008095e+00
3.761061155190186156e+01
1.365016798188799214e+02
6.303114486151917362e+01
2.263232763820894888e+02
1.926854176501424263e+02
1.856020118373706396e+02
2.483184300894064336e+02
2.434524629245088647e+02
2.154619233269542065e+02
2.187660167899532553e+02
2.667929785913697742e+02
-2.592215518440241340e+00
2.752238124465787905e+02
1.052243165237590290e+02
2.441846781888398823e+02
2.290896640577306300e+02
2.532112088380484067e+02
2.546592884816871276e+02
1.386680215970880568e+02
2.497260757833671505e+02
2.758475513940862811e+02
2.834506180991048723e+02
2.680054226305338716e+02
2.608003781351335988e+02
9.381502488678849261e+01
1.367984645652967970e+02
2.683844350474983003e+02
2.088793628929290662e+02
2.547412552226150524e+02
2.560144969606481027e+02
1.015258501344062694e+02
2.180178153988459826e+02
2.070605829168514447e+02
2.472677730484201106e+02
2.620804778333177865e+02
2.798736609375956732e+02
1.035700304275871844e+02
1.102496640900205733e+02
2.675423309326052959e+02
2.452330311987063851e+02
2.829882150401139711e+02
2.380017709941806459e+02
2.323887708355732684e+02
1.202895332283390246e+02
2.579486587606174908e+02
2.374357389249951780e+02
1.405848826670028302e+02
1.947790476522275469e+02
2.641917703941742843e+02
8.497943868881293383e+01
2.487102580397765053e+02
1.978867411845355093e+02
1.947192761361359885e+02
2.645514791823389942e+02
2.625465934465748319e+02
2.543087301163996301e+02
2.516548697551941984e+02
2.435352026857628402e+02
1.405047343035880658e+02
1.393981249408397787e+02
2.231360760314888125e+01
2.699236755545439337e+02
1.632358536757465686e+02
2.444434917919099064e+02
2.454858952914617589e+02
2.483602827292205575e+02
2.087354705234898802e+02
2.814070591543820683e+02
1.068892319554942105e+02
2.166240971333075649e+01
2.756729581792237127e+02
2.295827744865922853e+02
1.971519561148848254e+02
2.410581199924562839e+02
1.724587000804033892e+02
2.693080019502027653e+02
2.249814220739736470e+02
1.173327785469654145e+02
2.448583610727966402e+02
2.580139995828810129e+02
2.302167544707384366e+02
2.060415153184483188e+02
1.426502967317476589e+02
2.182519514779426970e+02
2.330545576040852893e+02
2.741146470273154705e+02
1.552007674137514925e+02
2.228740056340915885e+02
1.484713903636081511e+02
2.730360992927771804e+02
7.253600800837256557e-02
1.263546862188444919e+02
2.559532581752881129e+02
1.966880762847608253e+02
2.431181273757183590e+02
2.402792404670455539e+02
1.234752304756704149e+02
2.715436773578043130e+02
1.976743657848455769e+02
1.719445779099312404e+02
2.246896938602246223e+02
1.875703755860955368e+02
2.706014866544685447e+02
2.687799600632995407e+02
2.468005486576111025e+02
2.445977508007610766e+02
2.617500106275398366e+02
2.659832442241240642e+02
2.614821588992856505e+02
2.022596519127569934e+02
9.715551967726597127e+01
2.700222261724895247e+02
2.256525531424812812e+02
1.693213401062425305e+02
2.445326076980649077e+02
2.704792590891464670e+02
2.308912623283182199e+02
1.115621369144978985e+02
2.540342882186218390e+02
2.289623799169283984e+02
1.393658917390035867e+02
9.834270434308302811e+01
2.113203954276756349e+02
2.540496027812209263e+02
2.215729832001653392e+02
2.477785160914631035e+02
2.376060697637616101e+02
8.342587674180961699e+00
2.398344573551912049e+02
1.226012508661182778e+02
2.514471634443996777e+02
2.198212626151590143e+02
9.407536265466605130e+01
2.590715157147236596e+02
2.144193105739225302e+02
2.653716458303657646e+02
2.156260793789824675e+02
1.205441637298665825e+02
2.430236042943914754e+02
2.322562154094404434e+02
2.743982898053075132e+02
2.530750133179311661e+02
2.377524904131167887e+02
2.679991711903750229e+02
2.773369542413175850e+02
2.269072800954477316e+02
1.997619959477478915e+02
2.051834768822697583e+02
2.385588305674097569e+02
2.320230052459080525e+02
2.478274857529452788e+02
2.535989311923912908e+02
2.663153961945697574e+02
2.557808260676356724e+02
2.148912222067456241e+02
2.783469299834109165e+02
2.511954226842688058e+02
7.574401323287467847e+01
2.773278928047353702e+02
2.337207355056364122e+02
2.581402643659904470e+02
2.716420460516895901e+02
2.356019712208878900e+02
1.804339243277009643e+02
2.052470409529815925e+02
2.139851235649292391e+02
-6.045865111665331426e+01
2.845484078504727563e+02
2.800681300852487539e+02
1.045756261583706959e+02
2.804827743151130335e+02
2.528446924267353211e+02
1.028054786596532182e+02
1.761475138792793587e+02
1.831787280302069689e+02
2.817819897640135878e+02
1.181533246690245278e+02
1.910760907209739230e+02
1.911169973246422273e+02
2.435749160757171410e+02
2.189741117941948119e+02
2.246942039345505577e+02
2.625059843345296713e+02
2.562883556552963000e+02
2.655970518096858086e+02
2.575624981474074957e+02
2.252021540286102095e+02
2.136738405875906324e+02
2.843242470567846567e+02
2.183853359442648525e+02
1.119565285669568766e+02
2.317416732305889866e+02
2.634787169016406096e+02
2.525101404421798179e+02
2.493244751989267343e+02
2.699471199329188948e+02
2.484275688860109028e+02
2.878530923380197919e+02
1.292906799960611011e+02
2.246841008841996370e+02
2.782732871059463946e+02
2.910540594821414970e+02
2.535755065022875669e+02
2.079392169657555769e+02
-3.815493009405716407e+01
2.540836948330366454e+02
2.283818765573765575e+02
2.229421222919681043e+02
1.326763175737364975e+02
2.843150543259566234e+02
2.875103115410011014e+02
2.690693679155343716e+02
2.875062932252277506e+02
2.428686773573679716e+02
2.672832742508760475e+02
2.187734220624237480e+02
2.743834129397622519e+02
2.529173861196779569e+02
2.585964179845482249e+02
2.752813820195754033e+02
1.920706662138103695e+02
2.736751323883413534e+02
2.924632776253032489e+02
2.865889647094036263e+02
3.057509895131161102e+02
2.364491560784329636e+02
2.660477249652066689e+02
2.729935061418226496e+02
2.943616873364321691e+02
2.701957353376865285e+02
2.504140672631893096e+02
2.273982815195577132e+02
2.945886648768315581e+02
2.599491480728557917e+02
2.359399807302990553e+02
2.812202548896694907e+02
2.578623132586528754e+02
2.840008935647739463e+02
2.292914139126706345e+02
1.981668075899839607e+02
2.330010309362395731e+02
2.648728409707765650e+02
2.726835594632493667e+02
2.372317095669775142e+02
2.682244407886548743e+02
2.767551211289326147e+02
2.682527368412203259e+02
2.577021928053705437e+02
2.748413197804305810e+02
2.459110571003192831e+02
1.005645168493355754e+02
2.736398893482227095e+02
2.025046897441468730e+02
2.716340089997646601e+02
2.400613249669500817e+02
2.688434372984858101e+02
2.754351991605042826e+02
2.687826843621296007e+02
2.607805058470662516e+02
2.740769129088928366e+02
2.614416696944033447e+02
2.126997630799729109e+02
2.003264264054937627e+01
2.073388019759358656e+02
2.575949865128948204e+02
2.686807589606466422e+02
2.550407761491097745e+02
2.761614698086526687e+02
2.773750549343438934e+02
2.837453824256797361e+02
2.455299345265978843e+02
2.778435024058020986e+02
2.200215049297744372e+02
2.873120154903130583e+02
8.306452648235519121e+01
2.783329543266847281e+02
2.733636620147614167e+02
2.725374669753823582e+02
2.779738608473927570e+02
2.547098697665704208e+02
2.661912453629761899e+02
2.564800466197150399e+02
1.094030352773365564e+02
2.667382608621600184e+02
2.433840626372741269e+02
1.122673230458667177e+02
1.616485157905388803e+02
2.664304358527643899e+02
2.363061314051068678e+02
2.652405680393388252e+02
2.738049300944157380e+02
2.671868918370665256e+02
2.151376127196481605e+02
2.734731764488392969e+02
2.696933449454768379e+02
1.849512255782396437e+02
2.618220146017898742e+02
2.694725921825330488e+02
2.524636859472445281e+02
2.563294451392469000e+02
2.667507960384759826e+02
2.595060473870535702e+02
-5.504664612244880573e-02
2.758977335547343159e+02
2.677915873710718415e+02
2.283621042915618489e+02
2.451800480041916614e+02
5.646516485008589825e+00
1.296495909172981271e+02
6.406065944765170173e+01
2.504223444945419317e+02
2.031238438948917064e+02
2.668990906417592441e+02
2.503791585921367471e+02
7.520471683255208006e+01
2.849523629237988871e+02
2.507536439589219412e+02
2.094711107049450050e+02
2.886327443548326528e+02
2.555993734554885464e+02
2.260452685319398540e+02
2.480394709907667732e+02
1.233724652254222320e+02
2.604878879798457092e+02
2.676449926187408437e+02
2.780081828716527070e+02
2.701890977582910978e+02
2.717084985992238444e+02
2.363600432440572376e+02
2.329663963852428310e+02
2.586369953605190517e+02
2.649693811590403243e+02
1.983962457320159842e+02
2.331142688448387617e+02
2.142654599073418922e+02
2.914887445383685645e+02
2.055955618808395116e+02
2.845489485030776677e+02
2.115386344790560713e+02
2.706122493431054181e+02
2.842576722893077772e+02
2.475175200710241370e+02
2.632132084374827627e+02
2.664427386534037510e+02
2.693486943542526433e+02
2.581168449733420402e+02
2.498728169271794286e+02
8.048749883857361453e+01
2.607430439937792244e+02
-2.657186071056786147e+01
2.020336053563153769e+02
2.126203331692161385e+02
2.587939732436538520e+02
2.608986274181329463e+02
2.649498723119851888e+02
8.816113333995667745e+01
2.759656663391033362e+02
2.716143312694023280e+02
2.183903513074020566e+02
2.251838029422778220e+02
1.987047397564373910e+02
2.835766857859254060e+02
2.742048814771629850e+02
1.946077245376018254e+02
2.485037633972180231e+02
2.133539812045133317e+02
2.249787513012322506e+02
1.123051693157007520e+02
2.357867338126314962e+02
2.235047495666593136e+02
-1.272401289662506514e+02
2.405629016470153658e+02
2.155105876268634120e+02
2.348796400742010633e+02
1.147356846277146474e+02
2.481235056763626687e+02
2.781717493876063827e+02
-5.578640439710986954e+01
1.038292860453946673e+02
2.352812099069703891e+02
2.004393734287405096e+02
2.664251452499300967e+02
2.927969655093370989e+02
2.489674818332581765e+02
2.135106392083181674e+02
2.856203482415434678e+02
2.930936839685637665e+02
-1.264903666472189059e+01
2.673360267720340744e+02
2.739695861049125369e+02
2.495955561754136625e+02
2.733530380027550564e+02
3.094069968478512465e+02
2.232464773340493025e+02
1.527316204917459004e+02
2.512939037929430413e+02
2.457153048844561170e+02
2.425646428406786015e+02
1.672214763956483807e+01
3.031398297247255869e+02
2.908869221270962271e+02
2.016881484057074658e+02
2.803853208378423005e+02
2.641988620300229513e+02
1.219061049952535853e+02
2.442474973753611494e+02
2.419435677862267369e+02
2.200031360605544251e+02
2.912242102833910167e+02
2.377389753348380736e+02
2.888598884219157412e+02
2.478016863644152465e+02
2.312180671754677235e+02
2.995714173642429614e+02
5.491817504393203819e+01
1.031420049168180384e+02
2.448182008226057462e+02
6.373812524581408923e+01
2.933314590488371323e+02
1.939589061902829599e+02
1.017944876240951260e+02
2.383649519293872743e+02
-5.932709017720539890e+01
2.613415722640087324e+02
2.373442238614504447e+02
2.721395075961982002e+02
-5.436811111969265653e+01
3.980241412178193627e+01
2.268701933538745550e+02
1.782035748676749449e+02
1.215175164540141850e+02
-1.039234028368325937e+02
1.476314821903944789e+02
1.818879185840334571e+02
-5.658955807024696583e+00
1.050521272677495546e+02
-1.848551426700245770e+01
2.679372723809472063e+02
1.533245782352280173e+02
1.341592594692438922e+02
1.982651295108535123e+02
1.541953831957382590e+02
2.903911823675618962e+02
6.797031459808948739e+01
1.817093071154499739e+02
7.120299264945052187e+01
2.758176826418446126e+02
-3.234251227673419748e+01
2.374508768010404367e+02
-2.340533669866836419e+01
2.374256999042916902e+02
2.219329436220984917e+02
2.280784153200898459e+02
-1.237579747876644944e+02
2.637797275579869734e+02
5.056926887461523279e+01
-8.435084048435271598e+00
1.139294955354172600e+02
2.129303268756378884e+02
2.006821295745240832e+02
2.208732386488359225e+02
2.408547109328523277e+02
2.312678227223474039e+02
2.132611568697381585e+02
1.824513915826706523e+02
2.453591117855869754e+02
2.012061521057757716e+02
2.342978048504483297e+02
2.151801786656368165e+02
6.733036750538440174e+01
1.262874770973175060e+02
1.025848142574224511e+02
1.657702258593511715e+02
1.861365424075724491e+02
-2.934763375436143917e+01
1.617009543537991760e+02
-4.480192583506944715e+01
-4.833635392491110139e+01
2.012387187802292488e+02
7.615710453113281631e+01
2.427971696210867094e+02
2.085208331606777392e+02
2.184655099423897866e+02
2.469925754253452794e+02
-7.330389990047687832e+01
2.317263250677880251e+02
1.955605518986003517e+02
1.671087324030504817e+02
1.248724921312266218e+02
2.568191849261019115e+02
2.090388414732854017e+02
1.619828047837704332e+01
2.698748568096356735e+02
2.507566789409397074e+02
-1.252914052383543719e+01
2.342782092927963618e+02
2.223732562218850717e+02
2.743618867547270952e+02
-6.140890862787726689e+01
-6.133248579572062198e+01
-3.690588594455268634e+01
2.799361541672526528e+02
3.025726154107448451e+01
-5.713369550184745549e+01
2.445861807335986668e+02
2.925495729236893112e+02
1.946739819705837533e+02
-2.985884670221558679e+01
2.400079092856173588e+02
2.431876953817748017e+02
7.047664874688578607e+01
2.697386200833520888e+02
2.369823442521662855e+02
-1.575597595260336448e+01
2.195666438874729920e+02
1.055040844480933089e+02
2.548519218302540423e+02
1.467793553628898167e+02
2.723076235769635787e+02
2.367981531734619978e+02
-1.753002917806770711e+01
2.917377002323499937e+02
-8.210768747572922166e+01
1.656444149305655174e+02
2.161749175981775863e+02
2.685083309934950648e+02
2.095591410194547279e+02
-2.219649038828491427e+01
2.683162682459006874e+02
2.669811869730967828e+02
2.179236158840162716e+02
-1.233317329482622426e+01
1.833459140449574818e+02
-4.344119445852678751e+01
2.488422333964512063e+02
1.802477376026033653e+02
1.729922665824640831e+02
1.961808653940585998e+02
-6.116998871982038111e+01
2.492984518724445024e+02
1.261039950437231170e+02
-5.132742487098877859e+01
1.328496080887652511e+02
2.166147429565261859e+02
2.082582837961136306e+02
2.468117064687503444e+02
1.827559450920246604e+02
-1.013607949446553391e+01
2.540435206342056063e+02
-4.523268410654043947e+01
2.240783570553190884e+02
6.577590001627842753e+01
-1.292367470080949943e+02
2.485082340705126569e+02
2.376645804137065170e+02
2.677164471948079836e+02
2.564559395693412966e+02
7.143980207014844552e+01
1.926423380639600396e+02
3.344957072067245463e+01
2.314044884939198994e+02
6.583775668213684185e+01
2.661953653428591906e+02
-2.545846838696354553e+01
2.576446652988389587e+02
1.302065442997162279e+02
2.631475402820921090e+02
2.041509630686191485e+02
2.711729299954389489e+02
2.403125385911756666e+02
1.762236791087948404e+02
-3.772111368033152701e+01
2.091420138388942576e+02
-2.379717151739815506e+01
1.900598353657368307e+02
2.315954165634449851e+02
1.530087035852701547e+02
2.315709074881711445e+02
2.053016783637156095e+02
-2.017622897428152839e+01
7.337443573994929125e+01
2.553384372572701295e+02
-4.856932902819294640e+01
-7.199630898786745092e+01
1.833931263116564310e+02
2.426368776281859709e+02
2.807241378953379467e+02
7.248437984412093726e+01
2.139379302547607438e+02
1.995957792656525953e+02
2.695968484241743681e+02
-3.018014949829370153e+01
-1.955607145754711951e+01
2.574289158376786872e+02
2.647927273388309573e+02
8.430001539766666951e+01
2.306435536654265945e+02
2.525687326572603411e+02
-1.539676246583746320e+02
2.453092010801713059e+02
2.677256164554555653e+02
1.878538267391521970e+02
2.493822636035321239e+02
2.577755749254074544e+02
2.712483123921371089e+02
1.790038723884530327e+02
1.942886843820318745e+02
7.606738503834276344e+01
2.439701108632781938e+02
1.584856992746968558e+02
2.273948917221950978e+02
2.219377368160456570e+02
2.672616569988244919e+02
2.797816686771091099e+02
6.148662661175625743e+01
2.157147149460989226e+02
7.770797177578464243e+01
2.343517819775819362e+02
2.245938618849594945e+02
2.260575042425743959e+02
2.496350338601112924e+02
1.009942295760511684e+02
2.689435582599893451e+02
2.653567716548155317e+02
2.311014143899199667e+02
2.638713853059819030e+02
2.607650601481168451e+02
2.297587366579712693e+02
2.296405231592347604e+02
2.315700032469823100e+02
1.718414997455679156e+02
2.578405187051306484e+02
2.661675315690057460e+02
1.641162072928212012e+02
-3.584238724418976574e+01
2.400582612307474619e+02
2.727037862362275291e+02
2.649818312825110524e+02
2.592219519525428950e+02
2.845671391304217650e+02
2.469747035002908433e+02
-1.553074532206229605e+02
2.828611220032618689e+02
8.798487967661972675e+01
2.463910234893757263e+02
2.486557029550041023e+02
2.418151239249732498e+01
2.646981683137378241e+02
2.579746978534653863e+02
2.528557684605570444e+02
1.984910668051646496e+02
-2.889431639596654122e+01
1.740987855076908204e+02
2.676252032443522353e+02
2.757424799375714315e+02
2.782571022718314566e+02
-3.184626406286892575e+01
2.445690063792763169e+02
1.913499833724015389e+02
2.346785712841881377e+02
2.386741170905413298e+02
2.585681143095041534e+02
8.160398308857607219e+01
-4.408461159626676817e+01
2.151265369419539013e+02
8.644891044088878118e+01
8.301418881481131962e+01
1.275016040203320813e+02
2.589949170570392880e+02
2.268562617783118753e+02
9.796066414385329324e+01
1.021442791119307429e+02
2.177758708429277021e+02
-4.576240956327538356e+01
2.485866193538182074e+02
2.455953956318281257e+02
2.245525827035942825e+02
2.587006131946313872e+02
2.026795263212425198e+02
2.778541988436138013e+02
2.481143903552651295e+02
1.533323366655403674e+02
1.237140441316354611e+01
2.515769633596166273e+02
-1.290688397830497536e+01
2.295406880469991506e+02
1.761952968688812575e+02
1.617458634930949870e+02
2.504352624431072627e+02
1.921837080648738265e+02
1.780266418396620054e+02
1.985117517140428163e+02
2.763441277855969815e+02
2.139050919587972999e+02
-3.252971007543978033e+01
2.027484105051893550e+02
-3.047015118571762571e+01
-2.993737328814825105e+01
2.524144749579158429e+02
1.522397036454078716e+02
2.781125150555016035e+02
2.481053532168118068e+02
2.201735519990350554e+02
2.565690873599096449e+02
-4.025918514686888017e+01
1.099955446041599032e+02
-3.873698935579966474e+01
1.918225667752683705e+01
-3.513918274050386970e+01
-5.991896691316545542e+01
-8.329121892505995106e+01
2.396379690601675634e+02
-4.418082514152167306e+01
2.718641653933821658e+02
2.553518781710502878e+02
2.611465655841315652e+02
1.793085707531928108e+02
2.271543067041077961e+02
2.077979698012492804e+02
2.571580772966376571e+02
2.654690379166077037e+02
2.492408556291180446e+02
2.514406549766509045e+02
2.702317145399211995e+02
2.369406904729721361e+02
2.856900115652994714e+02
2.634655713817535343e+02
2.283655092429488604e+02
2.683572855382146827e+02
2.463149388304751142e+02
2.794349778686095078e+02
2.308957731750756182e+02
2.581277375902475342e+02
2.571745093406757974e+02
-1.303309406556782335e+01
2.537044623074474146e+02
1.954852595640834636e+02
1.916106843641327941e+02
1.287133373261095244e+02
2.110078110865550798e+02
-4.238833512778614931e+01
-2.283316944734869480e+01
-8.631995257657223419e+00
1.229768052946927952e+02
2.325263267308505988e+02
-3.095371385449894319e+00
2.707610487410987616e+02
2.101876161977657489e+02
2.569213755779619532e+02
2.383296733938199452e+02
-1.426369096498505940e+02
2.659375188587788443e+02
-6.539940294049507941e+01
2.494387942040544601e+02
2.249516879968818444e+02
2.665741239262131330e+02
2.611651902112879498e+02
9.488381420672726563e+01
1.959274031252894872e+02
2.847721807495762505e+02
1.953991191076773362e+02
2.534286379864034870e+02
1.876474446254769646e+01
2.171942946757889672e+02
2.576484976841264256e+02
2.539565158203310489e+02
-3.143974675863040602e+01
2.430880397450559371e+02
2.214151414514707596e+02
1.784962456584513006e+02
2.564188465784090454e+02
1.591517192871525026e+02
1.729228597869843327e+02
-5.447314324842574962e+01
-1.773105983010897546e+01
2.730343082477769485e+02
2.437083459263202769e+02
2.589821370932342006e+02
2.439846700596085896e+02
2.576348003872180357e+02
-2.954359160457346434e+01
2.522638890415592812e+02
2.197180747286193423e+02
2.573080134039241784e+02
1.833706775256780759e+02
2.166835852889498995e+02
2.673876528526445782e+02
2.134910402926797701e+02
1.005070260830545834e+02
2.404235630163656765e+02
2.523289119078377496e+01
2.540710644701704553e+02
2.429934862054255404e+02
2.185547386163287626e+02
2.639630523556060666e+02
2.464914656539839370e+02
2.195441700439137662e+02
1.476478664237642704e+02
1.951109007529484529e+02
2.443541618408753493e+02
-9.574753603810221136e+01
2.621096810776474513e+02
-3.748221332503656811e+01
-5.546820966719127455e+01
2.465781877865417755e+02
2.389217363362624553e+02
1.390183660482154551e+02
2.310875689234633512e+02
-3.518750724384159412e+01
1.918231652917018835e+02
2.165202687957296348e+02
2.161332686994248888e+02
-2.890517648430480335e+01
2.225813810842211637e+02
2.230392089124475206e+02
2.309323277879790908e+02
2.469684403218165585e+02
2.007379129303769787e+02
2.153321995699624267e+02
2.466057165342918438e+02
2.163203074453752492e+02
2.683362791851657221e+02
2.622105684339508684e+02
2.664565036747629279e+02
2.431497872051066906e+02
2.716128624636677387e+02
1.937189481540838187e+02
2.549835295525812739e+02
2.111460264414059509e+02
2.271236299769324489e+02
2.178673884856527820e+02
2.307815555017928375e+02
2.409447916641468339e+02
2.526314969545353790e+02
2.204090253589555459e+01
2.690017156490474690e+02
2.137357378365117029e+02
2.240384006859554233e+02
2.194989514487009785e+02
1.795393128242382659e+02
1.860902232320236180e+02
-4.828341631017691071e+01
2.619555929297800958e+02
2.589924833736973824e+02
-4.957384624380290461e+01
2.850015260852575238e+02
-3.707075337044588537e+01
2.246923357617348529e+02
2.735339101349582620e+02
2.148716678272665774e+02
2.571206923556965194e+02
2.527806303839812756e+02
2.803778107651020264e+02
1.894978881520662242e+02
1.179523624891979523e+02
1.974366372837331767e+02
2.565979276491517567e+02
-2.063557247622347290e+01
-3.338645921530527971e+01
1.608557303765235247e+01
2.697648847392286484e+02
2.478737600343906138e+02
1.424320345983519474e+02
2.496206694251256692e+02
2.403358996330338755e+02
1.986024900685566763e+02
2.588449380724983939e+02
2.405411371025913354e+02
1.989440021507706433e+02
1.434913645381512595e+02
1.928359365943152284e+02
2.387451201686495779e+02
2.211630358125781868e+02
2.614673343733537649e+02
2.103173375261221736e+02
2.547322427156874483e+02
2.302184784220559095e+02
2.363418680150918476e+02
2.174821594811478462e+02
2.660887303686838550e+02
2.380222452641262976e+02
1.464506674785379516e+02
1.449902240517363623e+02
2.667761322741068852e+02
-1.706562459960180433e+01
2.133781041664377653e+02
-2.089813873226853502e+01
1.483582717746485855e+02
1.371803690139774403e+02
1.895004478645216750e+02
9.257077716282277891e+01
2.536484091796184259e+02
6.119932246357734584e+00
-1.375428180778132798e+02
-3.492690159802876337e+00
2.814024356612699194e+02
2.077300705850193481e+02
2.532185830270100837e+02
2.863298937415457885e+02
-2.159068299205627284e+01
-2.597999896940902431e+01
2.651591280680904674e+02
2.735414049098222904e+02
2.334215810094614199e+02
-2.687766630054532868e+01
2.774497090042589207e+02
2.433144669598401038e+02
2.634677862812441163e+02
-2.174392061810972621e+01
2.037115649305725356e+02
-2.292742733059718319e+01
2.171693766655732531e+02
2.156931720485451933e+02
-7.239510368160253506e+00
2.449244601250379958e+02
1.539074345978061160e+02
-1.912647706268565173e+01
2.723407533826184590e+02
2.480529732410821850e+02
-9.813747349511335472e+01
2.580689943363337875e+02
2.510920064052974965e+02
2.242946926298985204e+02
-7.076695395211984874e+00
2.377552392865067077e+02
2.364767390242786576e+02
2.563199040059448635e+02
-5.254151855837392304e+01
2.099112571097414275e+02
2.503044018476042822e+02
-1.161163950403989986e+01
1.774529173199525474e+02
2.673718188496642370e+02
2.558558857744494333e+02
-5.036560432527656417e+01
1.976217507418315904e+02
2.531406031892826149e+02
2.266231041948636289e+02
2.534286376156775304e+02
1.277695811724427699e+01
-3.794736633443881857e+01
2.732468881201766067e+02
2.603002862366386125e+02
2.425799406819734827e+02
2.453120973792229051e+02
-3.738663979202846122e+01
-3.321080140463428165e+01
2.115928646099651473e+02
2.246871561219732030e+02
2.377634496846549723e+02
-1.634404339509985959e+02
2.689375140863499496e+02
2.449797631456247871e+02
2.329886114285214376e+02
2.538086898689762450e+02
2.075072122223836004e+02
1.973068289963455868e+02
2.700551268826309297e+02
2.485673396530540913e+02
2.468564232400335641e+02
1.669211210917318908e+02
-2.400113146215582560e+01
2.152364712503994042e+02
2.217517821776980043e+02
1.608112161754222598e+02
-2.603638016754331375e+01
2.369524890187501285e+02
2.500425716953176618e+02
2.736094605033894140e+02
-1.936724752610356859e+01
2.528592081342436870e+02
2.365829828187204384e+02
1.981411774320342261e+02
2.039847647154245180e+02
1.111440200528909514e+02
2.748389954276331082e+02
2.055035513431404297e+02
2.784276798705365650e+02
2.528484260190259079e+02
2.614343210735318621e+02
2.621826196748354505e+02
1.225280418022295095e+02
2.146517516440846407e+02
-4.151483383303305175e+01
2.160034764405799308e+02
2.413244271325161208e+02
2.465293337918416228e+02
2.731288925494405362e+02
2.393511481229797653e+02
2.555497068224600241e+02
2.328515687998443013e+02
2.168882601816499687e+02
1.790115856145216355e+02
2.663860089869621106e+02
2.603314275512034328e+02
1.999985867355526921e+02
-1.653140771130141218e+01
2.761529093201490923e+02
2.423333108667874285e+02
2.457443375995010513e+02
1.116558863228452481e+02
-3.117145040215140739e+01
2.461426232710592501e+02
4.526856921569631709e+00
2.666070803912185170e+02
2.551168823473788052e+02
2.678597461898078222e+02
2.682428959432820648e+02
2.394185162364183270e+02
-2.370527124769621707e+01
2.701642191962959032e+02
1.367797183583136018e+02
2.700844759940314361e+02
2.651907112853664898e+02
2.071459902721272215e+02
2.826128259392905875e+02
2.396905050526563627e+02
2.290478190592601493e+02
2.260324957353455488e+02
1.784539880651727799e+02
2.558719060456702721e+02
1.913350330404581712e+02
2.780291605059765061e+02
2.454224275286489672e+02
2.356095962997127913e+02
-8.115589686197779429e-01
2.235653932977813554e+02
2.139658931717316932e+02
1.996372767748744934e+02
2.773407034217151477e+02
2.449691955950839031e+02
2.255762752751201674e+02
2.748815137414522951e+02
1.848450915548443731e+02
-6.081368611734873753e+00
2.705806503699080281e+02
1.109662416439536372e+02
2.632427677244995721e+02
-3.021266444622041547e+01
2.688762321284419841e+02
2.049135618439261748e+02
1.503225430485394725e+02
2.523938445469841838e+02
2.355787176426732685e+02
