-1.394759792158574783e+02
-2.419044330245522758e+02
-1.305708802341875696e+02
-2.453320546214528690e+02
-2.282781122761840606e+02
-2.632722180568137560e+02
-1.251980708526710657e+02
-3.639786031633009884e+02
-2.615735468680975373e+02
-9.293305570707263996e+01
-4.291453949858163242e+01
-9.775434406508642837e+01
-9.872989444299466300e+01
-9.396291510810253556e+01
-3.779596183221683532e+02
-8.649400577790859757e+01
-5.993944833624318846e+01
-1.473947382389349343e+02
-1.204628355456309237e+02
-8.587755297836756085e+01
-1.002675759539134788e+02
-1.024607732033180270e+02
-1.451969093757249425e+02
-2.513609092986042981e+02
-9.913477707824461049e+01
-1.560023473687427327e+02
-1.356649928394260201e+02
-1.530716086933242650e+02
-1.226253572924541686e+02
-1.131237279168704077e+02
-1.564124804150511068e+02
-2.195524495266975578e+02
-4.386873403499404844e+01
-1.546425331842364130e+02
-8.545806805092115610e+01
-6.895803595165504873e+01
-1.289934083920992975e+02
-1.211489276692746273e+02
-1.267686518234379491e+02
-3.456674011619247722e+02
-1.739479296637046275e+02
-3.811706822665242953e+02
-1.013043132277617531e+02
-2.301385331984468792e+02
-1.585980972515656049e+02
-5.197035233632718132e+01
-1.366512966963300073e+02
-3.404192489275706066e+02
-1.179910091442910840e+02
-1.209511951185721443e+02
-7.597199799817033750e+01
-1.247356679360638907e+02
-1.875378478698926301e+02
-1.102707714544586395e+02
-7.338644508641309017e+01
-2.384850802187526142e+01
-1.202534901214078644e+02
-7.209729954402766339e+01
-1.205079533435415868e+02
-1.575818407198378850e+02
-8.912822756781142175e+01
-1.319034435101378619e+02
-1.363958365058381332e+02
-2.932169133796569440e+02
-1.355174625460124673e+02
-1.628924100972957376e+02
-1.229871857633764591e+02
-6.418754377170991177e+01
-9.899195802916275966e+01
-1.420320964826498198e+02
-1.155850341788995479e+02
-9.708056754270248234e+01
-1.326934912066895151e+02
-9.951785794838754384e+01
-1.694022661053284651e+02
-3.419777872146814275e+02
-2.412301321428882943e+02
-2.071838129198840761e+02
-5.297643788228914019e+01
-1.319686345224851038e+02
-8.961462112021330029e+01
-1.288691291551616587e+02
-4.797433103588976167e+01
-2.602424722083316055e+02
-5.410309071274208037e+01
-3.461196927099659888e+02
-9.067182745173676039e+01
-7.928767898218636390e+01
-3.261058827140860785e+02
-1.977578055791472025e+02
-1.184814069369495115e+02
-6.789407125656407516e+01
-1.026454229156945814e+02
-6.422259169018460057e+01
-1.042496473693775272e+02
-8.109530530720377328e+01
-1.067535163757811887e+02
-9.303938239578461378e+01
-3.382250435787811966e+02
-1.060183285118853291e+00
-1.953333971410091294e+02
-8.776255236667324766e+01
-1.380393728647443083e+02
-1.261372016817808799e+02
-1.079810451272459204e+02
-2.102401818743356898e+02
-8.595410026383609647e+01
-8.338027921849550239e+01
-1.113180087167639272e+02
-1.197933102291264333e+02
-1.320663728811493058e+02
-1.012392037218456124e+02
-2.032868122612100592e+02
-7.296694599062359998e+01
-2.122399776903625934e+02
-2.022254383075224951e+02
-9.747694006431501634e+01
-1.995896145332612264e+02
-3.466372814827908542e+02
-1.400925626026232180e+02
-1.500544147805077841e+02
-3.448485321290053207e+01
-2.085917284140086849e+02
-1.213100113351319180e+02
-1.386804492532402833e+02
-5.663720291938351181e+01
-8.261804199673676408e+01
-3.024071066887643155e+00
-1.282548585064881763e+02
-1.336653851305214289e+02
-1.663116325237044748e+02
-1.447216632507818019e+02
-6.815310436530026550e+01
-1.158355523215307414e+02
-8.160616621091691059e+01
-4.788139465762256464e+01
-6.661356205565309097e+01
-1.698558509366179976e+02
-9.588099590616812407e+01
-2.200213518979113587e+02
-1.480644150295207169e+02
-8.152568632606714516e+01
-4.294422722315773910e+01
-8.940475972757808165e+01
-5.458989596343722894e+01
-1.295007304052076620e+02
-1.033438910767189753e+02
-1.117341286534962563e+02
-4.220729044394279583e+01
-2.182465414355376652e+02
-1.136818772727190208e+02
-1.182376570743649324e+02
-1.239853938147859793e+02
-8.224222402131179877e+01
-1.166768016421208642e+02
-1.179317110032518059e+02
-3.014905609462006169e+02
-1.030791174682710363e+02
-1.304672666771145657e+02
-1.738458016501775489e+02
-8.640828432114764723e+01
-9.403358507836105673e+01
-9.219656581961646680e+01
-9.522662187520769805e+01
-1.162261770672811281e+02
-8.521578526698861822e+01
-1.568433427413663708e+02
-1.237219189171343032e+02
-1.100347912479641934e+02
-1.863958133165222648e+02
-8.773592237141605210e+01
-5.040284254406769548e+01
-1.153304853899439308e+02
-8.872245437422027692e+01
-6.289497725158750541e+01
-1.759321783944736239e+01
-3.963122124317382600e+01
-6.623251347388747945e+01
-8.476799328546795209e+01
-1.136204607771565378e+02
-6.848662283879846768e+01
3.007205060147839504e-01
-2.421535584332907547e+02
-1.096891890949998043e+02
-1.182249981617669050e+02
-1.479219191536613778e+02
-1.183311776447397534e+02
-3.218431770282008983e+02
-8.828019866156040507e+01
-7.894024770587242301e+01
-9.307821509969451768e+01
-1.297485143275944495e+02
-1.077773202026024109e+02
-9.205322990270134653e+01
-1.391351975527070977e+02
-1.116669637440302409e+02
-5.636572574764308285e+01
-8.246037367909082150e+01
-6.019578263533571771e+01
-1.271019297219758357e+02
-1.788233671659268396e+02
-9.121659246894168405e+01
-2.803235855691993095e+01
-8.325054577721955695e+01
-8.200082874031254221e+01
-8.182333609776705430e+01
-6.831897275685351190e+01
-6.662670671281385637e+01
-7.702825200855892263e+01
-7.967136233183279614e+01
-1.244806360563076311e+02
-7.406337080876789969e+01
-8.754446257916315233e+01
-1.071827518093222125e+02
-1.042503458747413703e+02
-1.804464478265439027e+02
-7.259263124672624201e+01
-2.305544183694477738e+02
-6.948817710416102500e+01
-1.156187269475755670e+02
-1.193619383942884440e+02
-7.498889333399068846e+01
-5.425781160710759821e+01
-1.135600786666100532e+02
-1.013505768758033554e+02
-1.101828743213954169e+02
-1.550729559070562971e+02
-1.124135440402783956e+02
-9.800577299708297119e+01
-1.391474703477935861e+02
-7.013539504551289383e+01
-1.162076570033431580e+02
-1.136249972062521749e+02
-1.076049245741562004e+02
-1.063747160620244614e+02
-7.441573842937292227e+01
-9.714636856550237098e+01
-9.402633790160679439e+01
-4.232597572402121955e+01
-7.072150489613247260e+01
-1.545476523532876172e+02
4.619723547635771865e+00
-1.877237511532302960e+02
-9.220979996873369089e+01
-8.597490730280820515e+01
-2.792484616990951451e+01
-1.121056893578589921e+02
-1.687084434562390243e+02
-6.654575460241301244e+01
-1.030544425847694754e+02
-8.575827719407158156e+01
-9.260216598072781835e+01
-5.741421960201845565e+01
-3.893566455334317311e+01
-6.453902614676631799e+01
-1.239695388481509895e+02
-8.380085063564564507e+01
-5.385224862441337024e+01
-8.095682203328360060e+01
-2.219674340432023882e+02
-9.904392669850473396e+01
-6.553234365666055794e+01
-7.409927561034471921e+01
-1.551475513800094745e+02
-8.770491724984273674e+01
-1.413526392761885404e+02
-9.615022554865291227e+01
-5.882875667872016123e+01
-5.389324283844563013e+01
2.942559681457808551e+00
-1.188254443973281411e+02
-9.662151970525663103e+01
-8.669210493997485401e+01
-6.107884730108243332e+01
-1.031962659845892745e+02
-1.744487725140523082e+01
-8.531398882946498929e+01
-7.679309617374201480e+01
-7.099519408637289075e+01
-6.004169235409310801e+01
-2.443534309799464950e+02
-9.431715736586774312e+01
-5.351218659128826971e+01
-1.815662819732437754e+02
-2.594856958715077155e+01
-1.139465298630488519e+02
-6.114308039614845569e+01
-2.272131038764563868e+02
-6.588604171421428646e+01
-7.536605684789824977e+01
-1.075712963124098422e+02
-6.646717238243329007e+01
2.976145982935250345e+01
-1.184243072943008031e+02
-1.118971477044449898e+02
-4.917581006858632975e+01
-6.633342185038819139e+01
-1.853909378563542987e-01
2.313627586654077106e+01
-1.689784726106099129e+02
-7.556224588336685599e+01
-9.623546697910995817e+01
-3.691191206454918472e+01
-1.162725206583608610e+02
-9.021775797718524359e+01
-5.592768972274998873e+01
-1.119605917038278022e+02
-8.064003194330540225e+01
-8.779007701973046096e+01
-3.352071949054700895e+01
-7.063914396643254179e+01
-2.176764768942346109e+02
-1.352809288773996457e+02
-4.839075836497185890e+01
-6.241006719213789466e+01
-5.781872401232105574e+01
-7.083043703472638697e+01
-1.315691993874400794e+02
-1.314919335311655004e+02
-5.358177349926309319e+01
-8.960891939466901590e+01
-7.159182510361661400e+01
-1.058901046364504168e+02
-1.261850555502062576e+02
-1.204496419053144507e+01
3.788410641158176873e+01
-8.080653163458669042e+01
-7.438931338720381348e+01
-5.053380368675576761e+01
-8.398155869698753406e+01
-9.647099166352616351e+01
-4.061861839093008086e+01
-1.194086559655422093e+02
-6.204254742373364451e+01
-5.571486125636901932e+01
-6.569003216126162670e+01
-8.341537750477790780e+01
-1.756224309175853477e+02
-8.280612369055231170e+01
-6.893324117841341092e+01
-4.496710827374037933e+01
-8.786506807144002096e+01
-8.858853540179178765e+01
-2.670612201430475352e+01
-7.662191096149078362e+01
-6.003737243594969186e+00
-4.196352074572071444e+01
-9.453006896968587114e+01
-4.204717126962123075e+01
-6.414683861373632112e+01
-9.363312622992043543e+01
-3.573767403707529411e+01
-1.275988727711779376e+02
-8.303564290481534726e+01
-6.490561622566163180e+01
-6.232976389005016671e+01
-1.407852573853387526e+02
-7.489419930589801311e+01
-1.815999966284410050e+01
-7.422291300113664647e+01
-3.964193898966010465e+01
-6.632829409404189391e+01
-8.187722365590531126e+00
-2.038004848358906429e+02
1.004715616838822712e+00
-5.897283169501181277e+01
-8.175608291084839152e+01
-1.138067187729061800e+02
-1.566982258700545572e+01
-8.315546488905550859e+01
-8.748141462972071736e+01
-7.940542423309562992e+01
-6.821258289455963109e+01
-6.810493569181235785e+01
-1.219092658636649844e+02
-1.661453584689500929e+01
-6.937551063778518312e+01
-8.220129171205041985e+01
-9.587228443815976675e+01
-7.469213497821974101e+01
-1.024534411103806519e+02
-1.196618951232464099e+02
-5.722883862663593391e+01
-6.185490021665410865e+01
-9.734141610651323617e+01
-1.206727737890942365e+02
-7.654395096875407489e+01
-6.928621630590924951e+01
-9.416606529637557799e+01
-5.576586675982350982e+01
-7.263221327075108036e+01
-2.375567924906353028e+02
-6.979163228614865488e+01
-9.409556740337254155e+01
-8.417889688327956321e+01
-1.507170455251091994e+02
-2.775153418597618327e+01
-5.002786863405880524e+01
-4.609779686344209892e+01
-6.253692188792917506e+01
-5.172435398161945841e+01
-5.523930425067491967e+01
-1.238366448848632331e+02
-6.916618105602198341e+01
-6.208841919835302292e+01
-3.984021186421742300e+01
-3.189700331670390199e+01
-1.105960711049413305e+02
-6.415004160068315286e+01
-5.900524452775716355e+01
-6.139349245324014959e+01
-1.075531686163027132e+02
-7.659986034256256460e+01
-6.191359905994189461e+01
-3.717357591780103121e+01
-3.504682770956993920e+01
-9.416758765749302995e+01
-3.471217728353266807e+01
-3.433758114250278481e+01
-5.087347465701500937e+01
-7.611951375113983431e+01
-9.209682439717778379e+01
-4.507385206887589391e+01
-2.574510010994349329e+01
-9.486344647944586939e+01
-1.076231755654076210e+02
-1.106911867266940277e+02
-4.281798770100529339e+01
-8.781263284955427650e+01
-6.994022300057834229e+01
-6.678333575755539187e+01
-1.108569885369602162e+02
-3.401101801629607735e+01
-9.194965000861175497e+01
-7.206984549238774207e+01
-1.489335682403882970e+02
-1.121099151132025611e+02
-7.629076545194143932e+01
-1.008664341427019338e+02
-7.455520917384380652e+01
-1.749344025496080235e+01
-5.626060566670099661e+01
-4.794406524588548280e+01
-1.710723923271066838e+01
-3.800924469340198186e+01
-5.109193797676154247e+01
-9.920543571354390622e+01
-1.286032197480198818e+02
-5.706031454300811845e+01
-4.623586621554353826e+01
-1.173453450731575884e+02
-7.136769711174289910e+01
-1.186585028229152243e+02
-5.588723443326570361e+01
-5.428004246319496673e+01
-7.091223644226646172e+01
-6.929899910490040327e+01
-1.114724958731706863e+02
-7.674167411482865475e+01
-6.275333099562307382e+01
-6.781615208682492835e+01
-7.029040399980785025e+01
-5.797419544576227679e+01
-4.203624992335088706e+01
-2.810791588133494656e+01
-9.571582321133458038e+01
-4.886789569991138649e+01
-4.600185602361825943e+01
-4.489285161182386474e+01
-9.276774867890402732e+01
-2.041749246534797635e+01
-6.068839809218906112e+01
-8.436240299504717655e+01
-5.488423510808107864e+01
-5.246875327789895493e+01
-5.977269406694906451e+01
-9.184367846539906566e+01
1.068806900659836856e+00
-1.489934578770667883e+02
2.211719589002940722e+01
-7.604467898010956617e+01
-1.487664605121088357e+02
-1.001481062366915893e+02
-9.763609246894411342e+01
-4.705314455688713338e+01
-7.262415300526058104e+01
-3.411185304122754758e+01
2.817995072027775905e+01
-7.199296069115625585e+01
1.460113422214016055e+01
-9.054503326988853473e+01
-8.589319762804697689e+01
-7.539352938815912353e+01
-1.505240699261586030e+02
-1.920084808606695503e+01
-3.736316372008536746e+01
-2.141987933112160647e+01
-4.825398166476716710e+01
-1.013573329269281800e+02
-8.349555394460010405e+01
-6.863661234815936041e+01
-2.891613770679978757e+01
-7.387449076412377735e+01
-3.943804122389827427e+01
-1.130350803523101320e+02
-1.225003749757794935e+01
-6.614882898378918696e+01
-1.012466956070115884e+02
-1.879969183117196962e+00
2.676548047178414436e+00
-1.261632960276945994e+02
-5.419406645731071137e+01
-5.240756416261835682e+01
-4.075556019607905966e+01
-2.734192521078350637e+02
-1.190174729184875275e+02
-3.706995228694704281e+01
-4.776934130375769882e+01
-2.887454165576828302e+01
-7.071225244407696664e+01
-7.451587096656527365e+01
-7.036824496778936577e+01
-4.235027102169591728e+01
-4.050443567630890129e+01
-2.617047413272566700e+02
9.684970935930252267e+00
3.277370334876152924e+00
-1.316743256647587543e+02
-7.503442144910654577e+01
-5.215987648056805881e+01
-3.373954323430606905e+01
-6.492911520894686817e+01
9.917716705971557190e+00
-9.454240741942925297e-01
-6.404998040214989885e+01
-2.648487901411506584e+01
-3.915515258475190308e+01
-2.469815032496312313e+01
-1.681122695000036060e+01
-1.781537827848349025e+02
-8.719745262935109054e+01
-1.095994720548588646e+02
-5.104845694612119189e+01
-3.574064048749126243e+01
-4.990742663777442090e+01
-5.288607786418585732e+01
-2.661782141769933219e+01
-6.967864148119504364e+01
-1.238520471914328596e+02
-6.003094939791936469e+01
-5.705801327087885966e+01
-5.263874442725873593e+01
1.149412141745125382e+01
-3.103519526884045376e+01
1.849170771627564136e+01
-7.261611635979906509e+01
-9.202217185312748882e+01
-4.808129039557714890e+01
-3.602151438804062877e+01
-2.190443181884259332e+02
-5.082322475761207414e+01
-1.063967806813428751e+01
-5.554410972371106681e+01
-4.727697733198801444e+01
-5.290476254883792251e+01
-1.134962061161624547e+01
-1.169498852249543575e+01
-5.472102745698133219e+01
-1.811768758072078072e+02
-1.063378987573784542e+02
-7.647036636438616597e+01
-1.093823721201501087e+02
-1.650834417507834928e+01
-1.003277031733655917e+02
-4.407621598937865315e+01
-6.923080625569028257e+01
-6.439873521712719651e+01
-4.979285536343013518e+00
1.739366309636650954e+01
-2.300178845795545612e+01
-1.419076141232028476e+01
-3.811009818411388039e+01
2.243018251799242080e+00
-1.255735763842720587e+01
-6.834818849555463771e+01
-1.901614029652331794e+01
1.578691533234319877e-01
-8.799195915625644204e+01
-4.993106631760165470e+01
1.007639449267399812e+01
-1.587706258600014166e+02
1.046073290835749248e+01
-5.605665684148675609e+01
-2.149207114369609428e+01
-1.207212968947528964e+01
3.295208161724781348e+01
-4.920500471998428793e+01
-7.662734702426432420e+01
1.296824675017759887e+00
-3.318083329517175173e+01
-8.115513134045227162e+01
-1.173795870648064010e+01
-3.377552340480305304e+01
-3.667666165793218624e+01
-7.688108613950213055e+01
-2.920286397713961435e+01
-1.385357513674192376e+01
2.595129261345830685e+01
6.692961833209687939e+01
-6.575470108952528392e+01
-8.865211863573168216e+01
-5.405530820233279599e+01
-9.496794931289045394e+00
-4.880914803111657818e+01
-3.435594570481615051e+01
-4.108740069722387034e+01
-2.844511926236550892e+01
-8.452860591092600373e+01
2.259352750086408435e+01
2.184838713916843744e+01
-2.173975946904552359e+01
-6.968268821489999709e+01
-1.746068194552267983e+01
-1.375265036568762866e+01
-3.902212061063314508e+01
-4.117189519210241144e+01
-3.633455710505124614e+01
-4.146137195544393990e+02
-1.542935559727493455e+01
-1.012085672568845780e+02
-6.748549123116859505e+01
-2.102493366270219894e+02
2.344373544483518401e+01
-4.160543375016588641e+01
-3.548660105770569828e+01
-2.065897983845732711e+01
-2.447904664775634842e+00
-9.373735626133550625e+01
-6.752831443138236978e+01
-3.550820267773107730e+01
-4.961097839830645029e+01
-2.615658573602823367e+01
-1.285422722820666763e+01
2.274931731999586759e+00
-3.205078851365303194e+01
7.468744338948610562e+00
-4.669877914441262590e+01
-1.154643050676759373e+02
-5.662788617277017522e+01
1.029382399240400048e+01
3.406978881145136029e+01
-1.291627737471854971e+02
-3.608298405242935587e+02
2.319988530063926646e+01
6.812494063504132669e+00
-8.171431479897751160e+01
-4.139840574810958174e+01
-1.511924122136681259e+00
-4.784133321255175275e+01
5.845249433284038787e+00
-3.126322669778703300e+01
5.237550291157077709e+00
-3.165647019533692230e+01
-3.822931369433403148e+01
-6.933612384559549469e+01
-3.950451288877994216e+01
-4.114470347624173741e+01
-9.930167180044264796e-01
2.180848311596041356e+01
-1.036183929978454756e+02
-2.763805029337157748e+01
-1.751212191400759366e+01
-5.058761695256594493e+01
-1.078196216370157430e+02
8.372044175442923120e+00
-4.791204520589745641e+01
-8.095699365786651924e+01
-9.749113009753170900e+01
-2.001050750997190164e+01
-1.536602362911897046e+01
-4.355378975853327006e+00
-3.295781830844376259e+00
-4.105212488004605120e+01
-4.992850886468116300e+01
-5.280793874050964121e+01
-1.101758291146995816e+01
2.762391115972508260e+01
2.167101314930550870e+01
4.441891113494646248e+01
-2.209397920640806490e+01
-1.822440511436863630e+01
-3.872784671221868091e+00
-2.781355186636764074e+02
-1.171400733038767612e+02
-2.419384689350059148e+01
-4.374403586945584266e+01
-2.338490263902755828e+00
-2.659556156310173947e+00
-8.355676584941254248e+01
-2.752734548548293958e+01
-1.633464180375072772e+01
-7.321503082921607586e+01
-2.046766728716708030e+02
-6.399872026108923251e+00
-3.864060127303483227e+01
5.845981491092970828e-01
-4.244648546416284773e+01
-1.102296726435157836e+01
-3.159827310159863600e+01
-1.972180056648429058e+01
2.443138730357291877e+01
8.108949504710452061e+00
-7.361739307411160382e+01
7.400283589534252826e+01
-1.642245644154699846e+01
6.790490688084946669e+01
-1.597632857055952229e+02
-8.850708225197053025e+00
-3.242220109859395905e+01
-2.124392119238957832e+01
-6.614541574581909344e+01
-1.388874324491455070e+01
-5.279775111176310531e+01
-9.432283629786375911e+01
-8.891107258040733541e+00
-6.694677412151534668e+00
-3.705858482881789939e+01
-4.024127428705966736e+00
-1.811012092495058141e+02
-5.159572017673940536e+01
-1.410636736430114979e+01
-1.214837400154602278e+02
-2.756339965047253315e+01
-5.777129121033499359e+01
-5.242566430779574205e+01
-5.865191843438718422e+01
1.204745234746499705e+01
8.638093578208398071e+00
4.059802668490675615e+00
-1.079816341354533478e+02
-3.026929108527097867e+01
-3.405449850942936507e+01
-1.809412908027105971e+01
-6.127849200021326226e+01
1.145634343379894915e+01
-3.754806764205474678e+01
-2.069420787144324549e+02
-3.540735293660901561e+00
-2.514221808781172740e+00
-2.026032220112332993e+01
-5.375455089865803160e+01
3.746161735388454872e+00
1.318728700951941235e+01
-4.713559496092403833e+01
-1.808493945602934616e+01
-4.097338847479170454e+01
-4.610992815305246495e+01
-1.489629764757981434e+01
-2.222548621292604025e+02
-4.487960143338332841e+01
-4.556208320276937229e+00
-5.109190374652551725e+01
5.143283307563606854e+00
-3.317419449933518649e+01
-2.689382746058565488e+01
7.799541522315337261e+00
-8.945305332270667975e+01
-1.139834212886793807e+01
3.101167933752171280e+01
-1.146817555333340835e+02
-2.859206393376791766e+01
5.935671893711755587e+01
-5.918778484552778707e+01
-2.416351121313283556e+01
-2.892865005723258776e+01
2.912865960312950619e+01
-2.732830457719524020e+01
-4.215517943319963479e+01
-3.156460622184569331e+01
1.121088738682425117e+02
1.068205196395664274e+02
2.290055480871653515e+01
7.000995874536191366e+01
1.181172194520242869e+02
-1.029444314132766607e+02
-4.566414656203706102e+01
-4.747772741708858746e+01
-4.559314514484171355e+01
-6.348989757036643056e+01
-7.322895817410440600e+01
-1.024792749806864833e+01
-3.432304461320171640e+01
-1.453429580895902973e+01
-1.500500698772843577e+01
1.807364506223933631e+00
-4.110736079378335717e+01
-3.354574162701572959e+01
-6.248283287019553711e+01
-8.514196910723815392e+01
8.491386456470533517e+01
-1.877188513795078961e+01
1.988483737255036488e+01
1.767649858967300247e+01
-9.150110370529922932e+01
-1.232449805864358439e+01
-1.078165224444884984e+02
-4.131614942328909024e+01
-4.737127144764623665e+01
-3.602154359513262705e+01
-5.425066446565041645e+01
-3.367015666307247557e+01
1.707015950596019138e+01
-8.575458411834659955e+00
-5.375470608491387736e+01
1.170372987350457379e+02
-4.020559806962329219e+01
-1.524004105387511743e+01
-4.412161153176911910e+01
-4.547313672528088091e+01
-6.921378826912973636e+01
-5.734193591007390012e+01
-5.125081589168335228e+01
-1.292738637503537689e+02
-4.814824597672701429e+02
-5.589351261493931133e+00
-8.944349066096407341e+01
-3.598619090729468439e+01
2.783782113889652976e+01
-1.411327496354871869e+01
-2.780273589986578031e+01
-4.729478203690457860e+01
-6.383926180118606908e+01
-3.209427393260185113e+01
-6.611910584259064194e+00
-7.363136423494209737e+01
-8.710146335386133387e+01
2.181235638750246153e+01
3.594156299378465746e+01
-3.551256063679650765e+01
-1.281362635826397423e+01
-4.263480807358870095e+01
-8.275351557695071847e+01
-1.020837295939235361e+02
-3.960910049626211560e+01
-1.420555627746232972e+02
-5.823835615365270257e+01
6.986904519261912583e+01
-1.768168973013511049e+02
-2.017173813825939419e+02
-2.673594339070627370e+02
-4.907110235083486316e+01
-8.018745761365659064e+01
-6.617659361604711421e+01
-4.924687900423667486e+01
-5.503354290592881171e+01
-7.973459770558278592e+01
-2.688166703856636275e+01
-5.657378968680623643e+01
-3.346800468439623444e+01
-7.706504874953168382e+00
-8.202549240013179599e+01
4.845331215661727242e+01
-6.435306434803277398e+01
-9.169428409107700872e+01
-5.241126764302080687e+00
-6.797822717337183462e+01
-2.815316842812762843e+01
-9.878725912649976237e+01
1.821983623258998364e+01
6.020549114114656675e+01
-6.947035981172203378e+01
-1.761794142853549374e+02
-9.987361669246999440e+01
-9.946789069086806023e+01
-1.188348814182504043e+00
-5.758678282147354821e+01
-6.698747047927237475e+01
-1.952548341606728286e+02
-8.407512974303006104e+01
3.112705082053366823e+00
-4.272180149874597532e+01
-7.110568181236257601e+01
-5.084603359566060021e+00
2.247706905044431025e+01
1.989175527062343463e+01
-1.602411818864915176e+02
1.099917886855319153e+02
-8.944524008264176018e+01
-2.774556452645373383e+01
-6.648932667165439625e+00
5.371871919067484669e+01
-3.379431591168132343e+01
-5.462295860805993470e+02
2.571370466610621008e+01
-3.180839131131847353e+00
-6.347197173479437282e+01
-2.619146619173159820e+02
-6.716585208908634286e+01
-2.423639901678839692e+00
-1.547804513339645638e-01
6.527835709017838894e+01
2.548921524410786787e+01
-1.217847109508480798e+02
1.745355339872034506e+00
-1.262314349318508278e+01
-1.504153811078235492e+01
-3.924378155556881609e+01
1.326226491818252953e+02
-8.253271982835586584e+01
-5.133266967616106058e+01
-3.624941101763916151e+01
7.711289951049120361e+01
-2.402530362663445374e+01
1.322834332026263837e+01
-2.004836635813560974e+02
-7.028192735256718038e+01
-1.739195314556129119e+02
-9.605311020012848644e+00
-4.920111243746335106e+01
-4.967487480229877406e+00
-3.240855331901487091e+01
-3.833238196142292509e+02
-1.402436761317098330e+02
-2.881829632724721080e+01
8.348928996182394258e+00
-1.467878053767007884e+01
3.740019987291526604e+01
-2.848386209460351211e+02
-2.824661225844197077e+01
-8.841681765090746126e+01
-1.794320884738639279e+02
-7.821527430042033302e+01
-9.810876160047483552e+01
-2.891598194298313729e+01
-5.095052088649757138e+01
1.765453060839219290e+01
-8.176649604812163830e+01
-6.750514356251632364e+01
-3.876467152739334665e+01
-6.063070587997975025e+01
-6.160974866576258080e+01
1.219693108516014490e+01
-2.637380438337943644e+01
-3.562802385420955886e+01
5.155820833721008967e+00
-1.822164297945604403e+02
-2.923472791237122124e+02
-8.110672677631282568e+01
1.404370739131600203e+02
-6.465900213730323287e+01
-1.054909393142994247e+02
2.147330631828963021e+01
-3.247833122723224051e+02
-1.794818042614660953e+02
1.977808091583601424e+01
4.973903199005036413e+00
-2.278005127875324831e+01
1.633364928814516759e+01
-6.398449472133061988e+01
-5.360155962668756047e+00
-7.827466963118325793e+01
1.029812319127435671e+01
4.630730439247406238e+00
-5.451546318096514199e+01
-3.595057005041273896e+02
-3.098236375133632237e+01
4.497161257222588659e+01
9.394092238751852619e+00
-8.166749272126139658e+01
-8.129849344263884348e+01
1.419310797073413255e+01
-1.221991483982025812e+02
-8.427774594059775382e+01
-4.288405535715958905e+01
-5.478999012882806596e+01
1.568971683525376193e+01
-4.212671895097956565e+01
-1.563377165156463775e+02
4.084909841406897613e+00
-2.713319709560126114e+01
-7.981520131279357599e+01
-1.293761550904553417e+02
9.870156456640827969e+01
2.001311892931644820e+01
-7.243518746519370666e+01
-1.780096215340661558e+01
1.054509545229529692e+02
2.476706323154326128e+01
-4.541946797618616216e+01
-6.924635596950955119e+01
7.980085780491509695e+01
4.942377039742203948e+01
-5.359473968825663803e+01
-1.950287025084564618e+01
-3.264836026475575181e+02
-9.324471123548966034e+01
-2.275327260768567328e+01
-1.355725346524682777e+02
-1.545950035541654302e+02
3.463834846386862409e+01
-3.193683590335041345e-01
-1.014064198634692673e+02
-9.939024772983327694e+01
2.290473252626308920e+01
-3.156324034629120092e+02
-5.142975987059715948e+01
-1.461541383268484822e+02
-9.066114316543148277e+01
2.153070410092522025e+01
-2.202529912950752191e+02
-6.641430907177809218e+01
-8.482210173506075535e+01
7.462979835399139006e+00
4.539328124821145138e+01
-5.932568328402801683e+01
7.693953399554160910e+00
8.138992613648734675e+01
-1.334534241969725770e+02
2.485710519463160040e+01
1.356194877643866903e+01
-3.103625199025567554e+02
-1.741000286429599555e+02
-1.708194814745062615e+02
-1.430047930421111460e+02
8.874028457818766924e+01
-4.565293044047847104e+01
2.396482143565438605e+01
6.262415743456637074e+01
-6.773497291693524858e+01
1.857310189787909849e+01
3.844867297581382104e+01
9.119067823719502996e+01
3.158831571201137578e+01
-2.747350359903661854e+01
2.097554130790135218e+01
-4.148393487498967147e+01
-1.488368072879086128e+02
-1.273131109858943688e+02
-1.559094525963368483e+01
6.177976157196435736e+01
3.749020818791575493e+01
-1.348665015249225974e+02
2.034357337433844748e+01
2.246417632550071630e+01
-5.224004243736691677e+01
-1.758722156178635032e+01
-2.463212657258149818e+01
-3.180541648565280184e+02
-2.065688461568977630e+02
5.732612269000725291e+00
7.272492628401488446e+01
-2.091973433027200713e+01
-2.882892118697539559e+02
1.302337440887818616e+02
-5.122615988382740397e+02
1.361883255297562130e+02
-5.442166630132917362e+02
-2.162173374537120196e+01
1.423857134359382712e+02
9.689537114414378038e+00
6.786651159153123558e+00
7.559777633297116495e+00
1.378335503682514229e+01
-1.822601709166576711e+01
5.320928633698258636e+00
-8.933131838031441418e+01
-2.450833673363399612e+01
2.851114606134257201e+01
-1.213631188863530497e+01
-1.069200445773518027e+01
-1.739265767463314774e+02
3.037803182169980687e+00
5.405762466256177845e+00
-1.203692932656849734e+01
2.766714733864439424e+01
9.409404803729017885e+01
-7.225185917615513631e+01
1.509163243052817336e+02
1.420382755213123289e+02
-3.443258135905538211e+02
-1.151665042462059603e+02
-3.087991106913616477e+02
-3.263492940978050001e+02
-3.798586039974386495e+02
-1.104833500503710866e+02
-1.051529529339034781e+02
-1.379137999394249903e+01
-1.439730303044021298e+02
-6.399509771924657286e+01
-3.071276735696393700e+01
-3.899092702165923185e+01
4.133548693938638507e+01
-9.255003140905188275e+00
-1.879997583408261619e+01
-6.778479347412314837e+01
-1.138939497228477933e+02
1.479571329259979962e+01
-5.819962384792574994e+00
2.348370991723598422e+00
1.610765894936633913e+00
-3.405273977410686825e+01
-7.153481268523901804e+01
1.818586610185349173e+01
-1.325807226688806395e+02
-2.532189287462045968e+01
5.976852564432405757e+01
-2.423376343069922711e+01
-4.849180329173415771e+01
7.960099737589445112e+00
-3.296136913561259689e+02
-3.222391318206157962e+01
3.814047050940592243e+01
1.317907427343784548e+02
-6.360984679646416851e+01
-2.668918585528746235e+02
-2.294769862926928283e+02
-1.834376365715187376e+02
1.131181591890476881e+02
-2.567994842491817735e+02
-1.554364745472169318e+01
-7.072575730082965606e+01
-2.346459811027220326e+02
5.563908065564645256e+01
-2.772650604427468579e+02
-2.053299516836283374e+02
6.808342572714039420e+00
-4.217867554651121509e+00
-9.149002223996697580e+01
7.827223755701471930e+01
1.568991715586483338e+01
-3.770024747879732985e+01
6.480805838481661851e+01
1.437056717404812503e+02
7.578345587959458385e+01
-1.145926274424744236e+02
7.454884724107500915e+00
1.659550976862140033e+02
1.280308627717124637e+01
1.439337536418000241e+01
1.438030612370910717e+02
-9.244998893470990708e+01
-3.821860861741410531e+02
1.172403978548555870e+02
-4.907798534532064139e+01
1.425902396761598823e+01
7.309024405184460704e+01
1.128237942967388960e+02
-1.447063974421059527e+02
-3.100955632707872667e+01
-2.402016017677568982e+01
-3.682159685572169394e+01
1.586629602586516228e+02
-2.342571662268686907e+02
-5.349509270151288547e+02
-1.120404877141683215e+02
-1.015298249871545693e+02
2.017472464326527870e+01
-1.051758293599492049e+02
-1.737074253112593283e+02
-1.068788087509436480e+02
-3.211659249988839804e+01
1.262588125419206619e+02
1.183240235248161980e+02
-4.637144865000325922e+01
1.311003827701483146e+02
-8.697788686605468911e+01
-2.662786260384836368e+01
1.363179211404599016e+02
4.873693438314737136e+01
-3.424204977808193462e+02
-2.532183509779620749e+02
-9.019749429961746046e+01
3.393442747531528880e+01
-9.848389987952687363e+01
3.816563132872079223e+01
-2.657735306068383352e+01
-4.765250879818381691e+00
1.657703366101689539e+02
-5.366390943969854987e+01
1.212408667507938418e+02
-1.153573858658333506e+01
-4.302820999509503963e+01
-8.811993678489784543e-01
-1.494662800794838518e+02
-2.574785785814785299e+01
-7.284598584391387988e+01
-4.106359565981635740e+01
3.715579462223678320e+01
1.418829597061215679e+02
-8.436083612789190056e+00
9.824303147200080844e+01
8.794347742352294972e+01
-1.092805323166138720e+02
1.451822251741497780e+02
-6.265666339207874103e+01
-2.008818925547929268e+01
2.182986702772706167e+02
-1.334420317247638366e+01
-5.558854999047517254e+01
9.151457168815653631e+00
-4.635455744880992768e+01
-5.083498554291257676e+01
-3.072408417408243508e+01
1.890417694630039591e+01
-6.554092495355760661e+01
-2.509430909966030754e+01
5.703120945115074392e+00
8.839278110379467535e+00
7.166935658219045990e+00
2.365626348020691694e+01
4.057518253881869441e+01
-4.687373338908372489e+00
5.915812267316979955e+00
-3.034980419547316899e+01
6.003481076444179365e+01
-5.734297827027555172e+01
-3.324365883178998615e+00
1.631629213143525874e+02
6.494383028434742755e+01
-3.399588930822059751e+02
1.251478721195221908e+02
1.578913510517469376e+02
5.162522043658069038e+01
1.112690509246025101e+02
-6.159708282059028051e+01
-2.519366728954954340e+02
2.467507568385870798e+01
1.202304814267586153e+02
3.703047199591925676e+01
-3.187229152434710500e+01
-1.280155048313415307e+02
1.360193366855381782e+02
2.927880602974727253e+01
1.097797323829116465e+02
-4.192266899931911439e+01
4.433802421827351736e+00
-4.179614924151859157e+01
3.822639396860722627e+00
-1.810946311369062869e+02
1.176213145885299411e+02
-2.710795161496383798e+02
-1.025349867345350674e+01
1.258827932020574849e+02
-2.068766816387841061e+02
-6.996320427357112521e+02
5.154167334338842466e+01
-5.824310624609063325e+01
-2.853198421620147656e+02
-1.707945065801943656e+02
-4.680397490478021894e+01
5.366277308764111353e+00
2.231475254456985979e+01
-5.200918788272529980e+01
6.061480978878424253e+01
-1.722419977673997948e+01
2.118958272217777505e+01
4.859918614563255801e+01
1.421475177887306245e+02
2.462555401195544391e+01
1.564719401360578104e+02
-3.022160313443205126e+01
-2.542054732890711364e+02
1.091471002067158196e+02
-1.520234161581405203e+02
-1.146381457590063349e+02
-1.213680114678536484e+02
-1.006809457257770646e+02
-8.516706520675457170e+01
-2.450122876886337053e+02
-1.176410771404076741e+02
3.070945396115652315e+01
1.175670373930775270e+02
-2.975795939977668070e+01
1.646662435497066213e+01
4.200741511373293946e+01
-3.473794511845879924e+02
4.375977848356419031e+01
1.199419860357548941e+02
2.681459037689887737e+01
1.606569295441008194e+02
-4.077974571267089843e+00
1.236116560794486787e+02
-3.239321697421908084e+02
1.850668107513315874e+01
-9.622757469387934748e+00
-8.370276024769735557e+01
-4.233217659652837028e+00
4.324927256892803484e+01
-6.954651872661591483e+01
-1.128098934578477355e+02
1.050852793355164039e+02
-9.344672480116315683e+01
-8.430248645872794100e+01
1.232923205971428331e+02
-8.255661211563192126e+01
-5.541575302499905931e+00
-1.742689291103438620e+01
-9.251105995899290235e+01
4.581711962572597940e+00
-2.178959126155133958e+02
-8.966601752093556854e+01
7.922186800675430618e+01
-1.068537685532676704e+02
-3.047899923445187653e+01
-1.957339502034448060e+02
-5.142230463999722190e+01
-1.944086519594176821e+01
9.146451645343503856e+00
2.540815856093023797e+02
1.767736734582515723e+01
-1.510018112437045374e+02
1.168821269939115837e+00
-2.951734097218441377e+01
1.487916831877362540e+02
-4.575774446141009832e+01
1.682511617086225897e+01
-5.918146597259743658e+02
-5.951593734261810908e+01
1.574736621513785053e+02
-6.720138043991454424e+00
-1.010131154798508817e+02
-1.627212770066580561e+02
2.252169729830323490e+02
-1.216425398986127817e+02
-9.170461095295749487e+00
2.132993877440960944e+02
1.457197442003738956e+02
-6.899844891741886954e+01
-1.623153674624666110e+02
-1.948258125415091513e+02
-1.536154152682428560e+02
-1.421892182476693733e+01
-3.809604371476132769e+02
-2.071342003372680551e+02
-8.092827683701466412e+01
-2.445172901230110085e+01
-3.584228361007346564e+01
-2.308687104779529875e+01
-4.677971760704721760e+01
-3.029621273875784482e+01
-1.468531292317315717e+01
-1.290999110947488759e+01
1.287597101821407932e+02
4.289207875249701374e+00
-6.169173753539072891e+01
-1.916227001484563175e+02
-5.026860839039486706e+01
-2.276832197233041484e+02
-1.958665018151507411e+02
-9.346337684482595876e+01
-8.754699468997502265e+01
8.594335699030033027e+01
-2.393163042293008402e+01
1.475016689932405143e+02
7.163731712153294495e+01
6.539578250008270288e+01
-4.678363065811689125e+01
1.684540368996400161e+01
1.431945611264063700e+01
-1.996565968446569173e+01
8.983874905112364218e+01
-1.952912236517889255e+00
2.215846896500508478e+00
-3.188011389036726939e+01
-1.925821641596012057e+01
-1.882006405784864000e+00
-8.472448639487183186e+00
-9.919030592106217625e+01
-5.815065863098741374e+02
-7.627857190070003526e+02
2.118843722322708345e+01
-2.015998830060516980e+02
4.201441590189904218e+01
-1.178053544701646587e+02
-3.594324001141775682e+01
-1.807622400768407545e+01
-1.326207653165850218e+02
3.462604439828692193e+01
-1.881166052160206448e+01
-3.991544362364665233e+01
4.358977403762572322e+01
8.430122115832122631e+01
5.736022660045840382e+01
4.830485928692993980e+00
1.091810321359879765e+01
5.169331752175492056e+01
1.085382936583732771e+02
-1.172898617331351261e+03
-7.435132771138236762e+01
-5.585239114743586697e+01
-3.665740579786753983e+01
-1.411838753225546839e+02
-3.010022021023183925e+01
4.045107259741641315e+00
-1.080931589099963901e+02
-1.240089126304241205e+02
-8.873843010768929673e+01
-3.025064833140601195e+02
-1.818672025789039139e+02
-8.779563985884630029e+01
-4.684413014498112204e+01
-1.173348258294305708e+02
1.206736794694151769e+02
1.111275472972904481e+02
-3.108043523974183699e+02
-9.853673532919631839e+01
-8.613110173324567143e+01
1.398662578351974446e+02
1.194957630111360487e+02
-4.993516302315636324e+01
1.750220892933490404e+02
-3.642407839516582158e+01
1.386981915387301285e+02
-9.219745012232310444e+01
-1.173798841027266349e+01
4.253226521895598466e+00
-4.481838951158972861e+01
-2.162231626799723472e+02
-1.135178283336995406e+02
-9.261558030707875844e+01
2.190303519684335356e+02
5.625439911222526490e+01
7.753603178206719804e+01
-1.568931836407118396e+01
1.320134368406520480e+02
4.256151505540418611e+01
2.371571799678065986e+02
-8.980347422180688000e+01
3.280107486203556277e+01
-2.061014883728644520e+01
-1.141149890569087120e+02
1.224419759900211488e+02
9.674682075069924281e+00
-6.864972854831520976e+00
-3.343401705229888421e+01
-9.821218336028238127e+01
5.328065691428424344e+00
9.504055849902786690e+01
1.256330813108922229e+02
7.880497755578515751e+01
2.424626676829884673e+02
2.873358146388241607e+01
-6.718671527849885194e+01
-1.279522914523530517e+02
-1.917963534481078796e+02
-1.033131710893555066e+02
1.116007322072954366e+01
-7.204989425447979556e+01
-4.023496320388423442e+01
-3.587365870003495161e+01
9.419923482935240600e+01
-6.714337959365508368e-01
-7.286637158286148974e+01
-5.934367838831279869e+02
-3.865464442999757466e+01
-8.318348778588186576e+01
-4.960712146979174690e+02
-1.357112668353248353e+01
2.713719436565909859e+00
-2.273918655620174434e+01
3.280988653002123101e+01
1.653183118720630773e+01
-1.508877225732085208e+02
-2.408026344163896226e+01
2.460214272794254953e+01
-9.011068992961857305e+01
1.142358532869840815e+01
-5.797631124086785093e+01
-3.449032054432942118e+01
-1.025647892303413329e+02
2.159280306683528750e+01
-2.966729503338808058e+02
-3.101787207092465906e+02
-6.147179646271537479e+01
-8.881603330264817941e+01
8.875642994349699677e+01
8.187930594791383498e+01
1.693152378609226787e+02
2.991594570394266839e+01
-7.429698872385520758e+01
2.348520190878814446e+02
1.897741855038121912e+02
-2.851075222573584256e+00
-7.994912232354977277e+01
1.085983759584127171e+02
1.439010279938113968e+02
-1.634285530598347123e+02
-2.297224620882434181e+02
-7.824204679349118408e+01
1.289913074942773221e+02
1.320726633691612619e+02
-1.927353981794846902e+02
-1.583611726845601311e+02
-4.068178603999042764e+01
-1.036575092145019852e+02
2.404247118142841941e+02
-4.493533982719882829e+02
1.307410371940002278e+02
2.405031777413255156e+02
1.194218998589256842e+02
-1.323282196528316206e+02
2.095711231852730236e+02
1.902144864796292154e+02
-1.950909707369979174e+01
1.201152099222310881e+02
6.247871451473172755e+01
-2.861290036466898528e+02
1.225588249729470647e+02
7.024067314365458969e+01
2.226354464113939002e+01
2.347640103023844205e+01
-4.993234558374832659e+02
-3.739889201422758447e+01
-6.364865782264324423e+01
-3.602249638347643668e+01
-1.573920791538418200e+02
2.820977363972852459e+01
-1.511502843471802748e+01
1.712405494269912651e+02
-4.051089934684412697e+00
9.539149585904553419e+00
-7.238322943117145769e+01
-9.025392811570979745e+01
7.920595143159047780e+00
4.610121799905229523e+00
-3.866689471886203933e+00
2.209197718799755137e+02
9.988112716588463513e+01
-1.489614242012459613e+02
-7.552729216149927538e+01
1.072259452421837409e+02
-4.702481392782530634e+00
-1.304791221399692347e+01
1.337349483772434837e+02
2.457359766363398990e+02
-5.246058048242829841e+00
1.744367658204909333e+01
1.726750673003029135e+01
5.816511194376090543e-01
-8.826584954135485361e+01
-6.260265449167056317e+01
-1.312640048374022967e+02
1.370228786140827459e+01
-9.775314438190090982e+01
1.680672699449141305e+02
-2.086385726570940733e+02
9.580757799706353239e+01
-2.617975442965496313e+01
2.672868079597201358e+02
1.172981718573748822e+02
6.230051565665061730e+01
-1.765597792094420981e+01
1.650624271643243901e+02
1.577129791102537126e+02
-1.620872945337430338e+01
-4.627557300060041712e+01
1.333781380508241909e+02
3.352006833133655306e+01
2.291904523431761334e+02
2.455472359372511164e+02
2.585045591703091077e+02
-1.118083913132915086e+02
-1.078585200146812468e+02
-4.777210861202718206e+00
-6.175190908477580365e+01
-7.677400286385513084e+01
-1.925868207030264045e+01
-5.418198417881569640e+01
2.272448245009151435e+01
1.579664639529172803e+02
-2.901282895847658949e+01
-6.313724733389782529e+01
-5.000169535674905319e+01
-7.622669592106990422e+01
-7.912739618230617999e+00
2.422859430275336763e+02
1.659862439710236117e+02
-7.078021780749907066e+01
7.861549724169340436e+01
-4.591844181373177776e+02
-2.308426727267270451e+01
-2.578215865954378216e+01
2.274733802596250314e+02
2.782312039615625281e+02
-3.848225974576205033e+01
-1.042578715879540141e+01
-4.989103953018298512e+02
4.844902187231554080e+00
1.434460057577634018e+01
-2.493088566199489264e+01
9.473413792540654299e+00
-1.261604417935621569e+02
9.609145886730118491e+00
-2.832814328235392054e+01
7.258564697112603881e-01
-3.067449017113963805e+01
-8.774062105463643491e+01
-1.223387601606293913e+02
-1.115279210795850133e+02
-1.143097496503598762e+02
-6.638714263952385863e+01
1.944821705575440944e+02
2.223411943665854551e+01
-1.020062891387935622e+01
1.243798742266315003e+02
2.640684691636924981e+02
2.677521662137354497e+02
-3.181724106821326359e+02
-4.740419738999260630e+02
-1.914356395274089380e+02
-1.876013676198647602e+02
1.295341420550349767e+02
-4.557482272095867302e+02
3.663503500982079686e+01
1.565317082946471885e+02
-2.288885042886777796e+02
-6.344445606293515283e+01
-3.037022469049380788e+02
-1.926323786543438530e+02
-2.780089008947555840e+02
-3.569349652176339305e+02
3.010570682690947706e+02
2.753432921018244883e+01
1.489528703981310969e+02
2.541665009812184906e+02
8.602392145914036803e+01
-2.009759809799973596e+02
-2.393123718791727583e+02
-2.832711698218538743e+01
2.394224813896549051e+02
1.197341785204646101e+02
1.635673461188819147e+02
-3.967992128253349051e+02
-1.406159242448606221e+02
-1.150921810021864786e+02
-8.779234675647191466e+01
1.329812912187958318e+02
5.452198234810515487e+01
-1.942945587999106749e+02
-1.573539553336084396e+02
2.281618752008578497e+02
2.251794264594828974e+02
-2.396821493620037913e+01
1.323868280079405508e+02
-2.326439881863958590e+02
1.293225669659649952e+02
-1.332369543396610538e+02
2.473819023157603851e+02
-3.974394742827021787e+01
1.781856146726702406e+01
1.461240513164010224e+01
1.303227076740134862e+02
2.494590725272965415e+02
-2.442407024143939509e+01
6.748872918385256980e+01
2.528252452652729687e+02
-1.209276122405037768e+02
1.248652572362355357e+02
2.246186676968135316e+02
-3.006978697878167850e+00
2.229821737312887535e+02
2.679962154591918306e+02
-8.347343976396771836e+00
1.060827586193948946e+02
2.381363287104820472e+02
-3.831834130377637848e+02
-4.118877667460921543e+02
-1.249244699219265442e+02
-2.492593871340233136e+00
-2.365679393304168343e+01
-1.193632756987183257e+02
-1.142476453599352055e+02
-1.243393193577942668e+02
8.811175615267246997e+01
-7.395418335136746180e+01
-1.641272911733573210e+02
1.837111523472919714e+02
-4.238020793583798707e+01
2.146383201281097399e+02
-6.688566102101843569e+01
-1.091346271641284744e+02
1.889924819695584688e+02
2.354261363050250395e+02
-2.732656509700120750e+01
1.484547032176293442e+02
2.099871571216149277e+02
-7.261911118551637401e+01
6.892554759311920520e+00
1.372862316613426117e+02
1.236017387519471242e+02
2.270226756469003817e+02
2.131914651450286442e+02
1.058468209579418016e+02
7.993773438716898738e+01
2.087152264803118840e+02
2.686015836967490600e+01
2.151746846394373733e+02
4.424492248193047317e+00
2.486794760645542794e+02
-1.768190228201925152e+02
3.296582167917182460e+01
-3.893472802449930441e+02
-4.514357340776084015e+01
-3.378102716832842134e+00
-5.902736964150943066e+01
-8.131364385562164898e+00
-1.768512894135474198e+02
-1.446065088651160124e+01
-9.514774511149155956e+00
9.844474319958503372e+01
-2.761431121676015721e+01
-5.355175431733660929e+01
-7.918217822234228720e+01
-2.936766096240430670e+02
-2.036420669363006937e+02
-1.854783354043339898e+02
-7.948609390626275228e+01
-3.955541334309384638e+02
-2.388287313996117405e+02
-2.314131617061418353e+02
-2.890466092980418580e+02
-5.216604704755742716e+01
-3.131953540253397250e+02
2.493516472863612421e+01
-2.527205629614313409e+01
-4.186193547649908169e+02
-2.896622988788358839e+02
-3.328111308190861450e+01
1.092718188881057415e+02
1.378326807240526080e+02
1.539890267532862254e+02
-1.726226436903833701e+02
-1.729779901220913132e+02
-1.707567097689350817e+02
-1.033092260513114979e+02
-2.078893062614286009e+02
1.270230785588080238e+02
-5.082044632767809844e+01
1.383644798626443446e+02
1.401772568141413728e+02
2.805624656807306110e+02
3.298163310018594530e+00
-1.476648632899156155e+00
3.407456218769314660e+01
1.822681843963013364e+02
-2.456000676731198951e+01
-4.745425624952929411e+00
7.750142128521984830e+01
6.788719607978701731e+01
2.377048366670362043e+02
2.121869892320682141e+02
4.281493125809222278e+01
2.044773335442277755e+02
1.675360285974191754e+02
2.731535011823325476e+01
-4.279725995325983945e+01
2.655381922786574478e+02
-6.524537726204476940e+01
3.037566786808591246e+01
-2.405842720655638800e+01
8.208936674766373187e+01
2.994137603676383605e+02
1.452460179274500263e+02
2.605734054346935409e+02
2.665089774695641154e+02
2.716547481358585401e+02
-3.531207091527177511e+01
2.340260873102110395e+02
2.609581350822159038e+02
-1.266315592562788623e+02
-5.619519037437711972e+00
2.522676617495155824e+02
1.942993334885277363e+02
1.277187313898918717e+02
9.790082502797673669e+00
-6.956748270391955202e+00
2.394041384162290171e+02
-4.296699463461607706e+02
-1.525150194094544531e+01
1.095382862562125581e+01
-5.388008998980383524e+01
-1.370884688604776898e+02
-1.227898612828016240e+02
-6.088542347343483385e+01
-1.086594887168954529e+02
-1.581207190848322455e+02
-1.360801730118588466e+02
-5.731311450957532116e+01
-4.809036842011502699e+01
-4.053817373444351801e+01
-1.554719268979683022e+01
-7.662773163522284392e+01
-1.108808421714726933e+00
-7.122475097752848683e+01
-5.554934887688206402e+01
-1.237405442657382793e+02
-6.890265740354404045e+01
-7.949179942666772547e+01
2.970099770161243669e+01
-5.845526547767012460e+01
-1.010979665448576270e+02
-8.986448123820532885e+01
-4.255169783835799535e+01
-2.509535657650874896e+01
-1.130150377021995354e+02
-3.533838913804015647e+01
-4.679847762097287500e+01
-6.651813005774796750e+01
-1.124625458269661067e+02
-9.244442072196353877e+01
-9.844790158816650205e+01
-9.826476863219774316e+01
-2.862511942154910116e+00
-5.317332634024097615e+01
-1.005909117366232124e+02
-4.574440654042616927e+01
-5.721338050653730534e+01
-1.851468454505754835e+01
-4.551977366710229944e+01
-8.994892485834940032e+01
1.025046725328269304e+01
-6.290879097634157802e+01
-4.610425440168160094e+01
-1.542426382861712568e+02
-8.792479369214464668e+01
-3.751115603505655827e+01
1.901670726230530590e+02
-2.459584083350659967e+02
-2.996254415410876391e+02
-5.165573565483778395e+01
-2.037545598966333671e+01
-1.173390154365517901e+01
-8.612487097526513935e+01
-4.981698941115210033e+01
-3.081919885754618349e+02
1.786416285651986868e+01
2.011670665152560389e+01
-3.567411348157518773e+02
2.461112089833887069e+02
4.853139428009560419e+01
-1.537530375097596504e+02
-2.760993143030300416e+02
-2.878645775412338992e+01
-1.883970224694526792e+02
-2.847673111494820830e+01
-2.492297152496237800e+01
-1.546451690281283220e+01
-2.390505409063003412e+02
-1.036804582612355432e+02
-1.543542860739126468e+02
-2.313653943590809092e+02
-1.408330563025234028e+01
-1.517436993900388984e+02
-2.668748446043757667e+02
-3.001478360016380407e+02
-2.441671332616787637e+01
-3.610318004254551738e+01
-3.220313203759915410e+01
1.834860986728641308e+01
-4.215829598882932316e+01
1.615106207821211228e+02
3.414767641066268311e+01
5.196582810300969868e+01
3.320117734612156823e+01
-6.201046433284212611e+01
1.137061526752229383e+02
-2.754201359127223725e+01
3.124853100216111557e+01
5.787179083715111005e+01
2.853275534724423323e+01
-3.161870710934664430e-01
-1.766182513911351748e+01
2.701205625400085069e+02
2.572806015046049879e+02
1.685923148767967632e+02
-1.444757429682907457e+01
1.882361460381950735e+01
-4.977418874853417208e+01
-6.584753380589796734e+01
-9.196533769200244990e+01
4.148787679311303123e+01
-8.511005243285768529e+01
-1.295668080661111503e+02
-9.098655054496680350e+01
-8.321808117977074915e+01
-3.819970829251151372e+02
-9.858217228419263733e+00
-2.517743250387582066e+02
-3.559642058802721749e+02
-1.035854208340481364e+02
-9.185491794596050852e+01
-9.304115601983075123e+01
-1.440033882137579724e+02
-8.635129783287530358e+01
-1.793659686954052290e+02
-1.006216475440528910e+02
-3.741009863680565104e+02
-5.439577218671813341e+01
-1.721629312194190220e+02
-1.559205784498739717e+02
2.301851308630048720e+01
-1.374323666474109302e+02
-1.302584960228587647e+02
-1.929582825947484253e+02
-1.705062777583464708e+02
-1.947604730798062178e+02
-1.747120720443245716e+02
-3.384770684169868673e+02
-1.559637942323275865e+02
-1.347502477549268463e+01
-4.149078139180585936e+02
-1.259021588660606596e+02
-1.417038334084858775e+01
-1.968316668756024512e+01
-1.293748888953586800e+02
-2.214793263041547107e+02
-2.091046637296167887e+02
-2.668432128208360155e+01
2.225829837905013449e+02
-5.594930778767240298e+01
2.852285500695846849e+02
-2.183620789434294238e+02
5.020349789411061181e+01
-2.984749804977813170e+01
-8.706600937953862740e+01
-2.787883412926238691e+01
-2.116996201573628582e+02
-4.396039059124141168e+00
-2.265295966223677055e+02
-2.991165664704062692e+02
-2.541549399199167283e+02
-2.390503673271628031e+02
-1.145422224803840408e+02
-2.903014925433592452e+02
-6.095908802798115289e+01
-3.786522654410494226e+01
-3.446133401566364682e+02
3.115753710028581480e+01
-5.524470362231988929e+01
-1.946121705277201386e+02
-1.393282078289768151e+02
-8.986051496315329956e+00
-5.875803753530073692e+01
-1.172190698105119964e+02
-4.360687487018655872e+01
-5.548844866325780600e+01
-1.493418557089058538e+02
-3.149401413820847893e+02
-2.430715463007170172e+02
-2.460256043894522406e+02
-1.369163046831811528e+02
-1.299283156063343938e+02
-1.862436903275361715e+02
-2.117758701325218169e+02
1.817920287991378530e+02
-1.209339009342781708e+02
-2.568322530690216876e-01
-1.841994182710915311e+02
-1.446810263327479973e+01
-2.122139112894811319e+02
-5.921881191236796838e+01
-4.906592207272484529e+01
-1.091814083036513665e+02
-2.012961481404016411e+02
-2.589284061547410261e+02
-1.674837495874108129e+00
-2.912434992353115604e+02
-2.199626550254098731e+02
-1.004246594825906236e+01
-1.473378204393960118e+02
-3.338909105952008360e+01
1.722849792976776371e+02
-2.178497980878304574e+01
-3.927439159965275195e+01
-1.399107997806439130e+01
-5.653394050115980285e+00
-3.914217284962289511e+01
2.180366894438748204e+01
9.059568069742263674e+01
-1.303080728340215728e+02
-2.064368068346473137e+02
-1.672674189106793392e+02
1.115676242386753003e+01
-6.466809460467902682e+01
-7.772084084122300851e+01
-7.437212666540331441e+01
-4.662400304996278066e+01
-2.588373379914504540e+02
-2.334799633178161571e+02
-1.152826761645150810e+02
-2.790251046376856721e+02
-2.939130351404475050e+02
-2.196585857364880781e+02
-8.280528697380844960e+00
-4.986864198525645975e+01
-1.424091072612299058e+01
1.277304089043417434e+02
-6.609356937477907934e+01
-4.800358549196287328e+01
-4.353841183553606697e+01
-5.309309150943239786e+01
-3.600136069023557184e+01
-2.733103019428292768e+01
3.217719235134126166e+00
-7.042152611877517643e+01
9.016709703523533292e-01
-5.994903538818459054e+01
3.485317843194569498e+00
1.158776882065068214e+01
-4.542750613137118876e+01
-6.545802749313567759e+00
-1.744545345393726734e+02
-3.196261175196811166e+01
-7.333899578642703254e+00
1.853986314259322654e+01
1.492346720578997576e+01
-7.537357064925032546e+01
1.808724833643675538e+02
-1.524817446859200061e+02
-3.223807899380332742e+01
-9.052242327477074468e+01
2.728814999519183004e+01
1.198073790039936029e+02
2.115216800762463549e+02
2.334185575208638852e+01
-3.663853699244150164e+01
-1.118627973092643941e+02
-3.168332595669337479e+02
3.897493420830414834e+00
-8.025382259148145181e+01
-1.721454446898378876e+01
-8.934001934793927546e+01
-1.983333820325590295e+02
-1.048955747727105319e+02
-3.579057979015345836e+01
-4.520153889640508282e+01
-1.320851077494010610e+02
1.372976068631357975e+02
-1.678969635101914264e+02
-1.238301508629727294e+02
-2.317808630394730471e+02
-4.442354992193639873e+01
-3.297690899433943628e+02
-1.023039582149503559e+02
-7.263996630647031338e+01
-4.383062490916994136e+01
-5.029438079744872425e+01
2.660529901221671167e+01
-1.800074405382299148e+01
2.095758329687381547e+02
2.437627936240865711e+00
1.150026996018091978e+02
-3.105144712332639756e+01
3.084496942787268736e+01
2.856935313908567764e+01
2.522156215125694878e+00
1.324173475733237240e+02
7.247551436724673124e+01
9.560074445516723074e+01
-2.213278089800899124e+02
-3.790150892223998653e+02
-2.645999423428443151e+02
-2.246526823950437119e+02
2.625752768084471427e+02
2.426336459878545782e+02
-7.487900417359256267e+00
2.518019501623485041e+02
2.231589901425066955e+02
2.184018740556889213e+02
2.100536895391508097e+02
1.986750550508739934e+02
2.857676120094193379e+02
2.345424890340393631e+02
2.519582005001518041e+02
-1.713785189098432511e+02
2.148463966309149669e+02
2.872864735387163364e+02
9.027856824663541602e+01
2.375702268620850930e+02
2.546784523436340351e+02
2.768018295347731623e+02
2.518476012778099289e+02
2.475771997802098099e+02
1.845088533430245832e+02
2.337496466750531852e+02
1.111117642771757232e+02
-3.215924254922403236e+01
-2.931473291330125903e+02
-3.141753209835189296e+02
-3.511409298138490840e+02
-3.164368419326550566e+02
-8.242832991736105441e+01
-2.034520388704864047e+01
-2.404777550300435109e+02
-3.115124305803451534e+02
-2.583244362685318265e+02
-3.637756798501537219e+02
-3.171694466036412905e+02
1.549708626005865995e+02
-5.034148108332612992e+01
6.470706063946451536e+00
2.299757133525627637e+02
2.644532065429930867e+01
8.169815077876940279e+01
-2.441749298133326533e+02
-2.754276747002856496e+02
-3.347293765479660124e+02
-3.435189162132215870e+02
-3.282167873052154050e+02
-2.576931651861665955e+02
-2.267197658270981435e+02
-9.990090761194731783e+01
-7.800166337716001408e+01
2.439496149196784245e+02
2.071177664338193836e+02
2.396133247791659073e+02
-4.131807990180433876e+01
2.524215768094954626e+02
2.425464198494329366e+02
2.903584825114857040e+02
2.412358369315365962e+02
2.786088688429758236e+02
2.481677189772192662e+02
-7.438319064758145771e+01
2.359515591808909960e+02
2.100894213077033328e+02
2.633534888735201207e+02
2.538441643888994861e+02
2.124101653134107721e+02
-1.666342065934526318e+02
2.569630859951094521e+02
2.042506045697933530e+02
-1.493865790531554580e+02
2.481598970513749123e+02
-3.981324475714060895e+01
2.512167764904095293e+02
-1.163560680287944678e+02
2.337756436595786340e+02
2.888527612791090178e+02
1.800473761909894392e+02
2.728552473077851914e+02
2.509421553300050789e+02
-4.224833506341144584e+01
1.655622974127541625e+01
2.723063394958601862e+02
1.964998912844767460e+02
-4.955422057589188967e+01
2.220241407225836383e+02
2.958744211766440912e+01
-3.569961641289022225e+01
-2.548968694943618019e+01
2.581794007347523348e+02
2.499992544284690155e+02
6.755196404753090178e+01
-7.814408443467995369e+01
1.504722983177072422e+02
1.959750377183684975e+02
2.578941392026985113e+02
2.074308289931524882e+02
2.190813300431843231e+02
2.232575363937115185e+02
-2.505217307103492885e+02
2.061489295036005558e+02
-6.815408998762748638e+00
1.635322812170162265e+01
1.652929825489249538e+01
-3.709131599494128295e+02
1.562567949791484807e+02
-4.894739162149194556e+01
1.365326429789686813e+01
-8.548802871414687843e+01
1.278002253839726734e+02
2.555729852783513820e+02
1.479283435457724636e+02
-2.867494750467810718e+02
-1.381702649551003503e+01
-3.229216865918456278e+02
1.358829632513131287e+02
2.067683489673710255e+02
-2.521329669148177572e+02
2.275963464116100567e+02
-2.088011541031126512e+02
2.047872032342202147e+02
-3.355530171069491416e+02
1.971881369363140095e+02
8.701151044805668278e+01
1.676879977487872679e+02
2.673907264166431332e+02
1.468056099838663044e+02
-8.217404982197056285e+00
1.707500960671159191e+02
2.282117918074958709e+02
1.914324787851098222e+02
1.747992291661264517e+02
1.982432275519883831e+02
2.519166731106043073e+02
2.171998689144752461e+02
2.505876031188237789e+02
2.371836179816279184e+02
1.905738517040963131e+01
2.553813237792619475e+02
-5.620140501063744978e+02
9.045116353574826462e+00
3.405554072264820320e+01
-1.286377265764993183e+01
1.057604926380628285e+01
-2.855323824635000847e+02
-2.089755597642301268e+02
-9.066303208949300085e+01
-2.618384496898215730e+01
-3.139683148433829274e+01
-3.701060756714158373e+01
-1.783984265381266709e+01
-8.218981354641783810e+00
-1.668924766999887765e+01
2.695839322694909583e+02
-1.881362182429295160e+01
2.284968947523614986e+02
2.794189670477953200e+02
1.984499798739313121e+02
2.954788938483892480e+01
1.677582279849331428e+02
-3.834008510807322523e+00
-6.181371572061254938e+01
2.082584989288552322e+02
-1.988660464795330540e+02
2.693891879305871271e+02
1.188326943763074013e+02
1.793049799782043863e+01
2.046098783363316898e+02
-4.112801046627128443e+01
9.575722167272417096e+00
-6.232735096311897394e+01
2.771863451862109287e+02
2.123236734932437457e+02
2.163562809275015866e+02
1.814853779163913430e+02
-2.398341642572331125e+02
-2.119964747703176613e+02
2.630439553168449720e+02
-2.517259031475840345e+02
-2.360328306015090334e+02
1.982789101959984919e+02
-1.414526296423255189e+02
-2.420272612059929145e+02
2.615349677534812827e+02
-2.604026111607679468e+02
-2.297667887544754137e+02
-1.917653848265362626e+02
-2.344239207512236476e+02
-6.269720625571501671e+01
-3.171268814066628465e+02
-1.910966933668225636e+02
-3.078531185403964514e+02
-2.414992109383940999e+02
-1.321892410225681260e+02
-4.645896542025785436e+01
-7.275010851880892915e+00
-1.596152116002722607e+02
-1.220187472203075458e+02
-6.783399325301876104e+01
-5.633827631039752504e+01
-8.622396761833932999e+01
-2.455803144037118102e+02
-2.111141599912969582e+02
-1.743164055571019730e+02
-9.817476922422774521e+01
-2.407934926295905314e+02
-1.863283213151976838e+02
-1.273673397859878520e+02
-3.576782276518438053e+00
-1.958355827868295478e+02
-1.503603749647085124e+02
-1.448063453772848845e+02
-3.069434499563897134e+01
-1.810503369294008564e+02
-2.128433634126739094e+01
-6.625887060047139698e+01
-5.658813256653992596e+01
-1.714033701826922140e+01
4.643339426150888016e+00
-2.475255638521321444e+01
-5.963169250324920512e+01
-1.404685190352172697e+02
-8.134050873608235577e+01
-8.692605569437979796e+01
-2.394101798127402674e+02
-3.415383868889281302e+02
-2.623923613693193602e+02
-2.272072663530870216e+02
-1.150116603659138974e+02
-9.301496540099959986e+01
-2.640983059376836906e+01
-1.501848490223748911e+01
-1.023147002378875783e+02
-5.438109685930437109e+01
4.616809790166740868e+00
-3.239816383415008971e+01
-1.130004716639864171e+01
-1.442088571494984350e+01
1.991901283234510345e+01
-6.524855312272448771e+01
-9.119950151139214256e+01
6.649957726019636084e+00
-2.491499773191420886e+01
-1.473803567529805036e+01
-2.279523873265495482e+01
2.281155224787140412e+01
-3.764592052784138332e+00
-3.129802721086717554e+01
4.267226386964694029e+00
-3.063869722314402679e+02
-1.263355758449516486e+01
-4.050791057041678300e+01
-5.499099898034556588e+01
6.968914621634100470e+00
-4.096716873870860098e+01
-2.796605229544327642e+01
1.570335243323726786e+02
-8.177144784349256668e+01
4.456044420433120479e+01
1.771351955514594465e+02
-6.987204653959850020e+01
1.561573468950578913e+01
-5.515873900859781997e+02
-3.104611251450039617e+02
-1.994271863300548375e+02
2.479284545654964518e+02
2.261802560010776730e+00
-7.520600622911359778e+01
2.015240565575580263e+02
3.567925973294483555e+01
2.238603040548362912e+02
-2.695226666666926008e+01
1.860690806462654336e+02
1.565861360236596624e+02
1.992835267423656092e+02
-1.698653073247281782e+02
-2.131703929231604775e+02
1.896795404852892091e+02
-1.443539611934903064e+02
1.630481646178046731e+02
-7.345616929843384924e+01
1.278770676859517152e+02
-3.870080823072935345e+02
-1.998133936034469400e+02
2.760556793058295852e+02
1.600695169933997022e+02
1.529503712772758774e+02
-2.697686435219860357e+01
1.643941741552528129e+02
2.052730959721635031e+02
-1.336066704108056342e+02
-9.525125669804995709e+01
-9.262175558669048314e+01
4.006337965669740697e+01
2.322599061118646446e+01
-1.274488112750057383e+02
-8.975686038960861879e+01
-5.747843106464038065e+00
2.614593402852029840e+02
-3.711164254117792893e+01
7.990768857013243576e+00
8.609172703132531979e+01
3.381803633337224824e+01
2.290156826161338586e+02
1.908178700166462249e+02
1.879112694645403963e+02
2.694315549012437714e+02
2.240288449401467687e+02
2.250795877336837236e+02
2.145593594784850779e+02
-6.840699635988202942e+01
-1.166963146256093751e+02
1.612035452350629612e+02
2.113533809590405212e+02
2.319040952030544531e+02
2.578035803084292752e+02
2.576809561652979710e+02
3.076808893095321196e+02
2.524516692704968364e+02
3.031914994790550963e+02
2.342241495874058899e+02
-5.084132099254495074e+01
2.247929296745979002e+02
2.775649066430417520e+02
2.307419575856250731e+02
-6.604490566315993760e+01
2.923914141376832276e+02
5.547041632734050154e+00
2.587699406211951327e+02
-3.180920533855420729e+01
2.641079972100601481e+02
2.588116026167373320e+02
2.847383574917033684e+02
2.037966180853724154e+02
2.234349541763785396e+01
2.562433695784624206e+02
-9.977005345804334979e+01
-3.059231320123312230e+02
2.085019924525212787e+02
2.055057425636444464e+02
2.313075763224912862e+02
-4.255890398088118332e+01
-2.322889993048323731e+01
2.314971151830356462e+02
2.285754896897810511e+02
-1.487127106283399769e+01
-5.073983703081376717e+01
2.452407361776193966e+02
-9.472788884986726998e-01
2.364883259075307080e+02
2.070503677137407408e+02
2.232073858062802856e+02
1.909501231461887301e+02
-4.447092340229838214e+01
2.113459665485302708e+02
2.103107137870281917e+02
2.342622908658560164e+02
2.871194208433888662e+01
2.411218202750573880e+02
2.525590313625405088e+02
2.342992348224545367e+02
2.193832378990458949e+02
-1.466989326916592518e+01
2.323064461426810681e+02
-2.809470236860877890e+01
2.288704934046864992e+02
2.852681173003926460e+02
2.728151065764219538e+02
2.347441854566639563e+02
-3.436372133598527512e+01
2.587528215178958817e+02
3.742562238096337524e+01
2.363990263073935694e+02
2.558936046731945737e+02
-8.215860049969786871e+01
2.343741201314186924e+02
-3.144515655382553518e+02
-3.203709910584167346e+02
-1.776878325675743895e+02
-2.452675421595430976e+02
-3.963308422437218326e+01
-6.066727189219345462e+01
-7.679729306709489833e+01
-8.621474627789848455e+01
-9.740436032777751052e+01
-1.967659644654994793e+02
2.677995546182324915e+02
-3.002561587530551890e+01
-1.728303804232322705e+02
-9.137532504491008467e+01
-4.123653805325234600e+01
-7.408030985999175755e+00
-4.600929400548474746e+02
-8.230314239482737548e+00
2.303400896653137409e+02
1.024923390787829192e+01
3.476230893528438060e+00
4.924745510019974404e+00
3.131428048304744038e+01
-8.400040177896627824e+00
-6.914820776216117793e+00
-7.244164763330059031e+02
1.887514711675656542e+01
-1.425150679216228866e+01
-3.534725093489103642e+01
-6.921754824009990159e+01
2.695889941285140594e+02
2.580324376180814170e+02
-2.278055390857348925e+02
3.336495624810896743e+01
-2.439639936181386020e+02
2.406933908672666576e+02
2.179056228569874065e+02
2.104527424073536963e+02
8.177699224436972258e+01
2.053866619830021705e+02
2.394124165342949482e+02
2.124565760965090817e+02
2.539865633964617473e+02
2.531125198413247688e+02
2.478739050460605995e+02
2.886297038689465353e+02
2.100299695423826734e+02
2.529717223918505624e+02
2.289055622069033120e+02
2.221925968199892054e+02
2.620294368421939453e+02
2.370440421002649884e+02
1.989245716976961660e+02
2.740279255563622769e+02
2.225982206280984883e+02
2.239546339527050804e+02
2.224204661211767302e+02
3.075721476963821033e+01
2.513508584221700914e+01
-4.725742633903848855e-01
2.114718939066559358e+02
2.515685108425925591e+02
