-4.685003028777529153e+02
-1.112237294761313109e+02
-4.445997285531646526e+00
-1.250724332226216120e+02
-1.386047677101628892e+02
-1.780690673099011576e+02
-1.488019074950549907e+02
-1.645216457514652575e+02
-1.229901044128135794e+02
-9.926159186443048554e+01
-1.969135968448313747e+02
-1.204381946922701161e+02
-2.050792662346711097e+02
-2.035063900851994845e+02
-1.432423263221039065e+02
-1.512190644202595706e+02
-9.249662570770246361e+01
-2.464941403169223690e+02
-2.955508980029260329e+02
-1.553267152865679748e+02
-2.474647782551527939e+02
-4.150129241618085985e+02
-1.861667703434811187e+02
2.664837271139198549e+01
-7.623093114703810613e+01
-2.596250603921593552e+02
-9.176301730452803440e+01
-4.146391077179218883e+02
-7.127877692165357359e+01
-2.340949642114186702e+02
-1.428806756228122765e+02
-1.064064147739437374e+02
-2.549137004899583872e+02
1.044281996108377655e+02
-2.529356627448087522e+02
-1.088685616097806133e+02
-2.010619372699032965e+02
-2.728220234430700657e+02
-8.398451641889163000e+01
-7.251954534393624385e+01
-2.832107179658519271e+02
-2.832173149590868206e+02
-1.347100548102263815e+02
-1.560276329721331194e+02
-2.161818092761382388e+02
-1.570351708876166867e+02
-2.690737254848369275e+02
-1.127558785406534838e+02
-9.745822631230713284e+01
-8.694704320034026068e+01
-8.610217553548045544e+01
-2.454791440391038293e+01
-1.309523326409706385e+02
-1.368913435920815118e+02
-1.078852877711606766e+02
-1.317125809103736174e+02
-2.273987891938249390e+02
-1.155139956980514597e+02
-2.215660915324399411e+02
-2.317020495914092066e+02
-2.821446550283816350e+02
4.287870152761507825e+01
-9.218303141139993784e+01
-5.391238075597608770e+01
-2.804266087972240484e+02
-1.736613272891488577e+02
-7.434027150799980177e+01
-1.904664565981012743e+02
-2.592757006556011561e+02
-1.190723946784761011e+02
-2.168828794056005336e+02
-1.135344041793216547e+02
-2.254851676583382414e+02
-9.445599486235951758e+01
-8.967626887058607110e+01
-1.519283035510241575e+02
-2.222101559084794076e+02
1.454028100025669801e+01
-1.882463716030143246e+02
-4.775611242289865999e+01
-1.800419776061664265e+02
-2.121792065553909765e+02
-2.538107520693486947e+02
-1.752560043907919294e+02
-2.228303512036838470e+02
-9.933197185320894107e+01
-2.623897556943153404e+02
-2.191741973541572293e+02
-2.253328947227478807e+02
-2.851562291662788766e+02
-2.701850712799268877e+02
-2.156475635753318443e+02
-5.215307677685045462e+01
9.859044196300848739e+01
-1.961258963133598741e+02
-2.288329568056457788e+02
-2.643424178572256267e+01
6.778356911488128844e+01
-2.191091614570757997e+02
-6.756238997251568890e+01
-1.234782594490532688e+02
7.891957346577086696e+00
-1.552951085398378268e+02
-4.861726874676526222e+01
-2.194168168372661398e+02
-1.821838990561161040e+02
-1.711965336085287959e+01
-1.587687707542887381e+02
-6.358193977512319606e+01
-2.481430007930323143e+02
-6.161495130512975038e+00
-2.209100225747769173e+02
-1.771045149295150622e+01
-2.257693386105839863e+02
3.421168798141607681e+00
-4.009059559269904582e+01
-3.435262382930358172e+01
-2.117877710417568267e+02
-9.904415459444230407e+01
-2.413014136470551136e+02
-2.653437205138700961e+00
-1.994472180115389222e+02
-1.388139928262401099e+02
-2.236013469159333056e+02
1.839970761687923471e+02
-3.599567946806124041e+01
-5.827083981912332433e+01
-2.152356833018931468e+02
-1.978261282534882639e+02
-2.287116841147596347e+01
1.138440908203497486e+02
-3.105283126931995241e+01
-1.882098805996707540e+02
-7.163003615531502533e+01
-1.811109415105254072e+01
-5.792385327146532603e+01
-2.099146580271892049e+02
-2.150842347969610273e+02
1.478224149288793967e+02
-1.640998808873958410e+02
-1.360352760331918205e+02
3.591174556814362973e+01
-6.077190260541611622e+01
-1.653782431784761684e+02
-8.390433111511256925e+00
-2.022278052877006189e+02
-3.906391043895794724e+00
3.364480103590099702e+01
-9.128711015215084501e+01
-2.318817716094331161e+02
-3.740172813773885707e+01
1.253411241855835101e+01
1.160356653121238537e+02
1.727687724619405003e+02
1.911019947194944280e+01
-3.552348784626806832e+01
-2.217078302828241192e+02
-1.797325824434859669e+02
-3.963959029935615064e+01
-1.882964847016619103e+02
-1.774943596227816442e+02
1.141967489687712600e+01
-2.792461392716536750e+01
5.500158375547300693e+01
-1.331739301683619203e+01
-2.322031152522363016e+02
5.533695360378857231e+01
-9.740280446500790390e+00
-1.454625770391779156e+02
-1.726242054041939298e+02
7.207628989700387478e+01
1.458022028363593563e+02
-4.985676040991441482e+01
2.594936109008334313e+01
-2.041788043556892092e+02
-2.789806355010883010e+01
-6.997812060701581061e+01
-2.121175212605337492e+02
2.041117996636738496e+01
-3.247286432441239867e+01
-2.155632572287906896e+02
1.127963998745508007e+02
1.303411003096692582e+02
-1.612878884487625157e+02
-1.775535291348090823e+02
-1.781595379492055997e+01
1.235742195481489603e+01
-2.150571228251660045e+02
8.830340125984228905e+01
9.510406534730827843e+01
4.456582621536954747e+01
-1.757133624325906567e+02
-2.806801139216047147e+01
-1.840810274249629970e+02
-1.694403522671358076e+01
-1.714789477544648548e+02
-2.398145527043477898e+01
8.256154024215696552e+01
1.164782128478032348e+02
1.048138537117039988e+02
-5.970725868161775196e+01
2.879184295152373352e+01
-1.786263764707835549e+02
-2.752275561749754615e+02
-9.088438824920075376e+00
-1.986948796728964908e+02
-6.052023776322121762e+01
-1.880926343198146355e+01
-1.873057176318036170e+02
-2.603564917525922340e+01
-1.524879021521239508e+01
1.324410430244899999e+02
1.190562593711723025e+02
2.012236065546905195e+01
-1.534339870938413242e+01
1.107152666145653086e+02
1.824276279660569173e+02
2.268881308501748606e+01
1.257528125192993684e+02
2.267539599522464755e+00
3.419388422025522800e+01
-4.307458905461105303e+01
1.914967720050653384e+02
-3.888870478218331073e+01
-2.591076982064772949e+01
-9.621986754419864951e+00
1.506388277152620390e+02
-2.677678220993811919e+00
-1.479933865278709959e+02
1.418146521348803049e+02
1.554816869350494812e+02
-4.727371545572522393e+01
1.149206389950157927e+02
-8.457501211403268826e+00
-2.617582937458500680e+01
4.900704111590326306e+01
6.832818271894188911e+01
4.135638968806432558e+00
-2.097967850664957723e+01
-5.774397355152914457e+01
1.754099479335653200e+01
-1.390495727872557836e+02
6.861298157287998833e+01
3.402894539654988648e+01
1.193564004714675093e+02
1.216843453984496648e+01
-2.614004983883882005e+01
-7.872231112731753910e+00
6.395972013605836537e+01
8.226223563596789745e+00
1.869403403624499731e+02
2.081490856227821666e+02
2.453517469090404290e+02
-1.469419916151275629e+01
-3.001798987667399388e+01
1.701517057281134839e+02
2.974627741139059367e+01
-1.528713010907424064e+01
-1.879400505689040983e+02
1.940367806573502776e+02
2.199027254730948471e+02
1.797261606496308559e+02
1.546582824175383166e+02
5.096890207637254377e+01
1.060175033709405312e+02
-1.795479050807189765e+02
2.332264107388260186e+02
-6.644085361951248103e+01
2.576539589489944433e+02
-3.528139549798849828e+01
2.806284789005333096e+02
2.155400726378776426e+02
2.188047580769195122e+02
7.129245970242391195e+01
1.689462468833229423e+02
2.084355568646916481e+02
1.653835049699911224e+02
-6.873582715811670596e+01
-2.242345857125980615e+02
-2.414908129363039393e+02
2.598462219788840457e+02
2.446996640709618021e+02
-3.171872195754416168e+01
1.358106515962533933e+01
-2.271336675598059571e+02
2.638905279877269550e+02
2.653689777109916577e+02
7.660021510945512091e+01
2.398444187437020787e+02
1.081243157698473141e+02
-1.868662869821719141e+02
2.155484598460360814e+02
2.229520616740726435e+00
1.194572720524182472e+02
-1.380362562711852092e+01
-1.892786946442561771e+02
1.460460758482279289e+02
1.686786713619510181e+02
2.171256330620008725e+02
-5.478350156618439826e+01
2.740068572563773159e+02
-3.975237885363372925e+01
2.378488123810351738e+02
2.263838085962452453e+02
-1.628390219848515130e+01
1.249592756096583912e+02
2.556714662212218911e+02
1.468755660973100703e+02
-2.884028365026709650e+01
2.615102229570720738e+01
-1.745686943733512635e+02
-1.719776393793139846e+00
4.623664617409554012e+01
1.983372156230606151e+02
4.637853953177483390e+00
5.621890869410149350e+01
2.112079965259444805e+02
1.778654489711951214e+01
2.500596289589502135e+02
-2.526552626939237598e+02
6.214797862832426745e+00
2.612660728142612925e+02
-3.437175947741575044e+01
3.835739548179087421e+01
1.713123590955326847e+02
-1.460339991487839484e+02
-1.839878868235869902e+01
-1.512008544883873356e+02
-1.616416714473013485e+02
-1.476153988966358099e+02
1.466296259048080515e+02
1.849018675395782907e+02
1.678551170568466659e+02
-1.774689748749269143e+02
-5.991180391430285113e+01
2.655275178384489436e+02
-3.532052200915799745e+00
2.881152673467852310e+01
-1.429279209604785308e+02
1.227714560524222804e+02
2.354650136660483497e+02
-2.504911013839897294e+02
7.359797012024338869e+01
2.635499874430119576e+02
-2.050745327639499465e+02
-1.740140759580424401e+02
2.226085453700803782e+02
2.931298249447530679e+02
9.781819556948576633e+00
1.640208910473525918e+02
-2.451231699203672463e+02
-1.627470112251099010e+02
8.325116124876743129e+01
-6.980655010441068953e+00
6.567686129055648792e+01
-1.814145446519453913e+02
-1.666074188032062864e+02
1.579587363671089406e+02
2.120827395968692599e+02
2.059386543089956376e+02
7.404780092419828463e+01
2.079142319818982685e+02
2.114618629449307150e+02
1.116062924690492082e+02
2.282050409209618920e+02
2.648168582535072915e+02
9.073728096959840173e+01
-7.367155182746377307e+01
1.889464546960786322e+02
-2.306303779861366365e+01
-1.897536125938353280e+01
1.634623794520651927e+02
-4.097502008451338895e+01
2.643711806495071528e+02
5.526671710282603556e+01
1.784672202503959966e+02
6.481267614758604623e+01
1.132763259131336042e+01
6.743137479099081588e+01
8.092221983158852083e+01
5.619797588980901537e+00
-1.221423460152534233e+02
-3.142809016440507719e+01
-3.973586922196346904e+01
9.042522081205353857e+01
5.417796417972019185e+01
-1.687707604757989444e+01
1.823651736447898486e+01
1.805163686820909277e+02
-2.037992922576274850e+02
7.918240076863851584e+01
-2.335640719045015317e+02
3.037165558097191820e+01
1.715970913685836479e+02
1.406249374259933802e+02
1.531490723457010290e+02
-1.877843591681717612e+02
1.079781964185935408e+02
2.441420923325221111e+02
-2.322512248298534132e+02
-2.011802292342420060e+02
-1.982627742464785001e+02
1.141522165740838091e+00
2.760368786855173084e+02
-4.510654715836103179e+01
-3.394916202737990574e+01
1.825884019744223963e+01
7.745684060896143919e+00
2.410716332452379618e+01
2.248209957011715687e+01
2.532180544437072740e+02
1.752216851334362673e+02
-4.055307120774514829e+01
-2.369127277408022678e+02
-2.325750985893742850e+01
-6.877631974812018711e+00
1.693795315024073034e+01
3.894828358314978800e+01
-2.221000576645188005e+02
2.289369528982597899e+02
-1.108165953554108398e+02
2.476884283293603062e+02
1.772220226715884905e+01
1.785633816894093115e+02
-8.633743179496104148e+00
2.463809696976247778e+02
2.267972968457181651e+02
-1.664004435609025165e+02
2.138374915659683495e+02
1.921318601442535510e+02
-1.389491862539299802e+02
-2.862200788789290868e+02
6.094841907219630883e+01
2.287143022657942595e+02
1.123242901495192143e+02
2.874591267350774615e+02
2.110810509182514636e+02
-2.758692395830215816e+01
-2.067152738831269403e+02
-1.119771307216748397e+02
1.773499568132263562e+02
-3.780801145821610731e+01
2.399191303092440535e+02
1.254485032018003210e+01
2.415429778790397108e+02
1.429117438310045145e+02
-1.912896518361708331e+01
2.141842366294270903e+02
-1.870228232710331895e+00
1.593342116106738899e+02
1.659922592698091250e+02
-9.795627983444738618e+01
1.123866382391410390e+01
-2.707007007770232931e+01
-1.169566516180057931e+02
1.435236935407530154e+02
1.508369863072696262e+02
-7.124983219204480633e+00
2.706430165638498693e+02
-7.337866216057921065e+01
1.790207711409743752e+02
1.689312255151492081e+00
5.325972351568560725e+01
3.019761055135946322e+02
2.120385544504507322e+02
-1.259840266654389040e+01
-1.006018590214019071e+02
1.581787701379676321e+02
-3.411943539963195349e+01
2.577840503665439655e+02
-2.300237306609925980e+01
5.363503464449192393e+01
2.086525358106163708e+01
1.648426619169381979e+01
-9.029941705827685894e+01
-1.051338319628573004e+01
7.027536575615633296e+01
-7.567951707274912110e+01
-9.519587537547799627e+01
-1.108789673886980012e+02
3.005748148783411580e+02
2.414965628719183144e+02
-1.932490778441651713e+01
-9.776122302025895294e+01
-5.894583255176990377e+01
1.976799521470407228e+01
2.557606669084993882e+02
-1.037250249294833822e+02
3.265076136689086184e+01
1.791471801321666533e+02
5.139262086388731632e+01
-8.703929011893099243e+01
-4.235200854862698350e+01
-2.677111705949792508e+01
-2.177875966704990418e+01
4.369233206147299597e+01
3.748686547754340381e+01
-5.723182328742156244e+01
-4.186579586412297971e+01
2.767638138157452659e+02
-6.047904090820674128e+01
2.507509707273121080e+02
-2.126760199743722879e+01
2.625615148712096243e+02
2.355931869108623005e+02
1.581443132927419981e+01
1.129866579282258385e+02
-4.488830569086962896e+01
2.486871573462645415e+02
2.583271034284111920e+02
1.747931614763127186e+02
-8.210720617794279974e+00
-4.144789024872351035e+01
2.553469539538384936e+02
-4.473272641336117772e+01
1.582582833962556208e+02
-4.513248900950186737e+01
-3.921733823319268453e+01
-1.110536514826565835e+01
-3.960424360992593051e+01
2.656959871654071890e+02
-3.087530209856969776e+01
1.908371500933755271e+02
4.135420385855229597e+01
2.007004810564126274e+00
-3.818890739687998348e+01
-7.975055932677847181e+01
2.219105050462033546e+02
1.618604763861074787e+02
-1.091741984992284671e+02
2.648868986018110263e+02
-4.590897775932732827e+01
1.525638489681480792e+01
1.068511671762786364e+01
-3.882256386500459655e+01
1.103742817533210570e+02
-1.269278801210595020e+01
-1.140187562464382438e+02
-1.430926604368274582e+02
1.302228897132401357e+02
1.816884914715734567e+01
2.367059319873044387e+01
-6.945045669637869956e+00
1.018703071539396774e+02
-3.246276045411238442e+01
1.816962653757597366e+02
-4.964996105245263891e+01
-3.076046453188522634e+01
3.676791622451659691e+00
1.647241715519843410e+02
1.567717245457101853e+02
1.162516933869565605e+01
-4.353350351566378151e+01
-2.301099410948402237e+02
3.621938853759837684e+01
2.559902380403656252e+02
1.646929447600714980e+02
-7.681849886677678541e+00
-3.705508083750702042e+01
-4.032521830759657888e+01
-1.368280065163857842e+02
2.425683738312993967e+02
2.457633032161868982e+02
-1.694123268674329097e+02
-1.162305083867521773e+02
-2.387092458908609061e+01
2.723381740394405028e+02
-3.144615516012969891e+01
-4.557997985852499312e+01
2.400701721900021823e+02
3.014114379786072959e+02
-5.816340604591272267e+01
-6.117758883177572216e+01
-5.660005332278103651e+00
-1.709805784732471068e+01
-2.383068258737120360e+01
-2.156720414566970589e+02
3.478586798284482029e+00
2.374122718945769464e+02
9.852856882649990666e+01
2.844603289509184307e+01
1.065773299809643504e+01
-1.284999974140095524e+01
2.346458932757168441e+02
-2.265328027211840833e+01
2.210155746383665587e+01
4.456357028809765097e+01
1.748253438311909918e+02
2.341502606245307732e+02
-2.161219718335033235e+00
-2.514866474108470129e+01
-4.040450588389893127e+00
-1.899000559664359855e+01
3.924403305246841001e+00
-4.699152746763874688e+01
6.993029962531321075e+01
-8.368843886842512347e+01
1.813019572880637043e+02
-1.349421019525905052e+01
-1.262815271392116756e+01
2.233973139353850570e+02
1.254260652896102073e+02
-2.167356060206326163e+02
1.412816646896911834e+02
-1.590709637947422550e+01
-5.320445949055884860e+00
-1.206633014311495344e+01
-4.180476170083650800e+01
-9.885556673704557795e+01
-2.907651112919005243e+01
2.637796045134118117e+02
-1.783560906648640128e+02
-2.643430976117741693e+01
1.162087642729430428e+02
1.758027443484731975e+02
2.417631866224658665e+01
-4.839891267711190181e+01
4.716339278750272257e+00
-2.071300208923291848e+02
-3.943142447708990517e+01
7.673574807169907253e-01
-4.068736014304441539e+01
-8.479164766417309806e+01
8.191349367692036765e+01
-7.106305636522662894e+00
1.794900950405487947e+02
1.940660083708871042e+01
7.674730397125946979e+01
-1.654892039839154165e+02
8.816098156302965094e+01
2.252861530059829533e+02
-5.548302783009447126e+01
1.068357138036912772e+02
-1.676829969363886264e+01
1.185658133639485712e+01
-5.022277218552931544e+01
9.310769886343932455e+01
-6.128576709005035639e+01
-2.844471940864077553e+01
-2.960640462374560400e+01
1.087224226513776273e+02
2.532397127527730163e+01
-4.799958226532346117e+01
-1.468066755394504810e+02
2.274490060711244723e+02
1.754245190321978498e+02
-1.485523392843980446e+02
1.120082167591813800e+02
-2.687058185685658174e+01
-1.309282010587993739e+01
1.536484972057807852e+01
-1.366770721371025665e+01
1.389769957798835094e+02
1.199435870158397535e+02
2.035846253525017744e+02
-4.859302481127072326e+01
-2.175390436323506549e+01
-2.348941491489248889e+01
1.601939979398144374e+02
1.503479623923444706e+02
2.383321698336436256e+00
1.888353899340115447e+02
2.200904258945491563e+02
1.024429948144177160e+02
-2.589728827999383611e+02
1.785044104151758404e+02
-1.846647552327773312e+01
1.686905366118874952e+02
1.632407699979829374e+01
1.775431612187705923e+02
1.790911412776507632e+02
2.138320026699811081e+02
5.740768031712938146e+00
-4.812634673216633274e+01
-4.892235243129387356e+01
1.673321228652806667e+02
-7.650002765177214314e+01
2.045228977122016261e+02
9.976239075140063051e+01
1.255243602813711163e+02
3.670885952037369293e+01
4.663096681184291015e+01
-1.700660869223094949e+02
-4.195940134942339483e+01
7.880202347619791681e+01
8.038146873504059897e+01
2.159528618453824436e+02
1.860558112091385397e+02
1.453807233737190359e+02
1.835579236961337415e+02
5.980613157858479667e+01
1.240268106297745732e+02
-6.048948378505358647e+01
-4.427273391062036012e+01
2.568411322524709703e+02
-1.580296147070489177e+01
1.677585089241790683e+01
1.037178838584597003e+02
-2.382197671600820854e+00
-9.607483615508036223e+01
4.255688780178851971e+01
1.610141233587832232e+01
2.394423816506007086e+01
1.376501767043154416e+02
5.065729485400121135e-01
-5.140490012733796732e+01
1.446335571689331800e+01
7.647643138382849770e+01
2.736530118681890045e+01
-3.313441514254937204e+01
-6.072515602659578349e-01
2.763773564140926737e+02
1.472790863872219234e+02
2.167909785382656196e+01
1.470689630524443032e+02
8.768622747547316010e+01
2.140725237771520426e+02
-3.672326226676674565e+01
1.223072602995102898e+01
1.091738823931423497e+02
1.278826059418774292e+02
-1.455427408053002694e+02
2.911550213137936716e+00
1.153772154223985424e+01
1.756152274504997877e+02
1.656715782875589298e+02
1.568715336038852683e+02
1.400158455121704435e+02
-2.264126075847678976e+01
2.742913707684614337e+02
4.910497161087747031e+01
1.709220472328631502e+02
1.531219186993687060e+02
2.212723137127500195e+02
-1.894895845221498121e+01
1.403425286016853306e+02
2.016785378986329249e+02
-3.579183861574275483e+01
1.023789259971487411e+02
1.604172130427552645e+02
1.340354399228598083e+02
6.662015366119010196e+01
9.020515251618728314e+01
-3.465290059495907826e+01
6.294823063746264324e+00
2.954197340128293945e+02
6.996550466374196731e+01
1.155257292509713523e+02
1.970699337269499551e+02
1.019278337618230381e+02
1.221212764912827282e+02
1.735723568658801241e+02
3.882883251542138936e+01
1.652552997169137825e+02
3.835994124864685517e+01
1.776308830806555079e+02
-1.590942389310036731e+02
5.969435488393967404e+01
1.890243962522873460e+02
2.205393705243800184e+02
1.121572788186943086e+02
-1.837853690313232278e+02
6.799106143518943668e+01
1.515892260101384750e+02
9.811172586565689357e+01
3.486573052742278378e+01
9.663822260688920096e+01
4.149068827403755932e+01
3.084668785869622809e+01
2.757487933394866104e+02
-2.399410114953852258e+00
1.059642052291092398e+02
6.706288735078641139e+01
3.945605724024539285e+01
1.920468578428301498e+02
5.832582160017879147e+01
7.699735641693314392e+01
6.833325786039739569e+01
4.031871222081448991e+01
9.728090544696429731e+01
2.359179532413430707e+02
2.619825010787863562e+02
1.552490141143698850e+02
3.613495580172318000e+01
2.056888928924112747e+01
1.894532576754947399e+02
2.288376036691410889e+02
-1.489704313847102810e+02
9.853035667884523718e+01
-1.257809175128882231e+02
2.789741848292871964e+02
2.507489089125523378e+02
2.055228103281209542e+02
2.298395904289471616e+02
3.941441008609358221e+01
-1.270400597957629429e+02
2.711556701565681351e+02
-2.543569253084866091e+02
2.645154079737411621e+02
1.582274447850098795e+02
2.817337043635868099e+02
-1.416545899558558119e+01
2.534331176815952062e+02
1.986921928831658022e+02
1.458108511449256639e+02
-1.584058531284927938e+02
1.779912696620975225e+02
1.816014541053180551e+02
1.818810319702253651e+02
1.775690864216466878e+02
-3.538432946931342826e+01
2.855231315281355364e+02
2.638275913539452517e+02
1.642608411551769052e+02
2.695986980903455787e+00
1.536451373378816356e+02
1.888420817666840321e+02
1.624286640278523635e+02
-1.504450543412965544e+02
-6.674349369578175128e+01
1.839173620148503119e+02
2.120486814771118418e+02
2.487229677249234499e+02
2.708862536867714539e+02
1.840363425790191059e+02
8.528896139941670640e+01
2.672442770980268278e+00
2.207036147019617545e+01
1.982676039294654800e+02
2.457451170975631669e+02
8.803159352163811491e+01
8.122319649340265357e+01
1.341219195082125282e+01
1.644500689668097380e+02
1.127017088027287883e+02
-2.027514395188058245e+02
1.130460901091334591e+02
1.862825037834248860e+02
-1.369068140602346375e+02
1.859744808294445306e+02
1.608649679720531367e+02
2.761075401975481327e+02
3.862757038493401751e+01
-1.391898843099137366e+02
-1.384538896523670815e+02
-5.711361632520905118e+00
2.601529355112107567e+01
2.168683831681575498e+02
-1.457514189117719354e+02
1.924045861285426042e+02
-2.207100491289860997e+02
2.112884816262525760e+02
1.099432194402500897e+02
4.154948261487174932e+01
2.188171743159728067e+02
-4.147153471703715866e+01
7.037008083055674490e+01
4.349752063112146061e+01
6.163475848454933725e+01
1.767993775601772199e+02
2.503987905861835372e+01
6.424273847319483366e+00
2.538199235454300435e+02
6.703789671928285543e+01
9.048813355794422364e+00
1.827604926685474993e+02
2.515813994828855016e+02
-1.631085496324180042e+02
-1.301229057699032694e+02
1.498216650929048228e+02
1.545724263217906014e+01
2.001614869965386561e+02
1.049729479241367045e+02
1.566876612154466386e+01
1.885777098787707757e+02
-1.303308515978437185e+02
2.100753638439508677e+02
2.575582399613841744e+02
2.279967789362746089e+02
2.597574238764885024e+01
8.536335890237722879e-01
3.241139980603500135e+02
1.923519644771490391e+02
2.352781267978843971e+02
-1.571122279298197100e+01
1.889459480340953803e+02
1.764704248379798628e+02
1.817517320226756965e+02
5.056569680581757353e+01
5.936855321237007388e+01
5.936811980688288770e+01
2.679972808896526999e+02
2.710567614163661005e+02
2.487750849989069195e+02
-1.377119983683674320e+01
7.247133925621443495e+01
2.205657288183265337e+02
-1.578011110803207373e+02
1.259559769378647900e+02
2.298989772380529644e+02
2.157006931287696716e+00
9.911592137329492402e+00
2.418152940892034621e+02
9.904452154877910175e+01
1.742118220654307663e+02
2.146937673691046768e+02
1.831335771565384505e+02
2.495943113538932323e+02
2.630425201043823336e+02
7.465539678325015416e+01
8.620066762603376276e+01
1.360182827602424140e+02
1.743260244695227641e+02
-2.666015442124006540e+00
1.044085943619328987e+02
7.631376181549768489e+01
9.194973462960572874e+01
3.734465132392216447e+01
1.192181720368070614e+02
7.145310884036247501e+01
1.040292334451663265e+02
9.248895395398780295e+01
7.039240602855907980e+01
5.523637342886605950e+01
1.136559990194670604e+02
1.730176510724214154e+02
1.492989542199295272e+02
1.108981906617848807e+02
8.499521730343749937e+01
6.232076844243112390e+01
8.031222118010963129e+01
9.389829745141840078e+01
1.751222355872638730e+02
2.635063443513614629e+02
-1.835258304527731070e+02
6.794286700575675297e+01
-1.698425003222972407e+01
7.415138100228600138e+01
1.691677101050718761e+02
9.760142032504914766e+01
9.322772307760361343e+01
-1.916583570017806721e+02
-3.648684258302276362e+01
8.517015295449951395e+00
-3.570921639411385229e+01
2.157959763964971387e+02
2.128231435397601103e+02
-1.326075035907083191e+02
1.080620608577815887e+02
1.909452001431126860e+02
1.739424841479137456e+02
-3.282614603312964618e+01
2.358904235073895848e+02
1.700982346644010477e+02
3.855249212458090824e+01
-1.830809335879752382e+02
2.263547532549538630e+02
1.247139784287537765e+02
-1.852746973903895480e+02
1.964508058721040129e+02
1.950679167547842781e+02
9.710252889525204978e+01
1.845245876298110090e+02
2.195559471443344535e+02
2.157305017503206557e+01
-4.614222235574743536e+00
9.530458223244431792e+01
7.726575981299825457e+01
9.089067136101441235e+01
1.960631051557232070e+02
-1.794077265500802127e+02
2.098490256269323595e+02
-1.999723705119994293e+02
1.658742955007358546e+02
1.886305615636927655e+02
1.704798432211115369e+02
1.112164802713274128e+02
2.057716247314883731e+02
2.175051555150171794e+02
2.020971243944873663e+02
9.806595419403736003e+01
1.082649498797960064e+02
1.236166637535033601e+02
2.164126134553549150e+02
1.865355589194728054e+02
-1.313188756344569583e+02
2.195863631895117578e+02
9.346231528712306158e+01
-1.312894084213785675e+02
1.907000568725479752e+02
2.339949233901153320e+02
2.117761047824865841e+02
7.976644279474744792e+01
1.096964130919159146e+02
2.275180289836367820e+02
1.011205005992453891e+02
4.676982779718775873e+01
2.111706181207972008e+02
2.071860585752394002e+01
7.811483459791665496e+01
3.470814790801171057e-01
6.856453775685727692e+01
1.740984590602881781e+02
2.199487320051179609e+02
8.396612315985842656e+01
8.861859472167630258e+01
3.268703790227243644e+01
9.408346313064659228e+01
1.075316474469414487e+02
2.548269815968697003e+02
2.178962947971174060e+02
2.767457896794199996e+02
2.523221500323560917e+02
-1.395691751884201892e+02
9.210100561383977436e+01
8.709613675584755299e+01
1.982077537218249006e+02
4.272581845842344705e+01
1.149957473867195148e+02
3.697339162618366259e+01
9.535980456708696806e+01
2.333805072581001525e+02
1.669875706819099150e+02
2.623672365622570624e+02
7.592686871714266772e+01
-2.217596096367800556e+02
-7.962151448368095430e+01
2.037047448057612939e+02
1.890170787275553153e+02
3.280974848614388293e+02
-1.399763857399667017e+02
2.099120901298643957e+02
7.755307624072000294e+01
-2.327214830111049082e+01
2.786894145268163356e+02
2.724835141804231853e+02
2.229027035225967666e+02
2.249184269047259193e+02
1.849583787901727874e+02
1.567100685323830760e+02
8.186816090519467082e+01
2.770648398743021801e+01
2.055765824532930424e+02
2.127991140506736087e+02
4.604752949780234417e+00
5.519868595384714638e+01
1.675293448593137100e+02
2.144384606026964946e+01
6.837829068049217085e+01
2.122854960406528448e+02
4.152551311804080569e+01
1.942952993943050615e+02
2.036967460257278617e+02
1.924537489348662120e+02
3.888821057430223505e+01
5.279506564250178258e+01
1.452287369846512490e+02
-2.228612478940301571e+02
1.385749529994930995e+01
2.324283697522189698e+02
5.344222112671943137e+00
2.155600114300577275e+02
2.092031136286350375e+02
1.686828056105980522e+02
7.262208063118416135e+01
2.049927642177274265e+02
9.868757807013943761e+01
2.800163946805845399e+02
5.912387544420233176e+00
3.891962530502799922e+01
3.866157518885898980e+01
2.836500444137129762e+00
2.109051599231821115e+02
-1.641669493730157114e+01
2.511709021740874448e+02
1.778049383623487074e+02
1.338447950291809434e+02
2.214717687420380230e+02
1.923982885318667684e+02
2.201477302105121225e+02
2.186097559839059272e+02
2.541810798639541815e+02
2.297788015154299046e+02
5.110998244616499164e+01
1.774285532580242375e+02
7.685817558337743094e+01
2.756331696055277689e+02
2.131593846219060424e+02
1.565089742242438433e+02
-3.018352911002322969e+01
1.947872080910823058e+02
1.979592816890918812e+02
3.942351231204252571e+01
1.916086828492802852e+01
2.606771803440754525e+02
1.616685247486741730e+02
2.473270058115319330e+02
2.713794673746642729e+02
1.029011472641403344e+02
-5.309679662882803797e+01
2.682251487725510515e+02
6.706984969800652152e+01
-1.428459846410796104e+02
2.149592745505486846e+02
2.166335913131057112e+01
1.949775347414825433e+02
2.512563342488205933e+02
1.890842031027556800e+02
-2.574274752163679523e+02
2.238668345886551947e+01
1.709457303517965840e+02
1.734088076280034159e+02
2.245760200498372114e+02
2.118186251682596435e+02
1.552933420573734793e+02
6.764148627679503534e+00
1.973590325647568307e+02
2.313450419062980359e+02
6.120318736162356998e+01
2.111415623323529189e+02
1.506271438100168893e+02
1.879345013601011658e+02
1.892172150166347819e+02
1.111515356349567014e+02
2.343053081404401610e+02
1.945374657862766981e+02
8.481659593905250460e+01
2.005308034687140264e+02
2.762786405702325965e+02
-9.948785252414751312e+00
1.562577402446755741e+02
2.064097344911976961e+01
2.299260703738401617e+02
1.106674792025611680e+02
2.324459468878457358e+02
2.117068411513227488e+02
1.216263629354521640e+02
-8.574698480876326911e+00
7.338784789700170563e+01
4.077586682808677665e+01
1.346853107187039029e+02
1.936175520579084832e+02
2.395537560012817835e+02
6.771826865208004165e+01
2.709634774681803151e+02
1.067500452424382331e+02
2.578799499427888122e+02
1.728910702938831037e+02
2.380976539114562627e+02
2.085286805629136779e+02
2.125915948842142598e+02
1.970069954486596089e+02
2.117655733248527667e+02
1.342280094561936039e+02
2.377533685448719041e+02
-1.672792042086413300e+00
1.082925063432999622e+02
1.788508709017669389e+02
-1.235099476554547095e+02
1.898714012217860159e+02
2.255226491033735670e+02
2.250325924518923273e+02
2.387138213873449786e+02
8.066159483154000043e+01
1.809157407834245532e+02
-1.657288146347526947e+01
2.247998806600406851e+02
2.313067040890360886e+02
1.254775784358292299e+02
2.168572998511151866e+02
2.000135157703455207e+02
-2.157952771331430313e+02
2.192962254340272636e+02
4.204574525322729528e+01
1.415725786723630222e+02
2.134313617377802643e+02
1.413371332021739022e+02
2.336018885936987033e+02
1.901146273899748564e+02
1.170177373216313157e+02
2.093705772337192172e+02
2.372654774466762717e+02
-6.218744415560845340e+01
2.109887394561287124e+02
2.499630594675070085e+02
-2.597242984203683136e+01
2.075926472561874618e+02
7.774308935266029152e+01
1.208700671883076723e+02
1.949271080158816289e+02
6.992032849415494411e+01
9.750038334686335872e+01
-4.016337064741776430e+00
2.291062035415426408e+02
8.993664181455159223e+00
2.592335596420437582e+02
2.302158797178658176e+02
1.091260992136825223e+02
-3.207523752344224022e+01
5.799296290004036081e+01
1.065063181752110211e+02
7.693096410442228716e+01
1.877869577678313817e+02
2.384856099498567232e+02
1.858622126801967056e+02
8.601491631540469029e+01
-3.732280999170961877e+02
-2.991676285354245124e+00
2.171759950615648336e+02
8.044097132383718929e+01
8.911917362137681664e+01
2.180770652412755339e+02
-1.360539101374267545e+02
2.300056985910187279e+02
9.654213819256017359e+01
1.625358364723103932e+02
2.171898505466201925e+02
-2.349356904239311916e+01
-1.762330742769460983e+02
-7.182251996244801262e+00
-1.829568120975592649e+01
-2.318047223099287635e+01
-1.522976921099616163e+02
1.344384684236399607e+02
2.087810942672785188e+02
2.329573580339529997e+02
1.051175428937995662e+02
2.228529746162545280e+02
-1.615889867068013075e+01
1.983908993559168721e+02
1.830216986286608005e+02
-2.118886937555065231e+02
-2.067633958879360705e+02
1.019941237286469686e+02
-2.464582094273846167e+02
1.096862035303568064e+02
2.209731938885713589e+02
-1.410837813533362919e+02
2.211957243639209878e+02
2.111511317595594051e+02
1.247255531585667256e+02
2.385022862016157319e+02
1.830354179207184870e+02
-2.174698525153927164e+01
7.389864628292615123e+01
2.475106993206294987e+02
2.447703175212697602e+02
-1.628751083877651240e+01
2.362087899547983625e+02
2.309507615166962466e+02
9.896819451435047199e+01
1.099133098074638895e+02
1.080315051581162464e+02
4.435957020318028299e+01
2.338376655830816730e+02
5.758540733863739547e+00
-2.253367704787726211e+01
2.312146133775615056e+02
7.455374076098169667e+01
1.658882115253555867e+02
1.984283958233497742e+02
2.284609949790331314e+02
1.977196044788452127e+02
2.364160879888477211e+02
-5.077777304172842321e+01
2.052907190847928973e+02
1.151018853890127644e+02
2.360052254537353633e+02
2.543330697034222965e+01
2.412113581596934182e+02
2.031278979375787230e+02
9.098256076101264966e+00
2.389825216178532230e+02
2.274741214173119488e+02
3.034738312575074133e+02
2.002172739105715209e+02
2.164436964647860009e+02
2.160026103623312110e+02
7.597622077730250112e+00
1.958824750774303425e+02
2.067351116707989434e+02
2.036099440893990504e+02
1.166626853518457807e+02
2.651222064982200664e+02
1.046601043731320146e+02
7.570843766144052722e+01
-8.397687879190436888e+01
2.553724462013306606e+02
2.550882434895236202e+02
1.991559727146220382e+02
1.420599406203806154e+02
2.218973707651363156e+02
2.576069299073820957e+02
2.361205247743519067e+02
3.819550313514241680e+00
2.113152658487421149e+02
3.202913548171224534e+01
-9.926064079738779355e+00
2.571813519662749172e+02
8.326361639020896632e+01
2.008567604600486334e+02
1.166876736047511827e+02
1.849783376412980260e+02
1.945979996234094642e+02
2.577399375489592330e+02
1.879806616859730184e+02
1.886876276877434577e+02
2.015772079914750918e+02
2.367398020115639383e+02
1.031830725407303220e+02
2.089636910925265170e+02
1.973991522735566946e+02
2.008257289487584956e+02
1.259549941051771782e+02
2.452840075684040642e+02
-1.840311783294013708e+02
-5.324263184086549927e+01
2.095052014082572782e+02
2.121537561859421714e+02
-4.273823215411958643e+01
2.073834830437262156e+02
1.273879209711324592e+02
2.100171232093169635e+02
1.064749092322979891e+02
2.052187759324021101e+02
2.176587518076364631e+02
3.105574019298905455e+02
2.036774458892187454e+02
1.185871648399078850e+02
8.607605992639511783e+01
-7.000040852605954456e+01
2.408655467121198512e+02
1.221409354524600275e+02
1.063177468209174634e+02
2.068432849408584389e+02
-5.644294346768788273e+01
2.357999913328833941e+02
1.453629584712709857e+02
2.377524025543641244e+02
2.242561787583277066e+02
2.497607713083305043e+02
2.393196901513671548e+01
-5.537720374964111869e+01
2.452815316166719697e+02
2.080028345487590400e+02
1.819656089456482277e+02
-1.774432259298478698e+02
8.679763072193026119e+01
-1.156789948167180171e+01
1.625863808540247533e+02
9.177948227171307849e+01
-2.446987894013748246e+02
2.167165489585183309e+02
2.438248821097074028e+02
5.084858110791088848e+00
2.478488225307783921e+02
2.679753570099591116e+02
1.827100609293786988e+02
1.809471000780884822e+02
2.234363740955808453e+02
2.199898731099287943e+02
2.554855216387374810e+02
4.537947782738612545e+00
2.345026581580741833e+02
2.220699588048054238e+02
9.387724789324083474e+01
1.977646154520605251e+02
1.066744112645300078e+02
-4.607848436555617866e+01
-6.543894983309428426e-01
8.558439873988464797e+01
-2.726828985035692199e+01
7.139396232416098087e+01
2.035562980336744943e+02
2.497382337312617437e+02
2.768078177398216511e+01
-1.917691778407730681e+02
1.915604338444876760e+02
-1.781180009100199300e+02
-1.715009456758515682e+01
1.142658781606227194e+02
9.640788903504960672e+01
2.148359330127222506e+02
1.708382562202307327e+02
2.166029600141923197e+02
1.670918207468195362e+02
1.036870989761209358e+02
1.911356623256849048e+02
1.291609152926073705e+02
1.410385478314383931e+02
2.491668025538596680e+02
-5.232907465804394143e+00
2.145713717216895020e+02
1.754387810213534635e+02
1.424778881887427247e+02
2.465635433551246081e+02
4.593142894376590135e+01
2.400864541193065520e+02
5.418339994794958869e+01
1.904297258083460633e+02
2.324107176360357130e+02
7.708729772939177849e+01
1.929609093822507475e+02
-1.694552565273598077e+02
1.681115663278915520e+02
1.640110447053194207e+02
9.101110608477462449e+01
1.493962108175872459e+02
2.050997407380531854e+02
1.929445235244404842e+02
2.875449104120218067e+02
2.430421490755945229e+02
2.055020424325030035e+02
9.942284344861303680e+01
1.097943635403013474e+02
2.242090482720396665e+02
1.389303432010115671e+02
1.120897515402100169e+02
2.538719767069086970e+02
-4.317418020620566921e+01
2.201386966650902650e+02
2.529117290681725763e+02
2.412406929783302587e+02
2.137732475552740254e+02
6.210558092769106509e+01
6.285617435657717067e+01
2.233213369595947313e+02
2.322587543564828252e+02
8.223248915067298981e+01
1.144792689470567382e+01
8.935591757322407602e+01
9.148692039604655690e+01
1.016022701156187225e+02
2.193646766366284169e+02
2.087006964115275309e+02
2.284550491082517851e+02
1.207430656359137089e+02
-2.386574960000110082e+02
1.667261276558807594e+02
2.595850257963394370e+02
2.105333519713959447e+02
1.688995766041441868e+02
2.579023278678729980e+02
2.429699421510374862e+02
-1.178940639854057792e+01
8.641298388244874218e+01
1.214173569001112298e+02
-2.295646542760398745e+01
2.179097385965704063e+02
2.660424508415189280e+02
2.569653640922726936e+02
1.579071173149387448e+02
-1.878506448811718599e+02
1.886079049908186960e+02
9.034863031748329831e+01
-1.385571940845089216e+02
-7.143248231933938541e-01
1.875895123564656046e+02
2.010159881773816721e+02
3.678197811998941802e+01
1.101394618530537173e+02
2.087489466279875501e+02
2.385283793728855812e+02
2.264252436694084452e+02
1.841350284343938881e+02
2.527758877667951651e+02
2.537790640244181759e+02
1.264237245854037752e+02
2.230157110415890145e+02
1.010709662559509923e+02
2.235336134297012336e+02
2.497460001179136384e+02
2.634825019788452778e+02
2.597554334846914799e+02
2.181193118619148663e+02
2.725836261051645124e+02
1.046303192008887493e+02
1.241326973148493096e+02
5.612742877878471859e+01
2.321487976984083730e+02
1.633502396227149234e+02
1.388118217073931078e+02
2.061050917020291990e+02
1.657650161906471453e+02
2.466690713385052334e+02
2.346755620766101345e+02
1.985532828350947909e+02
2.428474577776291596e+02
2.167300451036552431e+02
1.369209175418569657e+02
1.962572875713014469e+02
2.465053160512226498e+02
2.529652928118617297e+02
1.353782467479160800e+02
2.085046111420809893e+02
1.112697962105926166e+02
2.223798265947326627e+02
2.247466711525309222e+02
2.218091324080108961e+02
1.948324472523908355e+02
2.067046985644713004e+02
1.850116493157298692e+01
1.538394781562419382e+02
2.065583303923323797e+02
1.208244706189965143e+02
8.368488921904813083e+00
2.599496642545265104e+02
2.737320553204453404e+02
2.366703494706103470e+02
2.064212527717693604e+02
2.078777278381553799e+02
-6.257167887064881029e+00
2.610949728278316115e+02
1.863729754425295368e+02
2.622862417453737862e+02
1.184352269097275467e+02
2.448873778756269814e+02
2.604015521822456094e+02
2.292771314313324638e+02
7.980339891107983874e+01
1.263331814338736478e+02
2.270643756447320811e+02
8.442215668297647824e+01
1.556089181499620508e+02
2.715426841589535343e+02
-1.365058791003969247e+02
2.375578180600444398e+02
7.062240699236369323e+01
2.626099822374401356e+02
2.137723616334725989e+02
2.481938426699467755e+02
2.342137102106502766e+02
2.653530849830764282e+02
1.523413522474262152e+02
2.203255386655861798e+02
2.310527633642641661e+02
2.803154297180392405e+02
1.330125251795912789e+02
2.540428658135473086e+02
1.044185884337257875e+02
8.919034952715456654e+01
-2.107853307924624175e+01
1.465104346958519841e+02
3.784841524863938389e+01
2.726776900076265520e+02
2.657594430125021177e+02
1.088564416820238421e+02
2.200237964016291414e+02
2.065480677526388149e+02
2.611190812772189247e+02
2.596695179191461875e+02
2.417575153620042840e+02
8.114254059256535356e+01
1.942781239516496896e+02
1.627985045941675821e+02
1.006593922920650073e+02
1.204991165351159594e+02
8.494679569665342456e+01
2.345163623467744287e+02
9.022991866092266378e+01
2.666745659577931633e+02
2.014293572237769467e+02
2.516047895057432129e+02
1.235713450870222943e+02
2.346045474799415160e+02
-3.212472399359189978e+01
-9.076665254735090116e+00
2.488403732657280329e+02
1.573260706118610415e+02
2.698337418631828086e+02
2.105005087969892372e+02
2.353789343386277721e+01
1.073006684260579675e+02
8.338424549561597132e+01
1.384304644545758549e+02
9.272015698342622159e+01
2.087272960684190934e+02
1.394008869905986217e+02
2.250325428980358424e+02
1.001986979555537118e+02
1.081355318676031345e+02
1.043803863911653167e+02
1.191776775119954976e+02
1.986605486641593643e+02
8.574285023486376645e+01
-1.796627594675795194e+02
1.173198345454476339e+02
1.348639986321340416e+02
1.135271930048235731e+02
1.423988167200746489e+02
2.258341640887803976e+02
1.227481519168959423e+01
1.887287626187952867e+02
1.704360333229645619e+02
2.152163320674043234e+02
1.490160978039385213e+02
1.939865397029329870e+02
1.607320317588800549e+02
9.427370284058011407e+01
2.117961864807891743e+02
2.282880666100149085e+02
1.487645961733704212e+02
2.164388148593971835e+02
2.174709374338384578e+02
1.108697740695273239e+02
-1.328691596378283464e+02
2.219160714190217902e+02
1.398871787850793851e+02
1.140407580321050460e+02
1.851910178331150121e+02
1.200629152283173511e+02
1.242399920281986567e+02
4.611742460045437042e+01
1.715226708786993584e+02
2.406317164346002642e+02
1.532406251104137596e+02
2.417872086737935717e+02
1.045565665735711036e+02
1.087878824467435379e+02
1.167653114969376418e+02
2.229549409830049740e+02
1.679435599394356018e+02
-1.599039853083414187e+01
-1.525288554727835866e+01
-5.416104337032422222e+00
2.522624476826240709e+02
-6.439736087814509347e-01
1.140034671133027189e+02
4.851054867526499947e+01
2.531668973892830934e+02
2.316641479370750289e+02
3.647657595418004917e+01
2.295568932173114263e+02
1.009917125352954770e+02
6.566906631906610414e+01
1.013226047005997117e+02
2.305289706713624867e+02
1.493028903520344670e+02
2.499926337923995163e+02
8.111863979406196279e+01
3.221417229267279936e+01
2.179066777474446326e+02
1.164543117105903605e+02
2.297773565822862452e+02
5.249746303225742849e+01
-4.374291276881118051e+01
1.455459230627829754e+02
1.696122054401782862e+02
2.411415899881301357e+02
-2.549925118292310344e+01
9.637197675816128140e+01
2.143439305138442705e+02
1.482216190377599787e+02
2.826128600074570159e+02
2.256861341938263763e+02
1.199177237042008102e+02
1.585597637312835388e+02
1.858809831809915067e+02
3.731124841625108957e+01
9.926125716392094489e+01
1.191403586201012388e+02
2.413548875948687567e+02
2.189489423183389931e+02
-4.567017583565373684e+00
9.560772487698365296e+01
1.495202839886222819e+02
1.263444391872405959e+02
1.191965498168886199e+02
2.030550058914644183e+02
1.740230305229825660e+02
1.174066034754967802e+02
8.948778326725081911e+01
1.193589364057338287e+02
2.267770907984768769e+02
9.831226484766403928e+01
2.224950123240921869e+02
2.216652663054779282e+02
8.281098052805991472e+01
2.803689024919944472e+02
1.372143275250009538e+02
2.325016563938085596e+02
1.024730788475997656e+02
1.014034416340860645e+02
7.811456746091153036e+00
1.443002543431445872e+02
1.177328027269798838e+02
9.059267549819594478e+01
1.344960518252889017e+02
1.132229700404136707e+02
3.538652057730524803e+01
1.310662076042088984e+02
2.125595527973677576e+02
2.273327643877731816e+02
1.139009181648973623e+02
1.481066684418588864e+02
2.260851990729734098e+02
2.280548407724314188e+02
1.033548015677803420e+02
-1.245292623136431871e+02
2.594109897022228779e+02
2.130374850959944979e+02
1.143905148507531493e+02
-3.008212202676904212e+01
1.431937959052903864e+02
-2.256067513186896178e+01
4.936914875001761516e+01
1.441056925534056745e+02
8.450497115902936685e+01
1.611692299470394119e+01
1.031123760485308622e+02
2.154944948430202487e+02
-3.648096221098354874e+01
1.310643419417449707e+02
2.445530425202120455e+02
1.464064292674468675e+02
-3.952073653228015360e+01
-2.737962314822108567e+01
2.157040497522421276e+02
2.613563115180586465e+02
2.209247720282631917e+02
-4.023098874617406295e+01
1.252767111887095268e+02
2.103114908387161961e+02
1.319808630714099138e+02
1.550105149480761497e+02
2.216800550149109768e+02
1.615297640574663944e+02
1.581156997284113572e+02
2.689418483451937050e+02
1.839380913347127375e+02
1.136198608030099138e+02
2.655209094941990600e+01
1.571977402501655661e+02
1.915240223553003034e+02
1.573077512559891886e+02
2.151483179991677730e+02
2.487102197976485343e+02
5.341337814170721288e+01
2.274434869588423567e+02
-3.783465342583090063e+01
1.009974785940169255e+02
1.423170598306227816e+02
1.500193912794488824e+02
1.070627552152646018e+02
1.712689356763445403e+02
2.094119578971519502e+02
1.836393620446704631e+02
2.045573351154161230e+02
2.144614457114576851e+02
1.860730596661740321e+02
8.450850814122755139e+01
1.782088634913037311e+02
1.489444199917274148e+02
-9.865145387925844034e+01
2.262290089868573091e+02
2.434599366442025428e+02
2.564197532679862093e+02
2.496418976173856663e+02
2.210748401764813025e+02
2.095859101480465938e+02
3.764382393988802278e+01
1.762727925171206493e+02
1.572394492644035324e+02
2.220536422847273457e+02
2.123903811491479416e+02
2.381024818909270380e+02
2.239701684721797790e+02
2.200503138389894389e+02
2.324951511633024666e+02
1.944665243736374975e+02
-8.882332020898815017e+00
1.191790710350457658e+02
7.972521800882361731e+01
1.242938631551130300e+02
-1.209730135491708438e+02
2.168052367621330916e+02
3.831168015568590590e+01
2.380429497883393424e+02
-1.884864272118932718e+02
1.991356803570764669e+02
1.347644535080345918e+02
1.783074388036810944e+02
1.719372478327969702e+02
6.761342883288007499e+01
9.315472423473636354e+01
2.198502848900415358e+02
1.540585701001826635e+01
2.092185710765492388e+02
1.989163214455249999e+02
-5.400649583598887205e+01
2.405208704644330453e+02
4.561358325596546592e+01
2.154177923339602785e+02
1.925119837036336605e+02
1.720018639696873777e+02
2.553254121477503418e+02
9.735530903483399356e+01
2.027430814037577704e+02
1.629233556332244461e+02
1.477707555358958587e+02
1.409177349092199734e+02
-9.876011027805742515e+01
1.767386720689398771e+01
2.373066551168397496e+02
-5.104095670340734614e+01
2.125508876957772770e+02
-5.364387330422871969e+00
9.751393416932705804e+01
-3.770754584178703794e+01
-1.177677887186193857e+02
2.269696319835039233e+01
2.287878127433635882e+02
9.913875716920712478e+01
9.786511883568500991e+01
-6.734093146368904570e+01
-1.654311629866757301e+02
-1.505445677225480949e+00
2.445427243143733165e+02
-1.687118290926362363e+01
7.174670528456206853e+01
-2.357839727113103834e+02
-5.928337717333899803e+00
1.819382103748096711e+02
9.111970573086793479e+01
7.036686760000922902e+01
1.459584288674944332e+02
1.038137529965595149e+02
6.524475977617936451e+01
-1.686057775137668955e+02
3.313946785524211691e+01
7.066311945261230676e+01
2.769180427033940646e+02
1.979890372492243387e+02
2.200076033309243826e+02
-1.236474384431350870e+01
9.945533170840973014e+01
-2.849592786741139605e+01
3.263507623530799151e+01
1.763264426787626462e+02
1.491755561312625957e+02
2.861127328278868731e+00
2.601027593562707239e+02
2.833674072012655074e+02
-8.990824303774104465e+00
2.072227459931915519e+02
2.773735529054713425e+02
1.973584105901093153e+02
3.008106404717325333e+01
-3.646152650188356148e+01
3.016075625344751074e+02
-2.409790284626187429e+01
-2.883878646306609994e+01
8.752327020499993182e+01
1.982070111675865860e+02
8.251611959311112798e+01
-3.639257248518348575e+01
2.724111055176149421e+02
2.644182319300211361e+02
-2.133531130213592064e+01
9.290888653982113965e+01
1.691891920525214630e+02
1.395639516859299363e+02
1.447184142256649011e+02
1.907616791610337259e+00
2.373076694459499265e+02
-1.293219498880026208e+01
1.222748633704003822e+02
1.422892191447336927e+02
1.850717153389549594e+02
-2.254909245353071867e+01
2.112990239341854704e+02
2.234700976165262603e+02
2.286936600772631891e+02
1.153914547672860351e+02
1.028111942274503576e+02
-2.272257386414966618e+01
1.264621987104117977e+02
2.912981877757707139e+01
1.654892537021539738e+02
2.789003988674378434e+02
2.925941712638924628e+02
6.583642873879428237e+01
1.883381876748379682e+02
2.690237301228163460e+02
3.059582846792291093e+02
2.606037197129081733e+02
1.814679772550645680e+02
-5.928966270096077551e+01
1.783547449966197291e+02
9.536283714741929884e+01
-4.966937029277545435e+00
1.268663891606765617e+02
-2.428586333255668990e+02
2.558799317552079344e+02
-9.760937455435012566e+01
8.329743480462495597e+01
1.907604032659950235e+02
2.147720585396332922e+02
-6.267237168251269708e+01
1.365251063767866526e+02
2.663893284598545961e+02
1.497436132567341929e+02
-2.939301030396585190e+01
1.504575995160896866e+02
1.493887449882073213e+02
1.705704741610435065e+02
1.325160613004669301e+02
6.307119143296445429e+01
-4.757243783918120528e+01
2.164851749506851206e+02
1.265666220207813950e+02
1.971887893650078638e+02
1.725538870686888515e+02
1.519167623747577522e+02
2.122402904116383411e+02
1.719489147593729967e+02
2.905092447732944834e+02
-4.381851583811195638e+01
1.426238080511256783e+02
2.809291903257648073e+02
1.439536007727959088e+02
9.055489516025781427e+01
1.431593367177198388e+02
2.122710203721787536e+02
1.958993569316639594e+02
1.176001685174869493e+02
2.150319515053221551e+02
1.505189475389770735e+02
7.493166053413342809e+01
-7.514845553497227115e+01
1.672738689097551799e+02
2.257739143285810712e+02
-5.074473828427026234e+01
1.210584865609909144e+02
1.278516891950295218e+02
1.295868561727853034e+02
1.897730039708155232e+02
-2.341191405529409053e+01
1.200114327061012034e+02
1.928093628419947265e+02
9.616652637416564176e+01
2.398711153421180597e+02
1.906651495904924332e+02
2.749641910989175244e+02
-3.235179153083430492e+01
1.151733728573594249e+02
2.678093547196983764e+02
5.007845405058483124e+01
1.315661600750231059e+02
2.057046913650283955e+02
1.558072183944730114e+02
2.459764623282024161e+02
1.678162299897243770e+02
1.968111207769359794e+02
1.196347882328124825e+02
-4.528546147454605375e+00
2.149642626420659610e+02
9.810712026633649430e+01
1.647565535105277945e+02
7.089114004545491809e+01
2.154567917436372966e+02
1.466948134491084375e+02
2.195295672481255451e+02
-1.537563198255126906e+01
2.005833152057809912e+02
1.538453228280889675e+02
1.476390842549394335e+02
6.500346542965178287e+01
5.605063996039268659e+01
2.196304873175508305e+02
1.804066392641846051e+01
1.169619760421063148e+02
1.019690250512958301e+02
1.277305955949214535e+02
8.113898600096295866e+01
1.811498040036397867e+02
1.458195145363022220e+02
2.223763759908197244e+02
2.284434488439795814e+02
2.288751557504830316e+02
2.184478851726493644e+02
7.646349744560576767e+01
1.824242198966840647e+02
1.334552937660562861e+02
2.053625077364455365e+02
1.927050425951712214e+02
9.721503176384933909e+01
-4.717717838610582248e+00
1.534427653821248896e+02
-2.261338549125156305e+01
2.763545934475527019e+02
1.853409960527348801e+02
1.869635169796484320e+02
2.151445261137832858e+02
1.983404283481913239e+02
1.487430182683748114e+02
1.145975008752593851e+02
6.919228753045327096e+01
-5.615594175620257289e+01
1.527265589894962545e+02
2.184933318693077808e+02
1.341149228762549797e+02
2.143151376945077686e+02
-1.612641352096655680e+02
1.890461934532949329e+01
2.156566936934262060e+02
2.241494204301163222e+02
4.561738590605799004e+01
9.221167844762879895e+01
2.098842433269168168e+02
1.961664398134596468e+02
1.734874810126531770e+02
2.583816891223046923e+02
2.911792103940086918e+01
1.919653436475778960e+02
1.197355410154210489e+02
1.273824349757729095e+02
2.097494862788658452e+02
1.993206432933329211e+02
1.113743507077685706e+02
2.201723548380908255e+02
1.530918512609213451e+02
1.024707899350270992e+02
2.099540232843995113e+02
2.116587484949579334e+02
6.729232064490588527e+00
2.597214678566056136e+02
1.869260763872911468e+02
1.574556388344552715e+02
-2.062284996954026610e+02
-9.421486467796782449e+00
2.034383025578791262e+02
1.849777894932559548e+02
6.493879236530429466e+01
1.333599635849994627e+02
1.110057982323172325e+02
1.401454178456759507e+02
3.199681306057188976e+02
2.549334447137934490e+02
1.686010525569774927e+02
2.466140046972884079e+02
1.937063998602268384e+02
1.738138801350963831e+02
1.838026973406064144e+02
1.095476473219185038e+02
1.549678792305447530e+02
2.539293606438009476e+02
2.200002006423993350e+02
1.388018505565598275e+02
1.680306025209487188e+02
1.860039871902599771e+02
2.016586776467635787e+02
2.181395693197529795e+02
1.330561107644143704e+02
-1.898758082366745725e+01
1.339357723297443385e+02
1.223332250629443081e+02
1.832293504490618830e+02
2.065931511161035701e+02
1.432918038269833119e+02
1.771293117015733287e+02
1.185657357475794527e+02
2.596817628817210561e+02
1.652188771535952014e+02
1.186524221329782165e+02
2.224712314128186108e+02
1.392564598537398979e+02
-1.560207642238566450e+02
2.196958888183710883e+02
1.986527120173871879e+02
2.037752443410608123e+02
1.934519268377302978e+02
1.758112666844045009e+02
1.823568572194149056e+02
2.350446401968009411e+02
2.039043068250976489e+02
9.974530817449954156e+01
2.019837125982410271e+02
8.273664406327540632e+00
2.797910258427220356e+02
1.314145777058699878e+02
2.439292754079480119e+02
2.612571656193528611e+02
6.292068630330105883e+00
3.212894084062345712e+01
2.325081453953893345e+02
1.047399244537729714e+02
1.030374860043764755e+02
1.218887448996020737e+02
-2.619988731482987987e+01
1.969305297471481708e+02
-5.607752569229319306e+00
2.664250295206228998e+02
2.148227197493752101e+02
6.431684694078924736e+00
1.844822893223006872e+02
2.200345685342377919e+02
-1.349695209869395569e+02
1.796985992471864080e+01
2.367448858775897520e+02
1.710273229996776081e+02
2.068392415489624909e+02
5.836356932746551962e+01
2.444544920561419303e+02
2.302634982848606171e+01
2.003515617045607655e+02
2.063052775248933131e+02
1.597050124899702439e+01
1.723360585629898765e+02
2.536366619901241108e+02
2.104026787772654643e+02
2.217419188103688441e+02
2.511205632144555011e+01
2.138694397227945956e+02
2.805627012977759591e+02
2.885126019477962700e+02
7.952983579483381504e+01
1.585465500344404290e+02
8.616413444941628086e+00
-1.852586198776136257e+02
-4.936860556855479132e+01
1.199806779290227610e+00
2.868149326209639938e+01
2.400786435278032513e+02
7.122868320203183146e+01
-1.395689569468066793e+01
2.485883680597860348e+02
2.626139633913329590e+02
1.980993736765883000e+02
-2.052792583354275280e+02
2.324676944051066982e+02
2.155162068755817018e+02
-1.195120133801918882e+02
2.144690358342953971e+02
2.305491747019550530e+02
-2.787418656840246456e+01
2.402844840320802575e+02
-4.983804447955937178e+01
2.551374472317406514e+02
2.533862433791585147e+02
2.270347037301130513e+02
2.185893197206863761e+02
1.275327265144379822e+02
2.193959949786517143e+02
2.513099159962568763e+02
2.389791648974984639e+01
2.042109954234539373e+02
1.187650074450165221e+02
2.755072895171945220e+02
2.588517330225514002e+00
2.271296307210089935e+02
2.533989885587052697e+02
-4.911131724735631110e+01
2.006327530732322089e+02
2.237790310792781838e+02
2.834479012464869925e+02
1.369275232359388497e+02
1.542400620946100105e+02
2.624078131441101505e+02
2.238009571683338095e+02
1.160430800665277360e+02
2.744250949256426111e+02
1.052641363817720332e+02
1.596634559031711547e+02
1.147294006896127172e+02
2.509887973786618147e+02
2.404870484466026141e+02
2.522808633414999235e+02
2.313373664307578679e+02
2.286825643376130586e+02
2.695112904539917622e+02
2.054418113821288046e+02
2.246691334653846752e+02
2.215608408319026807e+02
2.402760598092458508e+02
2.130136023381847394e+02
1.960692493962784511e+02
-4.009567951218055271e+01
1.182168909401153343e+02
1.487145780739305678e+02
2.589107266237931526e+02
2.732051064453468143e+02
1.238755835985005689e+02
2.329127678388230152e+02
2.330399922055022159e+02
2.361994404078261880e+02
1.965483039373688712e+02
1.460919565132722084e+02
2.437426050049217565e+02
2.386541632110172770e+02
4.430176601667926661e+01
1.858004071944604618e+02
2.362373645795655932e+02
1.088748726234945536e+02
9.802908829001668778e+01
2.427582164180758468e+02
2.483969272889598869e+02
1.488179046169855724e+01
9.214982911067153282e+01
1.678962340637799855e+01
-2.068927710569204521e+02
2.306105685594927195e+02
2.581292520190270352e+02
4.631763355487848344e+00
2.333999203785395764e+02
2.973178603938080755e+00
6.739459662759122693e+01
2.158417562636758475e+02
-2.231613231312870198e+02
2.332182426157901887e+02
2.215144107237368587e+02
1.794717335682192925e+02
1.354635715184834908e+02
1.603346408331982786e+02
2.696494803569270289e+02
2.377787374618146714e+02
2.107121041721130155e+02
1.964254712582907132e+02
2.038356019733438416e+02
2.226041578461413337e+02
-2.052335913038396029e+02
2.264212267585885172e+02
1.639153768742937416e+02
2.128931319887084328e+01
1.001433157016909803e+02
6.801988288048941911e+01
2.415905150408738677e+02
2.107454848081310388e+02
2.335481467799819484e+02
-4.850606101668759607e+00
2.365200805933605182e+02
2.169290863025320562e+02
1.459828684577930176e+02
2.337638810385574288e+02
2.170316382541303994e+02
2.285569111395227822e+02
2.576024929896281037e+02
2.997023472703542666e+02
9.901073389690145632e+01
1.079788735375053079e+02
2.624010672202515480e+02
2.238827082086893938e+02
3.325193294720139647e+01
6.337338389047280884e+01
1.264281135419640520e+02
-1.933887148144616219e+01
2.198865901602565600e+02
2.513100140518031083e+02
1.263571771553923924e+02
8.894566198988869132e+00
2.071045425739325765e+02
2.393825986035882636e+02
1.935639147566718066e+02
1.087934825874947933e+02
2.492619480590455225e+02
-1.578903057932455454e+02
1.211508044787106968e+02
1.876561916998277013e+01
2.052606472213404913e+02
-3.970120397619730568e+01
2.030034021209267507e+02
8.562374152646373204e+01
2.442064688659523313e+02
6.118086638809231204e+01
1.268987042449149811e+02
2.278000965061647776e+02
2.095827756372142403e+02
1.320351008434037681e+02
2.351830100054712887e+02
2.425745770689377707e+02
1.280512491281346001e+02
2.527556787165679566e+02
-1.558499219945832692e+01
1.125944727837837291e+02
2.531961430937442685e+02
1.170346538503127221e+02
-4.552602832987976456e+01
2.584037133864961788e+02
1.818193708921716052e+02
2.227832759927684378e+02
1.027393701109948836e+02
1.872432241916132512e+02
2.191184054258129379e+02
1.244141385629367988e+02
2.046308593682908281e+02
1.173412041483986741e+02
2.657917512623790799e+02
-1.148246098264422699e+01
1.798045279487975279e+02
6.497924429681739866e+01
2.203976668028396375e+02
1.777028573950220220e+02
4.548381736390402352e+01
2.235163632024453477e+02
2.075542327240285090e+02
1.085923684256380852e+02
5.071481133262560093e+01
-2.041811657879510733e+01
1.193074278359135860e+02
2.553876685922409990e+02
8.959624383746472631e+01
2.291484741966685021e+02
2.438919952380844904e+02
1.162890589898651825e+02
1.041024193278344256e+02
2.466793303893601319e+02
1.258925127624838325e+02
2.131312143441184617e+02
2.299194197146361205e+02
2.575757395133892942e+02
1.884901419113489851e+02
1.159963353696339965e+02
1.135817946881053757e+02
2.278526428766305685e+02
2.420862687006012948e+02
2.255207547224028986e+02
1.529975152279882593e+02
2.208310279191983909e+02
2.241219873778205738e+02
-1.587540237694426537e+01
2.377764928484944846e+02
2.481484896236317184e+02
1.838586865176121705e+02
2.511605590735036913e+02
1.370374433065601352e+02
-4.667817023840981960e+00
1.258578910087341285e+02
1.776056046246275741e+02
2.350123900559420633e+02
-5.015126342881815447e+01
3.871056661974472490e+01
2.201263228347216625e+02
1.165518603182460708e+02
1.142877084929172327e+01
2.133419461250471159e+02
-3.345427826814058392e+01
2.158706768993961589e+02
1.148024463317027681e+02
1.945410859938818362e+02
2.571770598629274218e+02
1.881903580002715444e+02
2.368020605134964569e+02
2.506536978221238314e+02
1.211232110699362323e+02
2.986193214800774740e+02
1.905755192142090664e+02
3.007486623016187650e+02
2.492923457938256320e+02
2.505358717012524608e+02
2.261353213107305180e+02
2.521714529661098538e+02
2.735965860885484062e+02
2.316069805283235041e+02
2.028940570087239905e+02
2.579990775331307873e+02
2.495134135964798361e+02
2.666482560828429769e+02
2.761778139856983216e+02
2.370527334157537780e+02
1.347857114584181772e+02
2.796935189033596316e+02
2.344419643048294404e+02
2.076595286803288332e+02
2.648963841819351046e+02
1.987370455692936844e+02
3.954574475392547583e+01
2.072176798828151050e+02
2.009994427938843273e+02
2.813494309887079794e+02
1.992207325004314953e+02
1.188752077817710671e+02
2.278901141545598819e+02
4.130793627464774431e+01
2.413383438978382856e+01
2.571061494488311610e+02
2.559514047149528153e+02
3.049531547731834280e+01
2.250104627663813801e+02
2.051954977808562433e+02
2.002896899650452838e+02
2.998287204643071391e+02
2.633723544752148200e+02
2.722560204773796499e+02
2.412134497472520707e+02
2.905572513043582603e+02
2.546322517531277185e+02
-2.871050943785104437e+01
2.883039295709917269e+02
-1.566728004126983365e+01
2.389282798835824906e+01
2.374313522599756254e+02
2.301728602791338858e+02
2.888308129245469900e+02
2.390907948192216281e+02
2.363046638510886055e+02
1.431839475762787117e+01
-2.148714525464754388e+01
-3.700027350850248808e+00
2.460321885961218982e+02
3.130097695360551029e+02
2.108673649466502695e+02
1.972620276639693770e+01
2.231010713538298660e+02
1.481220159224230315e+02
1.054969326179694775e+02
1.288402789587850918e+02
2.073661789875499153e+02
2.139093395198894711e+02
2.866955748270167987e+02
2.243799715866903739e+02
-2.485695297119910663e+01
1.195850153217040912e+02
1.455604884817234677e+02
3.026726071178640041e+02
2.349708902279134861e+02
2.151788747186307944e+02
1.925080650645259084e+02
2.276110742079692670e+02
3.171250572388428850e+02
2.009514475306110626e+02
2.321035448359678526e+02
2.907925609747502449e+02
2.201667521677327102e+02
2.494954886113966381e+02
2.904127828053532312e+02
1.983582791006607806e+02
2.074568663175773224e+02
2.015635803317305772e+02
2.918211699150148775e+02
2.110456635652865884e+02
1.200828737500094547e+02
1.679688807279846401e+02
2.567623740382454116e+02
-1.681892605610707392e+01
1.064429636993302495e+02
1.331422576962330595e+01
2.248540734920287036e+02
2.606708938062927245e+02
3.016685607200931827e+02
2.289586075108501291e+02
1.266228374816158038e+02
2.546386039516730477e+02
2.425273210163827002e+02
1.587669278948216629e+02
2.326763458627273735e+02
2.380043369897047114e+02
1.484042165354089207e+02
2.604678143671063140e+02
1.826143022320137277e+01
2.349908746913737900e+02
2.408145008180466675e+02
5.202547072517162974e+00
1.981546227179229334e+02
2.534754553611171559e+02
2.374417676906461452e+02
-2.386402726250129547e+01
2.215900330030163161e+02
2.422617534209063876e+02
2.200708691845825058e+02
3.061639630208003382e+02
2.518603240839881039e+02
2.830264920055415132e+02
3.700944122139492265e+01
1.165120236275746635e+02
-2.389644623925983069e+01
2.589120066878970192e+02
2.506803157221123399e+02
1.491757067582791194e+02
3.979453262110411060e+01
-2.365839839475350459e+01
2.275223152813751994e+02
2.379977281320808231e+02
3.039954146402378115e+02
2.434278400670823999e+02
2.455541046482631771e+02
2.292671509076196799e+02
1.929989666215879822e+02
2.923712908277765337e+02
2.156186158791251444e+02
4.046187475756624963e+00
5.362989724217283083e+01
2.055856869500443622e+02
2.202051147210925990e+02
1.915239835976392158e+02
2.062710790735951036e+02
2.479105514246695350e+02
1.202170509478232248e+02
2.872204259880356858e+02
2.134661267234014588e+02
2.291828601623040527e+02
2.115493229233876491e+02
1.312532880020893060e+02
2.718778085931925261e+02
1.931232027250748899e+02
-7.794877959936268041e+01
2.367370809490299735e+02
2.248996622687087097e+02
4.683254000473405654e+01
1.120082997646011478e+02
1.963830460975094638e+02
