-1.897268424441804200e+02
-8.300937330765623301e+01
-1.144877997538508225e+02
-4.127647476246889369e+02
-6.920421412398432892e+01
-1.309019484447785260e+02
-1.044157052541977606e+02
-3.303275075044653022e+02
-6.346202635193819219e+00
-1.414317848097118144e+02
-8.897795051160366597e+01
-1.177651387954411746e+02
-6.551535556154389894e+01
-1.271148914778769097e+02
-8.634323229359686991e+01
-4.444418310042405551e+02
-9.069765757774412407e+01
-1.197427162677184498e+02
-8.951318404314490351e+01
-1.434772310149876944e+02
-2.953520174687590725e+02
-2.367936027870433691e+02
-1.687125549152914914e+02
-2.609834327109871310e+02
-2.617757117390598864e+01
-2.211409246109632249e+02
-2.958739708389756515e+02
-2.701565197229728028e+02
-3.135651450219243941e+01
-8.631922281430239252e+01
-1.670039490573161061e+02
-9.050537858110602940e+01
-8.389132360005868350e+01
-8.669114988386510845e+01
-7.529502891299080147e+01
-1.282320030708430068e+02
-1.240240615926498435e+02
-1.101528444861077247e+02
-2.436746049375981045e+02
-1.073869618969387290e+02
-3.593555874776906194e+02
-7.996893845035032200e+01
-2.514459543526629375e+02
-1.388474917975514416e+02
-1.249985308466217049e+02
-1.211967867729493804e+02
-1.241308483475008870e+02
-1.338748905132709979e+02
-9.125618150163228393e+01
-1.696529077987925120e+02
-1.253965269292831834e+02
-1.902123882434700590e+02
-3.542351244780027173e+02
-1.163891083482733961e+02
-1.770814248186648570e+02
-2.179882228619008515e+02
-8.798788339443269990e+01
-7.747073483238966674e+01
-1.881045136825672159e+02
-1.836949030096070601e+02
-3.994684742264469151e+02
-1.376624320354164297e+02
-8.305945745057455554e+01
-1.363547695100046440e+02
-4.489270353990004878e+02
-9.314735236669420715e+01
-8.087446375812896804e+01
-3.680153243551105220e+02
-1.679172038994685749e+02
-7.293789511399569392e+01
-1.056301757420894489e+02
-4.084588930478339819e+01
-9.899164045981378024e+01
-7.605640444986653392e+01
-2.493108528979489620e+02
-1.780352294599942979e+02
-1.200622967744554614e+02
-1.193137459095652275e+02
-1.088427352017212826e+02
-2.014253986379476373e+02
-1.482688858234710096e+02
-2.292140954982066319e+02
-1.619144013296286744e+01
-8.491771864774148071e+01
-1.292852991171364465e+02
-1.257033717844346512e+02
-1.107130653725649694e+02
-3.770648517762462006e+02
-9.111324256832190827e+01
-1.468673117422142127e+02
-1.665543717895435236e+02
-4.020328388814527329e+02
-1.352304972424711309e+02
-1.234644463340030995e+02
-9.153729934624986697e+01
-1.248685541010503073e+02
-8.047608399985274730e+01
-6.964198837188723701e+01
-2.726179378021008688e+02
-1.432102404098858415e+02
-2.098151572163844776e+02
-3.256424441263339418e+02
-2.882288909581800453e+02
-1.382710559541050941e+02
-2.936648282380901946e+02
-2.211068505896991496e+02
-2.360299537873131328e+02
-3.884926254616617598e+02
-4.889493569111901934e+02
-5.991668771694144624e+01
-2.432796474576534251e+02
-9.065948306674421531e+01
-1.713958647859903976e+02
-1.387210214149269802e+02
-2.785540215845220473e+02
-1.013397117773460252e+02
-8.199821975291365561e+01
-3.489597361610502730e+02
-2.669397062738790964e+02
-8.310732183878749879e+01
-2.889055991664307044e+02
-9.683069857237451572e+01
-2.720167454066412347e+02
-1.496637659145618784e+02
-3.668220668599798273e+02
-1.559195677535732329e+02
-9.473386672887590976e+01
-3.166598177203451314e+02
-2.630040876254641944e+02
-3.990560819116984703e+02
-2.073635992202888190e+02
-2.718144608849997894e+02
-1.057991426030828848e+02
-1.361120742784758875e+02
3.793525063529048680e+01
-2.491362126381923474e+02
-2.332697844838773733e+02
-1.007149402417702930e+02
-1.901245177852650556e+02
-1.281580853535467952e+02
-1.103730561753601478e+02
-9.472289155619844792e+01
-1.298565350417347872e+02
-1.159742787709666771e+02
-1.173876277073082690e+02
-1.558445558820581311e+02
-6.282283415436807417e+01
-1.494250975780220756e+02
-3.375154256649449280e+02
-1.366128420093917555e+02
-1.206248559444917703e+02
-1.271919965878247467e+02
-1.589857639795430657e+02
-1.486822020821587671e+02
-1.272360604924418794e+02
-1.620249489267917795e+02
-1.019143451720216262e+02
-3.400682507834599164e+02
-1.397920645177787264e+02
-9.039516160418590118e+01
-1.344281566013023621e+02
-1.107921494493330101e+02
-6.842654629998867222e+01
-3.130298476859520633e+02
-4.265053979154454282e+02
-9.139610742030741619e+01
-1.066909890758505952e+02
-4.303746750968553556e+02
-1.113502429486666330e+02
-1.143584211410336025e+02
-1.490100605743656956e+02
-1.347110154784857627e+02
-2.701574337883464523e+02
-9.193131938663667313e+01
-7.663779994086891634e+01
-1.667013140238824462e+02
-1.001326332683286182e+02
-1.077826120009378030e+02
-2.038497164706511455e+02
-1.782618975192669382e+02
-1.034047942732776022e+02
-1.455343717884791204e+02
-2.536725144839575421e+02
-1.056145587215092689e+02
-1.240429736408311214e+02
-7.110047537784890892e+01
-1.093052969671113317e+02
-1.034669103888554815e+02
-2.505382051786136515e+02
-1.948147000330791343e+02
-9.862989666174894410e+01
-1.521171841233327768e+02
-1.274367746701758364e+02
-2.816033810709816407e+02
-1.923691646495514362e+02
-1.091223423096305396e+02
-1.051631736665660242e+02
-2.599472619071522672e+02
-3.859919524424186079e+02
-5.516560090235036284e+01
-1.187017168890709655e+02
-1.559664734249638514e+02
-1.857092136852382396e+02
-6.712924672851136165e+01
-1.589320699893507367e+02
-9.069117613734267991e+01
-1.094051930039380807e+02
-3.179730377630738758e+02
-1.015803012656305668e+02
-1.141818683415031330e+02
-2.222981401717226504e+02
-1.403901752906781724e+02
-1.040731759191739201e+02
-9.452322430704472822e+01
-1.201125200750733200e+02
-1.039768389031808340e+02
-1.049021090868673696e+02
-9.679286050907127503e+01
-2.305809059678049380e+02
-2.553527246198015064e+02
-8.346775251107594329e+01
-1.134671430228935520e+02
-1.238427624181631899e+02
-8.317107601428368469e+01
-8.954908633382828498e+01
-1.252384717069803060e+02
-2.283939820960070222e+02
-2.142919238477115584e+02
-8.006755356347383668e+01
-1.417225449860472679e+02
-1.601432955149927295e+01
-2.132862623518072382e+02
-1.659461631317212778e+02
-1.534582031552421313e+02
-7.368782732390631907e+01
-1.060701606706997921e+02
-9.518542880085281865e+01
-8.273860826276452940e+01
-1.408656886149729246e+02
-1.222252844908213660e+02
-1.097891244244074613e+02
-9.993859186827360475e+01
-9.762940242824623738e+01
-7.348537335156319728e+01
-1.236054862494054021e+02
-1.563523099649928270e+02
-2.968406308282325767e+02
-1.382259390203303155e+02
-9.311082315780976160e+01
-1.237444161155781188e+02
-2.100257175993222631e+02
-1.604461449268874560e+02
-2.496928535271139253e+02
-7.489114617535543061e+01
-3.240628048430633044e+02
-8.329219612874013023e+01
-2.115994003666702383e+02
-1.611517489137989969e+02
-1.697196973683076635e+02
-1.209409883876265752e+02
-6.433420388507887822e+01
-9.655273378001754736e+01
-1.365379903832695163e+02
-1.264769952868735174e+02
-8.966514801637630683e+01
-1.717231614819486936e+02
-4.669714097801866615e+01
-1.134609073533247141e+02
-1.148676035566077900e+02
-1.184201688043578429e+02
-2.388246443974944953e+02
-5.789951051750722399e+01
-9.641445256442960954e+01
-3.240426640379696437e+02
-2.531184758157542660e+02
-9.387637071938019062e+01
-3.134095190063284235e+02
-1.466712963308166309e+02
-1.615512409938795884e+02
-3.039335527961792138e+01
-2.783416731544892855e+02
-7.336071623634944672e+01
-1.157208235100149949e+02
-1.222326292253457041e+02
-1.396131223754439361e+02
-6.111679146603783863e+01
-1.436102080375985963e+02
-1.200843795387247468e+02
-1.085141230896760334e+02
-3.634002910866796299e+01
-2.438987000528643421e+02
-7.173798289116474791e+01
-1.308325419469443887e+02
-1.023113742181939188e+02
-1.098907579767243874e+02
-2.620206838321159921e+02
-1.013781864894404237e+02
-7.833907543641763027e+01
-8.888323354838198043e+01
-9.210374435648019187e+01
-1.354634490415694188e+02
-2.911439075697007866e+02
-7.032052692740748512e+01
-1.597222705420250577e+02
-1.186855083156972483e+02
-5.595074625357093367e+01
-9.649053877064882556e+01
-9.390902062494102154e+01
-2.078614938002114059e+02
-8.492243615941661972e+01
-1.850062167624573135e+02
-2.387102022323198298e+02
-1.461573336092861837e+02
-7.918095502593649826e+01
-2.480306072143393976e+02
-6.912118154348114274e+01
-1.171381356843278496e+02
-1.178411622596185708e+02
-9.501959646691791761e+01
-1.903887173760842870e+02
-1.419271579071889846e+02
-1.209151304729453500e+02
-1.745330590274522251e+02
-3.215441809340078407e+02
-4.426517786065498683e+01
-7.713931292045730004e+01
-1.039814168532336822e+02
-1.246540415129152848e+02
-8.004353589095519794e+01
-1.239919559846470491e+02
-1.096542894773958920e+02
-1.578555772641727231e+02
-1.082939704412574429e+02
-1.826126912506232713e+02
-3.454411623159962232e+02
-1.055538583598681157e+02
-1.800690651120857524e+02
-5.729608636634733188e+01
-1.227270651849814129e+02
-3.581597101997622303e+02
-1.345261866743563814e+02
-1.648354029387830622e+02
-5.585186281880136505e+01
-1.142188501104212861e+02
-1.241943335411019547e+02
-1.013765524696642473e+02
-8.366075376019301757e+01
-1.002107235664383325e+02
-1.635650227107466321e+02
-1.181515717496812243e+02
-1.362505144821402610e+02
-8.677923268484309460e+01
-1.097559625815749769e+02
-7.448417598495508685e+01
-1.274360836332469233e+02
-1.010291159050493519e+02
-7.590376648737701260e+01
-1.829599840939646924e+02
-1.235209989056362190e+02
-1.213625882703458103e+02
-7.373336575369921775e+01
-7.064704949178103277e+01
-1.023898448166804371e+02
-1.285579741223969847e+02
-9.447202275581793174e+01
-1.095858004954747429e+02
-8.103724247054108787e+01
-7.106525358001555048e+01
-1.252517489953497289e+02
5.242266311968421633e+00
-6.529353375843527374e+01
-7.468061002455203834e+01
-7.767525537568218397e+01
-3.396572967140514265e+01
-1.044241435955117083e+02
-1.055807351781905652e+02
-2.317734587229598162e+02
-1.322328918382534084e+02
-8.378649221294847393e+01
-5.181340107495378078e+01
-1.997840656594593156e+02
-9.633454244343388950e+01
-1.140449430369328070e+02
-7.763549787236871680e+01
-1.766651689500346265e+02
-6.323742441565070749e+01
-6.278929771463627674e+01
-1.451985646405677244e+02
-1.367676622868112588e+02
-9.808698264694812963e+01
-1.682080067222702269e+02
-1.328213365515989040e+02
-1.447960237785931668e+02
-9.110782504334812870e+01
-3.970049379718815885e+01
-2.160192339729767355e+02
-1.033185672806205844e+02
-1.554640269191671393e+02
-1.324891868512805218e+02
-1.899325201555171816e+02
-1.102585689711480939e+02
-8.807058622890102129e+01
-1.513377545065533809e+02
-6.928379093692339552e+01
-2.142508599002193250e+02
-1.162176096054404866e+02
-1.015192621186514828e+02
-1.254583738016516747e+02
-2.570131023440949321e+02
-8.546456481828143126e+01
-1.152927349942705888e+02
-3.213086945845686841e+02
-9.689689131111914833e+01
-2.495610293775656885e+02
-3.390668936488779650e+01
-5.576598072937702710e+01
-8.031135675767140469e+01
-1.010911937513732397e+02
-1.828266508770435621e+02
-6.961992542761092295e+01
-1.300436999294519751e+02
-1.122512600692037239e+02
-8.366308511309388507e+01
-1.008779576263214182e+02
-7.092045309535637898e+01
-1.126739444667933157e+02
-6.342228648476800856e+01
-1.213685033855399809e+02
-7.460865755529687249e+01
-1.386595601980862114e+02
-8.336861431741129991e+01
-1.577764860622353353e+02
-9.790837951218088619e+01
-1.260033512351946001e+02
-1.120595455306753365e+02
-1.785195737051591323e+02
-1.095389531632902589e+02
-1.680427716791632236e+02
-1.012442470743547034e+02
-1.216146929762450810e+02
-4.209750007370230662e+01
-1.080479320272222168e+02
-1.073228190828603630e+02
-6.306807269800788873e+01
-2.244580825786486855e+01
-9.829221962842638050e+01
-3.604235041038887175e+02
-1.548636265797122746e+02
-1.683561517207189127e+02
-1.482279957080388044e+02
-9.197831944264046911e+01
-1.151529052530233344e+01
-1.133120265848657482e+02
-8.187399393864865260e+01
-1.400029760971895598e+02
-1.852975451757343706e+02
-1.080685340393649199e+02
1.501549886536065515e+01
-8.255120544918929681e+01
-1.279747193115151163e+02
-1.954294371723034374e+02
-6.349960873172886977e+01
-9.504333608666217970e+01
-1.193515329479814397e+02
-1.753186339500839495e+02
-1.214685819769922261e+02
-1.242325436216425203e+02
-2.309570862303004048e+02
-9.775138295586057779e+01
-2.828933919581103282e+02
-1.272646206014617860e+02
-1.179986831879085116e+02
-3.155938771059723535e+02
-9.201805502863670938e+01
-1.341725457066258400e+02
-9.796028865923418039e+01
-1.227198476362123785e+02
-1.314154112890244051e+02
-1.467527960644519567e+02
-1.926540221499349741e+02
-1.157642893171845486e+02
-1.746383382992401607e+02
-1.099564130332973235e+02
-7.169919935670046129e+01
-9.836212551523985326e+01
-6.898122263663870513e+01
-2.566709157347588643e+02
-1.471929612834257171e+02
-7.247883076873520736e+01
-9.780899603929017871e+01
-5.231731437546956442e+01
-1.094910697379029898e+02
-1.127997095899625748e+02
-1.241628124586894160e+02
-9.795963251838222163e+01
-9.732202114653011904e+01
-1.356905694233174984e+02
-1.360950112529421858e+02
-1.112579908937940445e+02
-1.133926092451509078e+02
-1.579580492788361425e+02
-1.067750418616064820e+02
-9.815150804883522540e+01
-2.827345954147489238e+01
-1.050640120762927552e+02
-1.012948119763741630e+02
-7.987380798382135083e+01
-1.067924825110721514e+02
-8.630191610199615582e+01
-5.384902233881884825e+01
-1.443502784262330749e+02
-6.001632147437081244e+01
-2.680640853693967074e+02
-2.186355460090028373e+02
-6.803121190525692441e+01
-1.249954263818601135e+02
-1.563293963461313751e+02
-8.138022321138514314e+01
-1.177398908946514666e+00
-8.262787769634017820e+01
-7.935046736936135403e+01
-1.686017471283081193e+02
-1.205936303283845632e+02
-2.514527674991821016e+01
-8.224243362145614356e+01
-7.354005826612475971e+01
-1.016513789188092716e+02
-3.743747833933080074e+02
-1.418597792456758100e+02
-2.276864854172533796e+02
-1.065108129405079609e+02
-9.931112660014302662e+01
-1.567570235542076773e+02
-3.903575392150490586e+01
-1.281386267179743754e+02
-1.622809187976487237e+02
-2.310574068129988348e+02
-1.135445028397263059e+02
-1.061971746589011616e+02
-2.160950945887196326e+02
-1.759663444821007658e+02
-1.217464832706824325e+02
6.643521586178550820e+00
-7.219112924431449585e+01
-1.277029398455646003e+02
-7.259123700636959597e+01
-1.004972602000820814e+02
-1.191695335622275422e+02
-3.777431498977627200e+01
-5.899901706325285033e+01
-1.244014684230703267e+02
-6.988359326186827047e+01
-9.739147053311722857e+01
-5.050117482682146886e+01
-1.405659576540956266e+02
-1.435022919757173554e+02
-1.622149971240901039e+02
-4.282138655038550041e+02
-8.232779502574042851e+01
-8.797181214512607994e+01
-7.388948659319918022e+01
-1.935285498310765888e+02
-1.362314075709938379e+02
-8.725651013488831609e+01
-2.079939980548181779e+02
-1.210244511856181333e+02
-7.973457836717142300e+01
-7.837230450959923189e+01
-1.125489022996760298e+02
-2.866941638967639392e+02
-1.268418612597945696e+02
-1.162150542440940768e+02
-7.604878782987454144e+01
-1.057339684938007736e+02
-6.842447635162028519e+01
-9.210969552497607538e+01
-1.240094611335730974e+02
-9.049376665440782119e+01
-8.892625175357841272e+01
-6.141844000390045011e+01
-1.933192114663498273e+02
-6.453056591561770006e+01
-1.172126597137112043e+02
-1.448869607927939569e+02
-1.156174590546899168e+02
-3.018631821895651512e+01
-1.033073549385199783e+02
-7.415380433560767415e+01
-4.408236295407283478e+01
-9.342829392358258644e+01
-1.499595355649825876e+02
-3.816900625722557550e+01
-2.382576915650922444e+02
-7.722752159348372913e+01
-1.449407502084729913e+02
-1.314298637743013671e+02
-8.594824552000854112e+01
-1.479022217015461820e+02
-1.110795267008622318e+02
-9.900218798803284415e+01
-1.397202795172277092e+02
-8.278647098466714738e+01
-1.233487530833631638e+02
-1.265294348775783249e+02
-9.650947700302576493e+01
-8.587656350881083256e+01
-1.633739870327005974e+02
-9.685371295740482367e+01
-5.284590236682079478e+01
-1.156251101672057189e+02
-1.757979907029618971e+02
-1.090160376953603816e+02
-7.592262016996062357e+01
-4.927394993035481718e+01
-5.062878568363267107e+01
-1.875404536576187411e+02
-9.874490600993144085e+01
-1.654465051618166171e+02
-1.074965442249031042e+02
-5.903293200603756929e+01
-3.868085196479185583e+01
-1.044645144158935182e+02
-1.248623868397738050e+02
-1.904293337011670531e+02
-2.072757414096132607e+02
-9.398035737804991641e+01
-6.533225079104744282e+01
-8.240297666455197145e+01
-2.413392939343309251e+01
-4.514553653049894422e+01
-2.154622167233351320e+02
-1.007303042835016811e+02
-1.307409693699958382e+02
-3.898139829112827215e+01
-8.779597657638539943e+01
-8.934409875347287766e+01
-8.834697968255581202e+01
-2.386686530080399393e+02
-8.674855014165049738e+01
-3.461045793384691933e+02
-1.338014229422064432e+02
-1.647155649521807277e+02
-5.106650006961501731e+01
-8.768495186563436050e+01
-2.243646403085022598e+02
-1.941290801031050250e+02
-8.766985440239689353e+01
-1.083288265912075587e+01
-6.837971455574222546e+01
-3.753443093866489448e+02
-9.351114566110908299e+01
-5.737721431421280016e+01
-1.406100991636143647e+02
-2.211782323945276119e+01
-5.152741824454626141e+01
-1.023746053977130970e+02
-6.060520956708126050e+01
-8.010997448663104592e+01
-1.065506265980394573e+02
-6.896368582564468852e+01
-1.397966329205118541e+02
-6.920763519009922504e+01
-8.292797970654673634e+01
-6.573791110910866564e+01
-2.398323525217223846e+02
-1.921083958725974981e+02
-1.007051764616424094e+02
-8.136229856223619095e+01
-1.036246290993074979e+02
-1.264790704893463840e+02
-1.017136526945812705e+02
-9.730982665872555515e+01
-1.166018234379939287e+02
-6.397023619218144574e+01
-1.055067642061957542e+02
-1.723052099370131600e+02
-1.185485808869273967e+02
-1.592572966617278212e+02
-1.065404124433694619e+02
-8.298254970165410782e+01
-5.246339641383644903e+01
-1.088313639245207867e+02
-2.843029085817115060e+02
-6.164205153831979089e+01
-1.604472331595871992e+02
-6.518854683236826020e+01
-4.105212153193420477e+01
-1.196366256832502870e+02
-9.085876402871333823e+01
-7.355161257340560610e+01
-1.898904583661700940e+02
-1.153381700029002417e+02
-1.031781749850414371e+02
-1.101483490318193788e+02
-2.087765317338538011e+02
-6.578019310462987335e+01
-2.187414510814506627e+02
-9.343011746628198466e+01
-5.707910600157605074e+01
-7.409225322919469647e+01
-1.068634226977508632e+02
-1.742593545013253902e+02
-5.897568985486805104e+01
-6.889565583929152126e+01
-3.091513536338631241e+01
-6.303604204889079199e+01
-1.993091363005070775e+02
-8.999179159356974367e+01
-2.115140560262162808e+02
-9.382772462873803931e+01
-2.077848399912403181e+02
-3.742018241734557904e+01
-2.927128174451198674e+02
-2.057451577968486447e+02
-8.549075188987737306e+01
-5.771415347865200829e+01
-1.232072943031197667e+02
-1.054632768245853640e+02
-1.162219838350735159e+02
-5.448062918048334780e+01
-2.941392145838844385e+01
-1.030461712326726627e+02
-1.533506094795329773e+02
-8.869850988084934329e+01
-1.187628877017829723e+02
-3.238547625710036471e+01
-1.299351825512805760e+02
-5.081611656736901494e+01
-4.632651650421138356e+01
-3.399373590000135437e+01
-1.016631229879027671e+02
-8.393634482414680065e+01
-4.727163721088045634e+01
1.579047590616858088e+01
-2.693632658039181251e+02
-9.924642185583738296e+01
-1.407945813763361969e+02
-7.494033810378860494e+01
-4.296382127496400472e+01
-7.769330602941269603e+01
-1.357540058979296305e+02
-9.402479253269457615e+01
-1.323323085995939437e+02
-2.155180976631048679e+02
-1.130584736960699104e+02
-2.661281453305097955e+01
-9.576295578759128091e+01
-7.958050583264896716e+01
-8.446716009323750995e+01
-1.107463802977422631e+02
-8.447613278127556669e+01
-1.285085197354587194e+01
-1.498757432578631779e+02
-1.029931093297188625e+02
-1.284972691943287657e+02
-8.661135093109440675e+01
-6.476465449162537880e+01
-6.245987041964506403e+01
-6.846235003619148074e+01
-1.533962020829959556e+02
-1.189175279998334958e+02
-1.108643309129296881e+02
-6.813301608993378977e+01
-1.271917706026513457e+02
-6.136917521668019049e+01
-1.180550399691109220e+02
-1.124892135444653434e+02
-1.262248045527209968e+02
-7.981194159146699008e+01
-1.880110570437070976e+02
-1.102700642437409471e+02
-6.014897233013660838e+01
-1.212316135567779867e+02
-9.732666228560694321e+01
-5.189109435368330736e+01
-1.066810793894173770e+02
-1.277785479137802440e+02
-3.743079273716514876e+01
-6.632865759498457692e+01
-8.966083483333292747e+00
-7.506604884906951725e+01
-1.020604714116775540e+02
-5.935291207541931158e+01
-1.127935213455108112e+02
-9.452157625948687780e+01
-1.302817734627867594e+02
-8.199946581909995302e+01
-6.479416299302866378e+01
-9.769215331537915858e+01
-3.411847044237217688e+02
-5.249257752043797609e+01
-8.987542831164698498e+01
-1.018886036724005351e+02
-6.437120368349340538e+01
-2.211175500145906199e+02
-4.670150129271144124e+01
-3.510606257604375458e+01
-2.041285628073055705e+02
-3.755234751365580337e+01
-1.308339198134703167e+02
-2.032000849194692478e+02
-4.439921877463825695e+01
-5.184159635571805325e+01
-9.347522123445911291e+01
-6.782178815265928051e+01
-1.307710437716037575e+02
-7.593885164753474726e+01
-1.354372319908128475e+02
-4.559217393131667961e+01
-1.012072794643586775e+02
-9.067201132706097155e+01
-2.465829107952903598e+01
-3.077826684896763254e+01
-1.098509701924581492e+02
-1.425888071727358124e+02
-9.396965404567397684e+01
-9.663603791136354459e+01
-4.928144526340043541e+01
-9.403863310476603488e+01
-1.900716055964740576e+02
-9.551734626073978518e+01
-9.577347194927810392e+00
-1.158685022020812596e+02
-1.089204376730761936e+02
-3.369804905285140251e+01
-1.354378407292480233e+02
-1.019583289440989233e+02
-9.083387071607481289e+01
-5.790664082839941784e+01
-1.604650130535199821e+02
-4.844096731134311540e+01
-1.853911373804370726e+02
-2.997283799592723597e+01
-8.186215449245653986e+01
-5.518521402664296716e+01
-3.659551857691349142e+01
-7.823885530112515596e+01
-6.823826228461528842e+01
-6.309049984169614333e+01
-3.961503170985888289e+01
-1.125181718177598214e+02
-3.661040908790434401e+01
-8.368167501568999000e+01
-1.896881007594787150e+01
-7.656970654182794078e+01
-1.239198309934730275e+02
-1.124032385423816578e+02
-1.252636890917312087e+02
-3.584033963098377740e+01
-2.271002392512007759e+02
-1.128082166294470881e+02
-9.372439253668997594e+01
-9.642299689391118989e+01
-1.878967596657664672e+02
-7.603755790741425358e+01
-4.193981399312002623e+01
-1.686681384957378214e+02
1.787146770247039740e+01
-9.666656475722416531e+01
-2.661967628593179143e+02
-1.041770878866715151e+02
-8.865241299108058115e+01
2.340735735710794074e+00
2.552875503158684012e+01
-1.384564671272780743e+02
-3.601814461237626119e+01
-1.670598848425438518e+02
-2.175732489500126690e+02
-1.220010177860795721e+02
-9.134261204484607788e+01
-1.123757911268184557e+02
-4.014053755928661360e+01
-4.472808061257993018e+01
-1.315211840778320607e+02
-2.409964435728383592e+01
-6.659107734771819764e+01
-7.952461313597189019e+01
-8.381353657064272511e+01
-1.309377741216298148e+02
-1.232851543351936954e+02
-1.791249283731519597e+02
-9.811585945216307891e+01
-8.196099927664660356e+01
-1.012194841298865384e+02
-4.841022879157883096e+01
-1.561892776114646608e+01
-1.547972164565275932e+01
-5.861791982326757022e+01
-3.372526992329655116e+01
-1.043644511600685121e+02
-2.647865353260668542e+01
-4.945070399261338423e+01
-5.596320804575357499e+01
-1.589990668541791763e+01
-6.837906864608787316e+01
-1.178583406946665804e+02
-4.978109924791786511e+01
-7.478436025396275966e+01
-8.511371899730623625e+01
-7.566291280412727360e+00
-2.451399585559906029e+02
-6.488077621524553251e+01
-1.140955051704133467e+02
-1.409598224266158866e+02
-4.767175902127917198e+01
-1.015052492622844511e+02
-1.476875808889238897e+02
-7.267546463889202357e+01
-1.422116860337499986e+02
-9.677034754380979109e+01
-7.238420329271848175e+01
-9.791156633465989501e+01
-6.699755494762359831e+01
-1.212871417563138579e+02
-1.845887487655010091e+02
-5.657680393635116189e+01
-2.458721254428290592e+01
-1.724341042299375317e+02
-1.098760564271677396e+02
7.826886165257096195e+01
-2.198997247779277586e+01
-1.681099509737619542e+02
-1.173647469190806873e+02
-6.046645661328867050e+01
-6.318283479225939914e+01
-5.794194866948507183e+01
-3.270629205847291132e+01
-5.019494289807104792e+01
-9.847790054098230428e+01
-2.424481602059948671e+02
-1.147651493591268803e+02
-7.114467769053567281e+01
-1.018835744651039761e+02
-5.830683630394959494e+01
-1.940410678457330107e+01
-1.868436920353772734e+01
-1.258058361787035295e+02
-1.392977350606052482e+02
-1.384686853606091859e+02
-1.316507360471508150e+02
-1.077543049006629872e+01
-7.643471462442914799e+01
-3.532967070997466408e+01
-4.761903140326263895e+01
-7.922421036637105374e+01
-1.095208390118450126e+02
-6.565456932932960399e+01
-1.903241181018158557e+01
-5.847614621486049202e+01
-5.123873548868608907e+01
-5.710719732752129119e+01
-4.357117409125265795e+00
-1.367147500504474635e+02
-8.166026422668770124e+01
-1.001111541637122997e+02
-5.216101660766399561e+01
1.097162615947267881e+02
-8.556925505356785777e+01
-9.853567954777642512e+01
-6.983357871047817866e+01
-3.518623116953746148e+02
-3.407888128864438215e+01
-1.183658149755573561e+02
-4.743682993663959024e+01
-8.364165926005566121e+01
-3.720351754897174601e+01
-1.428291480049713016e+02
-6.487037709316695100e+01
-6.672276017284593763e+01
-2.105820773819900182e+01
2.576844619988165164e+00
-3.877872207549584260e+01
-9.419796209810851906e+01
-6.660227167532349313e+01
-3.227715271279981835e+01
-1.867343193891209125e+02
-7.011785006170011059e+01
-5.392476094777628504e+01
-1.561306675093954368e+02
-1.880234908260840143e+01
-2.919834985848301301e+01
-8.343569487060960910e+00
-8.473893498866631546e+01
-7.243985438634140905e+00
8.311373912945214215e+00
-2.999226739835600597e+01
-7.168869590329020980e+01
-2.048916105348153565e+02
-1.570990481000769989e+01
-4.184521603256808930e+01
-1.455186054506998516e+01
-6.292871743410586305e+00
-4.689809121375214573e+01
-1.972257170391495151e+01
-5.365018098773279576e+01
-4.401840832313750695e+01
-1.821068740716202399e+02
-1.338030216224043158e+02
-1.463766099856856044e+02
-2.992189972028319289e+01
-1.550172025849897182e+02
-1.071079790862225991e+02
-3.273627457478426095e+01
-3.295206983910549070e+02
-4.697609621008098202e+00
-6.634225216566744621e+01
-7.206941166863590809e+01
-6.344753166953844925e+01
-1.347680338365186685e+02
-1.067695399982213900e+02
-4.907475155208652495e+01
-1.279231670765907865e+02
-3.235056526226460960e+01
-4.798686052512848477e+01
-1.909520291807363321e+02
-3.735128557942596217e+01
-3.920550100660538817e+01
-2.668774366252773689e+01
-1.035060912350796087e+02
-1.576824193931049933e+01
-1.449192467988592625e+01
-5.397497355014955644e+01
-1.242052656374133335e+02
-9.215301560601319864e+01
-8.925874282393131409e+01
-2.082858663003125343e+01
-6.795271366164843130e+01
-6.579785566381639228e+01
-2.126555093956346809e+02
-5.842325718989677341e+01
-5.855507650664680597e+01
-1.382216610469306488e+02
-8.020172667100304409e+01
-3.177043269914538826e+01
-1.542001445022090138e+02
-7.163070446819423864e+01
-1.060166343900477131e+02
-1.005045576131864919e+02
-3.938271336332186223e+01
2.852540200369281820e+01
-3.244164817446018674e+02
-9.525230584062983041e+01
-8.724968594191770421e+01
-2.883183302871415776e+01
-2.592412294390122440e+01
-4.076562192765091197e+01
-4.020176490769077304e+01
-4.930564997170333186e+01
-1.170064950930796499e+02
-7.897114363552979910e+01
-8.172456925800838690e+01
-6.380469016455608511e+01
-1.321177848363596752e+02
-3.242922033191536002e+01
-8.710732767441648150e+01
-7.408068679175478621e+01
-1.593620220741441074e+01
-1.018369832877524459e+02
-6.905393668046573907e+01
-5.438622007296415006e+01
-4.300907175410235084e+01
3.604216588114474007e+01
-1.216800966355411617e+02
-2.985360818426885317e+02
-1.714641767412000206e+02
-9.872546988683836844e+01
-2.136438827789716299e+01
-1.738852807466008130e+02
-9.634878017251625693e+01
-1.004169747143117348e+02
-2.171709656733914926e+02
-3.640590731454433637e+01
-1.270067547576171734e+02
-2.202981411405699248e+02
-9.668812724001291770e+01
-1.874548832179092983e+01
-2.758060070080138360e+01
-1.403433842709787882e+02
-1.137591797083962746e+02
-5.529108378116291078e+01
-9.507349496687309909e+01
1.397371539454191236e+01
-9.240563722401779501e+01
-2.224340354153461874e+01
-3.406883589885501351e+01
-5.101053117967389028e+01
-7.181719100800310684e+01
-4.509552568120814442e+01
-7.842999262383528958e+01
-2.511939531359107889e+02
-1.021770429086347178e+02
-6.904083512676747603e+01
-1.791628283377694402e+02
7.594766568336349621e+01
-5.940382165861578301e+00
-1.173006417571735369e+02
-3.965482363848673231e+01
-4.987481124253640985e+01
-1.137247041891701684e+02
-2.128549612761173080e+02
-1.236367794794477390e+02
-1.202276913767961162e+02
-1.441365826469297815e+02
5.076780134041413817e+00
-7.220480878270851122e+01
-8.604220934989666603e+01
-9.959840609581925719e+01
-1.615033036376217979e+00
-6.522502729175610625e+01
-1.724849789736279604e+02
3.434622540587682238e+00
-5.766912467714607260e+01
-5.956871780957148843e+01
-9.512960435229464906e+01
1.950870540482721083e+01
-1.551238274768757606e+02
-2.808821653468352508e+01
-1.161425823982543903e+02
-1.609296465330782553e+02
-1.760359989161772205e+02
-9.293174541138486688e+01
-1.922855566134192884e+01
-7.853443091308137980e+01
-2.426267303546153187e+01
-1.141110869303290087e+00
-1.507618646318414903e+02
-5.073328659356681669e+01
-2.808747479414326165e+01
-2.077238260029697017e+02
2.015090484489477163e+01
-7.669983661762158533e+01
-9.856522544876079905e+01
2.809082787355990263e+00
1.167959991575102663e+01
-6.478266502309264752e+01
-1.419205628349328947e+02
-2.657148341667116256e+02
-2.276886694492377217e+01
-1.075468875629723158e+02
8.430060944330938355e+01
-1.068181470966993487e+02
-2.326038595065521974e+01
-1.351293192491564241e+02
-1.605580855012917425e+02
-1.024917963971030446e+02
-1.986121763890463399e+02
9.383135522047652444e+00
-3.641567712024044567e+01
-2.759729458661401225e+01
-1.098266016262430327e+02
-1.042927847293509700e+02
-1.091190148915475504e+02
-2.243845903976598208e+02
-3.001683205332419391e+01
-6.102077079511023072e+01
-3.615853536445719385e+01
-3.223405775849613519e+00
-4.906755369810488787e+01
-3.413344486314881010e+01
-9.388769665692169042e+01
-1.878119028310098884e+02
-1.502952916312210334e+02
-1.703119455305729275e+02
-8.834878103299331542e+00
-6.912397647498578124e+01
-7.275289504182453015e+00
-8.223846035217879091e+01
-3.073555375490599317e+01
-2.472651358526015883e+02
-2.096618975508201288e+01
-9.815811441240749957e+01
-1.339367128675847880e+02
-1.267942058294530341e+02
-1.230306031022010984e+02
-1.190657739169162710e+01
-1.251687275079069650e+01
-7.725205165985960321e+01
-7.765706979464741266e+01
-3.007793980630034980e+01
-4.240676707782355948e+01
-2.055010872420373857e+02
2.363657054847801930e+01
-6.271086594817415971e+01
-7.010974646195759874e+01
-7.844384185657960984e+01
-1.953566424363466467e+02
2.437094250118339289e+01
-4.739920054372200298e+01
2.771598836341993888e+00
-7.604615430207481097e+01
-8.911507815713392233e+00
1.318247379468624558e+01
-8.290024533203754231e+01
-5.651000951877161071e+01
-3.263135345903566531e+01
-3.853562926839555303e+01
-8.878485213893776518e+01
-3.823457962472701865e+01
-7.714750564294881485e+01
-7.976354719092483947e+01
-9.345603041358661756e+01
-1.140683738020609042e+02
-2.735829551823831594e+02
-7.908457505942010357e+00
-5.776743254617491630e+01
-9.350168776829190165e+01
-4.859607093467101890e+01
-5.837074688991317828e+01
-1.286618012606899697e+02
-5.227407286346739568e+01
-6.080900393660118652e+01
-1.223867199240507659e+02
-1.948245870162563165e+01
-2.210185646696547224e+02
-9.361358595964932761e+01
-1.515085720684763544e+02
-3.431955244282956130e+01
2.778779029332187633e+01
-2.712860189217144580e+01
-6.424873741789139103e+01
-1.795500070444202265e+02
2.907179554769018637e+01
-2.074017979037861892e+00
-8.510797711096365958e+01
-1.142096259607760089e+02
-3.142381866734670837e+01
1.003313813273068433e+02
-8.911529661714475026e+01
-9.044772747443523997e+01
-3.105342805917686633e+02
1.027261886168109584e+01
-2.229220885818099873e+02
-7.835773891789008871e+01
-1.265616012951209370e+02
-5.178462695261970339e+01
-1.690752558267158534e+01
-9.766410467142912921e+01
-5.230836065642324684e+01
-3.014042737578421338e+01
-1.127790454366811730e+02
-6.468161614676691329e+01
-1.885742438906784457e+01
-8.585240639542701047e+01
-3.464962055987328426e+00
-1.999115897511068738e+02
2.284340377788342380e+01
-2.542642137926590067e+02
-1.436761701226016328e+02
-4.831822668903920004e+01
-2.615890680752771118e+02
-9.280913626033569130e+01
-1.740050670135306632e+02
-1.270846001681383513e+02
-1.209956819569827928e+02
-8.412700032435908781e+01
-6.684624787258366041e+01
-4.182796679642929405e+01
-6.820660554428644673e+01
-1.077314311927145241e+02
-4.902299116565011872e+01
-1.260817165109160669e+02
-7.195168449893014895e+01
-1.669307842175433620e+02
-3.069498476802904179e+02
-1.689484078399281657e+02
-8.013568101071625449e+01
-1.970963094817061574e+02
-8.097898822406260422e+01
-6.734725895308784516e+00
-2.338954965082452020e+01
-1.329488128336087414e+02
3.059163904181829707e+01
-2.480896296106168393e+02
-1.347950039907900077e+00
5.222285613387214198e+00
-7.512601199225585447e+01
-4.021152065357082961e+01
-6.752834746077306249e+01
-2.907859385344984560e+01
-1.821489580144729814e+01
-2.071344382420079455e+02
-2.766530881624527183e+01
-6.007564304646681563e+01
-3.760002002673786592e+01
-4.513162503022614658e+01
-1.764604102757072326e+02
-2.057002830238485558e+01
8.906109604989626405e+01
1.667365848238894444e+01
-1.693361555924612674e+02
-3.500718730911870580e+01
-1.183301055804801081e+02
-8.767624490521595249e+01
-8.046625472856095485e+01
3.598751775076812010e+01
-1.415760349918357974e+01
5.573690541209901994e+01
5.202020881277704234e+00
-1.349740533622724286e+02
3.983589484939313508e+01
-5.567205196175697068e+01
-1.733037800667102886e+02
-7.393820941858287199e+01
-9.887482349520766434e+00
-1.307285173938123535e+01
-3.738104749980549002e+01
-1.036810452740079000e+02
-6.771718392861899360e+00
1.567421411655307573e+01
-1.178516168761423444e+01
-7.089085378333862764e+00
-6.883121409371871380e+01
-2.363330880117214861e+01
-4.912074551242235287e+01
-2.185332504944522611e+02
-5.972544130020517628e+01
6.974424370713748544e+00
3.791641459981661910e+01
-1.574409297728685431e+01
-6.504566706237642393e+01
-6.479940571050754272e+01
-4.749769409662074082e+01
-1.388715549682696633e+02
-3.405216646202745778e+01
-6.679119006966071481e+01
-1.528914112495213544e+02
-1.144371722794169557e+02
-2.631851617662057663e+01
-5.609070733093085437e+01
-6.575064521793223093e+00
1.078989900939495783e+01
4.205286179674917690e+01
-8.521246115721606884e+01
-9.146491961597037346e+01
-1.581308995146908103e+01
-2.856734173220728223e+01
-3.704819537544224772e+00
1.117373642042672088e+01
-2.331009525692185775e+02
-6.920784900293973863e+01
-1.652247952043888120e+02
-7.054188553481766633e+01
4.385024667665060605e-01
1.374957685381068018e+01
-1.712044547614902967e+02
-4.341590901109209710e+01
1.176109836106564899e+01
-7.867590763627738681e+01
-1.731066896230481689e+01
2.708014056244678613e-02
2.561033895923316095e+00
-1.722748751482744751e+02
-2.831112072991317632e+02
5.729520250580310403e+01
-1.667290356450472188e+01
-2.914276331456602520e+01
-1.383156896336445811e+02
-1.135363557551646210e+02
-1.211078758085152884e+02
-7.427865227519565394e+01
-1.054661681665322419e+02
-2.638708178671474514e+01
-4.977832653370818150e+01
-7.863698580229808499e+01
-1.727191249853648571e+02
-1.217329423256160226e+02
-1.103656553300801448e+02
-7.235956724573682664e+00
2.126525471223334307e+01
-9.278390509282226617e+01
-1.439666524220066890e+02
-7.513898977050226335e+01
-8.567048237431183111e+01
-3.103359037444305955e+02
-2.051014424499515485e+02
-9.610542544517612384e+01
-4.485808782179081788e+01
-4.598087007203048415e+01
-8.192882769468462811e+01
-6.292269229599065739e+01
-4.930095709367471102e+01
2.263508033406058928e+01
-2.940483176709133772e+01
-1.379370026869440835e+02
-1.739124665266956526e+01
-6.278059581462507310e+01
-3.813720068344650826e+01
6.922595061444424402e+01
-3.273333854153511879e+01
1.679141514481969466e+01
-3.985630234033719432e+01
-2.029172771918227909e+02
-6.053563136542479839e+01
-2.900911167257166881e+02
-1.295302639665035827e+01
-3.041348920857771532e+01
9.738931983646807566e+00
3.649845647115658664e+01
-2.408193907200211470e+01
-5.750627496705116215e+01
-2.277463569429019117e+02
-2.611321362760901366e+01
-1.962581960075196150e+02
8.235603100778199348e+00
-2.653749865520089202e+01
-2.837546153236667124e+01
-1.669001839107988872e+01
-1.053719589680394648e+02
-3.224925844417909104e+01
-1.385528509312144934e+02
6.930490691044994378e+00
-4.646877136165929301e+01
2.294318576178054059e+01
-4.193574234467990891e+01
1.424362152392006919e-01
-8.829037366153909261e+01
-1.089921074687566716e+00
-4.914125002858628477e+01
1.991788353242766618e+01
1.715272657777914844e+01
1.756229792136765866e+01
-9.173805751309075163e+00
-5.171033625864495775e+00
-6.219086846017789583e+01
5.789874044542165166e+01
-2.445322406396084602e+01
-2.764214682373288667e+01
-5.047758868064769899e+01
-2.344483001613676265e+01
-1.519565329868217418e+01
-3.059316418431218665e+01
3.524552736023099442e+01
1.236575284639818051e+01
-4.021083040496498029e+01
-2.747295415532948937e+01
-1.245515200974689662e+01
1.878184498887421228e+01
-2.725548269654146338e+01
-1.270207122468287366e+02
-3.519539745881546366e+01
-2.451220962453521679e+02
-3.335838782809149450e+01
-3.325842342943042240e+01
-1.391856944403954799e+02
5.409043761765190084e+00
5.912390377278569531e+00
4.122503406069196785e+01
8.671288744786849634e+00
1.655162993917598158e+01
3.647910144214509387e+01
-8.670560649636200878e+00
-5.482030865430157007e+01
-6.145953765552718551e-01
-5.594577155652727640e+01
-1.107128424371482822e+01
-6.049074670867156556e+01
-1.579048401649318123e+02
-2.240862069288290570e+01
-4.720375313804112238e+00
1.611757558395171941e+01
-6.484385623718542035e+01
5.804404098379947641e+00
-1.163983721406167149e+01
-2.211195910962131279e+02
-2.404812500272466309e+02
-2.958233436362129964e+01
-6.814428978713164042e+01
8.911487061845861035e+00
-1.795527336285918523e+02
-1.574322973009785187e+01
-1.807423879493150309e+01
-2.380036166334095640e+02
-5.385405915812432909e+01
-2.109607824530895925e+01
-1.163121385054873116e+02
2.589393190313856508e+01
-6.686057748327463912e+01
-1.865315952421127008e+02
-1.052946720641650273e+02
6.716358592827020857e-01
-2.350400001023810148e+01
8.499100060384847666e+00
-8.371705042735082714e+01
-5.488064080675451351e+01
-1.146529866964685738e+02
1.329980883554189575e+01
-1.549775480672568051e+01
-7.499390537260239853e+01
2.240910691102806140e+01
4.130455680698735677e+01
-5.168885329354240810e+01
-9.122230067271686949e+01
-1.398055213166642545e+02
-1.003334980123129156e+02
-1.184568834019759720e+01
2.379092799293337634e+01
-8.946289148033945082e+01
-4.471136422983429526e+01
-1.449649314286137383e+02
-1.498970879435420898e+02
2.140856598197218830e+01
-3.333114205827006060e+01
-7.590655261466532977e+01
-6.897292412913259341e+00
-3.087909338306737084e+01
-2.673280731940366195e+00
-2.569359394041587734e+02
6.711321199045957542e+01
2.869624817893424051e+00
4.787911437068999021e-01
9.974498822885067284e-01
-8.524280091068337128e+01
-2.349314249014737754e+02
-2.059090340727877333e+01
-5.056045751249826026e+01
-6.236692230890113819e+01
-2.332608867379551043e+02
4.489393531815453287e+01
-8.793574953724804288e+01
1.388037780137773325e+01
-3.186068712231939060e+01
-1.655157536306478505e+01
-1.929028283968127084e+02
-1.802481355451015190e+02
-1.801156343602751875e+01
8.019666194786522340e+01
-9.216949249208380479e+01
-4.066773924748312652e+01
-7.280938782928417652e+01
-1.961248626068516785e+02
-3.694171599930342609e-01
-1.331275445332715606e+02
1.237501714259655472e+01
-1.284617664610708800e+02
-2.421894072807958764e+00
-2.700116042889334267e+01
-2.404237457534546252e+01
5.396652286116776054e+00
-1.427118024145067920e+01
2.360244072925115688e+01
-2.330116228807393952e+01
-4.051927769013605030e+01
-2.086362011704488850e+02
-5.313048215013321141e+01
-9.555783429295871656e+00
5.936714140326835576e+01
-7.676957908013082488e+01
4.110309969989685897e+00
-1.646140418756857571e+01
-8.390540360042398049e+01
1.991131778236155725e+01
4.018647314060387998e+01
3.482210935230271076e+01
-3.050768364363777323e+02
-1.777496136516743093e+02
-2.468480825330495065e+01
-1.184481025625680672e+01
-8.065236116411391265e+01
3.638305267047266511e+01
-7.612051018261226432e+01
-1.086947074202348062e+02
2.165134000976381401e+01
-5.504973396176511358e+01
-8.126791235244573386e+01
4.514398621396190414e+00
2.857988995660891618e+01
-7.585307482574538085e+01
-2.790903962195792332e+01
8.415063645883189736e+01
-2.428040907639446573e+02
-1.156237509522299263e+02
-1.753472949080307899e+02
-2.740319165670946973e+02
-6.027297228082767333e+01
-4.524456890889786109e+01
-1.777950735553254162e+02
-3.950784263922225392e+01
6.392548628405756261e+01
-2.692868679809042476e+01
1.736334818566483307e+01
1.744819633398506653e+01
-1.930361978751345475e+01
2.002703469361549082e+00
-1.941295969067913347e+02
2.077999794829649716e+01
8.664387138275881739e+01
7.890142200824671193e+01
1.046813631961921942e+01
-7.372564977268325492e-02
-2.639146267969738346e+01
-1.571507705984465986e+01
3.123212216108328221e+01
-4.231107638474527732e+01
-2.763809227202546026e+01
-1.458650871604733084e+02
5.572721541463234729e+01
3.643674337211433567e+01
-1.628847229710586930e+02
-3.584360420526203370e+02
2.564869252541886624e+01
-8.634885417975997512e+00
-1.278634822829040871e+02
-5.646526771136385037e+01
5.529752451837885019e+01
-9.545035491332752997e+01
-9.978670552723939124e+01
-5.065501614134174702e+01
-2.414392520573073853e+00
-1.307732074847517652e+02
-1.912443709457994601e+02
-2.102368689740802665e+02
-9.775683213414498596e+01
-1.971108874495665759e+02
-4.338941489445701905e+00
-4.414030593282024029e+01
-8.295635747137941962e+01
1.359932449171011903e+01
9.059345899766483967e+00
-1.436582367230881232e+02
-1.457977006481503111e+02
-3.133283459816109939e+01
-1.741704626035131298e+01
4.468124932966006213e+00
8.288528834877112672e+00
-2.233721356357780508e+01
-3.560354860865822957e+01
1.982241834359578547e+01
-1.790020321370739680e+02
-1.056626036784925304e+01
-1.316623141799080656e+02
-3.274979077946269967e+01
-1.606115011470189984e+02
-5.910996132689882998e-01
-1.093236458273961915e+02
5.081405042519845949e+01
1.354490712693221610e+01
-1.447362684140476006e+02
-8.143733430827762731e+01
-1.143715467868914573e+02
5.151352352941004398e+01
-4.633407706052216213e+01
2.136587354153811802e+01
-1.380170161400427560e+02
5.173617486217422368e+01
-6.417231508620500335e+01
8.518325788356138517e+00
-5.529791882065123332e+01
-1.003505363575959564e+01
-1.941566578687876188e+01
-1.580668838328938364e+02
2.766246791863447640e+01
-2.611044246433121430e+01
-2.069238659976539338e+02
-1.558674257527506768e+01
-5.016118850861653300e+01
-2.903486608072063291e+01
-1.948412729247429525e+02
-2.140234428717325841e+02
-5.515610002683779101e+01
6.283159805015735344e+01
4.966383746460172688e+01
-6.612264405914112331e+01
1.891017415784124012e+01
-2.039188554808664549e+02
-4.066545256213785819e+01
1.027995914567492086e+01
-2.057268796886405653e+02
-2.659375207622753123e+01
-8.648292367146633808e+01
1.102418890365305515e+01
6.021845426768493326e+00
-6.041681838301936835e+00
-2.173411753482824338e+00
-5.203409126636546489e+01
-4.336477374928023210e+01
-8.279745744944581531e+01
-1.008337660597484984e+02
4.927808224329000097e+01
-3.655647486830935122e+01
-1.302632995839507259e+02
-7.881819703424196177e+01
-1.899117440946054103e+02
3.222666578065229004e+01
-7.953197769925516525e+01
-3.405667930918210118e+01
-1.037052832728377894e+00
-1.649393132719292225e+02
-5.003746549340233685e+01
-2.016777475711961642e-01
-6.488202920231601922e+01
-2.427313407096333151e+02
-9.740177504638708683e+00
-5.010410887248517753e+01
6.887773009140886415e+00
-3.165315096081732804e+01
-1.938137057047657663e+01
-2.939973024864784179e+01
-5.442197619608374026e+01
-9.105095644780334396e-01
-6.475610313789728423e+01
-2.455458331047357206e+02
2.306161452539574697e+01
2.453785874873875628e+01
-3.247721493919230795e+01
-3.591658326672208545e+01
-4.363271613192823395e+01
1.236784052779691478e+01
-4.015809825689071033e+01
-1.165214590761863178e+00
-2.761444235363116206e+01
-1.216055185747035381e+02
-6.854378942597351454e+01
-6.021410212274126650e+01
1.956570679081750086e+01
-1.013879525867153575e+00
3.303711580797657632e+01
8.156677512809146435e+00
8.949879297805708234e+00
-6.710376302208612742e+01
2.255395639166150090e+01
-9.215540918386926705e+01
1.951393000709205694e+01
-6.175515063878464161e+00
-6.147222874866513109e+01
8.823171972430500887e+00
5.874670394920885030e+01
-6.740964311108373863e+01
5.893798377288730350e-01
-2.102221499884913669e+02
-1.961742870511911008e+01
-1.755183938418009575e+02
-9.574020553574203518e+01
-6.714451145854626191e+01
-2.614342089722468643e+01
1.199238938024738843e+01
-2.347252158182964479e+02
-1.591841453053087321e+02
3.134577065641305182e+01
2.237107764231861395e+01
-2.590602667281586946e+01
-5.674135663764079140e+01
-6.145530612364376566e+01
-4.132290188646562967e+01
4.851369242814047311e+01
-9.208071591788018395e+01
7.066391526021787328e+00
-2.304431593380793402e+02
2.851110923913993389e+01
-1.310077978400264840e+02
-2.503115289745166194e+01
-5.544647925130522026e+01
1.337173440202377606e+00
6.596271158348388042e+01
-8.149549238764052461e+01
-4.732434189765950805e+01
-1.980230988713723548e+02
3.311787266071882385e+01
-7.340878984316611877e+01
1.330138156841704244e+01
1.573381705645305040e+01
5.583004013735143189e+01
4.325280983230373977e+01
1.260521604184792466e+01
-1.824030236124553994e+01
-6.275841623760615562e+01
4.001003060757142293e+01
2.132975548794118836e+01
-6.792556014733894187e+01
-9.874005767807487643e+01
-7.166199851843477120e+01
2.574515952572568267e+00
-2.681386557702487039e+01
-1.885225827439373631e+02
-6.540958308953986489e+01
-1.322547615673282735e+02
-4.916286978997463564e+01
-9.040249330973222186e+01
2.311190194861481828e+01
-6.989587415697002371e+00
4.334219877501668350e+01
-9.449440809009220743e+01
-5.587048120882626279e+01
-3.852265736454877043e+01
-4.953020499598494553e+01
7.528071785158099161e+00
-5.867063596480026177e+01
-8.013456154809541943e+01
-1.414060562642191599e+00
3.970212444843900812e+01
-1.060170313097699193e+02
2.084752654463064658e+01
-4.425729927136610797e+01
-1.255215177117052718e+02
2.772176147119274958e+01
-3.523499078294807418e+01
3.190894967088604517e+01
7.870171778061489931e+01
8.366751310595489599e+00
-1.571802766583895163e+02
7.594194738635616204e+01
-1.770050457730313553e+01
-1.077312147300213638e+02
-4.206610765779559813e+01
-1.539115171742890595e+02
1.994251415823840290e+01
-4.084525407616212078e+01
3.544132466141986271e+01
-6.448536905542138697e+01
-1.777400364313751311e+02
-1.326518362489261733e+02
-1.578693771578254541e+02
-1.044032023206032989e+01
-6.628737538363924386e+01
-1.138898668256009756e+02
9.240545223124954077e+00
3.408506984190574940e+01
4.330024233265928046e+01
-8.334979012448872027e+01
-2.014562837237045301e+01
2.457604258705242728e+01
-1.926923186176328784e+02
7.428546409345088364e+00
2.413621021350874685e+01
3.140480670085685233e+01
-2.992982886084553229e+01
8.551526082272459917e+00
-1.705373031274388893e+02
-9.936296040717510891e+01
3.375509034361107297e+01
-3.534200640984593633e+00
-5.405937582612654069e+01
7.622640408215458763e+01
-3.229217537567502916e+01
-1.939746617025656406e+01
-5.410486652219432813e+01
-6.127034920559220410e+01
-1.255447701211711831e+01
-6.210141313521080519e+01
4.995144595826882750e+01
-8.503055027490559326e+01
1.279217894992491011e+02
4.199571463882610090e+01
2.402951353501511278e+01
-7.639825308284724770e+01
-1.310646998846627582e+02
-2.527629524291839402e+01
-6.553130190731194205e+01
-1.124610745087592392e+02
-1.435651423428726048e+02
-5.771817896417680060e+01
-8.832103563969697291e+01
-8.667919000826606180e+01
-1.028548733872343774e+02
1.651874459790197136e+01
7.527398603584643411e+00
-1.842759911227244629e+02
1.778680498048200320e+01
-1.334367678125144607e+01
7.631664533302568998e+00
-1.530936141073437966e+02
-1.937798983324269386e+01
-1.410988608818652779e+01
-1.878364293978139585e+02
-1.064753008686074338e+02
-5.155837057273440394e+01
3.419988147907552900e+01
-6.953303747666763002e+01
-1.688911854208805607e+02
-1.286506042130133753e+00
-1.503228489844754279e+01
-1.813682661756586185e+02
2.139565178170310844e+01
-1.195237684684738753e+02
2.865983956759270868e+01
-9.465026733121872837e+01
-4.093709587439315101e+01
-2.095535408027429298e+02
-1.120322339230869773e+02
6.749903554551467266e+01
-1.372618317565232928e+02
-1.056347155994244957e+01
-1.386113734999517533e+01
1.964845533717326020e+01
1.556769167746683991e+01
-9.041077725703240731e+01
-4.272506050495763930e+00
-1.334641612447974808e+02
-2.342877505248886791e+02
-2.588949907289054408e+02
-6.443096395381701313e+00
-1.570472227893105810e+01
-2.691911822116026087e+01
-1.545572824050897225e+02
-7.915453630331171553e+01
5.676252413084141324e+01
-8.969435205135938816e+01
-1.290377064595173238e+02
3.933736155835077852e+00
-8.920604240071608615e+01
5.165045908700481192e+01
-7.994925831524655635e+00
5.287816822966019004e+01
3.087687739364062622e+01
-1.001808433253840462e+02
-1.077765285345835764e+02
-2.141007484869444966e+02
2.770830674899966084e+01
-3.714976839642950779e+01
-1.189240626095262598e+01
1.910307445119485337e+01
-2.071793849081692542e+02
-7.483802821198622723e+01
-8.510625998149549787e+00
2.982278064439653775e+01
-5.042342040269919323e+01
5.371877901085653662e+01
-1.635448914559644322e+02
-1.507527186160928068e+02
5.542462469177009865e+01
-1.584810106694489207e+01
6.005689839785785011e+01
-1.183036428519897925e+02
-3.298239928002262786e+02
-2.095180872493187962e+01
4.657861673391133195e+01
-1.131012633877175375e+02
-2.347505387313582048e+01
-7.088670863420806256e+01
5.913037963834484856e+01
-7.442061862338137246e+01
-7.661277151217319670e+00
-1.690523180886640375e+02
-9.029346718906813862e+01
-1.366293840315882635e+00
-1.668212297373531783e+01
6.432578380313759681e+01
-1.171122409409527023e+02
-4.451753434156694311e+01
1.629343540400493850e+01
-1.752394205468574171e+02
-7.005296480635180956e+00
-2.870208488143548209e+01
4.474230836619146601e+01
-1.049027815297989719e+00
1.367142392309364141e+01
4.330827962002084064e+01
-2.504036381218539020e+01
-5.264485701054468336e+00
-5.227301927149122562e+00
6.280964862193101794e+00
3.980341018618133830e+00
3.170920062189696864e+01
6.283196527762433448e+01
5.903348843401970214e+01
-1.927926492843727146e+01
7.605148977489022855e+00
-5.601365837172160411e+01
-3.563005416383376200e+01
2.268941935616737737e+00
-2.351996177089009166e+01
-2.891367885015470662e+01
-8.108328989085362082e+01
4.924276096702352845e+01
4.638480312189798127e+01
4.443076239737672495e+01
2.105029450539205982e+01
7.079656018394608452e+01
6.531874863078877524e+01
1.314024093517316771e+01
-4.832038887335500021e+01
-4.063812627208690742e+00
2.356726565390998829e+01
-1.386769903239346036e+01
-3.128424250100596282e+01
-7.376194268246031527e+01
1.807152655319030998e+01
-2.297751596709204307e+02
-3.868176812563917544e+00
9.674006789095949799e+00
-6.696205165179694063e+01
-1.572509291480772333e+02
6.216119807893835514e+01
-1.975945186794351116e+01
9.786635831196443291e+01
1.777543275987194704e+01
-5.775156159278814982e+01
-3.127341628760858612e+02
-3.875209996598211148e+01
3.242692552659294591e+01
-2.019736759451878072e+01
8.306661284342737872e+00
9.394774865103033790e+01
4.489377021810696533e+00
5.675993543176483058e+01
-3.009264480924228735e+01
8.130720704287699618e+01
-3.852430997851710970e+01
-1.336741429484973480e+02
5.575066151298703687e+01
1.122739361097249144e+02
-5.565876069573444340e+01
1.021327388840653470e+02
1.174177781380651879e+02
-2.425778671544622966e+02
-7.916052273562175401e+01
-3.314755068310019226e+01
-5.104644426262593981e+01
5.302872129844081428e+01
-9.201477571780046105e+00
-6.425403574701363141e+00
-1.638412050721771038e+02
1.127187290061500313e+01
-1.605052249757184484e+02
-1.923121426266104095e+01
-6.368137281984738252e+01
-5.659315190642934823e+01
-1.406231417762229796e+01
-1.400486290683349466e+01
-4.592840705443541083e+01
5.902450818364102503e+01
1.198643036785983895e+01
8.082326359104860103e+01
-5.982819037802534012e+01
7.640181264267076244e+01
-9.489126475574352071e+00
-5.031534254653089988e+01
-3.459145731527070211e+01
-1.422503326901587002e+02
-2.640570524201226021e+01
-3.430771084387838243e+01
1.013818940150790127e+01
-4.767034149921049391e+01
9.686721687395053948e+01
9.111655299829061505e+01
-9.273357969883277008e+01
-3.863839863396967900e+01
-6.055145606265744362e+01
8.853278584298038822e+00
-2.898882251492508999e+00
7.110254350100333909e+00
-6.485054002863135736e+01
3.401613823494145095e+01
1.408831434512860881e+01
-5.259487940869389888e+01
9.428211926652726049e+01
3.084862376493154557e+01
-1.117587423609311656e+02
-8.918427555103009752e+01
-1.717533559233384324e+02
2.401318010739493047e+01
-1.695128414488752639e+02
2.681059856423951260e+01
-1.622047337808161274e+02
-7.122177322982446412e+01
-9.419739788751726906e+01
3.763348937129188698e+01
-1.167233214818887745e+02
-8.555270297515936306e+01
-3.108917943080270518e+01
-3.360795181084739625e+01
-1.076562208060184105e+02
-1.317662256664242477e+02
3.643862181182794302e+01
9.592892225515839755e+01
-7.744306572233904262e+01
3.635937676126596330e+01
-4.566611220888401590e+01
1.906186282000180654e+01
1.414168573896081682e+01
-7.875577126358919600e+01
2.989693739759757563e+01
4.008208402199041132e+01
1.439202042715092489e+01
-5.450272639126401941e+01
-1.686839114811391482e+00
-7.986782832574564850e+01
-2.182813891532930484e+02
3.835493379783957835e+01
1.770952234514831147e+01
2.622148718029701797e+01
-7.798687317501830307e+01
2.272927503726698717e+01
3.334283693996118814e+01
8.975720726636608049e+01
-1.491946167047616711e+02
1.215013985918133699e+01
1.148193601636903338e+01
-9.239388239378575918e+01
8.931960571706035523e+01
3.427434156896586614e+01
-3.406989869989493513e+01
-6.997859632944795294e+01
4.138965632892335123e+01
9.460946062149665181e+01
-2.099515593829043780e+01
-2.040396819418297980e+01
8.777269826449776247e+01
-1.007130316874577147e+01
-1.481533396226329558e+01
3.111987598980662639e+01
8.283280096186842911e+00
-1.424036194410208225e+02
7.066724114707551507e+01
6.254324316521446292e+01
-1.780763517346429126e+01
6.104212655786861319e+01
8.528131830883154407e+00
-2.396137738081735336e+02
4.394696113433866458e+00
-4.225745713956041527e+01
1.039157523398633316e+02
9.459963819817080832e+01
2.554389294154593415e+01
-2.612643132395257339e+01
1.238067386619462695e+00
-9.455223314182768846e+00
9.621938595439377906e+00
-9.710577966886157242e+01
-3.313571278195909997e+01
-1.201268506081455278e+01
-4.210899203197887175e+01
-2.191013377967320253e+01
-1.498179688911364451e+02
-4.396738343973336782e+01
9.507178084121932216e+00
1.316770043102577858e+01
-3.389680615580081735e+01
5.640022725037978546e+01
-6.379864275852179389e+01
-1.959902854569165243e+00
-1.795130254911700831e+02
-3.490555794679303858e+01
9.656962484309374872e+01
1.354562194544021736e+01
-2.361891692147896435e+02
3.467897448004737271e+01
-3.883761635173868854e+01
2.740052449259353651e+01
-9.420400776527799280e+00
5.999182017655968480e+01
1.983894904394054493e+01
1.859242993945835565e+01
-6.468277247785707118e+01
-9.569970377131880923e+00
2.112943612487686096e+01
-5.820334370544347280e+01
6.531161008477297969e+01
6.797460230759695321e+01
3.963642893055208560e+01
-1.398003252285676012e+00
-2.939852421068731303e+01
-1.873562261724983671e+02
-4.054439261408650452e+01
3.105592492962131246e+01
-2.027679194779912564e+01
-1.501498731826990252e+01
1.102734415631792189e+02
1.089231781005328514e+02
2.703480841972319126e+01
-2.044068031898714821e+02
-1.486478029246387678e+01
9.759218886191229103e+01
3.554441875455740085e+00
-3.115790496199885240e+01
-4.112104954679900004e+01
-8.789384370735777452e+01
7.099313564622187300e+01
2.857371938160014224e+01
5.649477236678052350e+00
-4.370818249335265193e+01
-2.115911301022913449e+01
-2.580684916694443132e+01
6.678697476116188625e+01
7.361577268873494972e+01
-1.671186149018981837e+01
-9.377662544387024468e+01
4.173563607660929620e+01
-3.391418489184124496e+01
-4.188517051824122461e+01
5.171057023896727856e+01
-5.554712543437771899e+01
-3.991988153405470996e+01
-5.617010045408549956e+01
-6.408891054008358878e+01
-3.832246315323810393e+01
-1.787052226426584411e+01
2.794788631785404220e+01
-7.422680945913269568e+01
-6.045321827972145456e+00
-2.323741532149152818e+02
-5.749226452940914101e+01
-5.351141564909852377e+01
7.985692188364281208e+01
3.699768325165803162e+01
-9.325641265098839483e+01
1.923763246663108362e+01
-5.999361840051965089e+01
-2.015637183625061368e+01
7.078936600511894994e+00
5.553083363636262249e+01
2.021855949671282815e+01
-6.965499870907382274e+01
7.221579053134115611e+01
-2.168433075041846081e+01
1.275482696041339210e+02
-1.498979276831061043e+02
-4.657821546206439223e+01
8.292374599997371831e+01
-2.776190230458003327e+01
-1.121168623552847947e+02
2.260947446859186982e+01
-5.491850739412872429e+01
-1.037011816559240458e+02
3.443267219906837795e+01
-3.971420188106738181e+01
9.274398246544653546e+01
2.306991314966136031e+01
-1.502476881278230962e+02
-8.341171989274343446e+00
7.492899442144154420e+01
1.633969572910189072e+00
-1.544703857949760106e+01
-2.840885954514621403e+01
6.801555732672717625e+01
1.020057245541424038e+02
2.748334274463759641e+01
5.261114620961372168e+01
-7.100185495130489244e+00
9.190196142159157944e+01
-7.308152096589402902e+01
-2.612892662778158126e+01
3.192189591498509671e+01
3.335100528990358981e+01
2.840596739077540178e+00
-1.423949994662197298e+02
3.727758965019248194e+00
-3.395199840749062048e+01
-4.778912206374522853e+00
9.755102016022759415e+01
-1.100575591081123576e+02
3.829841319114022724e+01
-6.682783255640856623e+00
4.951150843202424312e+01
-2.248528711137311689e+02
-8.078555229721834507e+01
1.606233478724198349e+01
-8.562456037502424522e+01
4.783906101052627591e+00
7.372379315113672504e+00
-4.495697475406856825e-02
1.901371165485928216e+01
3.973665302400656074e+00
-7.363818307824166709e+01
2.394878613639249565e+01
1.427446715190016846e+01
8.667673072509859367e+01
-1.963388091086075349e+01
7.833553460026381288e+01
-2.657193345860100635e+02
-3.822114312058194230e+01
8.204401443088288204e+01
1.079845864187847013e+02
-7.023684483481066820e+01
3.743020543728107441e+00
-1.824048207810734539e+02
-1.248362248518270974e+02
3.198179137972175567e+00
7.867954297847745693e+00
-3.429855792635277112e+01
-3.776717316118389789e+00
-3.281925250213636502e+01
1.442440437906775585e+01
7.032634556874600662e+01
3.830613102109276724e+01
1.957971222704465220e+01
-1.309467986958467236e+02
4.015922435458057294e+01
-1.056843481288657927e+01
-2.311251199515620272e+02
-7.498806815239814227e+01
-5.291298057965642698e+01
-1.330790330354662387e+02
-4.542097771707588549e+00
-1.078009826388355492e+02
-1.650207316319018958e+01
1.140713263103090469e+01
7.510978101134193707e+01
-8.656647528268732117e+01
-6.418306521861703118e+01
-2.879218317958448381e+01
1.639894452537900094e+01
1.650553258576010762e+00
-6.071652137539170546e+00
7.030571305880296507e+01
2.359297784045742219e+01
1.141727948438742146e+02
-4.451774477891675019e+01
-3.066056056820544029e+01
-5.702488630224263488e+01
-4.834033810461885139e+01
2.741016638347983303e+01
5.083166689049227926e+01
8.571625648391729158e+01
7.726290578450412738e+01
1.038079006566027260e+02
-3.654071337321440183e+00
2.383261043947401703e+01
1.271380127268571130e+02
-3.355965819496964286e+01
-1.624254919412300069e+01
3.814131718537517202e+01
-2.881055245132154141e+01
3.838907433299746685e+01
-1.572581645690256380e+01
9.354650019487125689e+01
7.684708437321117458e+01
3.662197336981440543e+01
1.721078974669019956e+01
8.789618773312737687e+01
-4.225166984181970520e+01
1.086764769421391321e+02
6.034606367098901103e+01
7.527243525632408705e+01
4.325310098300761297e+01
-7.143638960702968177e+01
7.154901781104869940e+01
-6.800922515192324624e+01
4.856380498265863821e+00
7.557414448135122598e+01
-5.848912733503121331e+01
-1.258349866754748803e+01
1.035536439877801058e+02
6.422470916240595784e+01
-6.627014343792077966e+01
-3.957813338986767349e+00
1.168804461788318605e+02
-2.880644322728552709e+01
-1.702004057688751004e+01
8.370437476956466583e+01
6.618933231300292164e+01
1.314486312311436222e+01
8.123458520637454683e+01
-1.224171707967933003e+02
-2.837495017529704455e+01
8.234702236954841226e+01
-5.007834213281090285e+01
7.512844258772892658e+01
3.764372467640814079e+01
1.391489871246347221e+01
-1.349475891403566230e+01
2.404698085913635097e+01
3.757771002968911489e+01
9.635443210843114059e+01
1.681159224106798433e+01
5.189533589586602602e+00
2.209543675827544718e+01
-1.744762286694324871e+01
4.306989166667600699e+01
-1.567119982461748862e+02
4.902279317724912744e+01
2.576009765602640300e+01
5.001044748014180641e+00
-4.715102904906956383e+00
4.313599366656645628e+01
9.487991141690232055e+00
3.012818588881179949e+01
-1.171954329947584839e+01
-9.922121917518254008e+01
-2.694423142739172761e+01
1.367026910827877373e+01
-1.639512311028697411e+01
-4.328310272331223985e+01
1.557578615232575814e+01
-4.182451013343819568e+01
6.084257618038422066e+01
8.263361618886990811e+01
4.197931252693802406e+00
-3.487797891176273879e+01
-6.752738963577954223e+00
7.320965742181479641e+01
-2.613427113628972620e+01
4.350396848418466966e+00
1.927178296091162935e+01
6.466062713264615525e+01
-8.674353018765552292e+01
-3.568236036853015491e+01
8.267819752402107270e+01
2.275229486894987829e+01
-4.317056077635197653e+01
-1.127240788383819847e+01
1.217127679592597644e+02
1.456354752420123333e+01
-1.555762648000533943e+01
-4.926569178043725117e+01
3.761197207599476400e+00
7.473527844914237050e+01
9.434877787975860031e+01
4.615829327816334882e+01
6.736392652119890556e+01
1.008540727037662208e+02
-5.146634416234452658e+01
-1.683254775668044942e+02
7.641154073179529860e+01
-1.211662408082389106e+02
-8.615066063914208883e+01
1.568673335295733295e+01
-9.291949203594808182e+01
-5.330845431263402645e+01
3.715514920177358249e+01
3.652529441583325820e+01
-5.189268721718912047e+01
6.054618026816370957e+00
2.983374626298731869e+01
8.589221045078048178e+01
-1.607209489646564293e+01
-1.287709607104459337e+02
-6.522280664575187359e+01
9.491889963718865886e+01
7.013853271856474692e+01
-1.514392488238552801e+02
1.043875352322936294e+02
7.819983563246339031e+01
6.573651140585977259e+01
-1.603218225468060609e+01
-2.176242506323230828e+02
1.103825084175713869e+02
1.080507118292392050e+02
-9.975183770059715016e+00
4.002843166729087443e+01
-1.827586549529571016e+02
-7.505446320709202723e+01
-5.198910387250920451e+01
1.550045844736622485e+02
1.906841102803404908e+01
1.157577421798997364e+01
4.894952616744301821e+01
-7.156444604568471846e+01
4.181810088024016636e+01
8.713281035372428818e+00
-2.052555895789406293e+01
8.511273295216510348e+01
9.630959091505307867e+01
-1.562865084658257615e+02
7.658180374157133485e+01
7.966121480550788192e+01
7.249762483403316082e+01
-2.195091199670912374e+01
1.250011379620607954e+01
9.425138020287735685e+01
1.076434283247505164e+01
2.643753183609294410e+01
1.239770124984136572e+02
2.859093973696353430e+01
8.411378421118467941e+01
7.003879566621213826e+01
1.134804337512918693e+02
1.174234452007709706e-01
5.304945117434932911e+01
-2.873035124076593547e+02
8.988355043879778350e+01
-4.405782131548689051e+01
1.308726974591883163e+01
9.915426416425960099e+01
-4.220219404357726489e+01
-3.303490158751402817e+01
-9.029338821077175226e-01
9.303969203268844979e+01
7.149459431059634085e+01
-2.808389526244593526e+01
9.189035441137967553e+01
1.882328553685881900e+01
-1.354303379192308512e+02
-8.551271054778294456e+01
-1.383159835829719100e+02
-1.073843318767850832e+02
4.266673478308972278e+01
1.013176295919740255e+01
-1.325540904899651196e+01
-7.054316129455486362e+01
-2.195282693542542063e+01
7.562792442394109571e+01
3.593809673297882767e+01
2.352512983146652914e+01
8.218597909242997446e+01
-2.664072796876027382e+01
1.053217386980215053e+01
5.098290761559730555e+01
-8.923728178829165358e+00
1.593467588204784136e+01
-4.170706552554015900e+01
1.038054476422372829e+02
7.313875258903527765e+01
-9.871165659598111120e+01
9.011707684870182788e+01
-4.375495243112700905e+01
1.492833639833948212e+01
4.428243785616189143e+00
1.059699406820815710e+02
-2.303396090772537264e+00
3.731564277698694809e+01
