-3.721128716786001860e+02
-8.867409053575057953e+01
-8.978850016507392695e+01
-3.804028923692540616e+02
-1.952694242219192233e+02
-3.886152900695383323e+02
-3.290964511789969720e+02
-3.286529427934526666e+02
-3.073417126425281936e+02
-1.050876175000842920e+02
-2.070505833685475068e+02
-2.666760989262745625e+02
-3.452392312311012574e+02
-3.328751450475875231e+02
-3.597662410952056575e+02
-2.903010631709253744e+02
-2.584140596284883600e+02
-3.080657498133290346e+02
-2.433481620217255568e+02
-1.164937752097611963e+02
-3.350575877468750718e+01
-1.125812079099805487e+02
-7.717242181334093232e+01
-1.752850959963201944e+02
-1.376542622219147347e+02
-2.497406282488580302e+02
-4.155574218742304993e+01
-1.265503314819563059e+02
-1.118401215873965384e+02
-2.134698578183998734e+02
-3.249305325417488177e+01
-2.694557512275382578e+02
-3.005449811158905504e+02
-2.241753848008042951e+02
-6.759073780339705309e+02
-4.062676009542071824e+02
-3.474305469252929015e+02
-3.368607982637213922e+02
-2.987046477664397344e+02
-3.019959126550350561e+02
-8.362218974131061486e+02
-2.322014937792951343e+02
-4.643391856816087966e+02
-3.132802936476118703e+02
-4.082535047199190217e+02
-2.710754354081805673e+01
-3.085280070769571239e+02
-3.235765797314627434e+02
-2.209806084485735482e+02
-2.965983227350524203e+02
-4.178610681741159851e+02
-2.084147324254653597e+02
-1.168580136646577756e+02
-3.324590791642119711e+02
-2.128960844175267368e+02
-1.532880077017417193e+02
-1.847788483133057866e+02
-2.162565545191189926e+02
-1.689702115301840024e+02
-4.659463555370795120e+02
-2.240829203503923281e+02
-2.432832171263953001e+02
-1.533342306015114787e+02
-2.941464045216354180e+02
-1.440931967745339932e+02
-3.048549478650955393e+02
-2.475766993066812915e+02
-2.844874564100118732e+02
-2.426048518517925743e+02
-3.220885870851582240e+02
-9.747694572940524438e+01
-8.755146952976977559e+01
-7.470692286129815329e+01
-9.155805765735011903e+01
-2.020185438777635909e+02
-2.928553530044718514e+02
-6.490831156861162299e+01
-6.271923659972623710e+01
3.195816607591979164e+01
-2.162689119209152295e+02
-1.190688477644494014e+02
-2.303426405088775653e+02
-1.563607303579735799e+02
-5.787474428669967352e+01
-1.915890821992908855e+02
-2.523264799586482923e+02
-2.675635688159417782e+02
-3.390798930848591226e+02
-2.688999793138041809e+02
-8.784990949619714229e+01
-2.616725123372300459e+02
-2.179997903146135059e+02
-2.531107305733534361e+02
-2.145015137662722964e+02
-2.554159400384720016e+02
-2.415695051971324858e+02
-9.189984601183009261e+01
-3.260116654590434564e+02
-7.750203807141068069e+01
-1.633926275626805591e+02
-2.143459540587874699e+02
-1.125040577455628181e+02
-2.082946785180122617e+02
-3.375273045804999583e+02
-1.257154953026190469e+01
-2.681051929903813971e+02
-3.013217359588213640e+02
-1.680174317383419123e+02
-2.810374305012330183e+02
-2.722697862598669190e+02
-9.399856264831444719e+01
-2.495745321329230819e+02
-3.077431424132632287e+02
-1.498026179901027604e+02
-9.320238546468655727e+01
-1.996729499505621561e+02
-2.770184480926299102e+02
-2.615270984602814792e+02
-2.942977821165319483e+02
-1.452024174674845653e+02
-1.923081937826655690e+02
-1.156480980004113235e+01
3.269058900189770611e+01
-2.639383586354459226e+02
-1.769725960314932252e+02
-3.655912256561304474e-01
-2.744713332648507844e+02
-5.499584278941426163e+01
-1.494348948448613328e+02
-1.961985521037487672e+02
7.359370603359394636e+00
-1.405400558412185035e+02
-5.850493561714998236e+00
-5.942194725533285293e+01
-9.482882368267019046e+01
-2.870938599716953377e+02
-3.378264714871269234e+02
-2.061954424262580119e+02
-1.874776515281217826e+02
-1.678789863334968118e+02
-2.005220051643568979e+02
-2.556749527974824332e+02
-1.812119602198538075e+02
-1.397256877381660161e+02
-1.627141222697202636e+02
-1.765567482549292890e+02
-1.221703050783484059e+02
-2.119604665014083196e+02
-1.925306404763880153e+02
-9.093583583978141860e+01
-2.776834372038299534e+02
-1.951230236599720911e+02
-2.048335579895317551e+02
-3.098795637808741503e+02
-2.367667103264976731e+02
-1.941882157124986747e+02
-2.186883130323139426e+02
-1.831621069230856165e+02
-2.099503734383482367e+02
-2.123513585072658429e+02
-2.309806313907635058e+02
-1.054731732767020134e+02
-2.228992181105562054e+02
-2.169200052071450955e+02
-9.719357608890237543e+01
-1.492269000166122908e+02
-1.521899193841120166e+02
-2.838864050789569546e+02
-2.817335656900908134e+02
-1.528483456536031326e+02
-2.106162040112854186e+02
-2.067953918753777600e+02
-2.195963397885947188e+02
-1.745279738587209977e+02
-1.762116024650154316e+02
-2.123635252651719441e+02
-1.547964470052608021e+01
-1.846165659547764335e+02
-1.559805330598831290e+02
7.445892727011673173e+01
-1.603687594599861939e+02
-9.130025119008162449e+01
-2.421247783206740678e+02
-2.729606431025576967e+02
-1.689915223639338251e+02
-2.650802189406887237e+02
-2.464915909964782088e+02
-2.053480355886193252e+02
-1.760527181862984492e+02
-1.614623460367842540e+02
-2.423367329407025181e+02
-4.977257141416954767e+01
-6.361979697655132071e+01
1.331995553022423451e+01
1.028512451917270880e+02
-6.763772723478049897e+01
-4.070548952150943478e+01
-1.898660960710009249e+02
-1.328081707870817922e+02
-2.329137296283024625e+02
-3.334073919392915286e+01
1.777973831004912242e+01
-8.354713004345938998e+01
-3.752137417350386528e+01
-4.933159654990171816e+01
4.371195315416776594e+01
-2.309952432800356803e+01
3.120805412192652284e+01
-1.541311963186562934e+02
2.976362910951777963e+01
-6.085289225130553348e+01
-1.737642652126022256e+02
-1.047387682095349248e+02
-1.913988353029689620e+02
-1.703174874380699464e+02
-2.240834364217909069e+02
-2.417308332254504819e+02
5.132623429224923939e+01
9.934987677590214616e+00
-4.934905765369713038e+01
-9.931383483874839158e+00
-1.553122584158891470e+02
-3.459397788005291829e+01
-1.505485818869669004e+02
2.154658727223386450e+01
-4.018021479893997139e+01
-2.192460441640390911e+01
-2.361056259934078412e+02
-2.805465443539611101e+02
-4.168314550924489481e+01
-2.417204409438517132e+02
-1.750154353691557958e+02
1.230065290179528859e+01
-2.251356838517419305e+02
-2.614536978085227759e+01
-2.013205778896641505e+02
-1.530354768272724755e+02
-1.848312724649779852e+02
5.172077479798709021e+01
-1.940975641091536659e+02
-1.553946921270155599e+02
-1.067260161467110322e+02
-1.748986808857601147e+02
-2.117077063459714736e+02
-2.212152638011214378e+01
-1.034212089696436010e+01
-2.635594165637985498e+01
-2.011501152732625997e+02
-1.610433478450716507e+02
-5.465396683813171563e+01
-1.671393562043383554e+02
-8.753788013608668450e+01
-1.702314567236452945e+02
-6.906250303130315160e+01
-2.232813459494255426e+01
3.586239545753915792e+01
1.459962165386484969e+02
-2.017927930366067812e+02
-9.487254259808682377e+01
-1.595513248782910409e+02
-1.340217702565350066e+01
1.257952717771981241e+02
1.104070120811676077e+02
-8.564859991925779070e+01
1.164889065220546058e+02
3.995039126143601038e+01
-1.646551923584569579e+02
-3.800331431945761551e+01
-1.741543889568918360e+02
-8.048174302104450817e+01
-1.037636046806265711e+01
-8.155474964035701646e+01
-1.932412798155458233e+02
5.714746388349226436e+00
-1.289094612326700258e+02
-5.655511983918157881e+01
4.865827802946753877e+00
-1.298486838595938195e+02
1.151627191248726803e+02
-1.017903920344271427e+02
-1.063655817566977078e+02
-6.083396174358061614e+01
-6.908337675456763805e+01
-1.382775348850034050e+02
5.293976195748223290e+01
1.030483989633652726e+02
2.232006035372556596e+01
-2.385388070757861101e+01
-1.323645125053670313e+02
1.503044946758868150e+01
6.413128969961650228e+01
1.409551931646195442e+02
-7.705784159683722123e+01
-1.675797840013033806e+02
-3.502277461053267871e+00
-8.376555779146391956e+01
3.349279845830025693e+00
4.846376365556682231e+01
-1.177168506911377364e+02
1.514962435743269964e+02
1.724456901898298611e+02
1.210506102705182769e+02
-8.212571081389000938e+00
-1.150081535426585617e+02
-1.274558795988569386e+02
1.259382398505478022e+02
-4.058576938771101084e+01
-5.097485957880351748e+01
-1.010506038600266834e+02
-1.308094003387542443e+02
-9.346839192702012156e+01
-9.377536898506733110e+01
-1.609640275987389941e+02
1.446160326637342450e+02
3.751078975681420502e+01
-1.062933992272536727e+02
-5.632379605602456962e+01
-1.128559865290450119e+02
-1.065556048876828754e+01
-1.009510233971924436e+02
1.674418462497486360e+02
-1.104803740581652391e+02
-1.013937347763097279e+02
-1.412621504071865957e+02
1.510121905841353964e+02
7.787208934819958017e+01
-1.163873272349490122e+02
8.248628870371044286e+01
-6.510923964750453763e+01
-1.023893027582163455e+02
-9.865130388646248605e+01
-8.678322453794274338e+01
-1.211758141114693643e+01
-2.396249900861150195e+01
1.169578675051717767e+02
3.484018978473929451e+01
1.461911607284092440e+02
5.164708580076688094e+01
-5.170956405507006792e+01
5.583110123845095529e+01
-2.744224246493243413e+01
-1.089811346533500966e+02
1.946353472575745513e+01
-5.291287582564961411e+01
-8.514727213713828746e+01
-1.109480923348258301e+02
-4.417097422445205979e+01
-1.157091512015725385e+02
-1.123673903308205695e+02
1.066581903100756108e+02
-1.762103834841448702e+01
1.188427705311652005e+02
-4.910537821267813996e+01
-6.440453999350849301e+01
-9.089925196742620983e+01
-6.994101962595567556e+01
-2.188938233254402022e+01
7.042984240905354909e+00
1.933838657192636958e+02
-1.091968698663232544e+02
-9.415958032988500293e+01
-6.576854989358763248e+01
-5.465624744753022668e+01
1.202750571132305026e+02
-1.028552720145322468e+02
9.716967711372811323e+01
1.431070321968609562e+02
4.181809698841831846e+01
1.935190628831948061e+02
-9.480332444197574659e+01
-5.340868131551724929e+01
-5.568220225389109856e+01
-1.206777538605451809e+02
8.223212871202493091e+01
4.193468303091285065e+01
1.590861465828857888e+02
-6.741486718663966826e+01
-1.431697224323129980e+01
-2.379964210072537156e+01
3.920577821319625400e+01
6.255398535101454627e+01
5.535334093277298706e+01
1.249695804198828881e+02
-1.776955717391639666e+01
-3.079010763124006544e+01
-6.240222396041200170e+01
1.794714453781877239e+02
-5.257874591409039056e+01
-7.189549701946273785e+01
-8.071523208056726162e+01
5.721933195938234462e+01
-8.086831430205027971e+01
-1.216368956018974075e+02
-8.978730759118860760e+01
-4.433583542455219373e+01
-6.609552144705770615e+01
-4.783213422228448763e+01
-2.769178744083208699e+01
1.729197144257242940e+02
-9.641616119501098581e+01
1.229879158150007186e+02
2.703525404603946214e+01
1.988837767342891993e+02
-1.212071331514892236e+01
-8.356652729386944145e+01
-9.896112822531253528e+01
-6.526676490168327405e+00
-5.179656529502744888e+01
-3.909520996029067419e+01
-9.588377164689400445e+01
1.377719587318561878e+02
-6.258088484556437692e+01
1.769859100595509176e+02
-1.746691325519983451e+01
-7.796011405891046309e+01
-1.681628385409914550e+00
-8.267042100649530312e+01
-2.585546133729467755e+01
-9.316296009464450378e+01
-5.005015471861868548e+01
1.858643811822761904e+01
-7.102440217637659714e+01
6.696561132537891581e+01
-3.569733716951785141e+01
-7.528964909460302124e+01
3.184280880930337077e+01
-4.174511481830506199e+01
-9.301216620620297704e+01
-1.895533504823269055e+01
-1.538080280190178328e+01
-7.340617860055023414e+01
-8.551866407616861920e+01
-4.485031859274497634e+01
-2.606323056294641916e+01
-3.466097555270192032e+01
6.642728563211893800e+01
1.776109654657918782e+02
-8.012289142753985516e+01
-3.096592543963982536e+01
-2.592246907901861519e+00
-8.178495124535484706e+01
2.766263654469801025e+01
1.196288346749784353e+02
-9.420281658417392734e+00
6.046951330613347331e+00
-7.945947426943752134e+01
-5.915391662133578166e+01
-2.664700823330383983e+01
4.874200165477800795e+01
-5.698106398331646005e+00
1.154043413926757324e+02
-1.202275303728491096e+01
1.265595534894710283e+02
-3.172591594219436573e+01
-3.357360317349031931e+01
2.534327921596135180e+00
7.450038075793260361e+01
-2.625782344053148165e+01
2.018947199106306201e+01
2.674277551994110169e+01
1.945541469419420366e+01
2.858806513290323892e+01
1.010002631916714790e+02
-3.164688690757543199e+01
1.486414098448722996e+02
3.260621651923033681e+01
1.735283304921722447e+01
1.313976569012134519e+02
-3.916797524029627198e+01
6.474624163402913268e+01
1.761407903762229807e+02
1.058254318253947446e+02
3.424164337952868209e+01
-2.249457217981027313e+01
5.448535458492080608e+01
-2.984898539564608910e+01
5.510712741764609746e+01
-3.338769294337235038e+01
1.238639977816591795e+02
3.672853072870407232e+01
-3.825158764162068081e+01
-2.838706661737106529e+01
-1.825407079934755572e+01
-2.055269905824029131e+00
3.550230098760802377e+01
1.343587539338874990e+02
-2.911442004681030227e+01
-3.118587152858329148e+01
3.719679569341701608e+01
1.232688743028081433e+02
1.202974559687613976e+02
7.502626533121640762e+01
2.815822300865838557e+01
7.408967419139648314e+01
4.320920337395453714e+01
8.210163113699391602e+01
2.942254727708635542e+01
-1.781111586610336062e+01
1.798202864318737682e+02
1.260372811052714610e+02
1.769764893858036103e+01
5.889618605494772652e+01
7.931361846786509773e+01
5.351235711078294344e+01
7.367488918850720836e+01
-7.335603226263600618e+00
1.707043779285044423e+02
1.028209765157236575e+02
-5.239629489546759444e+00
6.644184363055677522e+01
7.903926185634890089e+01
1.887531266703147992e+02
6.971509360476576944e+01
6.055091222599305212e+01
1.706698968578648419e+02
7.281860720113918717e+01
1.170670913539432263e+02
7.335737249324601805e+01
1.395322225805314531e+02
-2.747983743863765582e+01
8.115122038553431594e+01
-2.074593146999051285e+00
1.481660535968300110e+02
1.207017750916130154e+02
5.908430604517201346e+01
1.252342011036941187e+02
1.259079012544981424e+02
1.083294874362592850e+02
1.862377988131369193e+02
1.133969222461676480e+02
7.622263797806553498e+01
1.098817838599534866e+02
1.887808145816170224e+02
1.265768987844793116e+02
9.623656163828026422e+01
3.386131569641752748e+01
1.891538808495203838e+01
1.190016305799047700e+02
7.842693787295779373e+01
1.509626036681610515e+02
1.266622102440882429e+02
1.272183068106989339e+02
1.936819281526387613e+02
8.342944266587393543e+01
1.109504363512947833e+02
1.402503776423170336e+02
8.455301245323357762e+01
1.303981023834459165e+02
1.386672836723349747e+02
1.190087705582050290e+02
1.316792929489190840e+02
8.684384388933561638e+01
8.779886431413417824e+01
6.568902506043234268e+01
1.234682688529462240e+02
1.189830486503460207e+02
1.844939335977499582e+02
1.505509745665579260e+02
8.380861290177131195e+01
1.197103491972926719e+02
8.552023098645351240e+01
9.551524112970277258e+01
1.439904269006206619e+02
1.953583808577086529e+02
1.802435261379555982e+02
9.296838843061304658e+01
1.053918064300351176e+02
8.701000254855469507e+01
1.693713795165436977e+02
7.257115164635295912e+01
2.523346706373288271e+02
1.872292661080578000e+02
1.363190655652345527e+02
1.303105069279246777e+02
5.996979840405564488e+01
4.184767204028844390e+01
9.806930918831277211e+01
1.200701405010443210e+02
1.832269639152545437e+02
1.341534310263135978e+02
4.759976501993875786e+01
1.068623713172115117e+02
1.587524045979143068e+02
5.690182602476171780e+01
1.178903691973906831e+02
9.816051559758291489e+01
1.028152016127592390e+02
1.997417487542812466e+02
6.526790489551011376e+01
1.168742629804694673e+02
1.027949366239925837e+02
9.061458085457373102e+01
1.308698755822163662e+02
1.524137125619576523e+02
1.859691804828604518e+02
8.701737184248273138e+01
1.264718878483198949e+02
1.017680481252194511e+02
6.460945264154115364e+01
1.540687709507153613e+02
2.345249648519272228e+02
1.211792055154117520e+01
1.537581250981916412e+02
1.415212679198563421e+02
1.539424983868113088e+02
1.042632679715216995e+02
1.297528777445013475e+02
6.700628395770280576e+00
1.049266979052335529e+02
3.134982052719567491e+01
1.184003829068236229e+02
1.506686779031692254e+02
1.181051569134021548e+02
2.006873882498473733e+02
6.893964621247839375e+01
1.708224505401502427e+02
4.636301500930472486e+01
1.542031875178882672e+02
1.872760300558353208e+02
8.652703766524936668e+01
5.455983699426951716e+00
1.430740334971426364e+02
1.189738224028986622e+02
1.892973129124048057e+02
-1.919726849800594550e+02
1.229258282268510811e+02
1.015508794000162140e+02
1.045277553751406856e+02
1.135807776212710110e+02
9.283942999417413944e+01
2.075144654760429717e+02
1.338464516632935783e+02
1.160069549432835601e+02
9.120524802766207983e+01
1.004978701053885715e+02
1.220230399339239540e+02
2.376933160234199818e+02
1.887285610451150433e+02
3.251091857964547671e+01
6.603719149630057927e+01
1.033499161359937517e+02
1.215309904818461462e+02
8.771144831552223309e+01
1.353529547508362612e+02
2.019053652825187442e+02
1.357515440093778807e+02
2.128008074160204046e+02
7.751288784999368886e+01
1.860014309552524310e+02
1.153921783214545798e+02
1.201890557563227446e+02
2.292189841975347520e+02
1.489404705739139274e+02
1.559947194926971008e+02
1.535984694415197964e+02
-2.365412200026566580e+01
1.199003462255997050e+02
2.046488574371576874e+02
1.314660688871980483e+02
2.418877071832428953e+02
1.582131302719275823e+02
1.120162700117614918e+02
-6.379475801241061816e+01
1.011741228298034514e+02
-6.300540802168497834e+01
1.019369574994638015e+02
1.668079180797004710e+02
-5.566569148102448850e+01
-1.182708027648875770e+01
1.315409081444864796e+02
1.019816178926167538e+02
1.141198882396437284e+02
1.075437374705673932e+02
-1.001216932859381359e+01
1.374262712698423172e+01
7.445743174503220985e+01
9.276087002528375081e+01
1.093733150169881867e+02
8.925718142955852841e+01
1.257843069115088070e+02
8.825019508348034947e+01
1.297933625463857084e+02
2.433379497379224290e+02
2.315446421523801632e+02
1.539137491196688075e+02
1.578752670239919667e+02
1.201438482814315876e+02
1.287472932408583688e+02
1.191727466922775704e+02
1.023536170710810467e+02
8.896314039307290500e+01
1.366270268221014135e+02
-2.641985296733323025e+02
8.036433059453729300e+01
-2.220032366783411248e+02
-3.896927996588358667e+01
1.190922329642384199e+02
2.410507630202538678e+02
7.652058262769236308e+01
1.251611274743565190e+02
1.171490721836508584e+02
1.169086080516318447e+02
1.299788683873807429e+02
1.121208522161396104e+02
-3.691120573271317706e+00
1.056214055405016978e+02
8.737912411145420322e+01
-4.264819963300159600e+01
2.454144350964662635e+02
1.048710487986447220e+02
-1.030245863797823063e+02
1.134106625145326603e+02
-6.407860484261216527e+01
-5.266098323253288527e+01
-3.530451354633034811e+01
-7.587020065486660769e+01
-4.985533903285830348e+01
1.468937189837158712e+02
-2.674156154632153815e+01
1.731127235987645747e+02
2.811939363284937698e+01
-7.992603138099988769e+01
6.598326805286968977e+01
7.597587489713521336e+01
-7.576056056556993212e+01
1.327436511337500349e+02
-7.613941722825629199e+01
1.783304093645122634e+02
-1.194240945008262003e+02
1.652656755156804707e+02
-2.532979576789282419e+02
-5.032055987581365741e+01
-4.273656206708326977e+01
4.085848993145967256e+01
1.223469550938651480e+02
7.767660903146548890e+01
1.166363916761332007e+02
1.429530576805926501e+02
1.696264361046437728e+02
-4.709893094618720255e+01
9.677863680127258306e+01
-6.709161413494169324e+01
-2.488803567057985902e+02
-7.022706167448907877e+01
8.368653180571651262e+01
1.715293254175261950e+01
9.864459455000448429e+01
-4.926699835526459026e+01
-4.999292717252001950e+01
8.398045231697837210e+01
7.409601035122427959e+01
1.218457128659259610e+02
1.617125114370851691e+02
1.166645409420740265e+02
-5.258387866087097251e+01
-2.165667606756418095e+01
1.712507733826031426e+02
-8.433853715388882222e+01
1.574866967849405626e+02
-4.622255784363333220e+01
5.270739796503973196e+01
-6.008034273384021162e+01
1.530958591330835930e+02
-3.517374791683928237e+01
1.317643193728846995e+02
-3.549938174451098121e+02
1.149373030900273989e+02
-3.577216128609152435e+01
1.544320391154860488e+02
1.101147584921502016e+02
-5.799951361025976126e+01
6.962498556266584160e+01
1.459158346041769789e+02
-3.923603713694606654e+01
-6.702347463672688832e+01
4.979213039908004390e+01
9.014890291775409992e+01
-5.253762321247525335e+01
-4.864482853250937922e+01
9.635814900504162495e+01
1.432617765128457279e+02
-2.936354569935295444e+01
-4.098305146877174110e+01
1.021870476097676672e+00
8.751958118223993210e+01
2.354798689933768685e+01
1.553839959510286235e+02
-1.963713253411128434e+01
1.217306200917349344e+02
-4.888661938398443851e+01
-3.239543649912255319e+01
1.288454649558520941e+02
7.206388105575724978e+01
-1.101552319703289555e+02
1.005809248323617737e+02
-2.015747781262842508e+01
9.684442480961624256e+01
1.802022502066519110e+02
-3.901784082896079298e+01
-6.700645409329878532e+01
-7.064328461178624252e+01
-2.231380989876139509e+01
4.980038827619907948e+01
-4.320434328131148050e+01
-4.754928777117962824e+01
1.193249726212284401e+01
3.962703787277769951e+00
-2.447164271748419395e+01
-2.262251507082763169e+01
-1.464845200606356102e+01
-7.046667673454847147e+01
-3.659295121360032965e+01
-4.969077119717683644e+01
4.255164064679826197e+01
-4.539836857342567811e+01
3.040613031043960746e+01
-3.411458051756923737e+01
1.923101799786940092e+01
-3.514723978837754004e+01
4.250991516390749325e+01
-6.864278965838074953e+01
1.969185720198162670e+01
-5.477398540170241859e+01
-1.649196749317372479e+01
-2.995646869505684151e+01
-7.363280123058700610e+01
3.203365309466438049e+01
-4.703931205206767885e+01
-1.907379719639600069e+01
1.136120316838079569e+00
1.539516886764014281e+01
-6.015805856558380071e+01
1.527852126912779909e+02
1.474771544840457338e+01
1.304514791782123240e+01
-2.953450258663942307e+01
-2.641322844606546738e+01
1.715109846121415416e+01
2.266550405777561750e+01
-2.048820435252544669e+01
-2.633287693095906690e+01
3.261711954425689441e+01
2.945281053158715068e+01
7.679989587726796074e+00
-2.090075078242566331e+00
2.701553084655745174e+00
2.082370475031219570e+01
3.060626258846146541e+01
-2.052153035970816575e+01
3.076646262189006364e+01
-1.679524512582491980e+01
-2.525387236889912401e+01
7.373373770210164935e+01
2.924177116921374164e+01
7.452599949267720092e+01
-1.450378888878200456e+01
-8.675456559416655722e+00
4.711268154183323276e+01
5.685349237604543760e+01
-2.084025203261814241e+01
4.410243414916665472e+01
1.904753381834142374e+02
1.967236926346832604e+01
7.274288699411886228e+01
3.358136375787318428e+01
1.862462535168065187e+02
1.681584227702457497e+02
5.696797020931802535e+01
8.380618406595326064e+01
-2.241288893251548942e+01
1.855456025867508529e+01
-4.684792743095617595e+01
8.744153569861333608e+01
-2.042438197114494969e+01
1.918794092086176306e+01
3.952234621025952777e+01
6.975332924875722540e+01
2.193936372052682486e+02
1.892245737717651082e+02
9.625925911162424597e+01
3.823998844119572027e+01
1.265203270451186057e+02
1.754085326918415149e+02
-4.692907829534912878e+01
8.303502917170791875e+01
-9.169036057999432998e+00
1.886629645287721360e+02
9.105133811240965258e+01
4.845849411506307547e+01
1.473860967633952335e+01
8.565906796702650183e+01
1.907229011641644831e+02
-1.682984798938436199e+01
1.431698893629803706e+02
1.697307961559055656e+01
8.198924546013111581e+01
1.209602473355015206e+02
1.716691442081402670e+02
1.580417878682883952e+02
9.355304539261987884e+01
2.946151018525346998e+00
-1.942084749976526936e+01
7.278062711332873391e+01
1.473653722121873386e+02
5.420344823022172243e+00
5.451775952288765836e+01
9.272373440677537815e+01
4.027730738191404214e+01
-3.335277033784211653e+01
1.125794752502774259e+02
2.354479631051827369e+02
8.028183128166595850e+01
1.306094955946664982e+02
7.544609907200266719e+01
9.703994323250228149e+01
7.997451885370118418e+01
1.680239882779082450e+02
1.012484036813912667e+02
5.924971021893922796e+01
-1.344291881910213426e+01
8.518236815705988363e+01
1.143463284405670350e+02
1.687213856662394846e+02
8.656702098057935757e+01
1.147480507858984993e+02
9.592574376412416370e+01
-3.822952193249662400e+01
1.712769538565160019e+02
-2.443165265544719844e+01
8.044062120820794348e+01
1.786654306462567376e+02
2.462269375846211403e+02
9.599933041042390869e+01
2.393788885530600510e+02
4.217998988577414821e+01
-2.566170349895260117e+01
2.247354490723166123e+02
2.499324417634201154e+02
6.905152057648905384e+00
-4.665317691388572996e+01
1.383875278555758825e+02
1.359216707102081045e+02
2.872637289772786744e+02
1.202492715063691264e+02
2.457391650833363030e+02
2.407216881975323304e+02
9.364198898792564307e+01
2.226249776448943294e+02
2.357069820781910039e+02
9.322988426794074712e+01
2.702189731882942851e+02
1.426896810329438381e+00
2.300526101687873961e+02
2.565039812607794261e+02
1.273992294004474104e+02
1.307242523136980594e+02
-1.710734300989112171e+02
1.939046894619680756e+02
6.130382826014024289e+01
2.125678614514672802e+02
-3.019245377822120417e+02
-9.172331951179899079e+00
-3.713207271806524545e+01
-1.685597306400609341e+02
2.630980973725716865e+01
2.360461274791565813e+02
8.966076775798761389e+01
2.304050128998546825e+02
8.763372020601158852e+01
2.452632496880545148e+02
2.108652276720617920e+02
1.856706837168179618e+02
2.026635832890194706e+02
4.044703395984328154e+01
2.564705078994132919e+02
2.597038876529312290e+01
2.134707953057523468e+02
-1.061329926707824711e+01
2.058550385548259669e+02
-1.060924107282439905e+02
1.905973091234924368e+02
6.720175987260630279e+01
9.776812753081809149e+01
-1.394804166518774835e+01
2.511891729763538095e+01
1.062823551391989270e+02
5.106293784063302610e+01
-2.030865493030265725e+02
-1.786842483969461455e+02
5.277506548227409411e+01
5.131432161713294704e+01
1.853737927554429916e+02
-1.695915045299059898e+00
1.877149884439454013e+02
-1.013217704309652945e+01
9.200801404221246571e+01
1.163935580641900742e+02
1.671932677526615123e+02
1.817768332648490173e+02
1.773232069394930477e+02
6.934727476086281683e+01
1.819852061797958243e+02
4.250631881833571413e+01
1.804156492346643574e+02
5.344248458844455740e+01
1.278638576081194458e+02
9.952175295084830964e+01
2.157001947755577760e+02
6.901376172376120621e+01
2.561788155541667038e+02
7.445981191651783604e+01
1.209110666202629290e+02
1.416014835462184465e+02
1.094128373101678875e+02
8.098471141438402299e+01
1.808759647766262333e+02
9.173119405727081244e+01
1.261989375554341564e+02
2.287606427924520176e+02
1.343226023033118963e+02
1.970623483986424560e+02
1.247211316092075322e+02
9.118125685382597112e+01
2.124604574130810022e+02
2.377422813065993807e+02
1.161119992271924986e+02
1.314831560435072788e+02
8.099636099251685550e+01
1.164958089605554221e+02
2.496091520546726770e+02
2.174123174549037003e+02
1.321331858668184793e+02
2.136547890920596160e+00
1.463082338583800492e+02
2.237976805771136810e+02
1.310278988145427945e+02
2.473775672060235706e+02
2.555305155512372721e+02
1.264207583122824019e+02
2.991891345021593906e+01
3.902480533264295559e+00
-2.075582353451320330e+02
1.376380950584562868e+02
-2.107304437822861303e+02
2.389983301229165420e+02
1.547800393718519558e+02
1.282133399999776771e+02
-1.766038571377953303e+02
2.279389290200988967e+02
2.559245955892984625e+02
1.577214849951695896e+02
2.158554755477107960e+02
2.422056167986385162e+02
2.698736786604464442e+02
1.112253906898632891e+02
2.437655227113444596e+02
2.677289721643238636e+02
2.320855992553346141e+02
2.622038834820885995e+02
2.692223834427201155e+02
1.343789383014396321e+02
1.015656361855465093e+02
2.273344328994460568e+02
1.444978399826335931e+02
2.491754023264314810e+02
1.150887392442545263e+02
1.250536798648097943e+02
2.057687948584953688e+02
2.279235789672155477e+02
2.034108717946602667e+02
2.225493956066030989e+02
1.229005771283944739e+02
2.452514101772163428e+02
2.587606134324008167e+02
2.211658066492685748e+02
-2.108126234578364233e+01
1.804668727277420714e+02
2.258006091775274058e+02
2.084697257075214338e+02
1.744190767256857271e+02
2.961586884568008031e+02
2.302548390152830393e+02
2.386873796775406902e+02
1.011341102320191823e+02
1.149136527044380074e+02
1.234285103068015985e+02
1.354654537047624956e+02
8.534718570854438724e+01
2.419152932100558360e+02
1.388939954579733751e+02
1.608932783733051792e+02
1.534598900591697941e+02
2.794189511285622984e+02
1.242014151136958873e+02
1.941913616585922568e+02
2.505568682487127035e+02
1.307771060631869489e+02
1.289203846960156170e+02
2.526507602300143276e+02
2.674667547177449478e+02
2.371265824570834866e+02
1.543463216568089820e+02
2.047759680926946260e+02
2.662613744551719037e+02
2.375664529095411410e+02
2.478878108468837809e+02
2.395843906980338716e+02
1.099339484030065250e+02
2.149221908268403070e+02
2.431407254794162327e+02
1.359475940032489802e+02
1.140621839441644028e+02
2.364542628310293821e+02
1.304949498383606965e+02
1.077330206439463467e+02
1.452807540509572277e+02
2.067532055327772582e+02
1.476197472061168412e+02
1.368620757240337014e+02
1.526221527265724944e+02
1.746661266279623135e+02
4.250312145197274560e+01
-1.360365965907487329e+01
9.567199143426967112e+01
5.942336878357099117e+00
1.889177918721415494e+01
1.032382770796348659e+01
4.999439437354417493e+01
3.104725254321608219e+01
6.397178936101252589e+01
3.013322892045998458e+01
2.826176848218502613e+01
-4.268203876510777484e+00
1.357770332802992286e+01
5.704988615696894527e+00
-3.558502932141600184e+00
1.612393372039383976e+01
-4.944344070074022213e+00
3.530875074644040978e+01
7.001116921595965437e+00
3.263761855784862576e+01
3.874441585334763971e+01
3.019747695162091361e+01
7.220358454121833347e+01
1.852930574080411574e+01
-1.173582663173657892e+01
2.061742280517165113e+02
3.959013250296151654e+01
2.629137010433464638e+01
3.655089319014035709e+01
-1.080614114311630836e+01
2.705090444821945539e+01
3.920494141784558906e+01
-9.006926084267197652e+00
4.161201153704436706e+01
1.463383109465851462e+01
6.661925182500385745e+01
2.431808139944864138e+02
2.173429126651971615e+02
9.443214263038978373e+00
1.062612859817186362e+01
1.173878291072902158e+02
9.010337750454267791e+01
6.558878331173876575e+01
2.200873188014677453e+02
1.142394380958991604e+02
1.088205597926409922e+02
9.872445711389444511e+01
2.058141662412020594e+02
1.329048070709581566e+02
3.606184413233421537e+01
1.889757811791374138e+02
6.731646280194078713e+01
1.168587770686517047e+02
2.235305689806340865e+02
4.352229728943478904e+01
2.161387734682301698e+01
5.105927891518452100e+01
2.273811469865899255e+02
2.446139008734529625e+02
2.140828918777475565e+02
1.115396298440811051e+02
1.860707739329673700e+02
4.141074765460184892e+01
1.471450907131156214e+02
1.031199350193633819e+02
2.030135669908623868e+02
3.500383370289672769e+01
-7.109805652845668789e-02
7.505183623396588644e+01
1.672764474215554458e+02
9.972697117292453584e+01
1.865976723877411416e+02
2.342551639152239034e+02
1.465564056043043024e+02
6.685454087449659255e+01
1.713456341053814072e+02
6.803711325596198378e+01
7.762508040215003291e+00
1.795897200065829793e+02
1.500634626624942314e+02
9.326938486553845564e+01
2.465844263696383223e+02
1.808771728716214682e+02
-2.320727164825457862e+02
2.481484686819672092e+01
2.474601462386456490e+02
-1.662444435317540865e+02
1.837770282159210637e+02
-1.608993016404706822e+01
2.120502853415894435e+02
-1.771290962195806173e+01
2.314382859815351310e+02
1.363221494987627125e+02
1.870932946117449660e+02
1.234052458984710512e+02
1.155526982610624600e+02
1.945477492202026610e+02
1.328729192809622077e+02
1.682618852167886416e+02
-4.007073652835241262e+01
-2.366805080093617164e+02
2.287563647708936685e+02
-7.456170329974341371e+01
-2.796620960765821451e+01
-1.710854964685032940e+02
1.315162517016074730e+02
-6.771218495781587876e+01
1.686793177303785569e+02
9.338360794005524212e+00
1.300249958535583517e+02
2.390016475561759250e+02
1.410254157253191920e+02
1.866112678999703576e+02
-2.166532228171619465e+02
1.270464060050809962e+02
2.643662713877172337e+02
1.637968003140871360e+02
-9.378083690176489995e+01
1.175496969324527470e+02
1.537928635662065346e+02
1.954402030733420474e+02
2.790769719622649632e+02
2.248265801982647645e+02
2.972567220573203031e+02
2.341607321318375909e+02
2.060759290394830430e+02
2.339505283895512378e+02
1.189036774211038221e+02
2.960016496099254368e+02
1.141863625648453962e+02
-4.212422975410850512e+01
1.434820780417504125e+02
7.043964357322703052e+01
1.931731732612477117e+02
2.195156304471771023e+02
2.847858657041369952e+02
2.769376496842952520e+02
2.647333104221951317e+02
-9.225238660720907546e+01
7.242901300300665923e+01
1.183988930265284125e+02
-2.299098879983990287e+02
1.192127500072041073e+02
-8.212547119151527397e+01
1.307025435652277565e+02
1.893894258468070007e+02
2.406005948138410702e+02
5.111020479999140775e+01
1.257679364133481812e+02
-2.427271834552482801e+02
-2.791428805683955261e+02
1.635679118265475154e+02
2.291503499603629450e+02
2.184558334501646186e+02
1.123772903471450775e+02
9.820937360422048812e+01
-3.723589022456218345e+01
-9.032163850971437569e+01
2.532609695924712696e+02
1.433609593060214706e+02
1.257929944909919158e+02
-1.743360644456190300e+02
1.428752280026783694e+02
2.262471679171308097e+02
-1.977825167192374352e+02
2.203898801500960190e+02
-6.535837455424611164e+01
-8.678354493991875529e+01
1.545368735424018780e+01
1.089850794399414724e+01
1.035244409393760634e+01
6.740289636679580099e+01
-3.225315653220955028e+02
4.910157298489372124e+01
2.391865403994179076e+02
1.702383261784005413e+02
-1.651536603672878698e+02
2.640767023539149250e+01
1.644024608792101674e+02
1.314189565334856695e+02
1.383460536727204442e+02
2.396273927064129339e+01
2.751875736860676511e+02
2.318532822012465147e+02
2.685782299534463391e+01
-1.629070697309570050e+02
-6.682489214967020530e+00
8.560918538089296703e+00
-8.082945220714151446e+00
-6.485588036526884537e+01
2.090547506597065706e+02
-2.504117514568451384e+02
-8.287676073517404518e+01
2.150403991024714401e+02
1.715450723022951820e+02
1.016983930580608586e+02
1.421902708309563366e+02
-2.151630032379821387e+02
1.418609203957900036e+02
2.387495069949467563e+02
1.435201510934793703e+02
-2.535206741137487541e+01
1.540693594051828086e+02
-2.158372665646353425e+02
1.216713953829608243e+02
-3.550239270920660601e+02
-2.826724272266846469e+02
-2.759714562521419339e+02
1.309090279270002668e+02
1.469910326908143077e+02
-4.008562306010582432e+01
1.438027403513418960e+02
-2.363102453273972969e+01
2.611903001968206581e+02
-1.094934483836200343e+02
1.613564505349360161e+02
-3.165618957009846781e+02
-4.677524595579251354e+01
1.127695739542367619e+02
-1.621398207043087041e+02
2.664230016776640468e+02
-3.132235679404409723e+01
-2.242576324873847682e+02
-1.777341901216425413e+02
2.560470497690568550e+02
-3.240686067821043537e+01
-4.430688030035830849e+01
-3.582020083378505149e+01
2.227495524621612049e+02
1.556346079446932151e+02
1.213675945312925535e+02
1.235498232408732235e+02
-1.004747436427099672e+01
8.989558217105425797e+01
3.345337232014045981e+00
9.537839224453692566e+01
1.050414000654362212e+01
1.239075267853084910e+02
1.248493507037869392e+02
1.341643208412605475e+02
2.686319694418402833e+02
1.727356634269163465e+02
1.597029388748771908e+02
-1.702162180969106942e+02
1.345078257363152545e+02
1.385060155336103094e+01
-2.351193588040703730e+02
1.299145544943700941e+02
-2.042875631846687270e+02
1.223042950114167127e+02
-8.697042230610719571e+01
1.213306942174450853e+02
1.268208854645521058e+02
-4.734952375832308746e+01
6.984002708395316006e+01
1.212965303666976808e+02
7.340017129652829908e+01
2.481243066292637423e+02
-2.356720929367317012e+02
-2.571231523115241657e+02
1.837261310648729022e+02
1.227384297543275551e+02
1.104134192964982475e+02
2.006178454405329603e-01
1.782933785872918122e+02
1.310250573337565925e+02
9.601965158761818486e+01
1.332496598350472539e+02
7.974335248847886248e+01
-7.087029908750686502e+01
2.629407058144549865e+02
5.010539939704068502e+01
-2.992296495623665464e+02
-2.447264342625975075e+02
2.211751909761439094e+02
1.202983835611995573e+02
1.149892850777025899e+02
8.821362026796289513e+01
2.447928683444915237e+02
-6.463423734691491518e+01
7.880098414434293375e+01
2.334763579382710645e+02
-3.439308266359606705e+02
7.283564547604748896e+01
1.775233552004906414e+02
5.219097651472871036e+01
1.953507315217996734e+02
1.428371681240326154e+02
8.257005237485208227e+01
-2.875360063828568968e+01
2.807505358453730651e+02
1.640181217152303361e-02
-3.304831907434923437e+02
-6.961971013581941747e+01
-2.646601662502228010e+02
1.642046961941656491e+02
1.976185435477418366e+02
2.247795767212286364e+02
-1.939927165292255040e+02
5.131501898187516986e+01
2.135520858976908016e+02
1.423720445230295866e+02
2.231343908048650633e+02
-1.753127323880013648e+02
-3.697251994549558844e+02
-3.131925341057226433e+02
2.067420865522174722e+02
1.457307989015878888e+02
1.617300987684652114e+02
2.180651969799159247e+02
2.059811398580326625e+02
2.332245878011896139e+02
9.764645256359412429e+01
1.608540208469925687e+02
1.228014107762094653e+02
2.375994013958701885e+02
-3.567601655203410473e+02
2.504907218426242252e+02
-4.008607688677934675e+02
-2.413301780472552309e+02
9.122428680582042659e+01
-2.591641213864713791e+02
-2.406089205654607497e+02
1.797555579136397625e+02
-4.382170409933091832e+02
1.447295210609159142e+02
-2.383821547031766386e+02
2.714481151757112798e+01
1.436361893139475967e+02
1.806750710738336068e+02
1.120089119024775357e+02
-2.493810806112929015e+02
1.573333811563657321e+02
-3.065975606210499791e+02
-2.909093947330541141e+02
1.343343513724544778e+02
-2.884410388129913372e+02
2.607879487064790283e+02
1.361531024554350040e+02
2.278377886038535962e+02
1.441540011593707504e+02
1.319239447836926047e+02
2.116073985465601197e+02
2.180770508665837610e+02
1.103154768701573119e+01
-1.362028336982679946e+02
1.397670878649516624e+02
2.201715375865065312e+02
2.037418981920607735e+02
-2.184267457384271438e+01
2.132537395727617024e+02
2.090456111524393634e+02
1.510244405411601463e+02
2.231336071950570670e+02
1.162779651982243507e+02
1.383128723914962279e+02
4.104387052185740004e+01
2.132090743086222915e+02
2.216543270185137544e+02
-5.738120628331521544e+01
1.342031748893632255e+02
-7.249386804392497652e+01
1.513465810484933058e+02
1.145179281120419716e+02
-2.461236213060679461e+02
-2.346528109306634917e+02
-5.289102756430286689e+01
2.432948909870476086e+02
2.081348508346256665e+02
2.217398047828370409e+02
1.444886965566097103e+02
1.191791956706515236e+02
1.932441241416533160e+02
1.289104656747545903e+02
1.266572915036361735e+01
2.422194191247648973e+02
-2.469041259948724587e+02
1.188022057363873785e+02
-3.093708038525654160e+02
2.549659154068801286e+02
1.225380672198593999e+02
-2.886194711838396643e+02
-3.174181749815264197e+02
2.339963628415744097e+02
9.622511199656233316e+01
-2.152861761064351640e+02
1.110505924717355413e+02
1.226564611679317522e+02
2.310030031380511559e+02
-4.085419648522024545e+02
4.784482271759098637e+01
-3.220448314955353908e+02
2.277753511815442664e+02
4.239172096204442397e+01
2.228325898890446410e+02
2.021513903717661549e+02
5.905939014900849315e+01
1.541872072043073274e+02
-6.465824010006812159e+02
1.343350484229535482e+02
2.121769804258031797e+02
2.121029024805979759e+02
-3.465712142441125820e+02
9.559144456018631786e+01
-2.029678246214031390e+01
2.345915830703197003e+02
1.996502300718836977e+02
2.118660469993533866e+02
-2.292949393105332376e+02
2.189691206392330969e+02
-1.278153887538780822e+02
-1.562577509291318449e+02
-1.019848052701348280e+02
1.389025393112161169e+02
1.286472175491481664e+02
2.392110066689319297e+02
1.613259740359969214e+02
1.359149386236183830e+02
1.233405992666912425e+02
1.940696285683027611e+02
-2.039321071491842190e+02
-1.098647661615220414e+02
-3.715921075701821792e+02
-4.588264723940906009e+01
-6.479690926713172416e+01
2.509067261188771738e+02
1.372193622522912619e+02
2.111969666305608655e+02
1.637461138817600954e+02
2.315336816022268920e+02
1.989647933266593327e+02
2.486606043386681506e+02
8.318371835158794170e+01
1.235010003033971344e+02
2.136217050882563058e+02
1.798722243994005225e+02
1.152575214305109768e+02
2.258853118737567343e+02
2.291492998441208329e+02
2.799886739016189949e+02
2.583321869419653467e+02
2.501169583936219283e+02
1.505154032288218104e+02
2.589410504547147980e+02
1.079438635705974576e+02
1.085197954103825424e+02
2.102622601746327859e+02
1.437200185526261293e+02
1.680202969547013083e+02
1.305539909201563091e+02
2.497918728583642292e+02
2.986863289037808045e+02
2.009065111477180778e+02
1.915462698283014333e+02
2.492623995983711325e+02
2.191799599257024909e+02
-1.702951844737158638e+02
2.444129181796166108e+02
9.333692125141440954e+01
4.851614136644397490e+01
1.476205331613153078e+02
1.467123512543594757e+02
-7.925661770126971817e+01
2.380354506987663683e+02
2.631328454273070747e+02
2.386590473486235737e+02
1.246123056677016478e+02
1.505420022193002865e+02
2.317464003815444471e+02
2.499681379013699711e+02
1.542908643628499590e+02
1.312772260498315688e+02
1.549445369940009414e+02
1.258798563240724775e+02
1.304157074627476902e+02
1.573552156850782353e+02
1.552253653372694657e+02
2.598973483675435432e+02
1.562586896254409226e+02
2.494886543457186576e+02
2.408090838545000452e+02
1.465780217857378602e+02
1.144051560100995886e+02
1.397397120116607141e+02
1.742117391165041340e+02
1.355909829774792570e+02
1.485557018176892257e+02
1.652016171546104886e+02
1.401142146656086709e+02
1.309771864078716135e+02
2.601151097738593876e+02
2.464875578913857623e+02
2.737143131860462404e+02
2.267189670404953858e+02
2.301162062743058527e+02
2.604546661366917988e+02
2.502111797241312559e+02
2.802907524423827681e+02
2.464788617770394694e+02
2.504382800303678778e+02
6.783630499341776954e+01
3.841580883153270065e+01
3.617361139039167028e+01
2.869427639958399823e+01
-1.082343063602961308e+01
1.434832132277558685e+02
5.187991564343892037e+01
1.456135180406267295e+02
6.229598300651116460e+01
4.550218948518352136e+01
7.084281529242753095e+01
1.010886223353353301e+02
2.282812018246103491e+01
-1.394733755332848091e+01
1.309448361068592135e+02
4.830354179084821453e+00
-2.958457798822239226e+01
1.658605606452668439e+02
1.734817486816358212e+01
1.592453035148174649e+02
2.727671566147458861e+02
2.111862271025281075e+02
1.563627078400632513e+02
4.962216023145160193e+00
2.513883339729134434e+02
2.848464531934212118e+01
1.192114788950571693e+02
2.727747951796449684e+02
1.339088406986140001e+02
-2.049506938862328411e+02
2.406589076834115133e+02
2.403730322570484930e+02
5.604691055213666573e+01
1.052474524733726184e+02
2.794805705457275735e+01
2.366787319267869520e+02
-1.639764680756470341e+02
3.402228479617434687e+00
2.385517495015453733e+02
1.273638313073541042e+02
2.524531262415251263e+02
2.477781273161949684e+02
1.625601009712445091e+02
2.711478162620316823e+01
-6.633946395806586338e+01
2.566100314793945358e+02
2.596910992737407753e+01
1.554934518307462099e+02
1.302199963890536765e+02
-1.826648903148300462e+01
5.095585573781889366e+00
1.596203390145502681e+02
2.548021803299734529e+02
1.513524681331575721e+02
-1.925487024474772966e+02
2.558038232154993352e+02
2.277724546621211061e+02
-2.539392077614792242e+00
1.510316708661033829e+02
2.352427901348200123e+01
2.610982081454329773e+02
1.296379701324514429e+02
1.487029544814941744e+02
2.388948737428982554e+02
2.475196840447395630e+02
1.758456602712374206e+01
-6.291034163168722415e+01
5.311382381246244222e+01
-1.466956515988896967e+02
-2.566038535309567123e+02
1.542518495138071728e+02
2.462589604646444741e+02
1.102010130574354321e+02
1.373624002378346347e+02
1.331556250564126458e+02
2.528268378202680537e+02
2.501670748392191115e+02
2.247569299061599111e+02
2.633523319323681449e+02
2.298052809498195757e+02
1.296037653905326579e+02
2.739223414448694029e+02
2.723192195056513469e+02
2.497364670762541436e+02
2.570323276477370769e+02
2.556909865602873424e+02
-1.370129867388183413e+02
-6.903482526116977169e+01
-1.308307484676032288e+02
1.498585546711022971e+02
-2.655011098993489895e+02
1.453042218152051532e+02
2.521024940628003321e+02
5.069276299282643095e+01
1.311802372341250589e+02
4.723918922555037625e+01
2.700783081451261296e+02
2.530343705295395580e+02
-6.303297453181123444e+01
2.063343048430878923e+01
1.407382120744998986e+02
2.514726383635430693e+02
-1.098597379850279765e+01
2.724642191754792862e+02
2.386320900991501048e+02
1.727774145694000651e+02
2.551377802142662006e+02
5.687717710524640324e+01
1.590225547890306359e+02
-2.454871636899514442e+01
1.326196053063417253e+02
1.209541854007865567e+02
2.381637826867697640e+02
1.714756027930877451e+02
2.372910201850970111e+02
3.784928526027803741e+01
1.219856523358937181e+02
1.539567619424423413e+02
1.246617824479214960e+02
1.263445530413414843e+02
2.784558007640649180e+01
-2.013460190008025847e+02
2.581970617356776074e+02
1.204187957662863795e+02
2.386111721364099765e+02
2.481149637480347394e+02
1.341868397814389198e+02
-5.923626793381431810e+01
2.675317607168789777e+02
1.277291388810105843e+02
1.137513425640283486e+02
2.757270672087298635e+02
1.139936609555510927e+02
-1.526809139009713761e+02
-6.285709181019181813e+01
2.440007927817319455e+02
-5.574347558206440567e+00
2.429856673998443739e+01
2.588900578509696970e+02
1.181100788448956678e+02
2.285088858391306701e+02
2.401893987336536043e+02
-1.742448186956660834e+02
-3.357609135924079169e+00
8.099502636839250158e+01
1.793647117740241015e+01
2.141024104024426151e+02
3.092360223885611958e+01
2.412628728739508972e+02
1.705126436291824632e+01
2.480181490651870604e+02
1.004648498816899007e+02
2.249636982214860268e+02
2.430125662046904722e+02
1.009365237853641304e+02
4.672531430531151386e+00
2.392930222359083530e+02
5.106418657685350126e+01
2.051509682095074254e+02
2.159513687067278624e+02
-2.945531615492456012e+00
1.150349384368357448e+02
2.283398652054213471e+02
2.577510194021058396e+02
-2.690620303544153558e+01
2.725217161426438679e+02
2.200841527981554293e+02
-6.398704259277501905e+01
2.153594677554710586e+02
3.473471361703190041e+00
8.590874909105821189e+01
1.355566379016275391e+02
2.305714536431869419e+02
2.226473606268385765e+02
6.614122974442889813e+01
2.524221360398772447e+02
-5.078160989007756143e-01
7.412590404973965974e+01
2.503897935929531968e+02
6.157758712333676954e+01
-2.215275766752635889e+02
2.318488772600731238e+02
1.602341223315170851e+02
2.618166237340554972e+02
2.014104544207422691e+02
3.031539097620566281e+00
2.428566457398813441e+02
1.053306108629429190e+02
1.155236133939174010e+02
1.034907665778834200e+02
2.919898114959212307e+02
2.539424303506948775e+02
1.510285044364399027e+02
4.537604337472743055e+00
2.559862479108227546e+02
2.365645104066327349e+02
6.351769441329562937e+01
2.230215829250638819e+02
1.609353235953853414e+02
1.666521198329340052e+02
7.414294415923632187e+01
2.370115487823880187e+02
2.352830521084989073e+02
-1.866418293285376535e+02
8.787238840396190653e+01
2.296320462332267880e+02
5.246931500817308347e+01
2.553697054708176211e+02
1.903760289959732859e+02
1.261271855774628108e+02
2.234400625804562424e+02
-3.471630742334969000e+01
5.714741233358937222e+01
1.492611126199659282e+02
2.654638301458958267e+02
2.476843461546052083e+02
-2.339635357687305373e+01
6.411403901327412314e+01
2.487115382237815595e+02
2.193086423387601940e+02
1.239234153049555687e+02
2.419558194590464950e+02
-2.866321271747267474e+00
2.563037869116758429e+02
-6.565992262888099162e+01
6.567181661791306624e+01
3.972125542511568597e+01
1.302501036434366029e+02
2.473394671045601001e+02
1.676696317836447463e+02
2.389971369989614232e+02
2.127064029478960094e+01
-7.453011609606588195e+01
2.705200597278466148e+02
2.177383313165939853e+02
1.536871090926098304e+02
1.677425401933510045e+02
-2.474034669598799496e+01
-2.208141181838591649e+01
-6.134969982764538798e+01
3.830255777070576073e+01
1.857251711126225757e+01
2.957748173198538097e+02
1.742817736343437218e+02
2.237889384705362659e+02
2.474790150991145197e+02
6.025424209058846259e+01
1.455782149112573336e+02
2.518262436444279047e+02
2.366347869784267459e+02
2.034803657069203950e+02
1.751207510976732067e+02
2.147986541269756913e+02
2.208192302248054659e+02
1.544975184145945377e+02
4.162577571567518930e+01
2.418342373179796425e+02
1.541157338710487466e+02
-2.527252294868053752e+02
3.355747087836985543e+01
2.043959156494184128e+02
3.731935704251466746e+01
2.431504934454039528e+02
-1.361228385593237533e+02
-6.110039316518194141e+01
2.560635431412167122e+02
-2.943598069657140570e+01
-3.245656942420444580e+01
2.802472386095003003e+02
2.576168292275301610e+02
2.735804920768970305e+02
1.423232755604192619e+02
1.419534138287638996e+02
2.386692699175145265e+02
2.285272939051521064e+02
2.537519419497292006e+02
2.396193379367867919e+02
2.426875681237780782e+02
1.372036372192077351e+02
2.507182099798282309e+02
2.906152199227727806e+01
5.030793575306634580e+01
2.553468763353788233e+02
2.168251131052140863e+02
2.251594840835332434e+02
1.073703633207202301e+01
1.791544383464030261e+02
2.515593226853856947e+02
1.969083713952255721e+02
1.683701443305171779e+02
2.064028293374300915e+01
2.183880679425185178e+02
3.683527329435824527e+01
2.055843657312494770e+02
2.405719855258213897e+02
2.369528517298686268e+02
1.927707458644041196e+02
4.621907671590139444e+01
8.970654995540900245e+01
2.128584234265305781e+02
1.314692065940968746e+02
-1.563176529064566012e+02
-1.880157477482688932e+02
1.117528628575030609e+02
2.611669080666022751e+02
-2.117619751843143945e+02
1.330914726217885118e+02
2.247566284793551858e+02
2.670603358686493038e+02
2.404577062881590166e+02
2.396595248489574885e+02
2.141893314279805622e+02
2.181025028277250044e+02
1.735701435632824143e+02
1.238731749524529420e+02
-9.055204075563082711e+00
2.134146698022662747e+02
5.078587975854847514e+01
2.352069230204588735e+02
-3.830242272965674033e+01
8.537863592281431124e+01
2.257075270026648184e+02
-1.550616469638250692e+02
1.591852362635213467e+02
7.973934913779469014e+01
1.447913250289150540e+02
2.014738243038116821e+02
-8.272550479201456142e+01
2.325030064833147492e+02
2.446417453150979213e+02
2.465739035084435784e+02
1.674347952812539120e+02
-2.121171078767792437e+02
1.344294801924121714e+02
-1.490438674221431370e+01
2.500627336529122715e+02
2.151909224647059773e+02
1.191276932398714905e+02
1.768816789455736398e+02
1.371013892439750066e+02
1.590067405718114344e+02
-1.479473750114812560e+02
2.259448593294812042e+02
2.349256440198188614e+02
2.494156287784680046e+02
1.835437331706364148e+02
2.142984294726472854e+02
2.726480861248171550e+02
2.417318218823930351e+02
2.730230480623921494e+02
2.691853415914645780e+02
2.214273709705333317e+02
8.217079144033573357e+01
9.589706401585033291e+01
2.432525609391896069e+02
2.691651525253388400e+02
2.804009984309919901e+02
2.099834518877211167e+02
1.530484722404515026e+02
1.470689501436911542e+02
-2.226382596592650316e+02
-1.010117591603020060e+01
2.426669211228139318e+02
2.612538870547333545e+02
-2.149409278275245470e+02
2.577445960825966722e+02
2.718873484050619709e+02
2.615954115192156451e+02
-2.013915246303474760e+01
2.499065887116058775e+02
2.670778473981848720e+02
6.283720691694918514e+01
2.384096466333302260e+02
2.199401338383677853e+02
-1.502955097639014355e+02
2.627096654168135501e+02
2.781001975757479840e+02
2.466113374382490235e+02
-1.227229815480673096e+02
4.036166695294895135e+01
2.688327152527857606e+02
2.678476968888653573e+02
2.130652993156820116e+02
-1.419065246679586210e+02
2.165809196191864032e+02
2.564772924848954290e+02
-5.991309360690763697e+00
2.606493094795236516e+02
2.439986300642213450e+02
2.330431751674664156e+02
2.416354849589129685e+02
2.188575693315489161e+02
1.290118133170971646e+02
4.788233022220498469e+01
1.731817300632946797e+02
-3.133137736503194049e+01
6.388531961036852636e+01
3.603846631570789327e+01
1.169979829886045763e+01
2.664192608210269100e+02
2.452964510549359147e+02
1.432694093760554210e+02
-1.578527404421129745e+02
4.996340619467051170e+01
9.461182712518517235e+01
2.474321698087354093e+02
8.819549363149373278e+01
2.141495145244444700e+02
1.195882582631971758e+02
2.406739900983425002e+02
2.513813206200831871e+02
2.345223187034992236e+02
9.673899555102063630e+01
-1.834748209810700814e+01
2.257836187413315372e+02
1.758242800482707651e+02
2.045394922264746640e+02
1.565592202927747678e+02
2.493669604534858877e+02
1.273895975479576350e+02
-3.132662965572745861e+01
2.100087463413283615e+02
-1.262264710395467660e+01
-1.919981878903629990e+01
3.367739925433426151e+00
1.438219677443254056e+02
2.419451410690416822e+02
1.509378793131036787e+02
3.477334929263057006e+01
-2.764902584691742504e+01
2.276969864481559398e+02
4.736759115537327602e+01
5.676923030320986641e+01
1.863157095093835665e+02
2.644388763117181043e+02
1.368495923114417963e+02
2.559175372993939277e+02
2.240711401636666551e+02
-2.925805563358959205e+01
7.947178685218378291e+01
3.086625098586266631e+02
2.132688171956054930e+02
1.844623144116695244e+02
2.170805330947665084e+02
6.180699052822826722e-01
1.984739237798644353e+02
1.597933793856462614e+01
-2.543642192263850177e+01
6.256619718728634183e+01
1.114633202644367742e+02
1.913520555722797951e+02
2.192840060251537579e+02
6.459230251476795104e+01
2.592260409357883191e+02
8.369949620636758425e+01
2.012919216066714512e+02
2.442303204162167845e+02
-3.308564958932868194e+01
2.560880609935992425e+01
1.773660646940796255e+02
-1.769537596903909105e+01
4.085067602381481322e+01
5.202408322464069101e+01
3.233823015665029743e+01
7.901025758706740021e+01
4.292892897856068402e+01
5.560846607277918352e+00
4.278058102498300741e+01
4.163149756181694272e+01
1.936682093047335229e+01
7.533933651389475017e-01
8.613814359403860976e+00
6.856715529826136901e+01
1.624714233350370307e+01
1.194128780620212993e+01
4.135349298063079004e+01
6.807601448202639460e+01
-1.552041040698842700e+01
-7.185021605441331616e+00
3.337985893514110103e+01
4.538836702716768912e+01
2.396240974943668789e+01
6.245906529531603724e+01
4.377695964342320423e+01
1.153756152928077938e+01
4.005585514646065803e+01
1.204828728845384092e+02
2.417405183931395385e+01
5.850644852600606072e+01
1.527525193410577629e+02
-1.241483940046062173e+01
1.558233912605381022e+02
-3.284311877195596452e+01
3.531505354633028304e+01
-4.318510812143667721e+01
6.466372494744480548e+01
4.819429527067646291e+01
2.278671752131913308e+02
2.719191567603870041e+01
5.093772793646706276e+01
2.722465348594079160e+02
1.121023880612815020e+02
3.128804550609594770e+01
1.329098578172585121e+02
2.862873997706969931e+02
2.779214975178727514e+02
1.471566220629128452e+01
1.262877509302840906e+02
2.842406396063734064e+02
-2.747836548814044022e+01
9.139951954083211660e+01
1.537585606424306945e+02
-5.961693516168310225e+00
2.404654901851998261e+02
-1.542889538250666703e+01
-3.078552904578580751e+01
2.403351396707401477e+01
-1.349808372460706209e+02
1.022264248391717345e+01
7.988394346627991638e+01
1.926144284929387140e+02
2.842088496710949812e+02
5.084654670537105403e+00
1.095142700999407310e+02
1.493306708564217899e+02
2.432747084147984253e+02
2.277714221999609379e+01
2.164438540208592769e+02
2.648895605580224242e+02
1.386201700798067975e+02
1.421959032753654526e+02
1.000291157031073226e+02
2.793396676352684267e+02
6.005997961169538257e+01
2.183263431924764859e+02
-4.198762559424449137e+01
1.325347548557680000e+02
2.577871025968790946e+02
6.016795140021469024e+01
3.867152263945413893e+00
1.447913372543473542e+02
-1.775072697864958116e+01
2.285388101311731930e+02
2.051521117845530284e+01
-1.795910450659998503e+01
2.149529941124989136e+02
1.790673167834191304e+02
4.697049963669996941e+00
2.381101697810775590e+02
1.352784942827170767e+02
4.573988272472689687e+01
-1.472080984034244011e+01
2.627763973089139995e+02
2.093994521955497703e+02
-1.745762123091431306e+01
2.108230818618810076e+02
1.157916232020427429e+02
-1.510094232608309994e-01
2.779401308536258739e+02
1.993276991560628630e+02
-7.310906404587258578e+01
-3.808314447281470905e+01
-3.007866173614847760e+00
2.187595133369053428e+02
7.141324049151668873e+01
-2.697203779069070606e-01
2.519895529026252845e+01
3.938190732919875359e+01
1.360910738815313437e+01
2.149820724457909193e+01
2.293454025801121077e+02
1.235676258511121262e+01
1.763400530647015785e+02
5.537520619955620305e+01
-5.716438456745726171e+01
-5.661405276064783720e+00
2.314527120172770935e+02
6.423336575571681806e+00
2.622354544893432262e+02
2.795023467758768447e+02
-1.580819677395118106e+01
2.388125778740396754e+02
5.687071753101309923e+01
3.285641521679181665e+00
2.526650049511905252e+02
1.223921931939672447e+01
-3.533042087493993222e+01
5.624295751371524155e+00
2.011632985168774326e+02
1.393127187197852379e+01
4.492291902980230134e+01
1.879615292788684826e+02
2.144141441916837039e+02
-8.047618993724656278e+00
1.252636906701669339e+01
2.694713825738201081e+02
2.437202364213664509e+02
4.729726466052952105e+00
2.666621456235034771e+01
2.546987884556137374e+02
1.514805228624616973e+01
2.333539728464051564e+02
-2.538743738195435640e+00
1.851864382754239671e+02
-5.551219113228130198e+01
2.776174648800744080e+02
3.856667492041992773e+01
-8.300533547631488318e+00
-3.730875821826991512e+01
4.714761042081860865e+01
-7.760815827492521635e+00
2.170954358834710547e+02
2.147492734554090248e+02
1.329981247057644111e+01
5.729518673140023566e+01
2.450103199468768480e+02
1.704781682300504997e+02
1.157974961699738969e+01
2.414470566834283147e+02
5.760480573269987303e+01
1.258269760592671958e+02
2.660614329444096029e+02
2.529468766270756248e+02
2.698395755564821457e+02
2.505281598354283119e+02
3.091798869881446876e+01
2.561773255698227558e+00
4.188457413333344448e+01
2.933161881529716766e+02
2.566107849980340916e+02
-2.016062455672506815e+01
2.039266599737659931e+02
2.460817705502401225e+02
1.265093337777089033e+02
2.327660763113405267e+02
-7.073018364808049796e+00
4.789737812270919193e+01
2.968546136884313000e+02
2.649480407932933872e+02
-6.152148957855438027e+00
1.309331317192131792e+02
1.968496352406340861e+02
2.957882372242553970e+01
2.907090191646531707e+01
2.340197772530881650e+02
2.152099765994525455e+02
2.251399244150383936e+02
2.846018188921722185e+02
2.177878783501356565e+02
2.078137651375512860e+02
8.933247217919594974e+00
2.607860801513443221e+02
1.287184828906821288e+01
1.838058358532791772e+02
1.691823830034387015e+02
8.432308800171492180e+01
1.727522588753586774e+01
2.222120465099959006e+02
2.578186921380920467e+02
1.403623553659699326e+02
7.174712955519686375e+01
2.484015398750271686e+02
2.511883368067500157e+02
2.464407332398559731e+02
1.444553455500683867e+02
7.141933076357871357e+01
6.526252580836944617e+01
2.119659340979013962e+01
2.708144902132646621e+02
-7.132021104349303187e+01
2.650080384481261717e+02
2.526635259243047642e+02
1.320446002866493416e+02
2.404232620320931346e+02
1.323389309572638695e+01
-3.002727626834101216e+00
2.983614981017291257e+01
1.820599528179922402e+02
2.324724231020447291e+02
1.916372904241832771e+02
2.291967901429371750e+02
2.301250760231377797e+02
-1.618295274186885990e+02
3.762864451704629687e+01
-5.118727287027978434e+01
1.865371291982743287e+02
3.797283700395354344e+01
2.490767059989076415e+02
-5.509451351019919230e+00
2.570365480916750585e+02
5.114665646394956866e+01
2.937549609602746159e+01
2.181174306388498074e+00
1.376341911181505964e+02
2.190345032166580097e+02
2.338629214029198238e+02
-3.445714754857648643e+01
1.527842834059561596e+02
-2.194626062487659723e+01
-5.148582345671569982e+01
-3.321831766507615669e+01
1.352687428528221858e+02
2.371717254500441641e+01
-1.549400802574216982e+02
2.760857515326953830e+02
1.460279852806497161e+02
1.101195424555052114e+02
1.543218951992905943e+02
1.181926309651397844e+01
1.505675677477796910e+02
-7.257520175686535424e+01
-9.292804872744447664e+01
2.708652436891171078e+02
1.445344758113513706e+02
7.988822947811702591e+01
1.015851118505852924e+01
2.483997103556311714e+01
2.257730630535587579e+01
2.582327762803847691e+02
4.025037081826044982e+01
6.418816341732072317e+01
1.259167074277567338e+02
-1.592027701966699738e+02
2.627299528159143165e+02
1.607370442976326501e+02
-3.540242375221151860e+01
2.352629965884043770e+02
1.616888000331832416e+02
2.382699656126569607e+02
-9.189547061884923096e+00
1.260461108233027545e+02
2.230061666298539080e+01
-3.688180064685619897e+01
1.786760787452258796e+02
3.170171577963932918e+01
2.508404740750692667e+02
-5.613872308708869241e+01
2.272956070107583457e+02
1.339264108175684953e+02
2.759052644131048737e+02
2.796207783187216478e+02
4.640789954656628424e+01
1.742069348144761989e+02
-2.248308671287560401e+00
2.527736487531204830e+02
2.712580871856959561e+02
7.177466100599340848e+01
2.676912547789681867e+02
2.321636625588330105e+02
2.848772572633961886e+01
2.570969351166480692e+02
5.736756653627512037e+01
-1.049682706812284891e+02
1.610342662576570376e+02
2.866133276508957692e+02
2.329290832441436692e+02
-7.779371267331674744e+01
1.460108104275465735e+02
2.713929929162767962e+02
1.399536421745760606e+02
-1.974273803267749088e+02
-1.512033502918797012e+01
-5.146467488265268031e+01
2.237640752844877738e+02
2.255022837155385673e+02
2.597722763907400179e+01
3.344518999934760473e+01
-8.461081183813143980e+01
2.610415530642684416e+02
2.523338861765697345e+02
2.691681281662041556e+02
1.854739338985066581e+02
2.146154127474505913e+01
2.511447980625345338e+02
1.065398363456209125e+02
2.339544841168961398e+02
2.401423766549930008e+02
2.374841487619312090e+02
1.188855247118571583e+02
2.644588529404429664e+02
2.556412323992893221e+02
3.783018368306431967e+01
2.654325209002440999e+01
-1.619406838200906407e+01
2.406617022208145897e+02
1.998144051666396876e+02
-5.595743126549194812e+00
2.151169194198338062e+02
2.903752468227892223e+02
-5.950708731119649997e+01
-5.220421965668037956e+01
2.176251220213261490e+02
2.049610117054091063e+01
2.279196302263449070e+02
-1.013778117280732260e+01
2.166706936518077100e+02
2.698610523828654664e+02
2.625626046388154009e+02
2.761314570572056937e+02
1.080467638716168608e+02
5.942854082392516801e+01
1.075334686939419129e+02
1.892601351426606016e-01
1.150111522052882975e+02
1.709598706481613988e+02
1.544807087682364113e+02
-6.441880452928435830e+01
2.317682198160341045e+01
1.390312131086825786e+02
-8.536940264008791246e+00
2.599186689387857996e+01
-1.257143301997345475e+02
2.583802343738027218e+01
1.729122947880097172e+02
-2.088193751144501675e+00
2.702645526977170221e+02
1.117372509487075263e+02
2.662207530141274674e+02
2.127377134775601917e+02
2.600236225713633758e+02
1.926674146125708376e+01
1.633981666959226402e+02
-8.772737913972719070e-01
-2.100464080949539891e+01
2.881463365655209827e+02
-1.769092760181942481e+01
1.096518608214472579e+01
3.668425996809787648e+00
1.024502373261271657e+02
2.582538470837207001e+02
2.423599013157726461e+02
1.482558308137541303e+01
1.217781840189090730e+02
2.344076551302828477e+02
2.039077060425965442e+02
5.571458821292517882e+01
9.965318217034791815e+00
2.476198435530766631e+02
2.169449309337366572e+02
3.919059342540623447e+01
1.276741041542722144e+01
1.427311249258234227e+02
2.045206478303349797e+02
1.086426189702403633e+01
1.690577675712336259e+01
2.283414575446625250e+01
8.898451683603838092e+00
2.019223058616919388e+02
2.626302265631010755e+02
4.916120243349202212e+01
1.763419426328410964e+02
1.438511482865759490e+02
1.020937897233765028e+02
-6.957594222102255088e+00
1.128506340763376841e+02
-9.004069506719012850e+00
-7.716001325991030058e+00
2.656823818141568836e+02
-1.945334896589817575e+01
-4.818881350027564991e+01
2.657055285687835067e+01
1.879954569473686092e+02
1.718000971868007980e+02
1.888110134832825793e+02
4.709612020733191429e+01
8.746205241097855776e+01
1.862809760754122692e+02
5.503016140079024154e+01
2.717203525501247441e+02
6.979694807831853609e+01
1.386050807526800952e+02
3.180825215196881572e+01
3.807015587176012161e+01
4.432535684729561609e+00
9.804306520036917050e+00
3.419276743740823576e+00
2.130532612974931226e+02
2.121918866381832913e+01
2.279831272182971702e+02
