-8.822631983280136581e+01
-1.473334593100697418e+02
-6.322527054275884666e+02
-3.576339318474327342e+02
-4.458124093315379355e+02
-3.385439353548733266e+02
-5.530867541653765329e+02
-6.658215888359736709e+02
-1.367105461013253489e+02
-2.845587317416675432e+02
-6.041682047398888926e+02
-3.571775015904653401e+02
-6.448809345560077588e+01
-1.605960679498232935e+01
-3.721224683629521905e+02
-3.147104417613386431e+02
-1.556343720833730515e+01
-4.020533828529182188e+02
-1.048868755762601666e+02
-3.659968882443456550e+02
-3.424759083255278256e+02
-3.653379404091702440e+02
-2.229206952011123803e+02
-1.510852897213387109e+02
-1.547762739597514496e+02
-2.112436931093632211e+02
-4.198102480124436511e+02
-1.266191366461278136e+02
-2.682381579936063076e+01
-6.817479121965851618e+01
-3.738414052732594541e+02
-3.065899412090360556e+02
-2.843973111170694210e+02
-3.520290737281786733e+02
-2.439320594924073191e+02
-1.732105335208682391e+02
-2.710655897161967687e+02
-4.104809979712549648e+02
-4.968610607407592852e+02
-2.775087916106228363e+02
-2.386533184557733307e+02
-2.293813167975261820e+02
-4.085498740137736036e+02
-2.506727489284751300e+02
-2.350741724343871510e+02
-2.613699111250233500e+02
-2.975119016968791357e+02
-1.879542061016048820e+02
-1.739056296935411865e+02
-2.976671172585405429e+02
-3.981857935636355137e+02
-2.233410135957826412e+02
-2.803792199019778764e+02
3.111211890799847879e+01
-2.991023170985679940e+02
-1.615118199172575828e+02
-2.641897310959399761e+02
-1.521389947085049243e+01
-2.216889572228461134e+02
-1.921011587662432589e+02
-4.619924859441327953e+02
-2.349296996634157040e+02
-2.708689898340774107e+02
-2.347002099219412514e+02
-9.931935691351476692e+01
-2.730054778526368295e+02
-3.714119469016601442e+02
-2.001511704013576889e+02
-1.416347195489164505e+02
-2.177548855649600341e+02
-2.721321039786195115e+02
-2.387852369905396586e+02
-2.250438076086728074e+02
-2.400064334574775557e+02
-1.918668064694668374e+02
-3.222551985723000598e+02
-3.545872665965741817e+02
-7.909065163031976908e+01
-2.733337758724459832e+02
-1.790093147588238480e+02
-2.449140168885745084e+01
-2.181542884519632821e+02
-1.142109878668182148e+02
-2.613819173918236629e+02
-2.780676626447275908e+02
-1.105171468068803193e+02
-1.603926768399265939e+02
-2.487352587118910492e+02
-3.297051823067974397e+01
-2.441776067334707250e+02
-1.109163798817009905e+02
-2.158600220273112882e+02
-3.458776567466051688e+01
-2.442593302958175343e+02
-2.505276469171612064e+02
-1.762285207875094102e+02
-1.989433617770377793e+01
-6.786537350830175797e+01
-2.520275751522543715e+02
-7.195342585317138173e+01
-2.015582259647319745e+02
-6.210900822031235435e+01
-6.206416347257334110e+01
-1.028123100152582481e+02
-3.076392968429723851e+02
-1.366790040041784096e+02
-2.469912158175374941e+02
6.829154607155467716e+01
-2.129080805569056452e+02
6.331545080487475019e+01
-2.311170952799276392e+02
-2.831694494060066631e+02
-7.947217602191858532e+01
-1.790056655202548654e+02
1.242740203919715185e+02
-2.333845256527609990e+00
-3.683223731354244990e+01
-2.235319361326153285e+02
-1.933167010450605972e+01
-2.462202696759632374e+02
-8.898187914808922017e+01
-2.836940218096255251e+01
-2.494134329746633512e+02
-4.222398484957702181e+01
-2.344522150181295217e+01
4.541697105679531887e-01
-5.976828380123884443e+01
-4.708310511931119891e+01
-2.648759257616090963e+02
-7.872690227787541062e+01
1.570828254985536887e+02
-3.400111605438415552e+01
-2.281069112311978984e+02
-1.843686935299248830e+02
1.393687420864650903e+02
1.463427413933968353e+02
-5.475807300447083747e+01
1.321074012464562202e+02
-1.819455668804409356e+02
-1.067801685003266243e+01
-4.140543812063641838e+01
-4.301743648229009409e+01
-9.984892108950739953e+01
-1.618913677260411248e+02
-5.560809002915419796e+01
-1.024340149074800905e+02
-2.292453300923602626e+02
-2.201011107180021042e+01
-2.545954958755234543e+02
-2.341559060100126999e+01
-2.434703726495054070e+02
-2.425481530819171212e+02
-5.621480867264668291e+01
-2.137037959223231667e+02
-1.817605088140693397e+02
1.032085360854503051e+02
-2.053957211517353585e+02
-1.008272805894749524e+01
-4.920170335138928408e+01
-3.232448359633175983e+01
-2.234873385807732689e+02
-1.926575808686311575e+01
-3.822974937938148798e+01
-2.297266572767013884e+02
-1.700347896467202702e+02
9.701857481397223637e+01
-2.638318614215285152e+01
4.299113473306448441e+00
-5.626884156690159955e+01
-1.824530252398831749e+02
-6.932646975650388299e+01
2.454092814108005598e+02
1.321529335119114421e+02
-5.125699061524699118e+00
9.552802505308699210e+01
-9.016755626503423571e+01
-2.044491645546081315e+02
1.985159174073759232e+02
-2.131722313339656694e+01
-1.817380411340524233e+02
-3.491074358657897392e+01
1.744932293057323704e+02
1.814162923815025010e+02
2.265552301273891089e+02
-4.972816726732989423e+01
2.313558803922495315e+02
2.028351003080669273e+02
-6.092972621544231515e+01
-2.934176190733008127e+01
1.718121695715581723e+02
1.503370605400425006e+02
1.605308697355554273e+02
-3.775385592077535080e+01
-8.789915743464632669e+01
2.284731440762562045e+02
1.362317755991301169e+02
4.222686034530415355e+01
1.626036114095685718e+02
-2.795192003844348960e+00
-2.150441604377821818e+02
-4.419459683483454171e+01
-3.352178906432351368e+01
-7.172094708329035484e+01
-7.858953497958208345e+01
1.656941286769213093e+02
1.167423101454992889e+02
9.817235231964276920e+01
2.130540942705652299e+02
-4.212410094446008202e+01
1.705263575369514797e+02
1.677625068534723312e+02
-2.619786018670810108e+02
-3.059198792400201228e+01
-3.594300687609170097e+00
-1.239701063651402109e+02
-7.651422011306691218e+01
1.608883310229166170e+02
-1.628507387611634840e+02
-2.702160972481971157e+01
-1.932602398633171106e+02
-3.922195899431837063e+01
1.737789280910942864e+02
-6.994020313937481603e+01
1.396644492959470654e+02
-2.768404453939399446e+01
-5.422070449868004971e+01
-2.217481309158247598e+02
2.204713382831798185e+00
1.926662843874458417e+02
-2.198652633658886657e+01
-2.091297752351599115e+02
2.406207907274239801e+02
2.019403267136548834e+02
-9.595016126744799578e+01
-6.482521872385582640e+01
1.588130206510103051e+02
-1.793044245978494473e+02
-3.567975396266565724e+01
-3.005721994116254905e+02
-1.119553810245851366e+02
-9.200584030937521618e+01
-2.021647605927700511e+02
-2.002332872282691767e+01
-1.214003894089040756e+02
1.643657732823100446e+02
1.640832085343714368e+02
-3.122452302376206603e+02
1.600411864224722436e+01
-1.229675236811485206e+02
-5.221141985462994128e+00
-5.972904900898313230e+01
-9.035764823908166932e+01
1.500846100551989650e+02
1.711140218206866166e+02
1.704644110227991689e+02
-1.840282590235446492e+01
-6.779253022133434570e+01
-1.102500691245215165e+02
-4.394463321441504888e+01
-4.541007951542606236e+01
-1.114302389199402938e+02
2.452734840776621468e+02
-1.393744276862118454e+02
-1.915382817716424313e+01
2.389447856724819133e+02
-2.086320447652592236e+02
-1.035288594161276876e+02
2.042155282832547982e+02
-5.015478443119444307e+01
1.092917300035887820e+02
-1.542260386878810721e+02
-6.906296907435832111e+01
-6.183580913686350300e+01
-2.190503198800702762e+02
-4.205311231945501049e+00
-2.592516504107139212e+02
-5.194291604715547805e+01
-3.588118764821967943e+01
-5.768991333959628776e+01
2.446603607980096342e+02
1.807512764816725053e+02
2.048014143633318440e+02
3.536893520332782259e+01
-1.076782458817823169e+02
-3.423199387773570379e+01
1.077739106787745271e+01
-1.972641908209072312e+02
1.759912914421147718e+02
2.646161109965102298e+01
-6.778849189393939412e+01
-5.216652613990984833e+01
1.435607265364723162e+00
-1.114294732061275255e+02
-3.304059344268112142e+01
2.053414014929519453e+02
-9.111525664028660287e+01
1.994379614176423843e+01
-9.055598431778031454e+01
2.373863213598581865e+02
1.752434930689087196e+02
-1.240459389251280840e+02
-8.495975355009933594e+01
-2.014673648522829694e+02
1.809550391356674481e+02
2.519541902416607400e+02
5.297085049868000795e+01
-1.559122224204459428e+02
-6.810633367031502416e+01
3.399390035824626466e+01
1.760794145202601442e+02
1.326971763676330056e+02
-6.100593863352029445e+01
-9.023764977488428940e+01
-2.271287578982592095e+02
-2.167906710607410048e+02
-2.825530984109237806e+02
-1.289535357615960720e+02
-2.138555419440580749e+02
9.409830156239138432e+01
-1.725219804941443442e+02
6.651544157648302757e+01
-3.158585547640210223e+01
1.023280668837595471e+02
-1.842879824585207871e+02
-3.418662566941458181e+01
-3.633189242243022932e+01
1.395252260240283135e+02
-1.480872162341131570e+02
-5.047007053966346746e+01
-5.995653653113493675e+01
-7.481079390215325020e+01
7.355735195599706344e+01
-4.182317878548582257e+01
2.090835099988942432e+02
1.986929357316093956e+02
-3.335063346318381150e+01
8.267701203806552712e+00
-2.255392642042443470e+02
-1.836072356126999239e+02
-1.750211906022700248e+01
1.861553664686519483e+01
2.266074016988375490e+02
-3.040358550746904598e+01
-4.636480631559906840e+01
-2.521885293616406898e+01
-3.781031874988266850e+01
-1.905656094835052272e+02
2.674450494051052374e+02
-2.047206869754838863e+02
-5.715930294029568870e+01
-1.851959771099024579e+02
-4.552824025082046688e+01
-1.270421642359127077e+02
-2.436447833098964111e+01
2.006232566787789722e+02
-2.622994461141485090e+01
-1.115105275414521344e+02
1.584946742340187598e+01
2.215362930311901835e+01
-2.199235384383256928e+02
-2.998608302678611892e+01
2.450664784766222226e+01
1.443371795640112509e+01
-4.612362642563995507e+01
2.078785853210914638e+02
2.546331382177952491e+02
2.230699108044433387e+02
2.246998208015653802e+02
9.031998833675276117e+00
-1.569674036094929761e+02
8.181934796944290156e+01
-1.374802822778483744e+02
-3.342686585913673980e+01
2.161607970057707462e+01
2.395980425194184704e+02
4.549352486332341527e+01
1.860821440552859940e+01
-2.251095241157004239e+02
-1.710716275451974866e+02
2.070237517236039935e+02
3.031226168459875225e+01
-1.454192510977855477e+02
-1.571899010498341340e+02
2.008645293907987366e+02
2.257987261613461101e+02
2.607167811732809923e+02
4.126262299127606781e+01
-4.600263307662564927e+01
-1.577497018803863966e+02
-2.865308022650452813e+00
4.268287557618339179e+01
-3.696676923225761868e+01
2.217107280918100116e+02
-1.268572964265955250e+01
-1.577653523219843805e+02
-4.118435519723982452e+01
-9.700806718402049000e+00
-1.884607289572116429e+00
1.876308549438755335e+02
2.233730038984813291e+02
2.548950989811249315e+02
2.397198311995933864e+02
2.365873753881782022e+02
-3.054035177850757918e+02
2.561632306375690860e+02
2.089647937578974961e+02
-3.351063345625202317e+01
2.366649637207016497e+02
2.159360541603076911e+02
-2.048851120167193471e+02
2.491915035373482965e+02
-2.064926824426355552e+02
2.328779599035007948e+02
-3.406336429209808614e+01
-7.385050528030395078e+00
2.255355415595831801e+02
-2.217981148122389357e+01
8.542638237080666386e-01
2.156674765856137697e+02
2.529866961841273962e+02
1.414753832581772031e+01
-4.975959556541720730e+01
-5.014361763700802044e+01
4.286179119347636401e+00
2.416963124203810764e+02
-2.577664909015253158e+01
-2.030330208049247176e+02
-1.522620807697209102e+02
-2.059561550039782105e+02
2.011129826665788300e+02
2.473737962948164579e+02
2.507093528318849280e+02
-1.710886752181314705e+02
2.132130805483130018e+02
2.330947661706666167e+02
-1.377336406121985135e+02
2.058387109744824954e+02
-2.556774627619537910e+01
-2.558324835641133461e+02
2.435148201059376731e+02
2.837025867759483617e+02
2.802440798213115158e+02
2.608450363827935234e+02
2.451658167913563204e+02
1.827483128996057360e+01
1.863317173999121223e+02
2.357380118146648158e+02
2.398593138644254452e+02
-1.848076340026576645e+02
-1.771161641652347498e+02
-1.070969646832217848e+02
-1.424797076287600817e+01
2.741810975105032639e+02
-8.381504339029902440e+00
2.920017275730460824e+02
1.607805763988807257e+00
5.354852027244760393e+00
-1.541096064767799589e+00
2.582049410211286045e+01
-5.782990071316119440e+01
2.802095053867535057e+02
-2.031559554623379142e+02
2.525591847377968691e+02
-2.250512729339747864e+01
-2.219204426306709479e+02
2.452486735117987848e+02
-4.545995282101793578e+01
1.883056075907709470e+01
2.628812873330700768e+02
-1.770026097074140239e+02
2.840997006247388867e+02
1.860794233510571303e+02
-9.481518808287376032e+00
1.974940621027280940e+01
-1.607043821780933968e+01
-2.353056424289207627e+01
9.792552842137831703e+01
2.186528688039147710e+02
1.674017137232386006e+02
-4.519775738209716565e+00
2.599450705004956035e+02
3.081895388369335365e+01
2.189587942515092323e+01
-1.901397155342371548e+01
-1.734986014289086143e+02
3.504893350564037746e+01
1.317417926872505518e+01
-1.571247028513064379e+02
-1.509011672312058181e+02
1.580635880660933879e+01
-8.649574844646238603e+01
-2.280668107974962311e+02
2.519014727060627479e+02
2.232457045423628301e+02
-1.666836194135906908e+02
-1.341535215123255398e+01
2.230888346339070836e+02
2.831369728349511661e+01
-2.600506510347938729e+02
-1.811345955563606935e+01
-1.779413787010394117e+02
-5.334124597336690243e+01
2.018652039713231261e+01
2.177238116867164308e+02
2.593200849314353036e+02
4.735694541568070903e+00
-6.917595675653257103e+01
-1.715388480962405993e+02
2.184548681839581263e+01
1.911273773440138370e+02
1.072762935661007475e+02
2.631117998722506854e+02
5.688678583953276302e+00
2.189510031573417450e+02
-5.741818220468445588e+00
2.601295959948915026e+01
6.430801314067338126e-01
1.554368825632200810e+02
2.112130068640341563e+01
2.425443477193607862e+02
-5.031309970189667524e+00
1.332685003886047355e+02
1.842133170168825984e+01
2.504470463378665102e+02
1.250907211920732180e+02
-1.763669174182012398e+02
-2.162168730705062103e+01
-4.843818028730797209e+01
-4.834211759228964667e+01
-2.268434076608602368e+02
-3.872677682762230233e+00
2.354568385419976835e+02
2.764394439696401378e+02
3.154040362823991472e+01
-7.638903278116137585e+01
2.148012454537942517e+01
1.973708482393236068e+02
-4.590585972974814410e+01
2.516998129886978859e+02
-2.047287796996103992e+01
1.320601676546004910e-01
2.667811673577559759e+02
1.219216392374944320e+02
1.851374144596896372e+02
3.080212501000943348e+01
6.914615285795278510e+01
2.331719388759423168e+02
7.817727508242364287e+00
1.688199057027056256e+02
2.516637590966317646e+02
2.742427357149731506e+02
-6.322768371326091597e+00
2.325639380255396418e+02
3.143662695460278655e-01
1.782400601779784779e+02
2.321854198990583029e+01
1.745657314709026195e+02
-2.033872784066747386e+01
1.567726943200295864e+02
3.427595604522014128e+01
-4.070718136473738724e+01
-7.780936173447329907e+01
5.386897960048713685e+00
-8.560937471982086322e+00
2.029841172613759568e+02
3.024300443446770714e+02
1.739785557927957882e+01
1.917590508561948184e+02
2.222723999539435340e+02
5.430625425603065537e+01
1.278499596572586938e+00
2.315447710679177078e+02
2.860044818995470450e+01
1.910340710968557687e+02
1.269476950038977634e+02
8.619726470393669615e+01
-8.609182887903887149e+01
2.802568998819558033e+01
2.272964300558619755e+01
2.049341951665199701e+02
2.491989811238218238e+02
2.067850563240311601e+02
-1.470615836446200930e+01
-2.229097192970641572e-02
3.010002883425592586e+02
3.000362096140772792e+02
-1.723717336139165468e+01
1.780685573924363894e+02
-9.805047971806601481e+00
1.691087688264310884e+01
3.749187894506891894e+01
-1.219030977752346274e+02
-1.496281866008547183e+02
6.166067679800619317e+01
1.827862923330020237e+02
3.381242643867207676e+01
1.534719691134552590e+02
2.251459985451429304e+02
2.634821527683392617e+01
2.886018766558188986e+01
2.934651208299845848e+01
2.878081576764355987e+01
2.697842504324668766e+01
2.549580925401707532e+01
3.750622586231236255e+01
4.773813780165497178e+00
1.086061994171389671e+02
1.710207850096386437e+02
2.748839360509435892e+01
2.311930437240255287e+01
-3.458501586439945186e+01
2.790257182912176290e+02
-8.448315334421323541e+00
-8.861119997893595723e+00
2.909216795875253183e+02
2.181398584478004352e+02
1.712564587452149567e+00
1.668555968300533721e+01
2.833990991759256417e+01
2.795637549671718034e+02
2.400475013001003219e+02
1.839214675779805930e+02
2.741840596248055704e+02
7.966844065281534881e+00
9.413774340876248914e+01
7.097682095200016761e+01
2.453678079655085753e+02
-3.515047990177001935e+01
1.320694549411343530e+02
2.036473903090957265e+02
2.997789282329343905e+02
1.559818265819900773e+01
6.292442954143498923e+01
2.084862247289763104e+02
3.471690182106166844e+01
1.766136513799700083e+02
1.450364023624614163e+02
2.699891087514955075e+02
1.585342624362486674e+02
2.421212397687056637e+02
2.362172277707877015e+02
-2.830407528769112702e+01
3.264381518298137053e+00
1.990628716603723092e+02
4.023399283075420385e+01
2.805985184534283121e+02
1.967851274671985493e+02
-8.927321878890074558e+00
1.709419509604709333e+02
2.109052546107833450e+02
1.905865122805572014e+02
-2.767392623155321019e+01
2.575115910886054849e+02
2.128062642484056823e+02
1.584531398065579992e+02
1.603436110323223147e+02
8.756930399686969224e+01
-1.627489490173559261e+01
2.364412841740546583e+02
2.569326450481457869e+02
2.707663496051070524e+02
1.978513755347150322e+02
1.264596452652884295e+01
2.472504964790209669e+01
2.758045242967633612e+02
1.193804100750172239e+02
2.761630168177873088e+02
2.037258157722331759e+02
2.148098455243771241e+02
2.149161983459224246e+02
2.256221287341930406e+02
2.429649647005127520e+02
3.796629724921587012e+00
-2.594753528958644040e+01
-6.385355141081632269e+00
-1.680907363652847266e+02
7.873133982731513925e+01
-1.625408993916443592e+02
1.898295280817582409e+01
1.483134967645622169e+02
2.459914253009278013e+02
1.855369156407589344e+02
1.987761020961550571e+02
1.671939741682418799e+02
-6.647394965735070116e+01
4.813892308151258703e+01
4.014286385821716863e+01
2.775854040748833995e+02
2.128482081586558650e+02
1.576742426120280527e+01
1.931081343383297053e+02
2.232710364131373240e+02
-3.394597629797367233e+01
2.451435031754391503e+01
2.178194632048549977e+02
2.225627550297336370e+02
2.722490893877108533e+02
1.890441621673581096e+01
2.320065342081167614e+02
2.796748906219878563e+02
1.513747402482218547e+02
1.801646802190096253e+01
3.514405813770329701e+01
5.045045876527726136e+01
8.018849726107816878e+01
1.943763219154261606e+02
1.267433265865305998e+02
2.436293112931880671e+02
2.888618837459081305e+02
6.129686044765705333e+01
-1.915328624852351425e+01
1.772867366054433091e+02
9.444437278341339947e+01
1.240886850052523016e+01
7.260575164762741451e+00
1.009434394398060846e+02
-5.701582025531962472e+00
4.166508995122478609e+01
2.379486925875309566e+01
2.461049344334289231e+02
-2.194747301969578643e+02
6.578124291106558985e+01
1.305227257007907156e+02
1.911732619599348197e+02
-1.316381221548059273e+02
8.315241820175799603e+00
2.958894457560789419e+02
4.430031660822166373e+00
1.066693102472467558e+01
1.582949299115291808e+01
1.860421163229510171e+02
2.797281106891123841e+02
3.706111401821053164e+01
2.170145059796475948e+02
-1.569204340993346989e+02
-1.643551887339839368e+00
2.294891614173666596e+02
-3.840721093218235183e+00
-1.933270534353546566e+01
-5.472711394330443113e+01
2.170964408161800634e+02
2.819339182019215286e+02
1.398360437228060675e+02
1.888173145757675968e+02
3.254166509049926503e+01
2.290114147860024616e+02
-3.824890864715096228e+01
1.773585565429324618e+02
2.354343727593025051e+02
3.091855887599668335e+02
8.629709804952035768e+00
1.000211503118056413e+02
2.203500962688655420e+02
2.845346844387382816e+02
2.428271164168152438e+02
-2.436718064710642864e+02
8.107209874153625151e+01
-1.628882668355021508e+02
1.031268859889118517e+02
-5.250565328463875403e+01
2.475985388694771530e+02
-4.268090087968688806e+01
-1.271607389375731429e+02
2.132660100927014639e+02
1.908330222384852277e+02
2.909708545441263823e+02
2.815027969140508617e+02
6.218577618721864653e+00
2.631258932723098098e+01
2.606867272551326096e+02
1.926951717750030753e+02
2.783501237822386543e+02
2.355415968077034847e+02
-1.615154892615546771e+02
2.093406289857749982e+02
1.196076377311030683e+02
1.912895683719487181e+02
2.801340690078953344e+01
2.358578481599115264e+02
2.201108775359577407e+02
4.193514932306246124e+01
1.675565941361983846e+02
-5.177341179019246908e+01
2.733058845302919337e+01
1.781532195502448346e+00
2.084602926067207704e+02
-7.387644833123967025e+00
2.528726333182036967e+02
-2.605982451091395546e+01
2.562014353509153466e+02
2.110594572036897034e+02
2.584707599949354062e+02
1.358808761951059125e+02
-1.934093293520922296e+00
1.944866094683101494e+02
4.177652016784634270e+00
1.829660740105215950e+02
2.335501329893995148e+02
1.667386254730239727e+02
2.404215765695157074e+02
1.436736708342508848e+02
2.301486980579894635e+02
2.577840805191436857e+02
2.288743321874813432e+02
1.301895137082731821e+02
2.376883914463288647e+02
1.233046969768970484e+02
1.934269599352892612e+02
-2.056353788388277337e+01
2.722057059997409851e+02
2.360305929172607478e+02
1.677826304159713970e+02
-1.414349406703682348e+02
2.550051651840248041e+02
-9.860183182043897432e+00
8.175912239428825501e+00
5.056994999486477127e+00
2.692191468038554092e+01
2.327696235488867842e+02
1.980255516041660258e+02
2.473004007570277736e+02
8.193558830093863321e+00
2.813111723444823724e+02
2.159147302978982168e+02
7.924967502204074776e+01
3.064189786240180524e+01
2.269944767634040943e+02
2.017080178256334761e+02
2.347879358238620853e+02
1.979165391311726410e+02
1.561434342392490748e+01
5.926439385985557351e+01
2.626158027015781613e+02
1.985584733697928357e+02
-1.479982904986211167e+01
2.814581693819588395e+02
2.375088485839888222e+02
2.175259114666527296e+02
-1.392396076166653529e+01
2.381108072306065537e+02
-1.859722799325780329e+00
2.826034230856226941e+02
2.906505127137883733e+02
1.248630731986430931e+01
2.303547637387930251e+02
1.859565290900595187e+02
2.208939399747768846e+02
4.112586450896799306e+00
2.345479644530002759e+02
2.540959244067469456e+02
2.207547675992938707e+02
2.193081001912007366e+02
-2.253808530012534561e+02
-2.097112841033810753e+02
2.625502809221558209e+01
2.950970540276908309e+02
2.694978593333017898e+02
2.641399894254614082e+02
2.799720901706089649e+01
2.615384671505983079e+02
9.876709526691871588e+01
1.517793135305195733e+02
6.876187935343850199e+00
8.087285241696785931e+01
-1.604531487572112383e+02
-2.399677036733464774e+01
1.985260132415747307e+02
2.491416577135623527e+02
2.446054504431456280e+02
1.720700827748362940e+02
-1.795307736359585249e+01
2.326966702215019893e+02
2.133357592212475708e+02
1.048743871229488889e+01
-3.210046306722767895e+01
3.959087582512665904e+01
5.697774802928503846e+01
2.354468209177043434e+02
1.646111048234494092e+02
2.273179993744674903e+02
2.375681254239910913e+02
2.270635503454489026e+02
2.477539476978205926e+02
-1.354570045212416574e+01
-3.090751908166978978e+01
2.275042253764612212e+02
2.388799264515342315e+02
2.738608834180986946e+02
2.959194902632845583e+02
2.721355305816845203e+02
2.628775736509704757e+02
1.248745158461641012e+02
2.394385400359556115e+02
-1.252451856386891791e+02
2.279356680124435286e+02
2.483020012678669843e+02
2.244216572015382667e+02
1.636376895776572837e+02
1.873173107701119307e+02
2.678419351958069683e+02
1.725470681665760253e+02
2.188307469234098903e+02
2.365870055966317125e+02
2.269810517246502570e+02
2.416675478378133448e+02
2.463882876645428155e+01
2.816476294143610630e+02
2.632439928628086818e+02
-1.452776378216046567e+02
4.455639346057571970e+01
2.349247447778398055e+02
2.245491994757192913e+02
2.556051789656076778e+02
-6.864939972887303554e+01
2.119359665832784003e+02
2.357174628597281298e+02
2.388039621681418225e+02
2.417304337492259947e+02
2.160699663351990409e+02
2.754092133246962817e+02
2.754733782243613405e+02
-1.676084434066472681e+02
2.856106478731316543e+02
2.724167780536441796e+02
3.024937308961527833e+02
2.819847577508339214e+02
1.102836300476353415e+01
2.677763857272570363e+02
1.007992542843132355e+01
2.308799145971888720e+02
-1.330552019828312211e+02
2.496488236588632503e+02
1.545498137582914069e+02
2.671279042766346379e+02
2.525675300986108596e+02
2.584152127234102068e+02
2.641093235800024104e+02
-1.467226626781406935e+02
1.213668180922842197e+02
2.533240354592150538e+02
2.268083207274514450e+02
-8.454733180154889283e+00
1.568461433898800408e+02
2.637946801266442662e+02
1.769694919339586079e+02
2.150238391105853566e+02
2.376751056899865944e+02
1.710624133112075640e+01
2.130451435185918569e+02
2.688112719247150153e+02
2.242253735924751936e+02
1.278690048741674445e+01
2.849988788360680019e+02
2.401070903749635477e+02
2.579860659107843048e+02
1.511127228262411677e+02
-4.834143394145634431e+01
-6.930515023274338660e+00
-1.501093342138578066e+02
1.405792484289636093e+02
1.191268162773609873e+02
1.639377527443878080e+01
2.379046246286674773e+02
1.435324148778849462e+02
2.304553170710044583e+02
2.737139821292664692e+02
-1.245205541940362082e+01
2.826288105276737497e+02
8.736396895601029655e+01
-3.243272331131247199e+01
2.281237148747676429e+02
-8.487291810911510481e+01
2.615097790393294304e+02
9.291537823960157993e+01
-1.540718348392634880e+02
2.156199908474913514e+02
-1.274828675122632120e+02
1.605987432851208894e+02
-1.495564618427388837e+02
9.278172372208339880e+01
2.075865894100142270e+02
5.100477903058703077e+01
2.716428528577900465e+02
3.037826418289407684e+02
2.589194672244600497e+02
2.853272479860305566e+02
-1.156573826807184133e+02
2.865069392823618273e+02
2.748321416772170664e+02
2.449054695722642805e+01
2.173174663976713816e+01
2.378396327579043543e+02
2.934274133820998713e+02
2.359516791349300036e+01
2.515922604368250859e+02
1.728961836112223978e+02
2.627710340808853289e+02
3.422280560008854877e+01
-1.435694785991976516e+02
2.359222416699308269e+02
3.116291543489916194e+02
2.278721610243576094e+02
2.309405932774477037e+02
1.041165175079470373e+01
-4.637911257002400589e+00
2.348529650548235281e+02
8.430253417182171916e+00
2.447386093781799730e+02
3.034170642526678421e+02
2.565419011040912665e+02
2.234535444466348224e+02
2.513661952903753161e+02
2.262042300608143819e+02
2.609482162809639476e+02
2.049919448425065127e+02
2.595614129494127837e+02
2.307909633506065177e+02
2.492569621137406273e+02
2.573896791125627033e+02
2.413770636382331247e+02
1.539298487843610985e+01
2.529672033984163306e+02
2.703088831177781231e+02
2.189220611347184899e+02
-3.623657113581115397e+01
1.935092940437825746e+02
2.311627030918417347e+02
-1.016266933283588969e+02
2.356515679273578598e+02
1.880640460953605952e+02
1.122430563302580708e+01
2.540807009035947317e+02
2.208830838602594042e+02
3.067936448434825820e+02
-9.153832805142641860e+00
2.729564329668801861e+02
2.544510865002490618e+02
1.816698023772001989e+02
2.357460542667564312e+02
1.941135507611008393e+02
2.480807360205345731e+02
1.315891799553099304e+02
9.201512536282430688e+01
-1.230580726214089253e+02
-1.871402753464239765e+01
7.620354730823791556e+01
1.153611508222350892e+02
-3.181108398591581476e+01
7.631725795523389877e+01
6.713286558753132738e+01
9.069352607917656428e+01
1.946449066447182190e+02
2.844525720132069182e+02
2.065784988979406478e+02
1.096901137303927527e+02
9.446092142653425583e+01
1.994999684105495135e+02
5.351982402750655154e+01
2.870504168063666270e+02
1.349036730731650380e+02
2.035680650300340062e+02
1.201468994759897697e+02
1.951359302574884396e+02
2.091875577044705778e+02
1.698917094974605675e+02
5.806051411987920119e+01
-5.221164932668411751e+01
1.816242461307949156e+02
2.166989193426770157e+02
2.146638409574912600e+02
2.544104717722162263e+02
4.366117437203234886e+01
1.872931786139662336e+02
2.443884943464163939e+02
3.046295775972596402e+02
1.808299172923931053e+02
1.994501517353202473e+02
-1.102964869045710259e+02
-9.572612339174497720e+00
-1.484888058182110342e+02
-1.593184399843654830e+01
-4.129581466725326777e+00
2.140691650219602593e+02
2.379534719193665069e+02
-1.786201011116586983e+02
1.618770143241345636e+02
2.086295445825231809e+02
2.289886500533543199e+02
2.521652006519166207e+02
2.045193616892293846e+02
2.580879284943130187e+02
2.310279937940262016e+02
1.374246025283077017e+02
2.784114493580991052e+02
2.737414147604081336e+02
1.890468402704149185e+02
2.423121954553805040e+02
2.373165623790692109e+02
3.094095825718460446e+02
2.322419070253977509e+02
2.693657252937748581e+02
-1.754289169630827985e+02
-6.083943266190786403e+00
1.624569423247039879e+01
1.391315002695017711e+02
7.460937993317762107e+01
-1.581749374302528395e+02
8.425190459302706358e+01
1.524185823495073464e+02
1.025417690017283405e+02
2.278392488240673970e+02
3.108283757483484351e+02
4.155635206190055442e+01
2.300303641280233080e+02
2.551736638741814431e+02
1.252586775549684717e+02
2.391153533050392070e+02
2.307851922668376687e+02
2.804113684159906370e+02
2.623633083839528126e+02
1.716134117722814381e+02
2.496761414151487770e+02
2.141995325728074135e+02
3.027113075325211753e+02
2.582059649254144915e+02
2.477747624388546228e+02
-1.737307947477912080e+02
2.375845576832970210e+02
-1.460946898404240812e+01
2.548191540841106075e+02
1.852113219804467121e+02
1.993791517630043586e+02
2.476204679861013744e+02
2.442708225576676284e+02
3.138769739096680951e+02
2.389878909422302797e+02
2.064917673864846108e+02
2.820726392979253205e+02
2.556709409364444809e+02
2.585060459333998324e+02
5.007779357961473465e+01
1.987887307862143587e+02
2.289792753926134310e+02
2.308194678674581155e+02
1.347542282013504291e+02
2.464305864636763772e+02
2.620440395089514709e+02
-1.576939359376134178e+02
2.940054152786140662e+01
2.174530780830762069e+02
1.831874814013293928e+01
2.099690371171147376e+02
2.662576258365372155e+02
1.950778134996790527e+02
-1.366907374146221628e+02
1.768326397874399447e+01
3.680662967942251385e+01
-1.413337259622874456e+02
1.549674056221472540e+02
2.923141628178505016e+02
3.151656794634631069e+02
1.430243015344827882e+02
2.841719691513620774e+02
-1.969860473231309754e+02
-1.850978558380810739e+02
2.265219008288623854e+02
2.711252587136535794e+02
3.269445336510412403e+01
-1.821227944099957199e+02
2.355770213291371817e+02
2.926732074578830520e+02
-6.903056292008983519e+00
1.296523840718768952e+02
2.644307223100354349e+02
3.213811466472199641e+01
2.693626991341515122e+02
2.589887613578267747e+02
2.715791091545910376e+02
-1.483728135501308429e+02
2.191946699233772620e+02
2.973679369759164501e+02
1.816463705296018816e+02
3.034529067382643461e+02
1.351505972570868437e+02
1.141603813862835466e+02
-1.743622326726765550e+02
1.538999902458897111e+02
1.667177171806987417e+02
1.199177218161984229e+02
1.846571241122806271e+02
2.683422979170789517e+02
2.639554640267144805e+02
2.252092996779639975e+02
1.863971319307445640e+02
2.381084886210773846e+02
2.639768813493577682e+02
2.857141004272182840e+02
2.396920992842662770e+02
1.453510666137604233e+02
4.008108826586959594e+01
2.767715450510706319e+02
-1.519104719646969102e+02
2.863822260200628307e+02
1.547362280497970630e+02
2.695379385513252828e+02
2.442464088731104255e+02
1.129304521835214672e+02
2.641293737201468161e+02
2.655908517387141501e+02
1.791145947728231818e+02
2.001660250804533803e+01
1.978047927361579355e+02
2.585400540452128553e+02
2.505460562897856676e+02
2.555638151467006480e+01
2.686772663090428637e+02
2.468276683481877285e+02
2.431902627689921985e+02
-1.510213736904374855e+02
2.595478796741924725e+02
1.104594955542523849e-01
2.508554455933455358e+02
2.000820164658137230e+02
2.939416167330432472e+02
2.229939263058529662e+02
-1.840510948253493098e+02
2.546502271166045546e+02
2.158859968452136400e+02
2.993706816928469721e+02
-8.846266538744160357e+00
2.781841321260322957e+02
3.927916237959556156e+01
4.522275338988987414e+01
1.721074253781752077e+02
-1.619459651098881068e+02
1.949021493485458905e+02
1.434230731308862801e+02
2.549285046013444855e+02
2.306695568732891104e+02
2.113726491582419555e+02
3.277464003517329161e+01
-2.124271117313411992e+02
2.177742264534370520e+01
2.887152809161551090e+02
2.340164212857659152e+02
-1.765720230939137139e+02
2.233255285511128534e+02
3.686789179905886726e+01
-1.740864576348983235e+02
-4.573236133212218846e+01
2.313697728270787763e+02
-1.171667502635662927e+01
2.539844454216662371e+02
2.535442332503929492e+02
2.875645212883886188e+02
1.991672488821520233e+02
1.825636811495454026e+01
2.442550471223154318e+01
2.693514244488582108e+02
2.696025646555102639e+02
4.093874026153989121e+01
2.651270820060817073e+02
8.931700818744965886e+01
2.654195804428482575e+02
6.400573697424917441e+01
-1.556880906866340979e+02
-1.423852114045786266e+00
2.737007530050332207e+02
2.686126522771156715e+02
1.938358096322562005e+02
4.736684948626782443e+01
2.864744624359766476e+02
2.888228007205591439e+02
3.911425815463442746e+01
7.906118673091071969e+01
2.237698523492046547e+02
-1.841312914522814879e+02
5.707500860957793520e+01
2.143024019937502942e+02
2.221208217566481267e+02
2.238489844206858379e+02
6.063487620191182259e+00
2.758404290418536107e+02
-2.107410440794546389e+02
1.923129839547121094e+02
2.577902698212867563e+02
2.510186509060538071e+02
2.166942654424055945e+02
2.770724860778001641e+01
7.735344007936386390e+01
2.777788634124761984e+02
1.341280778746953501e+02
2.199907238992322789e+02
3.225842364332527268e+01
2.558721540903428604e+02
2.083794202225645336e+02
2.474371720277243014e+02
2.585521043868850484e+02
2.177097379098392764e+02
1.357010922742905450e+02
2.907385314536949181e+02
2.449712243798844042e+02
2.274976288004892240e+02
4.735615792253484813e+01
2.639682623284210194e+01
-3.702627775732346471e+00
2.406993417120374943e+02
5.141353029553286547e+01
2.178663007029288110e+02
2.729663950586852934e+02
2.284437510722995910e+02
1.782643894177037112e+02
2.777016246525341217e+02
2.670030110191044059e+02
1.177451107962742896e+02
1.984513716710440008e+02
9.038625596146395935e+01
9.826740864036239032e+01
2.841180313580271104e+02
-3.262731019967459645e+01
2.224808633155197981e+02
1.835270962460510589e+02
1.360938043196732110e+02
1.592360192773422227e+02
1.475815844406225494e+02
2.913638928675466104e+02
-9.267224524809044794e+01
1.314848410902507396e+02
5.474879904912668849e+01
6.993512814180353132e+01
1.604771440701244671e+02
1.613123093631940037e+02
2.193707477790845815e+02
2.425902095223013930e+02
8.946525202466304449e+00
2.979799753601034240e+02
1.747321009661198445e+02
9.703974223607344740e+00
6.514043037876565734e+01
1.854032032744084120e+02
5.472451946632686770e+01
1.515419942291117650e+00
2.418916497687135632e+02
6.958294464216274378e+01
1.801612778747969514e+02
3.041538455210814718e+01
7.209128174351747020e+01
3.653025321656383539e+01
2.123992505530638084e+02
-1.143615430243495723e+01
5.317920588971649209e+01
4.019445329801746425e+01
2.689678195587076814e+01
7.271602203719126578e+01
1.332895319120450779e+02
1.922081677107256326e+02
1.525436841720909626e+02
1.823157052104061506e+02
2.937257571686928372e+02
1.905853874442421727e+02
2.122016224015506225e+01
5.493740025125222814e+01
2.686692825186448204e+02
5.877658284748765283e+01
6.761192121742473660e+01
-7.202671048753850869e+01
3.059996364527470973e+02
2.180593696194021618e+02
3.051363910797746257e+02
-3.503559273683116260e+01
2.304183612307497242e+01
4.708743893487687160e+01
2.460431338192587134e+02
2.612251909937738219e+02
2.926348261205271228e+01
2.736944137918084152e+02
2.482286347110307929e+02
2.173033953250110812e+02
1.264084230635018855e+02
-6.778209349289880947e+01
2.543278810711527171e+02
-1.298256287566994729e+02
1.674787577557556801e+02
2.624008259475323825e+02
1.310039265017960872e+02
-6.060249286038857974e+01
2.874015760715951728e+02
-1.857357266316655853e+01
2.746722683627061770e+02
2.668096448727490042e+02
-5.942621990557483969e-02
3.072526535668332599e+02
1.500139725133529396e+02
1.356566886401220700e+02
2.022045632852468202e+02
1.480959731217590161e+02
6.278718986173123540e+01
1.207904451907831600e+02
1.886699120816304571e+02
3.039102576863905369e+02
2.518519059317076270e+01
1.097669802162873367e+02
1.654413562145363699e+02
2.503014254072149356e+02
2.184523386806662870e+02
2.903857853347032005e+02
2.683663398131318445e+02
2.437439443522502813e+02
7.116058222425461111e+01
9.885343820806147619e+01
-5.275678915913879052e+01
1.777545160975328997e+02
1.495650996526035499e+02
2.110193428329363030e+02
-3.750604070730186379e+01
6.288898650586310168e+01
3.420531208798345091e+01
2.160158163103696438e+02
1.664524469643663735e+02
1.800804854828151065e+02
-1.396354917807286427e+02
2.033145806166376133e+02
1.662738387070433816e+02
5.862330419349845556e+01
3.758819836155380045e+01
-6.197400810816338890e+01
2.259280814803578323e+02
1.482804162773475412e+02
2.566462506518324744e+02
1.404563174437735142e+02
6.067674892925909802e+01
1.291916806006796890e+02
2.553862027922441769e+02
4.105679979945904279e+01
1.950999646173859148e+01
1.519378520569211446e+02
6.080269168087246356e+01
-1.502291200580607722e+01
5.432642560589768976e+01
-1.842881667412910929e+01
-1.378437356690913305e+02
4.602153277741327031e+01
2.546727636558586028e+02
-1.422528809891832111e+02
2.424675437081027098e+02
1.536443057179672564e+02
3.027717551531399636e+02
1.575844568247336781e+02
1.995682800424395396e+02
-1.495582570486012628e+02
2.332567302519556733e+02
1.559741721065125262e+02
6.092255678920182049e+01
1.993807059816787159e+02
1.633055730459544748e+02
2.438160172693531820e+02
2.556462661711751139e+02
2.497042955880515649e+02
2.444102580354977476e+02
1.425540978403858787e+02
2.367253975211228578e+02
1.057853044976745878e+02
8.087023478537943788e+00
6.308037289987964868e+01
2.163488724135050347e+02
1.829692467908366211e+02
2.551774662427331180e+02
2.754265639069770941e+02
1.390437089692424877e+02
2.819941526727200198e+02
3.125463368660399510e+01
8.844332562428427025e+01
2.586261306704047342e+02
6.649083727264797972e+01
2.165054398890744096e+02
2.325495114550799372e+02
2.020565342451875495e+02
2.503313581865976971e+02
1.910729375306821680e+02
1.766984957528187863e+02
1.187684405790166409e+01
3.042962753598721974e+02
3.550492214198692409e+01
1.989277565282283149e+02
1.107239106490076495e+02
2.019937830258850511e+02
9.616393617843044694e+01
1.550932304496089955e+02
2.408829152913513667e+02
2.699677858335660972e+02
3.114658566677519502e+01
2.751922869330476829e+02
3.085279293728297034e+02
-1.132980777727337909e+02
2.151103922535607467e+02
8.310355067667228468e+01
2.753462101152180139e+02
3.004308506199156454e+02
2.136192379546540820e+01
1.715024147399450101e+02
1.644591877199845555e+02
1.128921686354388072e+02
3.313446610569155126e+01
1.051355005071405486e+02
2.776972145852099629e+02
2.795819756124724904e+02
2.331166090314978305e+02
2.889619563748226483e+02
-4.780977300509530892e+01
3.183710304560323721e+02
-1.175413012451182055e+02
3.001518362868072245e+02
1.651610404560035192e+02
2.081603008729562987e+02
-1.077183381711267174e+02
5.503653141661094139e+01
4.136915938485367406e+01
2.680119750063395827e+02
7.830832357156961621e+01
2.812438777854318914e+02
1.863681243226596607e+01
1.105209164888770204e+02
2.860809253653998212e+02
1.396774765959690399e+02
5.947648937696111915e+00
-4.687410132507798721e+01
1.977466405519524528e+02
-1.082973170147197095e+01
1.848355306445044164e+02
1.388683935541902770e+02
4.050695231902616911e+01
1.420697575106819386e+02
2.931519393718375568e+02
-1.499372469348286927e+02
1.482102008110032330e+02
5.678267457971336363e+00
2.907187796725365843e+02
6.566880396792683428e+01
2.123097062066510716e+02
2.840276466467275327e+02
1.059847010206719489e+02
1.508411863556797243e+02
-6.827673487111064787e+01
7.224361057731320557e+01
1.388592776203502979e+02
2.153665786509627083e+02
1.107643100361450763e+02
2.194183371107751555e+02
1.660083353700849500e+02
2.471722305370494723e+02
3.012638792238021779e+02
1.438954427602683666e+02
7.562894678235210222e-01
1.488888805927792305e+02
1.387860591800378529e+02
2.698223165657683467e+02
2.068775100006124887e+02
2.245259101349687967e+02
2.757352827268541660e+02
-7.250255295417301227e+01
1.259406390748658282e+02
1.393244316558325409e+02
4.073764363877725714e+01
2.383625606148832787e+02
2.168482387765494082e+02
1.210285473842241117e+02
2.467713100736173999e+02
1.453346946118302299e+02
1.525191411137647037e+02
1.869603251059659783e+02
1.411264236758344737e+02
2.665079916326670855e+02
2.126003745685739545e+02
3.010512805479683038e+02
-1.429568703348025736e+02
2.626734610001960846e+02
3.120736807655268876e+02
-3.001535135505719154e+01
6.105020424660752099e+01
2.703692714784132249e+02
2.931373104953954680e+02
9.338036922399894024e+01
1.304483007565918342e+02
5.453577480256135601e+01
1.834882380410836902e+02
-3.271836126706750747e+01
-1.627549486393895393e+02
1.995225208034215143e+02
1.820447915940334269e+02
1.524377977582323069e+02
-5.937595923980127566e+01
-6.450630200848308959e+00
4.113981848804136376e+01
5.006682341128572489e+01
1.610978315964283638e+02
1.961403134069479961e+02
1.253494609604041443e+02
5.123137899903919390e+01
5.892749835984835727e+01
1.699466921758248361e+02
4.363345304756376208e+01
1.837434380568261929e+02
3.012981998548598312e+02
1.501005807612801846e+02
2.412528756536002845e+02
-1.219704609780056614e+02
1.736728309113503883e+02
1.632196902651235462e+02
4.449134445524487091e+01
2.250350035564842699e+02
-1.420237671763850358e+02
1.068327884726971888e+02
1.762640564761081805e+02
2.651161796338700469e+02
1.933932120259985652e+02
1.264463690633429849e+02
1.866267123156792707e+02
1.830624306632844878e+02
2.729161790747730265e+02
-3.897512114543260964e+01
2.288714958479428958e+02
-8.608430099934237489e+01
2.457406453812316727e+01
1.329872800856960566e+02
9.951052949974896933e+01
-2.668667267116553887e+01
2.934050045214917191e+02
1.218281129728260908e+02
2.957293354513159329e+02
1.352441779090780187e+02
1.603012501256590951e+02
2.007115368080862936e+02
2.219584772661379191e+01
2.494136122094970744e+02
5.518485467634991437e+01
1.522370682419045806e+02
1.926455320500087396e+02
1.683514803594742659e+02
2.718592759361428080e+02
-2.411470694173705454e+01
1.441670482709669159e+02
4.031798176486511665e+01
4.153325993136377292e+00
2.090271864600642857e+02
2.953901995359802868e+02
1.727370721617346021e+02
2.788960441058120665e+01
2.838801346231423963e+02
2.361689186725799345e+02
1.861355153534827309e+02
2.950319839180288000e+02
5.514220178970481356e+01
2.306918853460077230e+02
9.801288837266619680e+01
2.882303280923500779e+02
3.002759053523237185e+02
7.569063740569146148e+01
1.219609293960897105e+02
-3.853000031124922486e+01
2.026390270998328447e+02
2.618623214751289652e+02
2.349678706942618476e+02
1.069008212115954848e+02
2.312783485953162597e+02
2.755521270230951245e+02
1.419806455219530790e+02
-1.569409886070003779e+02
1.816943568257003108e+02
2.632743447485336787e+02
2.807899675206692791e+02
-1.270814161508917692e+02
2.994723125090322355e+02
1.609845642143135649e+02
2.148389422574103378e+02
2.531159762747361128e+02
2.369562860925997825e+02
1.621439127792188231e+02
2.933153357433614019e+02
1.151262270985987897e+02
1.918169412233204412e+02
3.013314429982522711e+02
1.665592296618312105e+02
2.906361682410117169e+02
1.680862121833858680e+02
3.082164482355763084e+02
2.984378012110361169e+02
2.589808452154237557e+02
2.120500280826416031e+02
1.057554766526292269e+02
1.457909258618864214e+02
5.753020076409308103e+01
9.222001678008440706e+01
7.750936569745600302e+00
1.740832853944853582e+02
1.051368020240833658e+02
2.172787780220721743e+02
3.435586595986211478e+01
2.783655972030267662e+02
1.888923163859450938e+02
7.884605359848649186e+01
1.601927554495154880e+02
1.241242057547337794e+02
2.044813737774380797e+02
5.182249223420566864e+01
2.465390110188059225e+02
5.245009792533948456e+01
2.131382768769840652e+02
1.399984007467650713e+02
1.183908136845235646e+02
2.566352664828348225e+02
2.035894684144333269e+02
4.922130684158219793e+01
1.955419868615891232e+02
1.102740628597215817e+02
2.377697576195077431e+02
4.750226005336478430e+00
2.804981627103568371e+02
6.372312274748185246e+01
1.111000881492397525e+02
2.276772527008665463e+02
2.986075684013547402e+02
-9.150759807703096271e+00
5.227344624116132366e+01
2.831706291464114429e+02
1.536894343397206057e+02
2.668167600815963283e+02
9.615965879960296547e+01
2.738189786713815010e+02
1.477625088486542779e+02
1.484886069812436915e+02
1.840337074990318058e+02
2.050615948112946967e+02
2.171680795222451721e+01
9.815339584910607584e+01
1.490851901753447066e+02
5.054080970385855665e+01
1.983820421027492671e+02
2.378281329291519910e+02
1.376285824557082549e+01
-1.301155471409407198e+02
2.469940539158196486e+02
1.946065920725748128e+02
1.769881190312985808e+01
2.948307654421012103e+02
1.051315933855475322e+02
-1.102205973536225372e+02
1.235860163604149697e+01
2.896497181585938279e+02
3.530638980389476700e+01
7.898885202082962564e+01
2.618566189683140806e+02
2.351502038230741221e+02
8.137242549756919630e+01
8.957064881188497907e+01
-1.255450316636527930e+01
-2.350315772165883743e+01
9.862376660973332321e+01
1.264464130838860143e+02
1.517701377503396145e+02
2.192349281470336280e+02
1.922328881962263267e+02
9.030172804001279019e+01
2.969659224637297257e+02
7.017372261528861088e+01
1.146110561946110806e+01
2.462649837949537925e+02
1.434414654788561734e+02
2.474895456004004188e+02
1.099551193132679998e+02
2.975587431018348070e+02
1.324895557294347270e+02
2.428915958152506960e+02
2.088633628012765939e+02
2.992014711310008579e+02
3.042326182484532637e+02
2.317673876590777411e+02
1.263661967188985358e+02
2.263701726857194672e+02
1.196276777114053544e+02
9.359590486920285457e+01
2.225591282065320797e+02
2.415243687656939642e+00
1.151721364802046566e+02
2.856231719698408824e+02
2.963358421577402169e+02
3.035528053733543175e+02
9.671638958330566993e+01
2.758373863793694341e+02
1.177191025085490281e+02
8.936195577022813552e+01
5.597518031184488763e+01
-1.422055550049199155e+02
2.039180504212380924e+02
1.337641549954956020e+02
2.401871684968640750e+02
8.731604558142427663e+01
3.045453661195483619e+02
-3.019752642212127114e+01
1.009298718550266614e+02
1.885324502851368607e+02
4.443464427501260161e+01
1.652572280609324480e+02
2.860088513783861117e+02
3.007756503962954184e+02
-1.527964360018275158e+01
2.209512597534333977e+01
9.958791232783332248e+01
1.715052809662883533e+02
2.843874944068377317e+02
2.467028239824865068e+02
3.053819224037149525e+02
7.967957904638137734e+01
2.850836608908687708e+02
2.366506600662338542e+02
1.100039188364529252e+02
-6.202328349240346483e+00
9.928058118295354006e+01
2.905808035785577772e+02
1.120965456350582485e+02
1.425069487392976555e+02
2.105951134128660271e+02
1.693780478848933058e+02
2.427223652639655427e+01
-1.925504441675343514e+00
5.691393439248912500e+01
2.863770715589056408e+02
2.935061150944255814e+02
1.856322538528819166e+02
1.368328183063734116e+01
9.163453935537728512e+01
2.649053104387772919e+02
1.660456616699126471e+02
1.887601278729945591e+02
2.888347820511967257e+02
-4.327040737137016890e+01
3.262699249714862049e+01
1.639002990800933333e+02
4.011429961959623824e+01
2.185605705397417182e+02
-8.372115482646634632e+00
1.294422175986372849e+02
1.130800229713765788e+02
2.782354665731241425e+02
1.487575277078298086e+02
1.148556665499481113e+02
7.471666941845253973e+01
4.105243537140470522e+01
2.466506013946740268e+02
1.226588982130714527e+02
2.393212434195960725e+02
1.126545378983231274e+02
9.078718873833418002e+01
1.408695252378421401e+02
2.630875402020868705e+02
1.232628887889442098e+02
2.640596191777905233e+02
8.105568076588409099e+01
1.868876444507992574e+02
7.273381547555953830e+01
1.924165838609114303e+02
3.105224079594052000e+02
2.243411508690000176e+02
9.963789091579539559e+01
2.645498058190963775e+02
2.103578234943979339e+02
6.757993756143068254e+01
2.050961085412047282e+02
1.384382544707723639e+02
2.379246935178364595e+02
1.210784527645899686e+02
2.182254473251302898e+02
2.890499592406492866e+02
2.198270294207246423e+02
2.537598011807407374e+02
1.057253240154562803e+02
1.993878440412735245e+02
2.018079125620204763e+02
8.607115477359349143e+01
2.027736859196345449e+02
1.582543941700255914e+02
1.076690975163083124e+02
9.522770887297488684e+01
2.452318738479556828e+02
2.166336342995850828e+02
1.251166246729158047e+02
2.086254366701583933e+02
2.931214041634873411e+02
2.393966885124494581e+02
-1.113839051834389693e+01
1.367900593209240014e+02
1.016228754091698079e+02
1.706537702716894955e+02
3.179875210087033111e+01
2.073664691544553307e+02
2.390790058197231644e+02
1.723147043520458794e+02
5.734172145893273864e+01
1.257956342034798354e+02
2.035721056199056989e+02
2.404384742453748629e+02
-1.651971477250125986e+02
2.394556015344727200e+02
1.152095537595504453e+02
-3.562538322868405771e+00
5.902422693244616880e+01
3.032260413238150250e+02
1.177958890411844664e+02
2.422050566045526807e+02
1.839399525413497827e+01
1.033181955219335322e+02
2.480764289423537434e+02
2.929333675177847454e+02
8.080624468347410527e+01
1.579727863420726237e+02
1.498216052434953838e+02
1.720563714074072266e+02
2.487480341750693071e+02
1.683482263861513673e+02
1.201606120859950408e+02
1.655558778249075544e+02
2.424393597775263061e+02
2.319249473970742201e+02
1.462611034208343597e+01
1.882642137671082594e+02
2.880517667614821562e+02
2.395993031415466135e+02
1.914562693828881947e+02
2.350117904972107112e+02
-2.749554637924889278e+01
1.277830070714827286e+02
1.533979321498040918e+02
-2.146738482807086257e+01
2.086153292176701939e+02
2.257842079971642590e+02
1.387411778776748292e+02
1.294991401467732715e+02
2.236945100006158782e+02
2.064537907927603726e+02
1.924974073146622970e+02
5.816390614995108876e+01
2.461328545022263015e+01
3.004095152957963819e+02
8.452742108804879706e+01
1.498691829139470428e+02
3.058592231713375895e+02
1.380628132211963646e+02
1.883977981982662868e+02
1.869554380458235414e+02
2.255600048136780345e+02
3.083929320703122130e+02
-2.381076577500493840e+00
2.253146395990591770e+02
1.810351159828491348e+02
1.830792981047699186e+02
-1.356326198836023593e+02
2.504919345076430659e+00
4.305071757714893010e+01
-2.922940191937755117e+01
2.250469879036945144e+02
5.913931242268545674e+01
7.592744135615264156e+01
5.618729352467630633e+01
6.447675295397712603e+01
1.083222339318923275e+02
3.065414277306803115e+01
2.790150793375464673e+02
2.105733600457915884e+02
-5.852931560580255166e+01
1.035098900092925902e+02
-2.425874942525409494e+01
8.005839721492731087e+01
2.349776463339167378e+02
1.794219632574843217e+02
1.806259768929587040e+01
1.893959076691701000e+02
1.943430828638091157e+02
2.300060712612964835e+02
2.819225951846084399e+02
1.529218703995465489e+02
2.531244069945017259e+02
1.437566430045532115e+02
8.927729739888195581e+01
3.512558977638229862e+01
-1.453157481345662063e+02
1.785058485954193088e+02
1.623231836585023302e+02
-6.559266216809697880e+01
2.060610025321683736e+02
4.052548510968898654e+01
2.413086904754373450e+02
2.462290145854805701e+02
2.768083483521614880e+02
1.592473610863686986e+02
2.224422633673718508e+02
2.411257786599026076e+02
8.367401380622632701e+01
2.260392932632476857e+02
2.314598572597600423e+02
-7.791397657609515193e+01
7.165057124760164697e+01
-1.477291912950950632e+02
1.462592799077380050e+02
1.850162164192734053e+02
8.755244369200022447e+01
1.958603836539477925e+02
3.416753951430430902e+01
2.547492757433522854e+02
4.026647179624742989e+01
9.362796608745543381e+01
2.510865321773463563e+02
2.977681982353670946e+02
1.790503005024036156e+02
2.210796208918226853e+02
2.475813672120483488e+02
2.771010866445523106e+02
2.086856397741902356e+02
-1.409460929806802199e+01
-1.437369590469840546e+02
1.582889676180748211e+02
1.890005349320251753e+02
9.809370153262374004e+01
2.532470380319092271e+02
2.022162922567722205e+02
1.234518498047114718e+02
4.083915200206961060e+01
1.887953102858173793e+01
2.931392014150829937e+02
1.189192484458695702e+02
3.083726877626054943e+02
2.300406795309626773e+02
5.069445388727328350e+01
3.952445186040287695e+01
2.846146580479889963e+02
1.469208842631917378e+01
5.314408436440415073e+01
2.234360841491135261e+02
8.427834130161723181e+01
2.546499207745521005e+02
1.673733344376616117e+01
5.834159145124824875e+01
3.091099611507278269e+02
2.340856995614794016e+02
2.136552107059631567e+02
1.289278574205834786e+02
-1.670514739933870771e+02
9.419340121347812556e+01
2.488818328868320009e+02
2.044316552370109719e+01
9.670130976740031770e+01
2.494709617508923998e+02
1.879163898519834675e+02
1.856998857636483820e+02
2.302467091293491421e+02
2.319278145598102583e+02
1.600991308877067922e+02
-3.357785615572601046e+01
-3.085994750502743500e+01
-1.570793799017456536e+02
1.045689765943081824e+02
2.204264586097555707e+02
-4.896851586138976131e+01
1.767247284221228085e+02
2.488213710528638103e+02
1.230394566344357372e+02
1.650164460176158912e+02
4.427133705487098325e+01
2.239560549256917454e+02
1.873131503627963639e+02
2.258507348249832489e+02
2.523966990810761502e+01
6.304031478976182257e+01
1.714146119102222201e+02
1.918539799286593848e+02
2.911590201996284577e+02
3.027205834144122605e+02
7.693879587994084446e+00
2.497996245540963969e+02
1.245659685537814880e+02
3.501164133624530450e+01
1.954066326592945870e+02
2.359638799331698635e+02
2.955928964622872854e+02
2.259330922727549478e+02
2.170346533826592292e+02
1.683817654690413406e+02
2.031176545306759635e+02
1.864740243387756777e+02
5.177639410100312745e+01
7.112319678158110037e+01
1.206751616803147442e+02
2.042201357172207565e+02
2.215096061568087578e+02
1.229055969894040174e+02
6.242388316924383673e+01
2.428915827023912755e+02
3.097823680223555698e+02
-4.664860197162251154e+01
-1.354461359688559128e+02
7.632944499052810272e+01
1.832669186791481764e+01
-3.983705940907192655e+01
3.007479630494923413e+02
1.052268073188734974e+02
1.709241142790913557e+02
2.165184181473580054e+02
-3.616982904750578598e+01
-1.865724051792916214e+02
1.038735220909838546e+02
-6.105286533617093880e+01
-3.645497469855459372e+01
2.473795105142505690e+02
-2.548936277959462871e+01
1.759285533256762619e+02
-1.634367430620199002e+02
1.520643126046351767e+02
1.941950774297747557e+02
-5.436554916713774332e+01
7.033928474890001326e+01
1.565552957210744580e+02
2.147351146481651654e+02
2.541627305943355566e+02
1.939059364423553120e+02
2.556016252733781755e+02
1.062228504133585432e+02
9.107987678575007351e+01
8.865611756834283597e+01
1.487506985079882043e+02
1.010136025041139192e+02
2.342232415639636827e+02
2.131804003099698548e+02
7.326919155519539117e+01
7.766538243005473419e+01
8.114689709166493969e+01
2.673820352084409535e+01
1.521402733099403690e+02
-1.751191110655341845e+02
7.324137266812812186e+00
2.255402247062531842e+02
2.588511339859729219e+02
2.036818809778605441e+02
2.646267862752397946e+02
1.661999255365105341e+02
1.976203375213605113e+02
2.153295352519554626e+02
2.168724712283724330e+02
1.793972486616222284e+02
1.044651226743322070e+02
2.001127345143397918e+02
7.736030999224422544e+01
2.496572211924918179e+02
1.645447873723469456e+00
1.704929637859416971e+02
-1.294304335015870322e+02
2.415327939524901240e+02
1.097607280714669002e+02
2.192840994022134851e+02
1.431847787343902496e+02
2.295272718166596633e+02
1.306706241337623169e+02
1.806066060425463604e+02
2.198710771713721783e+02
3.394781722087624587e+01
-2.357186963401163737e+00
5.121097938999709243e+01
1.961964003868624218e+02
9.516507535697219566e+01
2.368248056795647756e+02
2.652095038152369852e+02
-7.003252709508932128e+01
1.417020854999564108e+02
-1.537886277767248977e+01
1.954232856692236453e+02
-2.665879566281925008e+02
1.860250542375938210e+02
2.110032481511100855e+02
6.726650129383467913e+01
-8.474836853814839799e+01
1.119079804799774394e+02
1.466177340002254539e+02
1.994155484940188501e+02
1.276922313357072625e+02
1.301226323186170646e+02
-3.024951926953050929e+00
1.605056703668609543e+02
5.319017979377974825e+01
5.741882900763487640e+01
1.515361546808685205e+02
-1.673645597690827458e+02
1.033016091934027116e+02
-3.507828614651006660e+01
2.042802782545720106e+02
2.469690859036449524e+02
5.191550287481155834e+01
1.581869527367911417e+02
1.105072158718585769e+02
2.418435679295127443e+02
2.822385133969282833e+02
-6.123720130684806406e+01
1.715652090951934383e+00
2.067703416928738420e+02
7.350646305073998121e+01
1.964579740592502617e+02
2.367229236561075822e+02
5.031586147327944758e+01
1.950929808046584526e+02
-9.719760119401223974e+00
7.078719286357397777e-01
3.574297593084749280e+01
2.082353431678562856e+02
-3.090258007498808013e+01
9.169591383053675315e+01
2.095659189038511840e+02
4.064131032648091235e+01
2.591198007320923580e+02
4.009150904376635083e+01
1.918693358471439296e+02
6.963170948820470585e+01
2.934198024016485533e+02
1.865580547678148093e+02
-2.144534436267437343e+02
2.094615667843106905e+02
1.988683960885108490e+02
7.505226546207883587e+01
1.849405782812205530e+02
1.337041093301343153e+02
9.648620303421179756e+01
1.922424369784802138e+02
1.059246638763567461e+02
2.801960429947104103e+02
1.521486356492782193e+02
7.547751406812298569e+01
1.747259945870777074e+02
1.694614526425424970e+02
2.372661085617887124e+02
1.325420764568824268e+02
2.026267863305964170e+02
2.152349723176285181e+02
9.791605485402746467e+01
3.322386498433252910e+01
2.427137592321123236e+02
3.960300821397745352e+01
-5.828748815895256996e+01
1.440875030122032001e+02
1.973807632420410982e+02
2.175842693004996136e+02
2.718736223582608318e+02
2.235187304720130896e+02
1.131193814706723799e+02
2.009649311901081887e+02
7.981466832766228947e+01
3.028848921793058935e+02
2.257706043413294310e+02
2.456954582015681297e+02
2.298780556996297832e+02
3.019271475525532651e+02
9.654265507553087389e+01
2.248255569360025845e+02
-3.457163641820490341e+01
2.779805106834369326e+02
7.861347259210977256e+01
1.040304736174019382e+02
1.997684777933136218e+02
2.042577254725844682e+02
1.356611421116988936e+02
1.880079672661665882e+02
7.257272156148815156e+00
2.540151047032596239e+02
2.331381165508017830e+02
2.400654523592249916e+02
9.485058581670215005e+01
-9.702066485940866869e+01
9.270292823756174982e+01
1.862210419049032453e+02
2.416652773492530741e+02
2.610752446199599035e+02
1.176178453011947198e+02
1.961791201408867096e+02
2.999668842779798865e+02
2.152379897777591395e+02
2.919290862537158091e+02
1.193350426963991318e+01
6.048676050647546987e+01
1.053366490621505847e+02
1.918452024889924132e+02
-1.465509740887135308e+02
2.870710244063224081e+02
2.835401096343670133e+02
1.020499686138976188e+02
2.486627769432883781e+02
3.602043227149897575e+01
1.893125469647055468e+02
-1.332603056136445616e+02
2.136221925005619653e+02
2.502106134768596348e+02
4.626962384468029654e+01
7.968479733224508266e+01
1.761258814139475248e+02
1.114921108377822918e+02
1.306947329985067086e+02
1.246984904681517179e+02
2.716590710718126047e+02
2.505400946185598343e+01
1.059715545953996809e+02
2.632485743465888390e+02
2.511858707600431160e+02
2.139246175698747834e+02
2.660328647115891272e+02
1.901710691007532148e+02
-3.852510516250496408e+01
6.764688976343140325e+01
2.583203310885379551e+02
2.279126539621856864e+02
3.904239432155858935e+01
4.596446212640771023e+01
1.318815353343709660e+02
-3.419124203996105393e+00
6.291881127373739702e+01
5.181027151915756690e+00
2.019108269525849266e+02
8.512282423733151404e+01
5.467032725394144421e+01
5.662516290508592931e+01
4.479286901224353556e+01
6.364594500050088755e+01
1.792493866296018723e+02
1.048884600150619519e+02
1.104803767801522270e+02
2.542802826595321903e+02
1.691073813423186039e+02
2.710483560710765119e+02
6.963357660933804993e+01
2.352011447136647178e+02
8.960651738419304024e+01
8.040010962974049846e+01
2.318046074400058103e+02
2.158534648908276381e+02
1.132233465940283281e+02
1.390265194809152547e+02
-4.299091992879299085e+01
2.581715400075394200e+02
2.411400462689112771e+02
2.385441825666980264e+02
-1.321725768868888622e+02
9.259096255913881635e+01
2.771064774081671658e+02
2.512513735833678368e+02
-1.504659144947025595e+02
7.036996502894575656e+01
1.486550270209705218e+02
2.688225232285884090e+02
1.079330573287001869e+02
2.151131391454094910e+02
1.654437018262811989e+02
1.260651236113900495e+02
5.982121294215637874e+01
2.202045584707680632e+02
1.760504230309453249e+02
-1.106630723794906146e+01
1.854446999342588072e+02
2.591122390096222716e+01
2.797986607248011524e+02
6.930266829298102493e+01
-3.555712834572289438e+01
2.689405228305927054e+01
-3.011953137947133285e+01
2.633393030903312138e+01
-1.280268326975384596e+01
-7.315752757026048769e+00
2.371219517258176666e+02
5.707937987343643016e+01
-9.983124305014671052e+01
1.795416111127704539e+02
-2.035886030773368987e+02
-2.372112128165279898e+02
3.924736880718410248e+01
1.215603061823294979e+02
9.242998733521434929e+01
1.942029062149730407e+02
-1.620778595407361466e+00
8.730629355622359355e+01
-1.513035898087550208e+02
1.997234980018180863e+02
2.174050757843202177e+02
4.432716779220356074e+01
1.458836796379612792e+02
1.143473228069391467e+02
1.184078528851836438e+02
5.545857568153480344e+01
-2.656948859476538871e+01
-1.497654235005183807e+02
1.333458372208459082e+02
2.254984091261842707e+02
1.984030543952574135e+02
-1.285868525263587117e+02
1.804603017699246834e+02
2.066813727646216421e+02
7.254308932757938067e+01
1.466560357671341990e+02
1.667615664275706138e+02
8.557044333712026685e+01
-1.257325239436846971e+02
-2.200277975806686186e+02
7.828730766820432052e+01
2.498142391955879873e+02
2.271714886204349000e+02
-4.869205994129282544e+01
-6.779894789690935397e+01
2.078378665035355368e+02
-4.298932371532234953e+01
1.087899167345298252e+02
-6.344349976701803939e+01
2.108721310929811921e+02
-5.949931513418088969e+01
-7.164882683967638854e+01
2.265013679672095464e+02
2.215553937580291688e+02
2.867413429224433230e+01
2.579477766332877877e+02
-3.143290744872821847e+02
3.093078138803746242e+02
2.112084520893674835e+02
-5.989391119987533330e+01
2.039244730974164952e+02
1.632663200464340605e+02
1.536393311469193463e+02
7.644060068734927427e+01
5.660129159016743472e+01
8.721115638927230407e+01
3.279100536075901573e+00
1.087661191454590863e+02
1.018920913835514881e+02
2.178672996683008023e+02
-1.309639407759882204e+02
1.513863467026416458e+02
5.241949872536685007e+01
-1.334223008671675075e+02
1.619801937780223682e+02
2.220554747314062638e+02
1.041335804253754560e+02
1.795573339395745052e+02
-1.406637002688342477e+02
2.166242748890181531e+02
3.105181641979385176e+02
8.106897057565895182e+01
2.086350385081271099e+02
2.147613960949369698e+02
9.220996086706081485e+01
1.683011193540849320e+02
1.935178978477240435e+02
2.830921466798265396e+00
2.356977790621397446e+02
6.887428924015428322e+01
-5.388797074196942560e+01
2.318755070797105020e+02
2.217615538725374620e+02
1.738935295807123964e+02
2.413654254596461612e+02
1.147078795914831204e+02
2.691921950986468346e+02
-3.296125979010034257e+01
-1.884064107219621746e+02
1.851619066677095304e+02
6.706046525662286228e+01
1.524493926412939970e+02
3.314742887920338177e+01
-5.922960352013370056e+01
7.017298258657743304e+01
5.259376577218807824e+01
2.291897869532700440e+02
2.514322003981050102e+00
2.443566349498017232e+01
5.578194289660950034e+01
1.750058791360923749e+01
9.060453417987621094e+01
2.269601693587280167e+01
1.390469190409501437e+02
1.120559766252216605e+01
-3.312622855462642235e+01
1.425715199055282483e+02
-3.175501537799301843e+01
3.731797421906507850e+01
1.274772617940483030e+02
3.256380042164763466e+01
-3.610413786693569449e+01
7.232373430563919214e+01
4.448803601976189270e+01
1.961621607686128641e+02
2.377830930459827812e+02
1.806482856511093473e+02
-1.759330474892246343e+01
2.039085598631714333e+02
-1.679626885002678875e+02
2.129552281372005496e+02
1.187569022547913988e+02
-1.461247323653101375e+02
2.592106112190968759e+01
3.738609000577514507e+01
1.462214890755776935e+02
-1.891590075059679066e+02
5.841669169123278493e+01
