-1.018170944111104035e+02
-3.899894339997996440e+02
-1.852914853519442318e+02
-2.881645871063100230e+02
-2.633854212115592190e+02
-1.064427312605579061e+02
-4.385281363215947863e+02
-4.216113751646499850e+02
-1.717211171272319632e+02
-6.230191419449471368e+01
-1.345959604723759639e+02
-4.440512459346020933e+02
-2.649686155409082176e+02
-2.238818933811758711e+02
-3.201608139929650179e+02
-2.571076060056252288e+01
-7.920771990525975070e+01
-2.827352530856345538e+02
-7.885702052729769207e+01
-6.076689953136944666e+01
-3.545820028366651968e+02
-7.461411936065113082e+01
-2.220001496075475416e+02
-2.868912334730421207e+02
-2.890904551248670487e+02
-3.335705740029575850e+02
-1.696744437901381843e+02
-3.548614733805007404e+02
-4.442459678287056022e+02
-2.262805635426160791e+02
-3.123610515978996318e+02
-1.672881786097325687e+02
-1.491994677662610798e+02
-4.245240436863821856e+02
-5.553130760914033317e+02
-3.166295867694891513e+02
-3.549001894119609801e+01
-8.898155514919049835e+01
-8.181218434396720340e+01
-3.492435943207558466e+02
-3.866050667671109409e+02
-2.944383945121559520e+01
-2.172909686963907916e+02
-2.207305913748559760e+02
-3.021997266777022446e+02
-4.810004288122671596e+02
-6.455985553321274040e+01
-3.401080001923206737e+02
-1.355854781962825939e+01
-1.478812671248739434e+02
-1.129132636814517525e+02
-2.343069125041652967e+02
-3.250855232552279972e+01
-4.290272239643450121e+02
-1.904744266880790633e+02
-7.753947469600194609e+01
-1.294219057530710302e+02
-2.880777323597693567e+02
-2.825709903559629765e+02
-6.066291858498818783e+02
-4.303802918067316909e+02
-6.494388476546291145e+01
-2.540048363179058697e+02
-4.232641980246381763e+01
-4.046254958606117498e+02
-8.363437128697326273e+01
-4.477062954300599813e+02
-1.268633619486321322e+02
-1.337223829838063693e+01
-8.522542438102712481e+01
-5.120939163049938543e+02
-1.748827345172365995e+02
-9.033109517418331791e+01
-2.452080387925661569e+02
-2.695921157327335322e+02
-9.402782628427378597e+01
-1.645127668103403380e+02
-6.322240338563085515e+01
-2.087456149663662757e+02
-4.188892770171251811e+01
-1.375372752946956894e+02
-3.774919185997495674e+02
-1.036216782107749452e+02
-3.317809133548673231e+02
-2.532022678673863822e+02
-4.049222321176389414e+02
-1.152727510875890005e+02
-3.502890452624017144e+02
-3.612651088456270827e+02
-1.233365042134643943e+02
-3.701183522821963265e+02
-1.602208317442484713e+02
-2.978786871027407983e+02
-3.734020896740320836e+02
-2.084333302200378171e+02
-2.345876950033996877e+02
-2.347032329365516716e+02
-2.291775458970885211e+02
-4.018154656430161253e+02
-4.863564012338156317e+02
-7.681697831298721724e+01
-3.442525264080066449e+02
-1.805864852786428685e+02
-2.141652583257413482e+02
-3.496604176254489857e+02
-5.362033598912667003e+02
-3.494226520221942565e+02
-8.669907285848408662e+01
-1.339249901653748793e+02
-3.374410556376084003e+01
-1.201639728427295495e+02
-6.087849638924322448e+01
-3.121468646952650374e+02
-4.162974556715400354e+02
-9.307446938389514912e+01
-2.839622423840820602e+02
-4.176802597308204099e+02
-3.991675854724095984e+02
-8.636734742919659880e+01
-2.880247071125333491e+02
-4.994265735973372102e+02
-4.642047801274945868e+02
-2.852250207088457046e+02
-1.209589564636112016e+02
-1.685418894584390159e+01
-1.219457621112228054e+02
-1.384538408035164139e+02
-4.236488760880286009e+02
-1.902121554223908220e+02
-3.397339897173778809e+02
-1.005891229501920918e+02
-1.825311014699534269e+02
-6.630750461408989338e+01
-1.136314625288881928e+02
-4.810849808904241627e+02
-5.239984265689517429e+01
-7.047756997627342912e+01
-8.863313886779100415e+01
-2.695415355887844839e+02
-3.922513728940326700e+02
-2.811023526069593572e+02
-4.275856532474257961e+02
-1.732284734985945249e+02
-4.074143994372031443e+02
-1.028094509339952367e+02
-2.431337525879139037e+02
-3.534554384607850466e+02
-9.247676708138004642e+01
-8.488918197446433567e+01
-7.938341863942952159e+01
-3.726112527477120580e+02
-4.465138273330113634e+02
-5.731499173693954674e+01
-2.893331503357943575e+02
-9.903910889589064936e+01
-1.003764209558706284e+02
-2.799393795540077008e+02
-3.245089112864441745e+02
-9.574196789839140820e+01
-2.879516058059847410e+02
-4.349262597501824530e+02
-2.510277691949390828e+02
-2.819520045538717454e+02
-1.541603039593213111e+02
-3.841439013054629754e+02
-1.130240417597905207e+02
-1.471961360942248689e+02
-5.197018666253264882e+02
-2.388629924408402587e+02
-1.221497783805517940e+02
-4.144844039672187250e+02
-3.537655052668299049e+02
-2.337358347331784501e+02
-6.725555794349003236e+01
-1.221347891373018655e+02
-2.167512714646067025e+02
-2.560808912813366760e+02
-2.714085833655866509e+02
-2.048229680770381265e+02
-2.647714388835437376e+02
-2.714631687440220276e+02
-3.363969141347042182e+02
-3.170453850911726477e+02
-4.731066765251662787e+02
-9.104960072947193339e+01
-4.117639345986228818e+02
-3.598606280447752397e+02
-2.706633328874052040e+02
-2.315529002972817239e+02
-7.888039073998848494e+01
-4.021492564839057593e+01
-3.471365716228405631e+02
-1.128909050168998220e+02
-2.170226861637218008e+02
-4.909800017792789362e+01
-3.496348338312716351e+02
-4.290305913055768769e+02
-3.137980660083856037e+02
-4.563214261005659012e+01
-1.345967368521784238e+02
-4.491915883952786430e+02
-2.639078211070180373e+02
-4.115672521603290193e+02
-4.724260601362427110e+02
-2.390955639577331340e+02
-3.166934496338573126e+02
-5.206081094562061651e+01
-4.096895135705276516e+02
-3.808312482922892173e+02
-3.092761930235412819e+02
-9.322045095304983420e+01
-3.563588640570198436e+02
-3.032645509885852562e+02
-8.132749162027457146e+01
-3.732422342170025331e+02
-7.775906303619539983e+01
-4.463650953106550645e+01
-9.605370336074203408e+01
-1.013728401324202650e+02
-2.264834992058212606e+02
-2.778699866366609967e+02
-1.572912982304432319e+02
-2.825255179011510904e+02
-3.758108198256888954e+02
3.436782428114881327e+00
-3.825046797363490896e+02
-1.523967627694759130e+02
-3.965682169736118681e+02
-1.562793193592788725e+02
-5.272940819539589938e+02
-1.084339692169958766e+02
-1.111456098140726994e+02
-2.484102817223355260e+02
-2.266066757520823671e+02
-2.803234610653106529e+02
-3.662075287059263928e+02
-1.397184464924601173e+02
-3.241368848509581539e+02
-1.281099019907696288e+02
-1.064498791966352513e+02
-2.345813488799367121e+02
-2.340924893325879736e+02
-2.865655974666162820e+01
-1.450211345964352176e+02
-4.403880719576715563e+01
-1.147313533861430699e+02
-2.171703916818248956e+02
-3.136566532629617541e+02
-2.186832265011321965e+02
-9.251479157163608136e+01
2.340269590109447506e+01
-3.602733921416119642e+02
-5.710673328999782825e+02
-3.578054300519384583e+02
-1.182451610063087202e+02
-1.137750658071185939e+02
-5.549728336034846166e+01
-4.307025772678304634e+02
-4.282998012451118939e+02
-2.504622629179237947e+01
-4.685240233344877083e+02
-1.785346053728245579e+02
-4.606021373669371997e+02
-3.329541140466725437e+02
-2.313863313922748262e+02
-7.713965408299532101e+01
-3.306622228306513307e+02
-1.666972487719005471e+02
-2.821957456615125466e+02
-4.599603615450310485e+02
-3.464329414396692073e+02
-3.569279112025561176e+02
-6.161582348391138453e+01
-8.178452659264617353e+01
-1.015936181248499537e+02
-2.494585534257132338e+02
-2.604310614379564868e+02
-7.368993185531624590e+01
-3.461507392904015887e+02
-1.691343822240451686e+02
-3.594449216342454747e+02
-2.312448647156912784e+02
-3.455890229014753459e+02
-2.712707464438237253e+02
-1.931963316490869431e+02
-5.487681995093613097e+01
-1.058199789739435488e+02
-8.345116210907295340e+01
1.504706573458865648e+01
-9.189511211370680144e+01
-4.970568498988288297e+02
-2.791292539898651626e+01
-6.040245478992859063e+01
-5.404889695670610905e+01
-1.956994173085748798e+02
-8.178678482841236530e+01
1.986790001206685474e+00
-3.146860307048648338e+02
-8.834509294491162734e+01
-6.434631930855331916e+01
-6.863181373062420221e+01
-2.682648050096591987e+02
-2.681400622876501529e+02
-9.888889232568175203e+01
-3.677406901517028359e+02
-4.050032068199049036e+02
-2.024129747271236113e+02
-3.570038507199155902e+02
-1.427039919367354628e+02
-2.664825484383499088e+02
-3.273628722462559608e+02
-1.123468619330927112e+02
-1.025863668580575307e+02
-1.675241166781138702e+02
-2.357783397312873888e+02
-3.104152135163519119e+02
-4.905911098552333982e+01
-1.185851711544652858e+02
-3.263324847516618092e+02
-1.360271968979473627e+02
-6.335059971235295251e+01
-7.893998060672637962e+01
-3.437064052091872668e+02
-4.597554362279531404e+01
-4.836041853393121670e+01
-5.013812793839256869e+02
-7.291662782222149986e+01
-2.068843663387786478e+02
-1.983951882619388698e+02
-2.462392496813379523e+02
-6.076432720189362158e+01
-5.487901282137416104e+01
-5.427099868365962010e+01
-1.150953092382977161e+02
-7.273605882841911807e+01
-7.291231050810358738e+01
-1.839089006117369820e+02
-3.498223425642462985e+02
-1.370771851821635323e+02
-2.911929985390751199e+02
-2.843823534081875550e+02
-3.577716945021816741e+02
-1.089966058159510425e+02
-1.886930878398060258e+02
-3.054270846155917241e+01
-2.918002800569597639e+02
-2.325233759303362149e+02
-3.436312800735377095e+02
-1.993910598119956035e+02
-1.438659650987664236e+02
-3.564223070078943465e+02
-9.272787921693023350e+01
-3.696256550816423214e+02
-6.656724392790940215e+01
-9.418395239446144274e+01
-6.214156983636307530e+01
-4.229264844762796542e+02
-2.875776626291584535e+02
4.915821218102752255e+01
-2.673439588107523832e+02
-3.367585901705344327e+02
-7.701035827582397530e+01
-4.239612145498886093e+02
-1.562220184709116211e+02
-1.619636081537783525e+02
-1.638806474665131248e+02
-3.128371613195999998e+02
-3.993767211541593269e+02
-5.220714411679091427e+02
-2.693408499162162002e+02
-2.006026393448687486e+02
-7.823769835848690946e+01
-1.264726442216440603e+02
-4.286546159596939560e+02
-7.947427774339811890e+01
-3.264161511198459493e+02
-2.853788605036307899e+02
-1.014319874768116705e+02
-2.718904658695105354e+02
-3.334243805926406878e+01
-2.320336429127756048e+02
-1.018637683757784487e+02
-1.144987317166354330e+02
-6.869411576810782094e+01
-5.046790779921109049e+01
-2.886535457085299186e+02
-1.594968577743233027e+02
-2.180713459131371792e+02
-1.018792634057295885e+02
-2.867590937324457627e+02
-5.019319110119889160e+02
-1.963811872079062084e+02
-4.191238652157693423e+01
-7.147889456356125493e+01
-1.495383851821193844e+01
-3.329248931307906787e+02
-3.818301906914041410e+02
-2.988585419532428205e+02
-2.394088546166648257e+02
-3.254614772680274655e+02
-4.040095979058038438e+02
-8.085086603119890469e+01
-1.974870633369560835e+02
-2.042854675155219866e+02
-2.812765908227612499e+02
-1.392044762674152594e+02
-4.044508315569517549e+02
-6.714578314207867038e+01
-3.098692340198155080e+02
-6.881857176231687845e+01
-1.698378501845631945e+02
-1.043114573728145018e+02
-2.816109907247610522e+02
-4.106913603116526019e+02
-4.656059706171760126e+02
-4.420940691939235734e+01
-7.969525956211842299e+01
-7.837989624199265393e+01
-7.919572845608200851e+01
-6.873381773418003604e+01
-4.159349337066904582e+02
-3.909924405623677899e+02
-2.973880953742180395e+02
-1.129225010771779836e+02
-2.130664766579723732e+02
-2.865018863087927912e+02
-2.879712018454436873e+01
-1.909599200478380965e+02
-8.603894152689875341e+01
-2.180466414115911107e+02
-1.651702710028111483e+02
-4.898938119448663429e+02
-1.742841864886049734e+02
-7.973788011579779322e+01
-3.859016661071729573e+02
-2.286224247212128091e+02
-3.591400485571714398e+02
-3.322287150732184955e+02
-7.299075263975545624e+01
-5.029008115999116058e+01
-1.134365053597313420e+02
-9.007797694206468009e+01
-1.188746811189700878e+02
-3.655940504048787147e+02
-2.567448703421957816e+02
-4.001185721665836468e+02
-2.835367838735227508e+01
-4.619636793931606178e+01
-3.285030524272223715e+02
-2.128638936190636173e+02
-1.250625938415795133e+02
-3.246793797941729736e+02
-3.510681290884469377e+02
-7.486629876265715211e+01
-1.814324581901766464e+02
-1.961318107302358840e+02
-5.557032895891059070e+02
-4.395213531322734752e+02
-1.523266491226605979e+02
-2.697793554124629054e+02
-3.407450892419078627e+02
-2.333266385294981546e+02
-8.585060515617301746e+01
-1.165713011374829478e+02
-3.248001041106329012e+02
-3.560604954395245159e+00
-4.680297605907236971e+02
-1.779451692132369089e+02
-9.614321360131908989e+01
-3.497546982589285562e+02
-8.722180009694992009e+01
-3.608987283545043283e+02
-1.222757834903327989e+02
-6.466812219426304864e+01
-2.356044970149883397e+02
-3.384741057474693662e+02
-2.811625730834376782e+02
-1.948761065760517113e+02
-1.106027801353041156e+02
-6.527678091645482539e+01
-1.390676206992783932e+02
-3.110785999275366294e+02
-2.380794279060260976e+01
-7.792354654210265608e+01
-9.804670137990483170e+01
-2.846769031990182839e+02
1.267161342705465188e+01
-8.877682473788090078e+01
-6.638448286384374342e+01
-1.015893110214785224e+02
-6.714386107048130725e+01
-7.381622080913538753e+01
-2.915098920830506017e+02
-1.149326781359238794e+02
-2.775505565203588958e+02
-3.819905791091915148e+02
-2.793894886702291842e+02
-2.464366763530047706e+02
-2.568108765335528005e+02
-1.070315971991444854e+02
-3.779744589271975315e+02
-1.838951145852064428e+02
-2.860307149557515345e+02
-5.192177522458793959e+01
-2.206013581095738800e+02
-2.364658308551665868e+02
-3.332041368064612925e+02
-3.878990626025606616e+02
-1.175985394075191550e+02
-2.250851401940375638e+02
-8.387027418785352495e+01
-3.130261229535215080e+02
-2.473790930924832594e+02
-2.101917354907922117e+02
-7.077516862176793211e+01
-1.272861316367263385e+02
-1.261769394733478293e+02
-2.168742340348698008e+02
-6.621562157893299627e+01
-1.017895212913193745e+02
-1.963137806256785325e+02
-1.253631691174313403e+02
-2.290596346920849555e+02
-2.825727813416224308e+02
-1.369700569244684232e+02
-2.272054510336209887e+02
-1.409417080944297425e+02
-2.145949561544586572e+02
-6.539569865538719284e+01
-1.501539678358733170e+02
-7.619197902531948330e+01
-3.466036825126089127e+01
-7.141618843488316770e+01
-2.008117582731297261e+02
-6.717359342430803792e+01
1.767880916859418505e+01
-3.376590560147335509e+02
-3.373489246500670333e+02
-2.238476616317672949e+02
-1.576884841561252983e+02
-1.108212484990147146e+02
-2.257666914346762042e+02
-5.099381434309361794e+01
-3.880891628448717938e+02
-3.065284782996318427e+02
-2.905551982536534297e+02
-2.997405074012243631e+02
-2.745060857326247117e+01
-1.133584907796161190e+02
-3.479597326670473194e+02
-4.268247792826070395e+02
-3.727985763654603488e+02
-1.446297929526683106e+02
-2.197505817752798976e+02
-1.445299196584854826e+02
-1.723267998559759064e+02
-1.175859367982812671e+02
-6.743049079723385830e+01
-3.678742975080065776e+02
-2.088751929330146595e+02
-2.392974806598639077e+02
-3.505718716560844541e+02
-3.174096911898255371e+02
-1.894770377832499548e+02
-1.834857989710552602e+02
-2.811258365963129222e+02
-2.166655222952801978e+02
-1.933393065091129301e+02
-3.901738720203555886e+02
-4.125345352722901566e+02
-3.329724258923334901e+02
-2.041599788716861212e+02
-1.514618710240569612e+02
-2.931257176143681704e+02
-1.753270374688326569e+02
-9.869087598174239417e+01
-1.221549904064140861e+02
-2.017653835961692153e+02
-2.945034489210265747e+02
-1.345773325149501147e+02
-1.967417512938498589e+02
-3.393369935149717094e+02
-1.799832494059156147e+02
-2.849900849259182110e+02
-2.667952923017907096e+02
-1.213829486839962897e+02
-1.154461432634479650e+02
-1.812095357678717278e+02
-1.086051102876301542e+02
-1.643677427099296438e+02
-6.320146401634134747e+01
-1.483048035675263350e+02
-6.930240238632732996e+01
-1.360099038551010437e+02
-3.199659338296410169e+02
-3.471455442676136727e+01
-2.265860996885037935e+02
-1.626131968924640887e+02
-1.896328354425225200e+02
-2.022881086504592076e+02
-4.099772688533541896e+02
-5.306127166137989803e+01
-1.073281391586412212e+02
-9.525391076385251665e+01
-4.759780239026256510e+01
-2.381243864158066117e+02
-2.777232804231005048e+00
-2.214864673080497823e+02
-2.511969816181161264e+02
-5.984963106408116573e+01
-4.011279522122936783e+02
-3.247303716477611033e+02
-2.632727780308291585e+02
-2.723110550415348996e+01
-1.569461612290115795e+02
-1.097148778655743371e+02
-1.164434309766470932e+02
-3.613961867084191795e+02
-1.465941968525365837e+02
-2.193898088297182198e+02
-3.074063884659239534e+02
-1.119733631792749691e+02
-2.335745037527017871e+02
-1.379338892750622279e+02
-3.275429840663781533e+02
-1.428104191491169104e+02
-3.359570940563547765e+02
-2.555643133108184486e+02
-1.945329748987791731e+02
-9.142281623856460726e+01
-2.986745941669005333e+01
-2.318202181393388059e+02
-3.523810737065596186e+02
-3.390873673651564104e+02
-2.948302212053002904e+02
-4.692605782266307557e+01
-5.679187640170032836e+01
-9.874078582704632367e+01
-3.001285682789890643e+02
-1.176672456553851021e+02
-3.886152561297075181e+02
-1.664945498518422369e+02
-2.587733598978037719e+01
-4.101559184362379540e+01
-1.378753720603166073e+02
-1.676120455010683941e+02
-1.779067916097864952e+02
-1.625920740419462049e+02
-8.682779252780642310e+01
-8.103442976200845749e+01
-1.168735316688616450e+02
-2.533233139547316171e+02
-7.171267652675173565e+01
-2.473618055961626396e+02
-2.014269749033587686e+02
-7.807802751797527208e+01
-2.774837318973904132e+01
-1.581160342490199469e+02
-2.336127742351353618e+02
-7.108901388575552005e+01
-1.363980110855625867e+02
-2.128699716408322047e+02
-7.965961513680903749e+01
-2.231687999343316164e+02
-1.812555012282014673e+02
-1.586822102380420176e+02
-3.473825988135575358e+02
-2.210824730719818376e+02
-3.338008122944642082e+02
-3.896076367562849327e+02
-8.444402918934983404e+01
-5.804532313935230547e+01
-2.767197289382881422e+02
-5.384005438249633357e+01
-1.739921479964845048e+02
-4.371253191690540234e+02
-1.090107981507864849e+02
-4.589571762429985569e+01
-1.166397269235003051e+02
-2.347544427887881398e+02
-7.828621315641255762e+01
-3.550688455462209845e+02
-4.605392983675544087e+02
-1.017868899266779295e+02
-2.702101053542758109e+02
-5.447735582115848274e+01
-1.107197428622603042e+02
-1.791769755490545322e+02
-4.505376058160437935e+01
-2.948680773410525262e+02
-8.747455772813822250e+01
-4.959048365652832047e+01
-2.976365532982850937e+02
-2.716218921845204477e+02
-1.625513295659282562e+02
-2.470318365321090823e+02
-1.054423574977387261e+02
-3.309914591566492845e+02
-3.581320502898466316e+02
-2.882773805156635376e+02
-1.277391522223074531e+02
-1.866871419848292248e+02
-2.421372525339385504e+02
-1.210512021872380615e+02
-2.110711438779834168e+02
-4.442185022301553943e+01
-5.951893931421979289e+01
-2.661960558228565787e+02
-2.607588681000119095e+02
-6.147304203307595571e+01
7.209408836109076901e-01
-5.010026331274164590e+01
-9.176512946047979824e+01
-3.092178083048592612e+02
-1.111273204994241155e+02
-1.713758411434314439e+02
-6.315514434274654576e+01
-3.048519414787753021e+02
-3.698873288077134589e+02
-5.668238481178273247e+01
-3.133611480389317876e+02
-3.059387214673026278e+02
-1.896059745923124069e+02
-2.636533958879045940e+02
-3.519702765048547235e+02
-1.039811254777380896e+02
-5.529053825955070067e+01
-2.093412652190568224e+02
-3.430248877338101465e+01
-1.629597590640489386e+02
-1.456272449338554225e+02
-1.974295495592147631e+02
-2.814910924097393945e+02
-1.544013628826529043e+02
-1.541863695387234259e+02
-5.458474891146868657e+01
-6.886060289831530667e+01
-1.887045522988811683e+02
-1.499443327226520637e+02
-1.653279272892444283e+02
-1.103087340400061294e+02
-1.053429312384960781e+02
-9.700065138373133777e+01
-3.755778377196673432e+02
-6.679064199740564334e+01
-1.160293240937858741e+02
-3.646889761693420269e+02
-2.134851714313187472e+02
-9.086961783138239923e+01
-1.768986008362273878e+02
-4.110281185793019745e+02
-5.461867116313798931e+01
-2.617699714714556194e+02
-2.859355216247327292e+01
-1.603491072536159550e+02
-4.112136723048053000e+02
-6.320870996669899000e+01
-8.205942091945954076e+01
-2.131874218388404927e+02
-3.205781599640447155e+01
-3.436245278097901519e+02
-3.268987866784088396e+02
-1.954168980620103184e+02
-1.619287385716449990e+02
-1.075737681846667613e+02
-5.003526622449845007e+01
-1.585726289642541644e+02
-2.670168514892347957e+02
-1.554044284277291581e+02
-1.502504314380714163e+02
-2.418506620219124272e+02
-2.718732029044037404e+02
-7.984061930049561795e+01
-3.267697341887293305e+02
2.763124399382161300e+01
-1.555070835974862575e+02
-3.078785882888977312e+02
-6.748605187108188375e+01
-9.982616303936639213e+01
-1.761861741546273663e+02
-7.340892364450415641e+01
-1.885860890606809335e+02
-8.851830767532996447e+01
-2.685030180323471996e+02
-1.881429643764448656e+02
-1.980066017762428601e+02
-7.738210991425521001e+01
-5.209677429187637188e+01
-1.898385807652925905e+02
-1.087122665025604960e+02
-1.113388957404232968e+02
-8.225915455114785857e+01
-1.819010397650509958e+01
-1.143886397737882845e+02
-4.495504799779499194e+01
-3.062065796055762803e+02
-4.689939653045918533e+01
-7.303575010330068551e+01
-1.678793259397465931e+01
-2.258210694504742264e+02
-1.669537770413886903e+02
-3.643901719139860234e+02
-7.603140699586523965e+01
-2.209522525015624694e+02
-2.867823801344191565e+02
-2.978106929025000227e+02
-1.770130386548951833e+02
-3.662919750224578479e+02
-1.630114809332371237e+02
-3.518390424104019303e+02
-1.649602164651969076e+02
-5.541059836020814373e+02
-3.570676722359034443e+02
-1.588076824661951605e+02
-4.566098292653730937e+02
-1.249281356804338401e+02
-1.526792014709579917e+02
-7.227724698582123608e+01
-1.421949985366647411e+02
-3.708299477895816949e+02
-2.678488331249256476e+02
-1.364136346239795330e+02
-1.842801527581679579e+02
-2.327647507194847094e+02
-1.825822831710792116e+02
-1.509225810373115166e+02
-5.379460519045298952e+02
-3.185858490220696240e+02
-3.181678705565182668e+02
-4.044576795297768399e+02
-3.803829430102171045e+02
-1.027171469557798389e+02
-8.982843629923635831e+01
-1.828942577903160895e+02
-4.451734789936544416e+02
-5.488078648161720707e+01
-3.702976429008595574e+02
-2.929415690458313861e+02
-3.269835254853748552e+01
-3.488096031184954882e+02
-2.152800364189538698e+02
-2.645125817806023747e+02
-1.851335281682113418e+02
-1.548796852729936688e+02
-4.752270857851014512e+02
-3.153081899404062369e+02
-3.081761562139678290e+02
-3.649251846556734904e+02
-3.244343239691041276e+02
-2.956172727590898148e+02
-1.924531068377645511e+02
-9.192906839391201856e+01
-2.248138886069459090e+02
-4.697175906371009546e+02
-4.085659355075698045e+02
-4.992836764689331517e+02
-7.432960280787905560e+01
1.332830836799459462e+00
-6.582569800538115601e+01
-1.040227008187583948e+02
-3.188418623555705835e+02
-1.273495019382550595e+02
-3.207108138814736549e+02
-3.909140224725237545e+02
-3.674097171094305168e+02
-3.026998541925217978e+02
-3.536134677347833417e+02
-2.331072384808585412e+02
-3.638287234229753153e+02
-1.362897547771019617e+02
-2.521969903312248107e+02
-4.910969567553001980e+02
-2.598445463800270261e+01
-6.566997169643586574e+01
-1.953394675838639500e+02
-3.297581945669215884e+02
-2.349589849708518727e+02
-4.811158913133676407e+01
-5.025848755867829709e+02
-6.728528586725406058e+01
-2.062791773366406005e+02
-1.851116156338214012e+02
-2.992915172934618226e+02
-3.555693837093980392e+02
-3.903250756946919751e+02
-1.453731164799636417e+02
-2.324775185475302237e+02
-2.033101273488310312e+02
-2.046271637059263924e+02
-4.830685487821928064e+02
-1.388752051284404843e+02
-3.469313576836101447e+02
-3.216354364039475513e+02
-3.257810939516319308e+02
-2.111278065024943089e+02
-8.765038305938200835e+01
-4.240736343662779859e+02
-4.567690527212852913e+01
-1.789154891563577507e+02
-4.537406308551332472e+02
-4.537941410559034807e+02
-1.812417824012216556e+02
-8.556111904919455924e+01
-9.398839061363732128e+01
-3.247985398072831345e+02
-5.438598574364361866e+02
5.670616879636057206e+00
-5.163494700032290439e+02
-3.802556841201684961e+02
-3.919575527515099225e+02
-3.162936034556906861e+02
-3.218639036029322824e+02
-1.132716735318059165e+02
-1.155990669343331945e+02
-2.514031783605633450e+02
-2.812741352742003755e+02
-2.626530757553402395e+02
-5.889861203073519391e+02
-1.048418798741617195e+02
-2.384073437440740975e+02
-2.302381678824265521e+02
-1.639511528541831922e+02
-3.974663664128589744e+02
-2.949465145365720673e+02
-2.926241471169269062e+02
-3.728089135955171969e+02
-3.171549474547007321e+02
-2.666194083462346498e+02
-8.605410956825770086e+01
-2.852791133440749718e+02
-2.623654910776455154e+02
-2.428992543989912178e+02
-5.518348896270224486e+02
-2.805667881432259492e+02
-2.771840272070291462e+02
-3.058249617743456952e+02
-2.401007319945115341e+02
-4.585867648261402678e+02
-2.705852804684968760e+02
-3.967266041033173565e+02
-3.270818711409442017e+02
-9.569829721960431357e+01
5.109744620416328331e+01
-2.051162792875249465e+02
-3.720883253729675175e+02
-2.018364664414965262e+02
-2.844267305299782720e+02
-2.383288483840724439e+02
-4.050132422569604529e+01
-4.026287289235482376e+02
-5.285069098246598287e+02
-4.245899833316111227e+01
-3.964610949802817572e+02
-2.738635471973288986e+02
-3.729728711722603975e+02
2.505897909267079626e+01
-2.267985978840692667e+02
-9.296375557866531381e+01
-4.173920463194564832e+02
-2.160542409985316965e+02
-3.132867844976734659e+02
-4.761613725755466930e+02
-2.109839091362172212e+02
-2.020544788771433389e+02
-2.016865215418261528e+02
-6.995892450225728965e+01
-3.366797151647737110e+02
-1.692858305588609085e+02
-3.046580274893352680e+02
-2.402421083216559339e+01
-5.862630813047073275e+01
-1.293041670710339872e+02
-5.911198102788138442e+01
-4.270179408820109188e+02
-2.459355502051581084e+02
-3.599282790616296666e+02
-3.453296094793020643e+02
-3.013100251079638383e+02
-4.612786364831318906e+02
-1.931506784778661938e+02
-2.015407824841646516e+02
-2.090983680925285171e+02
-3.135290889156029266e+02
-3.600634753444115290e+02
-2.960741520172611558e+02
-2.189806213217115669e+02
-6.905468573765438123e+01
-4.254965709848671622e+02
-2.965709686142144506e+02
-2.209300095359639045e+02
-4.146456746967783147e+02
-3.438449562887923321e+02
-5.163859713169799193e+00
-3.832510420840216625e+02
-2.683569079635772141e+02
-2.591404977337425066e+02
-1.733161934870882419e+02
-2.911759870995650772e+02
-9.922919825556134299e+01
-2.731031380061720029e+02
-3.775471067844340496e+02
-3.573983046729296689e+02
-2.249770134933324357e+02
-2.450163661212441468e+02
-1.541790055841307208e+02
-3.340048055091002652e+02
-4.439629826870158809e+02
-3.978238169161319320e+02
-4.820884828082978402e+02
3.636170550656681399e+01
-4.710154457516065918e+02
-1.645130573365597115e+02
-5.304103754617779032e+01
-1.782245432663082170e+02
-2.611453007303587128e+02
-2.482395202874779727e+01
-2.257314598104315451e+02
-3.126285856838848076e+02
-2.519378093700296404e+02
-3.034179532235285137e+02
-2.994261104105366940e+02
-2.750134096557544581e+02
-4.566148303015983174e+02
-3.734178232101997423e+02
-3.214707167450804945e+02
-1.679166463316517195e+02
-1.469631268700795488e+02
-3.140322217938835081e+01
-3.643618374007980947e+02
-3.711522385207147181e+02
-2.963656389732303751e+02
-3.486057429453984469e+02
-7.846441119400377318e+01
-9.815075747763468428e+01
-5.365711680748514709e+02
-4.897399874401525040e+02
-2.506771186527232089e+02
-3.577910534987522624e+02
-2.304121439091780701e+02
-1.942135367636930141e+02
-1.274976065018781100e+02
-4.551605222369457806e+02
-4.142129462130264983e+02
-2.210467413564115304e+02
-1.597502433951844409e+02
-2.064675102962941082e+02
-3.105640723575425568e+02
-1.722096944341933238e+02
-2.896219725553436319e+02
-3.046896727739078869e+02
-3.610379976095630354e+02
-1.928659454128765560e+02
-3.187766853247068184e+02
-2.857014814481114229e+01
-1.983561318002288090e+02
-1.335645235485574176e+02
-4.605929163204510814e+02
-4.402409916470000439e+02
-9.610525382412987483e+01
-1.515095535012667369e+02
-2.792776115227543983e+02
-1.050128833563683202e+02
-2.806685278664072598e+02
-1.796699428911927043e+02
-2.640853947904153074e+02
-3.887113124141490061e+02
-1.739518109863085158e+02
-3.835541500771594059e+01
-1.621884758481361359e+02
-2.013415571864847493e+02
-5.018275031993174196e+01
-2.388559073100519186e+02
-4.776877285728579636e+01
2.011601308457086645e+01
-2.088426340503513075e+02
-2.318716273014082958e+02
-2.406298080511429589e+02
-3.237481349730462625e+02
-1.057465844023804209e+02
-1.636224025836039004e+02
-3.730029414851464935e+02
-4.565345773904879820e+02
-1.203875711082692703e+02
-3.838058172567240263e+02
-2.236973362103151430e+02
-3.979070412410404742e+02
-3.018330056826314376e+02
-8.070787143547782705e+01
-4.133733782110488733e+02
-2.183647062152103899e+02
-2.663102613810918911e+02
-4.553167963460506940e+02
-4.089032809459270084e+02
-2.892569060292237282e+02
-2.516190914154353493e+02
-9.243569802314915762e+01
-1.022729753754372553e+02
-3.541204005210146306e+02
-3.065083915549593030e+02
-4.032548057779631563e+02
1.985841357693244902e+01
-3.113837796500515651e+02
-3.886984946381917894e+01
-8.473721422917478208e+01
-1.011149183310470931e+02
-6.007015487696472889e+01
-2.086285977124268811e+02
-3.572687629398116087e+02
-8.781176368819411948e+01
-4.478092681687499521e+00
-2.049975922420530878e+02
-3.063116999107361380e+02
-4.182109707848391054e+02
-1.359884556128565407e+02
-2.194638858682033629e+02
-4.505975975729655261e+02
-3.687012237471001299e+02
-1.889876269997890290e+02
-3.360183669918760643e+02
-3.868830777176156630e+02
-3.746627066782274937e+02
-3.097305942720942085e+02
-2.820549857861380474e+02
-2.904229942084563163e+02
-1.844252719035048358e+02
-1.502383668773151442e+02
-1.670679807905529515e+02
-3.347253203851619219e+02
-2.019132191000441310e+02
-8.253382784176801579e+01
-4.512751687860041443e+02
-1.135029111768125887e+02
-3.392427349538838257e+02
-1.651646393265796746e+02
-2.160312980852959299e+02
-4.109933161475705674e+02
-4.178823401148388825e+02
-2.553182622940186377e+02
-2.722419209011601424e+02
-2.110796724585204061e+02
-3.271739620750866493e+02
-2.069122267552671133e+02
-4.081830196821275649e+02
-3.272319695516864613e+02
-4.729917910801501080e+02
-4.117595098106127693e+02
-2.495811756579412872e+02
-2.484484810307070290e+02
-4.555173285277158470e+02
-4.086709032096219403e+02
-2.417647889352565471e+00
-1.129199632655010390e+02
-1.954841697063956190e+02
-6.753654121200710847e+01
-9.482354926817518503e+01
-2.425164228657255308e+02
-4.481038014632752038e+02
-2.648437783873583840e+02
-2.784326054290301613e+02
-2.465371849638010531e+02
-2.508774936391993720e+02
-3.523212952930380197e+02
-1.386646753184250542e+02
-3.247384532484558690e+02
-3.661170539735129523e+02
-9.307776080921814810e+01
-2.398409938269397799e+02
-2.605974596036351159e+02
-2.618962974325232267e+02
-2.582271224289277143e+02
-1.023396633537336555e+02
-1.367392879041732385e+02
-1.775915076130888224e+02
-1.668048448957977143e+02
-2.646984327194476805e+02
-3.444342311194346280e+02
-2.098906402495550196e+02
-2.215542809767242431e+02
-1.371450442784741597e+02
-2.618776090236081018e+02
-1.903649644820711444e+02
-2.742419530177870683e+02
-2.520132641995013216e+02
-4.056522461538032758e+02
-2.631783700768345398e+02
-1.510931127288230869e+02
-1.550731043198188672e+02
-1.230753556885312463e+02
-3.340548787033610552e+02
-3.064070386286808798e+02
-4.064541657265139207e+01
-1.063872359054961692e+01
-1.868519498211082919e+02
-2.130681840914108989e+02
-4.531030808808831125e+02
-1.769870582110050634e+02
-3.700201248982090192e+02
-1.997528009733221666e+02
-1.511486496657408907e+02
-1.582680509249852889e+02
-2.251658930321640355e+02
-2.084438693851963365e+02
-4.288060989500513642e+02
-1.649461803478219792e+02
-2.101671451003617506e+02
-2.435412200461397276e+02
-3.860072183445329586e+01
-3.761046528833727507e+02
-2.163746341712825938e+01
-3.171438500977262720e+02
-2.274192770496710523e+02
-2.357976719961084200e+02
-3.692253534308382541e+02
-3.135613065439843012e+02
-2.193916124950819153e+02
-1.959707324510630997e+02
-1.102166117000059700e+02
-2.928378813181340661e+02
1.396812127937764103e+00
-4.181625497057252687e+02
-6.979152737411450858e+01
-2.336891019280974433e+02
-4.426167159318197264e+02
-3.133861415476760612e+02
-2.528323260850416148e+02
-1.886045729257688208e+02
-3.517674521651039186e+02
-2.622064733959100522e+02
-2.863708588645465625e+02
-2.574597204485888824e+02
-3.288743481580136745e+02
-3.469196293853599400e+02
-1.893388078655007689e+02
-2.600715445268391477e+02
-2.707428255029449247e+02
-4.010267832932032661e+02
-1.956030919544724895e+02
-1.447061883005379173e+02
-4.551274641248732564e+02
-3.999455957838301856e+02
-4.201001570279929354e+01
-2.562433610519785816e+02
-3.539588196979793224e+02
-4.526018155219420578e+02
-2.838547610341087193e+02
4.523860454457223312e+01
-1.387849455737560049e+02
-1.431576526399576039e+02
-1.713070033336672964e+02
-2.694478861139015748e+02
-1.752072865736194558e+02
-3.256875623488326141e+02
-1.812578274173686737e+02
-4.245104199758946493e+02
-8.813336152615693209e+01
-2.616584277275273394e+02
-7.056585558420988491e+01
-3.299900166557595753e+02
-3.092525639040817396e+02
-1.823851156850888060e+02
-1.037102936714776149e+02
-2.320304515842444744e+02
-4.214134656083706432e+02
-2.894297304548063039e+02
-1.482359961562056014e+02
-2.605245843268983208e+02
-7.447376343914517349e+01
-2.771341596487800416e+02
-4.317556781043321052e+02
-3.547725904656299463e+02
-1.527016375026080084e+02
-2.712451013223976020e+02
-4.926218953365637958e+02
-4.707832611293381433e+02
7.693315197194698385e+01
-4.096663217556866243e+02
-2.098907419898658873e+02
-6.415457676119170571e+01
-1.469033487818747403e+02
-1.439793707600646826e+02
-3.190852866669068817e+02
-2.163441893435990266e+02
-2.359261028544693772e+02
-3.369997798185358420e+02
-1.797052987597155607e+02
-2.634849960519651404e+02
-2.792057731822977757e+02
-3.813504932961914307e+01
-2.013411529530534096e+02
-6.815072349462013790e+01
-2.046915010728330344e+02
-1.975771476616232576e+02
-1.479216002125427849e+02
-3.393768174382710185e+02
-1.394708535459664631e+02
-3.557638561392556653e+01
-2.992256341899237668e+02
-2.346293067513053643e+02
-3.574977076053327210e+02
-2.558262578574026804e+02
-2.327285464688918069e+02
-1.852414804893722362e+02
-5.356300310383601300e+02
-3.131190853969918066e+02
-2.775098644948221249e+02
-2.178232301229446080e+02
-2.250942898382388080e+02
-3.074540784784830976e+02
-3.589456212183018238e+02
-3.658849364113876277e+02
-1.791782722489691082e+02
-2.586407775509056819e+02
-3.791461636147721492e+01
-1.404450449627334478e+02
-2.398098468370793910e+02
-1.224486191350682134e+02
-5.142224569029236818e+02
-2.826813607068105512e+02
-1.627345676313769332e+02
-3.447281410542378808e+02
-1.172166504018352100e+02
-1.362497754500705582e+01
-2.549526360743742543e+02
-3.140310227574655073e+02
-3.435664085385964199e+02
-4.013337827330690288e+02
-3.676917282468860435e+02
-3.050486374106200174e+02
-2.007924918071299771e+02
6.884350379847404611e+00
-2.935627486374498858e+02
-6.763267662497722768e+02
-3.603253867386618481e+02
-3.163563642257556694e+02
-2.953803870997544436e+02
-1.850514886816874878e+02
-8.005198780753718779e+01
-2.544664152407456470e+02
-2.360102810542933298e+02
-2.534306583868800260e+02
-3.301937541270148131e+02
-5.035958049039674478e+01
-1.511226963101040326e+02
-1.504486481787754428e+02
-1.556304043097966314e+02
-1.911517044141501174e+02
-5.283955342673243649e+02
-1.722738927737764243e+02
-2.458580339291927999e+02
-2.150502236258770381e+02
-2.902002020743562980e+02
-4.231495758564262246e+02
-3.708769373641459879e+02
-3.118298746203646488e+02
-4.295848592253497600e+02
-2.819309061021217531e+02
-1.930688242998582780e+02
-2.287770328757786729e+02
-4.329641011663649692e+02
-2.526370356626229352e+02
-5.529338927910504964e+01
-2.214869067224470029e+02
-3.491964418921337483e+02
-1.834422211442823709e+02
-1.258189473367821165e+00
-5.163072287467953174e+02
-1.835008925450595996e+02
-2.404176115178158852e+02
-2.446126569280404794e+02
-4.648836213092860135e+02
-1.644320989422321020e+02
-4.686969838302482572e+02
-3.679736217513722636e+02
-3.047612188055575189e+02
-1.988100729784591465e+02
-3.659461665205756162e+02
-3.734598145195285497e+02
-1.751170615869930884e+02
-5.383125547966774320e+02
-3.604980695013929335e+02
-2.328671251998204639e+02
-5.371211443389854168e+01
-1.907270478773079105e+02
-1.180533018481234819e+02
-2.981996834252201438e+02
-2.370176933568081665e+02
-1.582466454100672308e+02
-5.053365801840328118e+02
-2.678487699459046780e+02
-3.888916679204108391e+02
-1.931121306506298367e+02
-4.006806165640529684e+02
-1.974263535022583369e+02
-2.686586802628793293e+02
-2.994785284298858414e+02
-2.477945692973171674e+02
-3.313926485658994352e+02
-3.202830434707612994e+02
-2.035954185748736904e+02
-2.568178104488750932e+02
-1.204305729277252937e+02
-2.456758794900737826e+02
-3.063976813656822742e+02
-3.821655301849192483e+02
-1.933315581989307930e+02
-3.094551546954880905e+02
-2.531559486802502192e+02
-4.354281507353929328e+02
-2.490990534948309687e+02
-2.235131374292760427e+02
-2.491737591169010955e+02
-4.156784485645450218e+02
-2.820925891478735252e+02
-4.318628819801248255e+02
-1.502736578425362666e+02
-1.462812227140546497e+02
-2.067874138540744866e+02
-2.485204388316764437e+02
-2.976998012826260265e+02
-2.355466401685312121e+02
-1.965760114603437785e+02
-2.496428427589117973e+02
-1.321286838447576031e+02
-1.848373382905405720e+02
-2.447943015277484449e+02
-1.961483077897665908e+02
-2.054509325826669794e+02
-2.625067139097170639e+02
-2.214139377410803036e+02
-3.397204688719701835e+02
-3.852686460254899998e+02
-2.378660975511750166e+02
-3.247671917257466134e+02
-2.588397291306037005e+02
-2.336285046584414999e+02
-1.865448763000105146e+02
-2.300400685216072816e+02
-5.149883728699984431e+02
-4.113637984388071800e+02
-1.317388507131756228e+02
-2.106549672278603111e+02
-4.331720905456880359e+02
-2.405683463047367638e+02
-2.351292210304598029e+02
-1.936942581292546492e+02
-2.317317455499111247e+02
-2.181160219663219664e+02
-3.104170431525134290e+02
-1.073160983677393006e+02
-2.108824640052990844e+02
-2.591701564347263229e+02
-8.466598949850735778e+01
-2.176946509288823677e+02
-2.349389489321413294e+02
-2.645850261843587532e+02
-2.431310673416208488e+02
-1.791112831397397542e+02
-1.756390154158587791e+02
-3.069870242553813569e+02
-2.087849661438323210e+02
-2.220031950616801169e+02
-2.317418507338518054e+02
-2.052273090638631743e+02
-2.622872627586908720e+02
-2.629530485327458109e+02
-2.925813251842604359e+02
-2.880280472377434080e+02
-2.976197199236578399e+02
-2.685708545818987432e+02
-2.070247847951367817e+02
-5.370828960469522144e+02
-2.754210154968933466e+02
-2.489406216291960732e+02
-2.564261563870167038e+02
-3.653156027416050051e+02
-2.896129272104240044e+02
-2.403419802913278147e+02
-2.070567106053580915e+02
-4.872409953694749447e+02
-4.300943202379694981e+02
-2.842284910676956997e+02
-1.869823715803355242e+02
-2.483091380804579842e+02
-6.623235169578549630e+01
-3.031922457631747534e+02
-2.556657338381506008e+02
-2.374811270926923328e+02
-4.272810095864626305e+02
-2.449877349470913543e+02
-2.612142069154031105e+02
-2.467143776515951572e+02
-1.782898429742773772e+02
-1.923166509810766911e+02
-2.500603021335101914e+02
-3.154808301640512127e+02
-2.059093079634013179e+02
-2.626360523867173242e+02
-1.741564987148536829e+02
-3.532956802175734197e+02
-2.815301766686354767e+02
-4.832788119563674059e+02
-5.475936208162502226e+02
-3.520893750801827764e+02
-2.472754218755978002e+02
-3.067501518748532021e+02
-1.985954451618503640e+02
-2.466351517067822101e+02
-5.961063091545346424e+02
-2.572089580763098979e+02
-2.860310849773992459e+02
-2.663211431242779099e+02
-4.522345693709475540e+02
-4.939189497573387371e+02
-2.885000787859490288e+02
-3.794981403416609282e+02
-3.397727067051450831e+02
-2.967760057666919238e+02
-2.747273363842879235e+02
-2.565943061150632616e+02
-2.139080184445182340e+02
-3.366837775419994614e+02
-1.724248547183306073e+02
-3.774186710699516993e+02
-6.878507149479349891e+02
-2.477490390907863684e+02
-4.706378982328629377e+02
-2.723335556607777335e+02
-5.127973713183771451e+02
-2.254430568144553035e+02
-3.565224568975166903e+02
-2.418967015450774625e+02
-2.016694055762214361e+02
-3.447812952922127465e+02
-3.052720318092999605e+02
-3.291782176714297066e+02
-3.210138334358929342e+02
-3.493495534668014102e+02
-3.705847709910381127e+02
-3.044873267434556965e+02
-3.671971292594965348e+02
-3.440242027924617219e+02
-3.670615661211407428e+02
-3.230801140811511800e+02
-1.927255130343516498e+02
-3.196925606444344794e+02
-3.657477106237448083e+02
-4.315125945312830709e+02
-1.743637952121052308e+02
-1.175456306811667986e+02
-2.151560133526097047e+02
-1.948391315697871278e+02
-2.871123793111466966e+02
-3.720903714992033997e+02
-2.416969421458167915e+02
-3.450178582301913934e+02
-2.710545721398871137e+02
-3.431902047918201788e+02
-2.268350263017005943e+02
-2.823544112070786696e+02
-2.553338024724890545e+02
-3.314329738655791289e+02
-1.419263683382379782e+02
-2.839987195229319923e+02
-2.739988313235645592e+02
-2.901326712211075005e+02
-1.929842743028909808e+02
-2.962096148333417887e+02
-2.225244455337197564e+02
-2.554383862361618185e+02
-2.975277107662250273e+02
-4.148542380822871110e+02
-2.467845779427115644e+02
-2.760673949659261552e+02
-2.135108688225423634e+02
-2.506134565178544449e+02
-4.373775431241267597e+02
-2.938595754479887319e+02
-2.532136175807207223e+02
-2.708546707338690567e+02
-2.401273663895848074e+02
-2.138966293643848644e+02
-3.018817535205158720e+02
-3.465757137714266491e+02
-2.887596527626077432e+02
-4.453251108187985210e+02
-2.461281727838050983e+02
-2.639915031861982015e+02
-1.751628767127771198e+02
-6.248931730000916787e+02
-2.570589111397358124e+02
-3.889658657854130865e+02
-2.071340717231735482e+02
-3.163736144162888877e+02
-1.867861603048960433e+02
-3.031544358191233641e+02
-2.945194652405972420e+02
-2.769762320115044076e+02
-1.648813879241127438e+02
-1.982969927658890015e+02
-9.892690234835826857e+01
-2.839577287949240372e+02
-4.091638141983484047e+02
-3.914266573568350509e+02
-2.557296180610870522e+02
-4.882525440085157697e+02
-3.259246609703457125e+02
-2.650731874804175163e+02
-3.258753016703717549e+02
-2.551041468487321993e+02
-4.404130313608539495e+02
-3.482546853522308083e+02
-9.097847579992196643e+01
-3.114479764364644439e+02
-2.681181378609973081e+02
-4.250739538955329522e+00
-2.820281265176830630e+02
-2.006312924910794777e+02
-2.131204645148738734e+02
-3.009205760410641801e+02
-3.866420436904382427e+02
-2.470124438248023182e+02
-2.171198879012324880e+02
-2.931206910456143078e+02
-4.465198588785463585e+02
-2.533247875513295355e+02
-2.466082479651307438e+02
-2.828492643119999457e+02
-1.608576632814859408e+02
-2.288863692864312043e+02
-2.497321074315127021e+02
-2.672948720046216522e+02
-2.970332387389647693e+02
-2.508132104454176954e+02
-3.333953641161352834e+02
-2.313999912592855708e+02
-3.013886540964655296e+02
-4.431858584824077525e+02
-2.828566111507836354e+02
-1.644927702964861282e+02
-2.821059343893584810e+02
-2.431583225310652381e+02
-2.533602441120253843e+02
-3.017282274588109203e+02
-2.971237730114681881e+02
-3.558177115665482120e+02
-3.296751337781644793e+02
-2.625423046432987917e+02
-3.652726842005207573e+02
-2.666426077303764259e+02
-3.015932477464517660e+02
-2.103908314881753938e+02
-2.042424217170249960e+02
-1.897808494484727930e+02
-4.683316905104201169e+02
-2.140608057985572827e+02
-3.106739523972003099e+02
-2.745728588491664368e+02
-1.848895509061106281e+02
-2.986181590456277490e+02
-3.273584391004224017e+02
-3.239456417261405363e+02
-2.657245461469202041e+02
-1.848729432322083994e+02
-1.888325236412217691e+02
-3.718192573080254988e+02
-1.269041367977222592e+02
-2.627379531136683681e+02
-3.304796912419943737e+02
-3.152846261540329920e+02
-1.596979038547826804e+02
-2.635149145319312538e+02
-2.643233132293043468e+02
-2.733517620040839233e+02
-3.158608123137959183e+02
-2.695301630002995807e+02
-1.957005786191934362e+02
-2.808133669608485548e+02
-2.594120907606655919e+02
-2.536122792647866220e+02
-3.346924630391440587e+02
-3.060603277444824357e+02
-3.338503527558185624e+02
-2.876181312141322906e+02
-1.853421618677465688e+01
-2.512710153615227853e+02
-2.693635856691203685e+02
-1.686724139043200239e+02
-2.494650933293605704e+02
-2.418521908821535931e+02
-2.893752661777086814e+02
-3.626148291586778782e+02
-3.140316262871093613e+02
-2.196438484812076126e+02
-2.623855608157030019e+02
-3.590730224688735461e+02
-4.117194776746663365e+02
-4.415051587261737609e+02
-2.079422075875514793e+02
-2.624919452931481487e+02
-3.233435155241417078e+02
-2.308304995517389386e+02
-2.144038088160992288e+02
-3.467342288679183184e+02
-4.396608513036178465e+02
-2.297483446314173818e+02
-3.120611599450029985e+02
-2.019957087946551724e+02
-3.467019958699180506e+02
-3.302240598264355071e+02
-2.149350471631559856e+02
-2.489711947035235653e+02
-3.050435461601534826e+02
-2.787831266182771515e+02
-2.389527238729369572e+02
-1.385604798520930956e+02
-2.174956109642333217e+02
-4.606748602328224820e+02
-3.355300383271328997e+02
-2.825021750351852461e+02
-2.623393944780880247e+02
-1.722363076156161696e+02
-3.773902577852407489e+02
-3.419385002922749663e+02
-3.686902781441509092e+02
-2.253868244209133422e+02
-3.600838725059164744e+02
-3.229416456466960881e+02
-2.859581120076808816e+02
-5.100078192016548542e+02
-3.394240329520455930e+02
-4.130016839360480958e+02
-3.150786264637320073e+02
-7.275686362402636576e+01
-3.803634056468257540e+02
-4.150998984149199487e+02
-2.332128731926158025e+02
-2.163642080012950260e+02
-2.264566817399177125e+02
-2.944126537440721449e+02
-1.938155523916198320e+02
-2.419032463586121366e+02
-2.248533253027417231e+02
-3.419158087003338551e+02
-2.541521539822639966e+02
-2.325718393986226715e+02
-2.700403450150473077e+02
-3.599355098558853001e+02
-1.853622995878969277e+02
-3.857671982660870071e+02
-3.213088387447795640e+02
-3.428071594961846245e+02
-1.974495209112523639e+02
-3.119635919636463655e+02
-1.508157696278342996e+02
-4.024959967264401826e+02
-2.436735786842922948e+02
-4.172734901147232449e+02
-2.935246643748380961e+02
-3.647405362115857770e+02
-2.955595052134552247e+02
-3.217982792451160208e+02
-3.599590925238672980e+02
-1.938352408347838036e+02
-2.517148348124591735e+02
-2.156878388074979966e+02
-2.786988771023023901e+02
-2.830778923375219165e+02
-2.502819565993605693e+02
-3.922074101611606807e+02
-3.308364898907971678e+02
-2.146755429296513569e+02
-1.946935670448487485e+02
-2.680275695282769561e+02
-3.382568192414444752e+02
-1.838221821415962438e+02
-1.571097774057168692e+02
-1.457771977722086092e+02
-3.406703663536512749e+02
-3.140940926781712506e+02
-3.747408386082689731e+02
-1.867438277792846861e+02
-1.998630965745029187e+02
-3.146716266635181682e+02
-2.768148113376620927e+02
-2.916213440325903434e+02
-2.286204971699719692e+02
-2.687484924462226559e+02
-2.729955893118847143e+02
-2.119547803719971171e+02
-3.215141983774487926e+02
-4.657548666251901750e+02
-3.404621184605435360e+02
-2.705182992270788986e+02
-4.288753945683145048e+02
-2.486867437392535862e+02
-2.158980445938669277e+02
-2.836300398502727944e+02
-2.977816773466942095e+02
-2.687734693655844467e+02
-2.730073675765628423e+02
-2.286793641524330951e+02
-2.059513629633334517e+02
-2.450583049629840389e+02
-2.203209674548194243e+02
-4.295095998717186490e+02
-5.016013788464815093e+02
-3.673866920247085659e+02
-3.208918880721406026e+02
-2.788816720984502808e+02
-1.728962421733659767e+02
-4.575223536761805576e+02
-3.060519369383521280e+02
-2.031027377526880002e+02
-2.915094481162969942e+02
-4.669620022279657974e+02
-2.437574538511153150e+02
-3.077992375725406760e+02
-3.189831814545521524e+02
-2.081208173721729224e+02
-3.032808550839949362e+02
-5.008181743482107890e+02
-1.973145103109017100e+02
-3.079097648176024791e+02
-5.086539765498176280e+02
-4.500075125238159899e+02
-3.250246861476451272e+02
-2.746982341894628235e+02
-2.104172682239427559e+02
-4.474150228407726217e+02
-2.820345410276174789e+02
-2.344534780041565512e+02
-3.082099439942646768e+02
-3.379723823406083056e+02
-2.931755018766983767e+02
-2.982845192176371256e+02
-3.823422673538600520e+02
-1.598352224351913549e+02
-4.741303539972465160e+02
-3.196465638076970208e+02
-3.746249152889619154e+02
-4.549417729782699666e+02
-3.295331841228543226e+02
-3.179475729449796972e+02
-3.373875470314646918e+02
-2.497698501537415439e+02
-1.603372484525160075e+02
-2.204574421602604275e+02
-2.508474342067625287e+02
-2.089367090895339629e+02
-3.644276049384867520e+02
-2.668445231678223877e+02
-3.234450483754283709e+02
-2.079688254061686052e+02
-2.649706833427075026e+02
-2.298972149998261330e+02
-2.544438355846914135e+02
-2.738334303240556551e+02
-2.970878696277154631e+02
-3.092229724975616136e+02
-1.670322034977507428e+02
-2.619313647257007460e+02
-3.555902885004886684e+02
-3.370005300641219037e+02
-1.213175435741703012e+02
-4.200854886121719289e+01
-3.215676113439481014e+02
-3.659858075473096619e+02
-2.270189711876136585e+02
-2.809335119366783715e+02
-4.716470647597718084e+02
-2.521217831549095081e+02
-2.257216060618443976e+02
-3.269632311493373891e+02
-1.808727189909016602e+02
-1.868335730484715498e+02
-2.522975958380348231e+02
-2.880277142394386374e+02
-2.244272000895865631e+02
-3.093090483337293790e+02
-1.710165895148106756e+02
-3.080822687018677470e+02
-2.398806220314785094e+02
-3.373834560185067630e+02
-3.339097136443683667e+02
-3.826628075958155932e+02
-4.102822435548277440e+02
-2.137166927831817986e+02
-3.281769356325643230e+02
-2.288825985448313531e+02
-1.466235020240339111e+02
-2.982958574719705780e+02
-2.379148611363245891e+02
-2.241174399285259540e+02
-1.300704358864869903e+02
-9.887480635632765313e+01
-2.149617728184189218e+02
-2.654808476856088646e+02
-4.445628378097883910e+02
-2.076771135692173971e+02
-3.105628116312879570e+02
-4.124419123228856847e+02
-1.791420323430122039e+02
-1.769581422352324580e+02
-2.757261320854856876e+02
-2.267399207768821441e+02
-2.800995838600196066e+02
-1.974550057437365069e+02
-2.122514748845045744e+02
-1.269321603746376894e+02
-1.935089627344412122e+02
-3.329995734940656575e+02
-1.891555322642410886e+02
-1.643111169374720077e+02
-1.939228063692044657e+02
-3.122497027401043965e+02
-3.774136105663858416e+02
-1.379901319123582084e+02
-2.365843923612387414e+02
-1.968801541423786716e+02
-5.430533111749780346e+02
-4.069455082476465577e+02
-2.251364401085810982e+02
-3.284198115639218258e+02
-3.571068896347846930e+02
-3.098586423451612291e+02
-2.923632477327552124e+02
-3.453836405881154406e+02
-4.580811971021468594e+02
-1.988587071501452499e+02
-3.858368198120867305e+02
-2.100304497783042734e+02
-2.136756983274805464e+02
-3.338733485661513214e+02
-3.429490841550792766e+02
-2.521816906258993640e+02
-2.517312034744949756e+02
-2.077420059819734774e+02
-3.720838235431255043e+02
-1.922144687582679694e+02
-2.593577956018901887e+02
-3.664163847862411103e+02
-3.622903814471755481e+02
-1.950733641894101993e+02
-3.564651504854255677e+02
-2.535955949233851356e+02
-2.521059035525362333e+02
-1.861054321500365631e+02
-2.002054239514849030e+02
-3.961849915359338752e+02
-2.180802734639560470e+02
-2.001442148531998555e+02
-3.251358192337660284e+02
-2.452491272289949791e+02
-3.020338383459732086e+02
-2.226908950153466549e+02
-2.077341758048405040e+02
-7.812370367153516781e+01
-3.772919929406451161e+02
-3.542953248989393842e+02
-1.954804946724974570e+02
-2.932209941809974225e+02
-3.578765406082887921e+02
-2.514861296868148770e+02
-3.069081511741740087e+02
-3.616961782759411221e+02
-3.532134246597603919e+02
-4.544188780862682506e+02
-1.685214928710175286e+02
-3.911879925400639877e+02
-4.459187630096124622e+02
-2.324238502980308283e+02
-2.095697569166777896e+02
-2.444956784653937518e+02
-2.924104042140601223e+02
-4.921482481756281686e+02
-3.698901988936061684e+02
-1.783700178471677873e+02
-4.131871101072480883e+02
-2.815737540298413251e+02
-2.664297059600249895e+02
-2.586361546722687308e+02
-4.004757265390578027e+02
-4.599465153319389401e+02
-3.378757329186325933e+02
-2.378125747817391300e+02
-2.084405033938493261e+02
-3.560415858406646521e+02
-2.644282576651334580e+02
-2.166551285173227939e+02
-3.182339709343309551e+02
-2.464314247975919443e+02
-2.574618800152209133e+02
-4.204601181099633891e+02
-1.854595192056440851e+02
-2.643794516382813526e+02
-4.943298408403776421e+02
-1.046772516973506271e+02
-2.683459572035679912e+02
-3.158256517086498434e+02
-2.517366689838827654e+02
-3.141555487170779770e+02
-3.624817185187328619e+02
-3.608792783032689044e+02
-1.799571647511020274e+02
-3.298775666909978099e+02
-2.660624655706976114e+02
-1.873573001434605771e+02
-3.693361744871119186e+02
-2.376895247198624475e+02
-1.774769480107580648e+02
-2.819752888597835181e+02
-3.445560644001265018e+02
-3.589998487233790456e+02
-4.497848737045429743e+02
-4.061621533191739104e+02
-1.958700278696602481e+02
-3.369419408576661681e+02
-3.756475373095161103e+02
-3.716658097075271598e+02
-3.667008036085878189e+02
-4.286739278941315092e+02
-2.109800986958974818e+02
-3.100417370185801360e+02
-3.863496357135931021e+02
-3.329822998469073809e+02
-1.650952693233876403e+02
-1.673602425111282628e+02
-2.516831324435527222e+02
-1.946971812897155019e+02
-2.545935354459202813e+02
-3.433515068253309437e+02
-2.313309200277316222e+02
-1.654257492444929483e+02
-1.414086410630785906e+02
-1.593780635275211637e+02
-3.247889754924671593e+02
-2.252017121512309359e+02
-2.042592902567656665e+02
-1.622077051748741496e+02
-3.208812442182236282e+02
-4.903207523975405024e+01
-2.243245349934176147e+02
-3.201056438671589035e+02
-2.732504728079038046e+02
-2.970155825707229269e+02
-3.537672167404152788e+02
-1.779973062370739285e+02
-1.671858205045429031e+02
-2.124339372423204395e+02
-1.940288995029416128e+02
-3.174142822081977897e+02
-2.959041256615913085e+02
-2.048430981512748303e+02
-2.850319918562422004e+02
-2.601084377001271832e+02
-3.612016300329830756e+02
-4.261196341345219025e+02
-4.192567081797354831e+02
-3.533471266942723901e+02
-2.245710959208180384e+02
-1.994315980931521608e+02
-7.656241747577203682e+01
-3.053299682313949006e+02
-2.902977612336879929e+02
2.979914512836884910e+00
-2.323611335699574738e+02
-2.884174948237359217e+02
-2.227189589911751568e+02
-2.435210905667542818e+02
-7.340342768686957697e+01
-2.477385494704388975e+02
-4.372194594313405105e+02
1.373181469375077768e+01
-3.260187149133491857e+02
-3.193790316131000964e+02
-2.103048613002850686e+02
-3.096285602968584953e+02
-2.558504675619472550e+02
-1.514270626956110277e+02
-3.249573080622111547e+02
-3.277509820407545362e+02
-1.931909644564591986e+02
-4.647479057822732784e+02
-2.270828145153464845e+02
-3.621288322676519442e+02
-2.815865755603508660e+02
-4.808159065949644173e+02
-2.489718804470848283e+02
-4.263745630380789748e+02
-2.215336579540610842e+02
-5.165688000371295630e+02
-2.090589606947603158e+02
-1.598247382798415401e+02
-3.305664721976932583e+02
-2.354841207544679378e+02
-3.216288490475378694e+02
-3.494765413654781696e+02
-2.138560785078354911e+02
-5.375883707826636737e+02
-4.159030418510942582e+02
-3.750767205201711363e+02
-2.428095040809742784e+02
-1.677815107532554180e+02
-2.328780655074817219e+02
-4.838656068257729999e+02
1.007477612675815237e+01
-2.016954490068013115e+02
-2.458715545936494209e+02
-2.295882025637191362e+02
-1.955472786453038054e+02
-2.430867217617710878e+02
-5.586855208795609542e+02
-2.043974961985555012e+02
-3.344882883302054779e+02
-3.538894773792200112e+02
-3.631178676814744790e+02
-3.937395608904230357e+02
-2.278191204573797108e+02
-5.347290915840882235e+02
-2.060824139881393080e+02
-4.424835969070014130e+02
-2.855538863747823939e+02
-7.323164132300499318e+01
-1.890619805458183009e+02
-4.236346355335577414e+02
-2.284293871714518218e+02
-3.486430184518634405e+02
-5.501299284620980643e+02
-2.399679901791401448e+02
-3.887470126451185592e+02
-4.048030454344872169e+02
-3.497803598410760628e+02
-1.960711486008423208e+02
-3.937585327611914749e+02
-3.636156885624629354e+02
-2.516574241165660055e+02
-2.491869623874833621e+02
-2.786098785838152594e+02
-3.661925009528334272e+02
-2.947365153124273434e+02
-4.638318915503152198e+02
-2.532423653685775093e+02
-2.582867309156741840e+02
-3.918826942776960323e+02
-1.969740753230732082e+02
-3.259972275719612753e+02
-2.778560981728349475e+02
-2.635194873067339358e+02
-3.384139356471029600e+02
-2.908517677577581253e+02
-5.176685148013423259e+02
-2.968619431550536092e+02
-2.890885976662377743e+02
-5.360508713945901036e+02
-3.065317590584114669e+02
-3.637907603969831598e+02
-2.205641729344674502e+02
-2.361862448789985365e+02
-4.009949615401127403e+02
-1.682182260985422886e+02
-3.477870155605046421e+02
-2.622700091495297556e+02
-2.625368485846098565e+02
-2.937915051950400880e+02
-3.960563951269392646e+02
-3.677020224626288609e+02
-4.120561612326980026e+02
-4.797478701155184240e+02
-4.610751596524194724e+02
-3.853526904699189686e+02
-3.101890651489326274e+02
-3.262701551271400149e+02
-2.598519882543045014e+02
-2.314105769228679605e+02
-3.629518548338807022e+02
-2.339924743822462858e+02
-3.654741987534830514e+02
-2.946090349242908815e+02
-2.415392135448766169e+02
-2.342461316174113222e+02
-2.320698715375974075e+02
-2.191130210190633250e+02
-3.845217951706116537e+02
-4.403238864088762625e+02
-4.360361220583550335e+02
-9.549681966899785834e+01
-1.983285034962182181e+02
-2.839111394254632614e+02
-7.802061592928808409e+00
-4.130275762325885580e+02
-2.033956158131628627e+02
-2.237588437344467707e+02
-1.998364703997597189e+02
-2.754780835891759239e+02
-2.304231924184732634e+02
-2.667843333056619031e+02
-2.092978594843679616e+02
-2.558347319321793236e+02
-2.866817501026425248e+02
-4.413863755228272794e+02
-3.851743546773418529e+02
-3.707946716094055546e+02
-2.992578595101298902e+02
-2.418200285003990189e+02
-1.712585755469372657e+02
-2.393130462181978828e+02
-4.919831438548352480e+02
-4.450307301580885451e+02
-3.164177235343507846e+02
-4.865567469648663632e+02
-5.261841067694468848e+02
-3.032936497795719788e+02
-4.070836658694614698e+02
-2.993902696121481313e+02
-4.213020020971670760e+02
-3.042032668083913904e+02
-3.687813073864929265e+02
-2.068287980897098635e+02
-3.298351922858087164e+02
-4.704495700301837928e+02
-2.076994486206302781e+02
-2.275471871709509344e+02
-4.528418766466774628e+02
-2.710145049061981126e+02
-2.214016651660942046e+02
-1.769650038604664815e+02
-2.452843097706565914e+02
-2.518999768893804116e+02
-6.630191048445088882e+02
-1.907022717925398183e+02
-2.272510249397228108e+02
-3.449561378655176895e+02
-3.784442665850093590e+02
-2.279864650108448529e+02
-2.191449589464013457e+02
-3.497339100360279076e+02
-2.815268602787076588e+02
-5.289303805578922493e+02
-3.331788616622729933e+02
-3.196545899155861434e+02
-3.604899217019579964e+02
-2.477677022301083980e+02
-3.022877098536512221e+02
-2.739745564056667035e+02
-2.734562201462462667e+02
-4.988197927587916638e+02
-3.093449305042076958e+02
-3.153278821219880683e+02
-2.191172813902789471e+02
-4.225535836378421095e+02
-6.048973964222386712e+02
-2.086571216201202787e+02
-3.376793448478839537e+02
-2.461307398547796481e+02
-1.716140302698698576e+02
-4.404247327609484159e+02
-3.858199433017753677e+02
-3.459324172534111881e+02
-2.155033103803045833e+02
-2.120339449330385833e+02
-5.482372126588820720e+02
-4.683922205197965241e+02
-1.915393300584423741e+02
-3.086713899404537642e+02
-3.808438592801613254e+02
-3.441247081045644904e+02
-3.288046878789518814e+02
-3.597775979852084447e+02
-2.812730636249723375e+02
-5.587296501744212947e+02
-2.785665012853776830e+02
-2.468547838715174407e+02
-3.630839886860798060e+02
-2.438209877833738233e+02
-2.897910549207597910e+02
-2.983352909466640313e+02
-3.450841750792942548e+02
-2.295956539428916017e+02
-1.495781350089643524e+02
-3.862561660959568712e+02
-5.315505788352520540e+02
-6.361317589135246919e+01
-2.311117807763124006e+02
-2.223115386111512635e+02
-3.568666051040835328e+02
-5.219289261114136025e+02
-2.813127809475081449e+02
-2.072492164700559556e+02
-2.294278907107095051e+02
-2.434307466883498137e+02
-2.153781971758432405e+02
-2.881031267519867924e+02
-3.806542865977093015e+02
-2.291047320728703482e+02
-1.964967296703100033e+02
-1.891150157015202069e+02
-1.211303854430901907e+02
-1.709718394264897654e+02
-2.683636386980878683e+02
-2.938141131767599745e+02
-2.459047243743133606e+02
-2.825786578916374765e+02
-2.760853540526695156e+02
-4.601137633726013974e+02
-1.401427013265847847e+02
-4.498769396084026653e+02
-2.179675305942213015e+02
-1.833164172758390578e+02
-2.163333515025598786e+02
-1.776176299336303828e+02
-2.197992248264332886e+02
-1.877106427960054589e+02
-2.107850170116354320e+02
-3.838395697593809928e+02
-2.112904856647338079e+02
-1.577085617150917471e+02
-7.241642190196439515e+02
-5.480526287948221125e+02
-2.137524297777266611e+02
-3.621661318158122072e+02
-1.896146406436319296e+02
-3.524128610974349840e+02
-2.379085102570389267e+02
-2.036169117638853265e+02
-4.669727628622343900e+02
-2.178648714468676530e+02
-2.973010096474346824e+02
-3.303994496428935577e+02
-2.484228992252756143e+02
-1.681103466998213207e+02
-3.214532080395271123e+02
-4.199782946645584047e+02
-3.212545219128775216e+02
-3.905801567827309100e+02
-1.910186727498701771e+02
-3.136808737455532992e+02
-1.852500554683108192e+02
-3.239188104701376005e+02
-3.319948878868477209e+02
-3.757199290234077012e+02
-3.288671831785266022e+02
-2.791861680079920234e+02
-2.909648007607742102e+02
-3.314606837005756006e+02
-3.424506222601766012e+02
-2.723194201908499963e+02
-2.107709753498065197e+02
-2.304538281806617874e+02
-2.060152834237113950e+02
-4.831244423055100583e+02
-3.417416377983742564e+02
-1.336869391900836206e+02
-2.444055889196714304e+02
-3.270459286223733670e+02
-3.321577324550056574e+02
-2.900863513228417787e+02
-3.641101389076102919e+02
-3.661030096977815447e+02
-3.044868600433276242e+02
-3.253590055600557207e+02
-2.680752111207189046e+02
-4.454977240027591989e+01
-2.959975978200978375e+02
-1.472062676112721249e+02
-1.677843120566643051e+02
-4.271099596158612712e+02
-1.787382364671311450e+02
-3.082937883203278489e+02
-2.693674499046763913e+02
-2.250120785943555575e+02
-2.488589751608071765e+02
-3.154860729930061325e+02
-1.792612074860561506e+02
-4.036009091011902683e+02
-1.907251650049512932e+02
-2.797284663408181586e+02
-2.713577788345724002e+02
-2.365501281304622978e+02
-1.775232548077978549e+02
-3.413263203724366122e+02
-2.101519376490022637e+02
-1.830218496409277691e+02
-2.685736461895815808e+01
-4.619472613649601271e+02
-2.488765001497177991e+02
-4.017127817225899662e+02
-2.926344759383522387e+02
-1.556783895093640808e+02
-4.607614866188827136e+02
-2.337924269170335094e+02
-2.145555405111842333e+02
-3.148937154939196148e+01
-3.343738901252394271e+02
-3.579509506672052339e+02
-3.090175951376008925e+02
-2.381404724862027820e+02
-1.384476969800121822e+02
-3.034288217560515477e+02
-2.549428546709103216e+02
-3.501005869915879885e+02
-2.885942700632628544e+02
-3.433348936352069245e+02
-3.150098448476997532e+02
-2.116468814430971292e+02
-2.463828099492334900e+02
-2.315069845788563896e+02
-1.976355619791863205e+02
-2.227510981054362276e+02
-2.899921490061891518e+02
-3.390116864666928223e+02
-1.553826254827653202e+02
-2.327453551486886170e+02
-3.896589063708087792e+02
-3.952848412262869715e+02
-4.946101426471777245e+02
-2.136019909098521339e+02
-2.571227043682831663e+02
-3.618137626128986994e+02
-4.264857040148761484e+02
-3.179651256763884248e+02
-4.619062666214514934e+02
-3.529032805340119126e+02
-2.734572546450493178e+02
-2.128095729827634841e+02
-4.552075744161438706e+02
-3.939769479967472989e+02
-1.826830683942758640e+02
-2.424068324896502133e+02
-1.606898312905157979e+02
-3.417601244760261920e+02
-3.240532724628635606e+02
-2.297486721320759102e+02
-2.612379301655849986e+02
-2.359469570900705833e+02
-3.519213337992295010e+02
-4.679084117731974857e+02
-3.302815633793951520e+02
-4.950431630620982446e+02
-1.714786077616412001e+02
-1.468950460487291707e+02
-2.982094743119565692e+02
-4.294265711375710453e+02
-8.799287723778078885e+00
-3.650397529748618695e+02
-4.414634234912032866e+02
-1.620492621248452849e+02
-5.446334197617318296e+02
-4.717902679964419690e+02
-2.245343101798222847e+02
-2.103913806521289303e+02
-1.987856576776351005e+02
-3.746779408080539042e+02
-1.778943515452969848e+01
-1.538135058847998948e+02
-4.854620387710190244e+02
-2.696724232822163003e+02
-3.775098997247080774e+02
-4.155290140183622611e+02
-2.658203986690401734e+02
-3.542096673575907175e+02
-4.075795709792972161e+02
-1.986618315804417136e+02
-1.818210452914447046e+02
-1.689111004125454087e+02
-2.721983456401991361e+02
-4.419191488724337091e+02
-2.635150007452234604e+02
-2.267360994964189445e+02
-4.613387080256392210e+02
-1.833725185541339897e+02
-3.351159468648173743e+02
-2.339165505396643994e+02
-3.913592959032068848e+02
-1.951923527074861795e+02
-2.976342582906775078e+02
-3.716962954984983867e+02
-4.277545101821953608e+02
-2.034519802165813473e+02
-2.165447322323462913e+02
-3.126235584209208014e+02
-3.792745495853294528e+02
-3.582293808346000219e+01
-3.006373192419970337e+02
-2.637073254130403370e+02
-3.140396951117954245e+02
-4.112269884202001435e+02
-2.701039692760425623e+02
-2.527613069352823914e+02
-1.955637028325361655e+02
-3.090169734688472545e+02
-2.166637695339167635e+02
-3.275266473520518389e+02
-2.452424009642425062e+02
-3.960618928202285360e+02
-1.939625679150834117e+02
1.922026583727060256e+00
-4.001418759040526538e+02
-3.191494708708959251e+02
-2.474236949029296113e+02
-2.584217026493031426e+02
