-8.535068472967175524e+01
-9.878559631653173767e+01
-2.010374889250169588e+02
-1.467612022529193041e+02
-2.184106107727110100e+02
-1.208091963951152508e+02
-2.236571234554957357e+02
-2.066237244945239127e+02
-3.017101627552067384e+02
-3.032530306176390695e+02
-2.457237355123858720e+02
-6.485862463132568223e+01
-1.485036877829055584e+02
-1.493975571208990232e+02
-6.518945776305822903e+01
-2.532771900385643278e+02
-3.824596804177804756e+02
-5.916244239306895736e+01
-1.083690506895803480e+02
-1.322866625703236423e+02
-2.105275040197872727e+02
-1.603714377595063070e+02
-3.467110726529130602e+02
-1.471723154686830526e+02
-4.390798046148811977e+02
-5.302366927571997479e+01
-1.004483856971829852e+02
-7.548763335494595594e+01
-3.762075314293253996e+02
-8.496001264137362341e+01
-9.727721219562600652e+01
-7.794769015388528999e+01
-1.211539826126411157e+02
-1.288748878730611978e+02
-1.119680854718726692e+02
-4.302891534415055617e+02
-2.156516909834887201e+02
-1.117798550686981685e+02
-2.078752247751666289e+02
-1.410274535873685409e+02
-3.724900431032042434e+02
1.781000311275248293e+01
-1.230919714320642981e+02
-2.953260070488772726e+02
-1.967716585024720075e+02
-2.536503111935818708e+02
-3.856886275372389150e+02
-1.591593354895425705e+02
-1.154403823925631798e+02
-9.622122898231273780e+01
-9.475195301812274806e+01
-8.812300474280893070e+01
-1.137184100930294903e+02
-2.920516769984641314e+02
-1.097514614471314900e+02
-9.165219341283687982e+01
3.111550429798725759e+00
-9.386638087367177263e+01
-9.637022715348540203e+01
-2.486177135644728367e+02
-4.665849722736512035e+02
-1.269853500448739965e+02
-3.884397552481596563e+02
-2.385289043914889646e+02
-1.427387717325365770e+02
-1.420678543828149145e+02
-1.990084371052235497e+02
-1.364968865844063259e+02
-6.858509829598685315e+01
-1.003600928974722848e+02
-8.078032991062282520e+01
-1.041028319042641499e+02
-6.676466047020458916e+01
-9.127038604514552844e+01
-1.306479486841445521e+02
-3.681816556647240759e+02
-1.276178075110042300e+02
-7.760025910178261199e+01
-1.653909419839363295e+02
-1.252075450888862918e+02
-8.264312714319881081e+01
-1.965959744356629813e+02
-2.021742268856075384e+02
-8.982858944079819707e+01
-1.074294516387303986e+02
-1.429693418464356682e+02
-1.738963591761645375e+02
-1.037311062269829165e+02
-1.061934336729799782e+02
-8.301548871202393798e+01
-2.097958732057476539e+01
-1.190216464820342566e+02
-1.289766712174980512e+02
-3.421487263868107220e+02
-2.468764466550068164e+02
-1.195713972557842482e+02
-2.339269907770587338e+02
-5.043389837546631327e+01
-1.609892022662053819e+02
-1.210005017382359540e+02
-4.834447640709814777e+02
-7.011782487671565889e+01
-2.013382024917057720e+02
-1.239505546464993273e+02
-8.392083017106038767e+01
-2.315121230120094253e+02
-1.060315734054506720e+02
-8.175577683429155229e+01
-2.184645117673460959e+02
-5.770480215411596703e+01
-3.641633498880913749e+02
-1.386610259663194427e+02
-9.707347310039209276e+01
-2.065830540959943846e+02
-1.318828840580644624e+02
-2.356083209541597796e+02
-1.928668407367971440e+02
-1.088459727058755249e+02
-1.452810923057099899e+02
-3.945097817552521633e+02
-6.593261180109789166e+01
-1.252429084335903582e+02
-1.282557815456835328e+02
-8.610146091222271991e+01
-9.463685942355273539e+01
-2.490510789338613904e+02
-1.206168376387599892e+02
-3.568309431093001649e+02
-5.925547462783679720e+01
-1.083337266226864983e+02
-1.195598827087180211e+02
-1.131320592625329340e+02
-9.588311944317335644e+01
-1.528827633396808494e+02
-1.447545904753157799e+02
-5.002248379163525271e+01
-2.736851168407672503e+02
-5.887554562540516656e+01
-1.149238395838156634e+02
-2.350307096683198154e+02
-7.993432125399843358e+01
-1.101450714634203507e+02
-2.997123261230620983e+02
-2.422215672720085990e+02
-5.441847777939070596e+01
-1.135024201518880176e+02
-2.603220923087745859e+02
-1.059220936916364053e+02
-2.191016879172580047e+02
-4.320847580354537598e+01
-2.382441216164106663e+02
-4.306478695043078631e+01
-1.078147821147770173e+02
-1.719844236202526702e+02
-1.502487626084288763e+02
-1.765473830087399847e+02
-1.228752022403412099e+02
-8.081689934439752676e+01
-8.206115674351707412e+00
-3.023525325466992797e+01
-2.471459719902784400e+02
-7.015435949873534582e+01
-5.582485414204016649e+01
-1.260238333995678914e+02
-9.736729810295328491e+01
-1.559571408386054259e+02
-7.500399860792037998e+01
-2.442826293493097296e+02
-1.009137221236383084e+02
-1.506185060496834467e+02
-7.178936590655676753e+01
-1.513479865451562603e+02
-9.288494292920140083e+01
-2.582415251857494241e+02
-1.119538680409048936e+02
-9.996322386458331266e+01
-1.068737441082635655e+02
-1.608293094508830450e+02
-2.902103568891952250e+02
-3.233981247522848435e+02
-2.725361710855744377e+02
-9.491638885456767127e+01
-2.491620755000627696e+02
-8.774904452428442880e+01
-2.545534429597516350e+02
-3.416550336389724407e+02
-1.212419973431524625e+02
-3.031535211152632883e+02
-1.142872859909307266e+02
-8.682836191207269394e+01
-7.821301469156020403e+01
-2.065642045514535994e+02
-2.739901982900425992e+02
-3.664996593190134604e+02
-3.689689552912503245e+02
-1.813575404270290505e+02
-1.369676113178529420e+02
-2.036865895222431391e+02
-1.578109937804669585e+02
-3.553581136253786212e+02
-1.837930613351865077e+02
-9.099417502342772934e+01
-1.874916840506255653e+02
-1.076634461632385324e+02
-5.940183942015210761e+01
-4.610845815371092726e+00
-9.988722574726843106e+01
-1.594169212829077651e+02
-6.431305548657275040e+01
-2.120440911178331191e+02
-1.548008467292780779e+02
-9.828900517003508241e+01
-3.471714279651407651e+02
-1.087304768125549970e+02
-2.190631708010047873e+02
-1.502654664089203607e+02
-1.416207897990590823e+02
-1.167126312548093239e+02
-2.711197262289565515e+02
-9.136031604501201286e+01
-1.236150868180561417e+02
-1.842977223568911427e+01
-1.901596235432271840e+02
-1.079062293621644102e+02
-7.853308389868844586e+01
-1.102521524490336162e+02
-9.284393354464664583e+01
-5.236347186997259087e+02
-2.544595522270705032e+02
-1.767413219453208058e+02
1.819146789572242540e+01
-2.939337479313095969e+02
-1.666856767102191270e+02
-6.809103795663611436e+01
-2.106910649591916922e+02
-9.195894714354173516e+01
-1.877985521658083599e+02
-3.190767432032013176e+02
-1.346395197301536655e+02
-9.529111366218174339e+01
-1.478498840136024910e+02
-6.337632151478877063e+01
-3.287545659549883794e+02
-1.022783543728427560e+02
-6.091896013821798306e+01
-2.413031704473942227e+02
-6.024291004735160016e+01
-1.806305343625682553e+02
-2.075293511276917400e+02
-1.827290855318525473e+02
-6.318224612380147676e+01
-2.602135800313600384e+02
-2.566784927179979263e+02
-2.111686293924603319e+02
-1.057124619695695742e+02
-7.566715419866088155e+01
-6.381362703111235390e+01
-2.493107603017108715e+02
-2.918809180701609307e+02
-1.354056108572071366e+02
-7.649829822132501533e+01
-3.399889155705727717e+02
-2.193913531579028131e-01
-1.728172328250527698e+02
-1.778662922070748209e+02
-2.351422452887158556e+02
-1.083621136740895707e+02
-2.975969292212051869e+02
-3.991068976238811388e+02
3.184528145512538799e+01
-8.561707426492577611e+01
-1.260715155392051940e+02
-2.832847155846980627e+02
-1.239015986192100911e+02
-1.794240723098173191e+02
-6.968769541456353522e+01
-1.379016599272628412e+02
-3.689954293708643718e+02
-1.072315741858202358e+02
-9.285576941790453986e+01
-5.547466718608669822e+01
-1.257719719838306105e+02
-1.138915973889033353e+02
-1.325744267912002670e+02
-1.625525712867089396e+02
-1.315156023785440311e+02
-1.833090547357996627e+02
-1.334513902804803251e+02
-1.930624534781420039e+02
-8.170433540853865395e+01
-6.536067776664594930e+01
-1.202199193078271549e+02
-7.108872499420289159e+01
-3.718426140876920840e+02
-1.527989845877597759e+02
-5.850296589856636587e+01
-7.441157094580199782e+01
-8.546561204839642301e+01
-9.338207175472810206e+01
-1.117319756380338163e+02
-1.382173502427388030e+02
-2.736204184118968215e+02
-1.537723381188637006e+02
-2.562705249053719854e+02
-1.431824123465353864e+02
-6.420356089325693461e+01
-3.032309793778947551e+02
-6.447522991029900652e+01
-6.744432875338998201e+01
-1.819369566011058623e+02
-1.070912848901775050e+02
-1.356939678794551583e+02
-8.907942522556915321e+01
-1.519698207271689512e+02
-1.352177272282816887e+02
-2.396342066962932336e+02
-1.104917815472487632e+02
-1.966831463231220596e+02
-1.071545715583892218e+02
-3.548752298481049365e+02
-1.146781969609898226e+02
-4.686933571024642475e+01
-4.299893336651906850e+01
-2.806515346666262190e+02
-6.722736781566595710e+01
-1.233625275881150571e+02
-1.148501627432706016e+02
-1.795491207733032866e+02
-3.821365455336272987e+01
-1.194799828830684305e+02
-1.460886284900946066e+02
-2.973066534733761728e+02
-1.092836741221746308e+02
-1.008651813377441613e+02
-1.128798081043664610e+02
-1.430000395617122990e+02
-7.491982628238552877e+01
-2.948727559622547005e+02
-7.921264951173083091e+01
-1.218330367057500325e+02
-9.130812065119630461e+01
-6.874758351701754577e+01
-1.692032596870559757e+02
-3.669100182250362536e+02
-1.329072469675351158e+02
-6.758210972184261323e+01
-2.892739310172136413e+01
-1.712053659174907239e+02
-2.148215833079267441e+02
-1.965729214282362705e+02
-1.160216637296809949e+02
-2.246031731421143149e+02
-1.222209253512620251e+02
-2.101461592309064486e+02
-8.686759697548231429e+01
-1.097522880618606251e+02
-1.451640785501157893e+02
-1.517183993643200210e+02
-7.593595154393561586e+01
-4.309398799685254744e+01
-2.415715637545591221e+01
-1.949742987561931500e+02
-3.005028011919496294e+02
-7.136984147315862970e+01
-3.404153926046247989e+02
-9.891416926632061291e+01
-1.088318769030456821e+02
-1.123573113669787915e+02
-1.342083169709359822e+02
-1.779353283288279215e+02
-1.909165350434538482e+02
-2.063910994993173063e+02
-4.284196727615724853e+01
-8.114749021218557345e+01
-3.634272322938762159e+02
-1.330279658444280528e+02
-6.747041760420165701e+01
-3.115057536154653235e+02
-9.535177117736267860e+01
-7.079047298383854070e+01
-6.612411396774808736e+01
-1.686084815917240007e+02
-1.049730980943629106e+02
-1.248958275132402775e+02
-1.014251025266134718e+02
-5.247497576221535098e+01
-9.358406393967098325e+01
-1.265376948981154897e+02
-2.020686484570196626e+02
-1.112937299970090805e+02
-3.138088507514308958e+02
-1.017283714111527644e+02
-4.529021238724234877e+01
-1.463150628627687979e+02
-3.442351613022999572e+02
-1.667910945879297628e+02
-1.334909560932931640e+02
-1.028457517892690873e+02
-1.959166646782114753e+02
-1.787663190007187666e+02
-1.111078954475363219e+02
-1.573038525338575369e+02
-3.934422685290024333e+02
-7.507318500371562209e+01
-2.109290473498668916e+02
-3.319174633968785884e+02
-7.156155158268914818e+01
-7.040874063593798837e+01
-1.506438313064748513e+02
-1.300643305808347066e+02
-1.252394635342934066e+02
-2.168684419779634140e+02
-8.723726065474819791e+01
-2.076845181688524349e+02
-7.862949449291477322e+01
-9.295730532236717636e+01
-1.048325766690521732e+02
-4.777625790637604268e+02
-6.903249554869394444e+01
-8.979134288021258214e+01
-7.886640125339137342e+01
-1.088556222019913378e+02
-1.280327399908074710e+02
-1.976264862149829469e+02
-2.598687210822612883e+02
-9.313050617944431053e+01
-9.563112717647042871e+01
-8.745058446208439307e+01
-9.538973368251596696e+01
-6.601673508147497671e+01
-7.529531380341693136e+01
-2.482460675098908780e+02
-1.210884888457849939e+02
-1.076899603314474945e+02
-2.710081116418491831e+01
-1.821847061552659852e+02
-6.138817344157838107e+01
-1.021230116569371376e+02
3.053168117505549617e+01
-1.358049820450123661e+02
2.381909930385216967e+01
-7.782503886597453402e+01
-7.751021759387433008e+01
-6.522614427839975804e+01
-8.697003054420446233e+01
-2.776714227486643267e+02
-1.097360912771694501e+02
-3.091997968644871548e+02
-8.220136791675236054e+01
-2.127858581307491477e+02
-1.980888442340460642e+02
-9.911955610079897383e+01
-1.600245110364817833e+02
-1.673644219560544002e+02
-2.122860465846346187e+02
-6.388695034965986963e+01
-1.251193368855121690e+02
-1.195720556432529520e+02
-9.274870775154623459e+01
-1.387510196535835973e+02
-1.405452795305657503e+02
-8.521892827719548791e+01
-2.339205912744820921e+02
-5.778640559352135142e+01
-3.058518600403982646e+01
-1.899193711422935849e+02
-8.486037573511484311e+01
-5.884066352951908385e+01
-4.264003203470976899e+01
-1.709555840370586566e+02
-1.275588892075249703e+02
-1.950036645743209931e+02
-2.709520972710295155e+02
-1.754390794897762476e+02
-1.132292799234501217e+02
-2.068311010382394102e+02
-8.323553630269813652e+01
-8.965999840567110368e+01
-1.411891797889428517e+02
-9.849136037443433622e+01
-8.498950663662009219e+01
-5.545609591226553903e+01
-1.003358293622270025e+02
-1.494918234784123285e+02
-2.705385491428439764e+02
-2.847322637839442336e+02
-1.085967025878324392e+02
-2.650910254996662161e+02
-6.287514835657030687e+01
-2.115735051111581697e+02
-1.433954070033706216e+02
-2.375851223341634011e+01
-8.548847510436249308e+01
-9.453905523394837473e+00
-1.141148276904735610e+02
-7.416240883921858540e+01
-9.143754773864495178e+01
-1.400468064446735923e+02
-1.743712590964829019e+02
-6.370202084186696823e+01
-8.999217758766758379e+01
-4.446941640173021426e+01
-2.599013238255606666e+02
-4.982123414022612451e+02
-6.377182203408511896e+01
-1.054952183176096980e+02
-7.115341557822429763e+01
-6.742791200947084462e+01
-1.036792102877904398e+02
-1.408177313790916685e+02
-1.834935924952413870e+02
-1.154222716812490575e+02
-3.019246603730603056e+02
-1.558774147981472424e+02
-9.591142254779738607e+01
-7.384154006301383788e+01
-6.099776809820659906e+01
-1.035190870228070992e+02
-1.053715664999188988e+02
-1.252561860077638158e+02
-8.082838318657425702e+01
-3.351759148802915433e+02
-1.370948341616161201e+02
-9.694447362529761847e+01
-1.020100370863888344e+02
-2.625298453776013616e+02
-8.375489597216541426e+01
-1.299512793804880459e+02
-1.073821237359369007e+02
-2.752593935705451145e+01
-3.803694755510646246e+02
-1.779120841554571655e+02
-3.153885961595616436e+02
-8.174821618771694887e+01
-5.553505473421924421e+01
-1.005726083860527638e+02
-1.058995840670640405e+02
-1.794396039952019919e+02
-1.465490988310395437e+02
-9.881754764020001858e+01
-1.373152475346837775e+02
-1.293697408627785990e+02
-1.934544813684491942e+02
-1.524669087404849961e+02
-7.692661218475345208e+01
-1.132148459378466328e+02
-1.001019468934763381e+02
-3.216072393840731536e+01
-2.111218405522789965e+02
-3.638415143863550725e+02
-6.523752002757441915e+01
-6.978954821888434878e+01
-2.274761110792995282e+02
-2.576138459127489000e+01
-3.414869805532549663e+02
-1.270825707857321873e+02
-5.208277102139949477e+01
-9.922424636182705626e+01
-1.043804598810451694e+02
-2.168956340387768478e+01
-1.818524662097644864e+02
-3.523448393384386463e+02
-1.290440644113027702e+02
-1.049766016209661927e+02
-1.485862964570722795e+02
-1.608469555484091700e+02
-2.535213179884441388e+02
-8.812557381762806585e+01
-1.103221620501912099e+02
-1.034809401477350406e+02
-1.034913060016395292e+02
-3.124088336603067546e+02
-1.227685214018795108e+02
-6.433318518389316409e+01
-1.337881544125013704e+02
-4.100335988778792853e+02
-9.601051762255818289e+01
-1.888197208339105941e+02
-6.561807276641292219e+01
1.703996170150678324e+01
-8.810228101957129354e+01
-2.448704895157385693e+02
-1.150881726635187761e+02
-2.405861962810106434e+02
-1.431692823081238544e+02
-1.144516743931349367e+02
-1.483771147926828462e+02
-9.119767720262822763e+01
-6.208231436551039195e+01
-2.248408143328036886e+02
-8.743841948008412146e+01
1.840017891449261356e+01
-1.596741929958245976e+01
-1.014334229684894240e+02
-2.462611653463204107e+02
-1.161822316880676169e+02
-1.840622129162073293e+02
-7.024357754304776336e+01
-3.793392523359001416e+02
-1.790646134240162723e+02
-8.164919917992574483e+01
-1.152085837736049854e+02
-9.253218965425747911e+01
-8.776903803106435475e+01
-3.248908698694375516e+02
3.963127170021562051e+01
-1.903903104399412882e+02
-5.511793024833679056e+00
-8.778455557879173909e+01
-1.287835038708065838e+02
-9.253485700205753517e+01
-1.295474531103612605e+02
-1.012063265162236263e+02
-6.151674691186128996e+01
-8.465133796975702296e+01
-1.495113374773529245e+02
-6.765584905404138283e+01
-2.751621803008387133e+02
-1.658783560752136736e+02
-1.226060894492106570e+02
-1.984496714348176738e+02
-3.773812602082971353e+02
-1.963172590790719880e+02
-7.874732033740843917e+01
-1.448370098708325884e+02
-1.565124254552466141e+02
-9.106465166164034031e+01
-9.186685453707610804e+01
-9.990718183913577377e+01
-2.242565980207600091e+02
-6.267781137043880335e+01
-8.839342451047225779e+01
-2.435512251865289954e+02
-7.780473888710518793e+01
-1.544495397415122966e+02
-5.011685520766802426e+01
-1.907870328964238524e+02
-2.115701732976886547e+02
-2.312852626350773733e+02
-9.399393884761813922e+01
-8.154799753607328228e+01
-2.055885582466697201e+02
3.875337474248718195e+01
-3.306733418531347297e+02
-1.444943456514826607e+02
-1.495956615713283213e+02
-9.981190315588561646e+01
-6.540017008639227925e+01
-1.122054977168822774e+02
-7.298728766933709267e+01
-3.001226102734200936e+02
-1.277242258269853892e+01
-1.478194206926980883e+02
-8.224688298497467542e+01
-1.894847480755561264e+02
-1.301862066839901786e+02
-7.633654742541853011e+01
-2.060795288165464001e+02
-1.109447511161400257e+02
-1.213574666609620749e+02
-3.213159702838196381e+02
-7.805185511970670120e+01
-1.041830934226343572e+02
-1.335097747845532865e+02
-2.768335315720372591e+01
-5.054233547271840621e+01
-6.108715175357711047e+01
-1.240483344626671567e+02
-8.570133808692287403e+01
-1.474785948678126033e+02
-2.580630002369056228e+02
-6.371165331519683406e+01
-1.222219050707616788e+02
-1.559671786246141210e+02
-5.894208585051704574e+01
-2.307606415710168619e+02
-1.442125470177650186e+02
-1.795132740113129728e+02
-5.986850913885245262e+01
-1.656864491754719495e+02
-1.319759676256910836e+02
-1.256309290342256304e+02
-6.903615318426308534e+01
-1.093531799613296585e+02
-1.547245743315083359e+02
-8.862763841700167688e+01
-7.600191366097448054e+01
-1.676548336147207863e+02
-2.168742123487256208e+02
-1.092246539177517519e+02
-3.265087180292549363e+01
-9.054516939444005175e+01
-1.022007609837789204e+02
-3.686138316889640123e+02
-9.812339468643780549e+01
-3.606759977312129308e+02
-1.081029479892030452e+02
-1.195961393567771296e+02
-1.068264537418353086e+02
-2.685618041623147292e+02
-5.802177263525219786e+01
-1.950828545365558568e+02
-2.390347101021334311e+02
-2.784704429107852661e+02
-3.097814066981180758e+01
-1.489552054596920243e+02
-8.802793647568904589e+01
-4.958342895947446749e+01
-3.136544502909449648e+02
-1.136638933624351182e+02
-6.679890995787857833e+01
-1.108592596437853359e+02
-5.489374663559297574e+01
-2.084921072812306306e+02
-7.987332890492632487e+01
2.290238729147489494e+01
-9.786731800850893137e+01
-2.475268447421032931e+02
-4.922951073116716003e+01
-1.951280494937092556e+02
5.355684718418714851e+00
-2.324182723492442619e+02
-2.183086216012193290e+02
-8.937217679345874899e+01
-5.186853914862734172e+01
-1.642764708450434341e+02
-6.884077563428826352e+01
-9.374311206924903672e+01
-2.110340233826212284e+02
-8.769014890821681263e+01
-4.098308139555405205e+01
-1.486214601914906552e+02
-1.973089861968834953e+02
-9.662253960060149893e+01
-7.287385502087983014e+01
-6.933916960878713098e+01
-9.002458987146596314e+01
-3.109415637905641461e+01
-1.090837050357266094e+02
-8.620098876858901349e+01
-1.000678041544387895e+02
-1.479721328853171940e+02
-1.125546104621287924e+02
-1.041906531001678644e+02
-5.883692787983291339e+01
-1.786835842563281744e+02
-2.668133331873280554e+02
-3.051098463502017921e+02
-7.830980715017032878e+01
-2.922923418350905536e+02
-1.453654797201565998e+02
-9.519731596663808659e+01
-1.304424251414821754e+02
-2.660333200742386452e+02
-1.116608475157359806e+02
-7.002429960870352943e+01
-2.459512790918946052e+02
-2.520319482007426188e+02
-1.004147871544070654e+02
-1.648770693543779657e+02
-2.165259073813322175e+02
-7.545108568036972940e+01
-7.599645861835712424e+01
-8.594195159104563686e+01
-2.782114488945265407e+02
-6.595547516965463331e+01
-9.793626358809471810e+01
-1.244952268165683051e+02
-1.027553272744117976e+02
-1.042861995753421667e+02
-7.858550709257666256e+01
-2.057481846199345910e+01
-2.760881041007798444e+02
-8.063104758172491415e+01
-2.840586717606385037e+01
-3.452213462670210902e+02
-1.134182146787152021e+02
-6.551367386030385376e+01
-8.861789605326842434e+01
-4.636581273433320405e+01
-3.217486705763967620e+02
-8.752295124598539644e+01
-2.151612133655571597e+02
-4.566332352203786371e+01
-7.671931315374236249e+01
-1.174084933432853006e+02
5.202088696432583959e+01
-8.696551189377092328e+01
-8.224309586399940031e+01
-7.550093682273197260e+01
-1.122604828029475499e+02
-5.725617686404788031e+01
-1.684430680297982690e+02
-5.412777196932614743e+01
-9.104889735821689101e+01
-8.566512357703743419e+01
-4.989550053683046826e+01
-9.746507419333158850e+01
-7.572314178696663589e+01
-6.531149030321931548e+01
-3.626795409392969560e+01
-1.031376715186398343e+02
-5.174243781975606282e+01
-4.464814000485348799e+01
-6.664735209817114026e+01
-1.781960887761885601e+02
-3.496058586227167098e+01
-1.503638995410684345e+02
-6.316367286368009104e+01
-1.550774987494057200e+02
-5.590645898722776508e+01
-1.107805425646837278e+02
-1.311166903809611028e+02
-7.907436121362742654e+01
-1.211492711899794728e+02
-1.094877564017682090e+02
-1.108189675314702782e+02
-1.512883116343161305e+02
-1.313785196707713112e+02
-4.748163040069561021e+02
-4.845774912308905158e+01
-7.351564916943355854e+01
-1.837654247403445709e+02
-7.548845252158209007e+01
-7.081504915075649365e+01
-7.137216510142232551e+01
-9.651528044791193395e+01
-5.802471200564569642e+01
-2.295665722741146055e+02
-2.172590707767310505e+02
-8.072261454047806239e+01
-1.233255683790939088e+02
-1.330072314597395291e+02
-8.946640349589584673e+01
-2.752738334761701822e+00
-8.226359469454749274e+01
-7.706933047134216963e+01
-1.020170938597152741e+02
-2.673996143437673823e+02
-7.687703817727904720e+01
-8.526395814186747657e+01
-1.114145405208844437e+02
-1.013078263097279716e+02
-5.459569881730465113e+01
-7.355132285813525073e+01
-1.176596375112126225e+02
-4.389778032716390754e+01
-1.209438938760813755e+02
-4.785127591225350585e+01
-4.515861965029849046e+01
-1.543990038749574580e+02
-1.714015234285799352e+02
-7.990970371715054910e+01
-9.064544231725137990e+01
-1.012133293701383110e+02
-2.116513675799338330e+02
-1.898955451663433109e+02
-7.487560424932181036e+01
-5.735607384586404578e+01
-1.108363417242391762e+02
-2.272010066670138144e+02
-9.700787054738854920e+01
-4.339573460228857726e+01
-1.151410951900876540e+02
-8.447032073661831930e+01
-1.727810319153565217e+02
-2.541497726669578299e+02
-1.118758090461975314e+02
-9.250087487624914218e+01
-1.783842418124000346e+02
5.977395107129808594e+01
-7.165654997824290717e+01
-1.441819392298602338e+02
-8.691815838590005683e+01
-1.419311161071074423e+02
-5.748153081516120011e+01
-3.938461484835867168e+02
-1.180990834442169444e+02
-1.353516481384203303e+02
-2.265066900036351001e+02
-7.821971585687548156e+01
-9.666937005798222060e+01
-6.975219021476803505e+01
-9.804039900231870774e+01
-7.241495447550661879e+01
-4.102367265261527507e+01
-8.174841684612114534e+01
-2.119779596658996752e+02
-4.985123696525172932e+01
-2.908869925120541211e+01
-2.819293327764586365e+02
-8.067551480946315223e+01
-8.797129973375987788e+01
-1.414019010246062749e+02
-3.572342089633629314e+01
-2.616044846470003336e+02
-7.302795228118364435e+01
-1.221255242600574320e+02
-1.077204967898753978e+02
-6.288660254394530114e+01
-1.574367080527076723e+02
-1.762386209653216156e+02
-5.099988663234550756e+01
-7.524382248729652645e+01
-9.193682287564863032e+01
-3.379575322093446630e+02
-7.976456080366938295e+01
-9.707641694087237738e+01
-4.773348043196747170e+01
-3.022060882502021286e+02
-7.439761927678087261e+01
-9.301538536649042044e+01
-1.580539579373659080e+02
-7.893675431235305950e+01
-3.012561694606293372e+02
-1.244031657204829315e+02
-1.047029132999322059e+02
-7.020133721062761367e+01
-1.598572174247451585e+02
-6.449142184738374795e+01
-2.954722860293983331e+02
-7.781666949335883032e+01
-2.527809336231313750e+02
-5.124325946333658521e+01
-5.030493664056946557e+01
-5.757610854976672954e+01
-6.208701380982529372e+01
-2.719879486169692768e+02
-5.462434534464382807e+01
-6.918042115013948035e+01
-7.388895821118259732e+01
-9.604672649191128642e+01
-2.112564816234338991e+02
-3.033815955768257595e+02
-1.133112049793767255e+02
-2.239774215892883831e+02
-8.404372384415935926e+01
-9.543430080191166098e+01
-4.320231862655954558e+01
-1.398427380385199967e+02
-7.215525091653792344e+01
-8.305007326197879536e+01
-3.353318280112716820e+01
-5.394425536940450172e+01
-7.399674099702512819e+01
-1.052348963471544607e+01
-7.998020070399964254e+01
-9.878184918432705786e+01
-1.078631998041482518e+02
-1.525938898914587298e+02
-6.619569765305331543e+01
-9.138276512567360044e+01
-1.828743075860490421e+02
-1.314660495604713901e+02
-3.016150092850642750e+02
-2.111218339642163073e+02
-8.566496032767534530e+01
-1.684465056125820297e+02
-9.374120967556250150e+01
-8.116908457095127005e+01
-7.644051749305711496e+01
-5.755161107226098238e+01
-6.815790619548300810e+01
-1.925357430840672066e+02
-9.562356649800292985e+01
-1.295975638126557783e+02
-1.163376871025592436e+02
-7.828614729990468390e+01
-9.322530892023135607e+01
-1.404581894152426571e+02
-1.075617616751519705e+02
-5.987427526497194208e+01
-5.373790809513895539e+01
-9.879505495201694032e+01
-1.276662050862651654e+02
-5.434259639793642549e+01
-2.563037527508178073e+02
-5.304248357006157022e+01
-1.814941497288327810e+02
-7.775544483327936973e+01
-7.757853530932698050e+01
-1.069259557838558550e+02
-1.103085060572099536e+02
-8.452949075715645222e+01
-1.124999840507289264e+02
-3.373946128239629161e+02
-3.419799154499916085e+02
-6.123915120873277829e+01
-1.091435207472783731e+02
-5.446829563669290053e+01
-3.158173706731676589e+01
-3.770213903676955169e+01
-2.056835865174952573e+02
-1.123009795426014108e+02
-9.201514479713209482e+01
-2.075802806778188767e+02
-7.713051547733559232e+01
-3.614670758027840236e+01
-1.304009415589518426e+02
-1.053850147750437998e+02
-6.931335457983969661e+01
-9.757424202293091753e+01
-1.207535168526359683e+02
-3.718963863618881049e+01
-2.100533083133993273e+02
-6.119655008774896032e+01
-7.795844697773695486e+01
-9.377201634999144630e+01
-2.292219290254823534e+02
-3.207340272191635222e+02
1.523531979308647522e+01
-9.448582557481574895e+01
-9.188346684475919801e+01
-4.908405963023290042e+01
-5.270823633509900219e+01
-5.460413692328059199e+01
-7.424511392745918670e+01
-1.751360900956107116e+02
-1.740913175541755322e+02
-4.499012041064203515e+01
-6.737708040911665819e+01
-1.405036590563611298e+01
-2.484890364654220321e+02
-1.354679490468262770e+01
-5.663245008543685088e+01
-1.151027376359238730e+02
-4.275377269778079494e+02
-6.099128967399688861e+01
-6.938700410719147271e+01
-4.568674836423745944e+01
-2.492988758629506094e+02
-2.920455321866195675e+01
-5.107770105880683786e+01
-2.446939403447727557e+02
-5.883060164491795518e+01
-8.578152442470749861e+01
-6.861521906614973432e+01
-9.392038274294804978e-01
-1.445613228180589829e+02
-6.629185590685861484e+01
-1.256347896784217397e+02
-2.647663877011569298e+02
-6.717629095499177083e+00
-2.386906642020129823e+02
-4.143994988025049508e+01
-1.916390220708553613e+02
-5.194368272339370662e+01
-7.195369064016421135e+01
-5.439066857604659333e+01
-3.004156443613724150e+02
-7.575665631688904966e+01
-9.024391562212358053e+01
-9.432815368396063604e+01
-7.826702377107039865e+00
-2.669948806308070175e+02
-4.370742478620175575e+01
-6.113314586833752173e+01
-7.992301015537390185e+01
-5.912287927964648304e+01
-1.969395604844589229e+02
4.911874879926142512e+01
-1.308023082326428721e+01
-1.333278844656472870e+02
-8.832749999063480573e+01
-5.211562701985261015e+01
-1.549168980682793517e+02
-5.972489768741342431e+01
-1.112884249381591673e+02
-1.426281327463374851e+02
-1.303049097110481966e+02
-1.245771956015031918e+02
-1.648723292529406308e+02
-5.585244260152852291e+01
-6.973911018369750536e+01
-6.616404619267969167e+01
-2.889562554535302183e+02
3.949565304173086844e+01
-5.098403055672649486e+01
-2.331719937927511239e+02
-6.189368135520153658e+01
-2.204238670871432930e+02
-6.690904895695749133e+01
-2.980806427475434930e+02
-3.352484347857588887e+01
-1.512784553927741626e+01
-6.394368933147237044e+01
-1.642969306453355500e+02
-9.570963997927941591e+01
-6.679174426220990313e+01
-2.366289967114449837e+02
-9.211916565406316693e+01
-9.300272046625346434e+01
-4.931068641411577858e+01
-4.998604661051786735e+01
-8.518972293064453538e+01
-7.160232779118916824e+01
-4.144227134112001920e+01
-7.227610593584763876e+01
-2.769731478384909451e+01
-6.817656728342643646e+01
-1.912595224933606630e+01
-1.769949902245532485e+02
-1.955701278391246376e+02
-1.875979754901933632e+02
-6.826442074175523089e+01
-6.561357920484032036e+01
-2.146688533283898437e+02
-2.849030527940532238e+02
-4.400125200127332903e+01
-2.961349257187384865e+01
-2.911881330742839395e+02
-1.517704096821841517e+02
-1.400988403810630132e+02
-8.217068809731587464e+01
-7.433302997977158100e+01
-1.901141983462029543e+02
-1.749323125802391701e+02
-3.315416930827751685e+01
-5.974528617614239323e+01
-2.298746256638993373e+02
-7.486756177705089499e+01
-1.755314868158139916e+02
-8.240127111545794492e+01
-3.275000606029792607e+02
-2.717959431067599496e+01
-2.172704956939808767e+02
-2.634126809967658005e+02
-2.726857194851727400e+02
-3.696589117200815622e+00
-7.453737646771050152e+01
5.232259575042405686e+00
-2.060249848380757953e+02
-6.742773288378585050e+01
-2.619820555028508124e+02
-5.083246975149322111e+01
-1.095837278438560816e+02
-1.253810018402628685e+02
-9.029455444955338805e+01
-2.284175733211953059e+02
-1.451511315421761026e+02
-2.298554204455863896e+02
-4.753210427751655232e+01
-8.864835394329141138e+01
-3.691918722296771307e+02
-1.092458411485900456e+02
-6.812500826924419073e+01
-4.782277848037882961e+01
-2.047447890689738585e+02
-4.156501272168254673e+02
-1.763706364144060785e+02
-9.661123665954164608e+00
-1.639909426190754118e+02
-1.606506447302024299e+00
-1.193265561926496332e+01
-3.452816673303212269e+01
-2.425978273365921325e+02
-9.384856955425405545e+01
-1.100534034062552706e+02
-1.387239991482487653e+02
-3.606103225876401552e+01
-4.207572592081434095e+02
-5.151994638891789435e+01
-1.932815430531038601e+02
-2.160198404854144201e+02
-2.351797327679484226e+02
-6.702827417495772977e+01
-1.225007581419746145e+02
-1.449007196498595818e+02
-5.048574772766997398e+00
-3.359558145304231402e+01
-4.570877221370835173e+02
-3.840814143952009374e+01
-7.598463507963867869e+01
-3.313674632394220509e+01
-4.760516857935968460e+01
-1.267966349750402770e+02
-2.902054344410609019e+02
-8.351831401965924329e+01
-2.092257510826066209e+02
-3.272060188477349811e+02
-2.426330985941778238e+02
-2.123958757190624738e+02
-6.192235151382065084e+01
-2.927204779882667651e+01
-2.790528887752590208e+02
-9.706513411295401283e+01
-1.295639353076235807e+02
-1.049606021641184981e+02
-5.500617015505054042e+01
-1.188471461536005762e+02
-2.264680548913143809e+02
-7.157138944396659497e+01
-2.946629573030390929e+02
-1.184262686892955259e+02
-6.604944506786773673e+01
-1.305239282975548178e+02
-6.966774686184648147e+01
-7.781033919187348147e+01
-2.187081073464695464e+02
8.318624987956482641e+00
-7.226769916592181175e+01
-7.993357541481373119e+01
-2.267970141586829413e+02
-2.626675375292459194e+02
-3.040404711727430254e+02
-5.784901007609686019e+01
-1.205004988156156571e+02
-2.398389605250869181e+02
-8.292173596375621969e+01
-3.038583587318915136e+01
-1.536642497634860547e+02
-3.085116184509357709e+02
-2.887107847381728902e+02
-3.152059499202756570e+02
3.308775065088851619e+01
-7.698080073104756593e+01
-1.822297126316549907e+02
-7.431995318384966254e+01
-2.857168067152197750e+02
-9.632475985900759952e+01
-2.056691485907703054e+02
-1.234891065343167895e+02
-6.567131396533665111e+01
-2.061804264388118781e+02
5.229311463440572538e+01
3.867520171275529606e+00
-1.964130574142249941e+01
-7.753401637510521027e+01
-2.750281104843315916e+02
3.534986221909832693e+00
2.396942506214807622e+01
-2.617846557743457936e+01
-3.412227289345315739e+01
-1.851415034823817507e+02
-2.265545788423009128e+02
-8.872996495158379560e+01
-3.654778609267869172e+01
-1.316259247983558396e+02
-1.426024303914026632e+02
-1.646477180132643525e+01
-1.372696261959519575e+02
-9.708415611903765807e+01
-2.525896577393337736e+02
-6.027149209167735222e+01
-2.407049935935812357e+01
-2.785758198419387099e+02
-2.979599516573572942e+02
-1.919928443534116695e+02
-6.911200572222436733e+01
-1.267301305606864190e+02
-4.680518388053643974e+01
-4.209788851159259480e+02
-1.743466906684133733e+01
-2.209156393165247323e+01
-7.889988652417680726e+01
-5.836046994326575543e+01
-3.270817529336605958e+02
-2.063672336224031483e+02
-3.526450818466000783e+02
-7.466079459414076780e+01
-7.698404908987174622e+01
-1.730237098702991716e+02
-6.459518596514095634e+01
-8.867713599179661799e+01
-3.899523985836083284e+01
-4.126816877170584519e+01
-5.756534272019565890e+01
-1.218876526070214226e+02
-1.003701601768839708e+02
-5.093546362223783319e+01
-1.861489090445923296e+02
-1.943171463622975637e+01
-7.399781502741045358e+01
-5.159212912402895768e+01
-1.230996656417986514e+02
-3.023778651779766733e+02
-2.302730724490210434e+01
-4.853744130510634136e+01
-1.345670969318480275e+02
-3.285379020203234290e+01
-2.705391234764358614e+02
-4.103238691422317288e+02
-1.770489441766389973e+02
3.174889906444374787e+01
-1.613962870492459842e+02
-1.314134440716690051e+02
-2.957057541046830238e+02
-7.366670762166904751e+01
-1.849898965905132400e+02
-7.255115891181509369e+01
-4.144409099466908941e+01
-3.624327202951022855e+02
-2.532344131439985517e+02
-2.295208344843474890e+01
-1.013551008977382963e+02
-1.391717696213183046e+02
-1.392824225964652385e+01
-6.731965879649169437e+01
-5.263200741375255376e+01
-1.804985488388865065e+02
-4.644682674195949801e+01
-9.139227260939365749e+01
-2.938153119767203236e+01
-7.443676714575566677e+01
-6.863207843404862274e+01
-1.563332443854790199e+01
-5.591088565704310298e+01
-1.311404984829092157e+01
-1.154049134626800139e+02
-6.720281467805075692e+01
-2.254023231683414679e+02
4.911001774401427156e+00
-1.247244232275903073e+02
-5.275398254182385926e+01
-7.961443245771124566e+01
-2.779322472618343909e+01
-1.077074640162719561e+02
-2.314066396587290910e+02
-1.273901796245118163e+02
-1.022424132636788556e+02
-1.070353948343530561e+02
-1.147173239218733727e+02
4.546797822955781498e+00
-7.431942749264891290e+01
-1.583332662845459708e+02
-3.291999083909333024e+01
-2.551976238767323935e+01
-3.557190384111684978e+01
-8.305018438874785147e+01
4.435610878339075214e+01
-2.885192770195789080e+02
-2.540119687439392635e+02
-1.608899973857246835e+01
-7.347864664481964780e+01
-5.097376180583255234e+01
-1.211335826552829076e+01
-4.325594430483789665e+00
-3.182056019098912714e+01
-2.324966227416714162e+02
-3.757171289318715424e+01
-9.860864835130934125e+01
-7.984975381458750121e+01
-1.975614397191621947e+02
-1.292178983700478625e+02
-8.337497040713074625e+01
-6.557870438992539164e+01
-8.200643678369161194e+01
-6.945943393685446665e+01
-7.599262001961132285e+01
-7.135440623969051899e+01
-1.997047065512912525e+02
-2.236135003998981006e+02
-4.252393109369057811e+01
-4.510740512379875611e+01
2.506945830245236095e+01
-7.538571559424229918e+01
2.878770436861188387e+00
-5.329775590987085110e+01
-2.206881337597654351e+02
-1.026114633851323248e+02
-2.425297086280538963e+02
-2.926563256532919866e+01
-1.824287422468676425e+02
-1.692218758081355645e+02
-6.099843592129047920e+01
-1.751822106941682478e+01
-8.165595336876558008e+01
-2.897752529477737937e+01
-2.346843888262660016e+01
-5.117520750211566849e+01
-5.738842592479356597e+01
-6.687927287144964339e+01
-3.244647428088860863e+01
-4.092018469068523245e+01
-3.233758447181516971e+01
-6.818718161834166835e+01
-9.842739190309902142e+01
-2.066981590655059620e+02
-1.465483709927864027e+02
-1.970374308360896976e+02
-1.602700239871782912e+02
-9.750473344158504574e+01
-3.515043309219335299e+01
-6.932426803491648570e+01
-5.938793073058695882e+01
-6.810842154387586334e+00
9.779481042497906174e+00
-1.567679187960423519e+02
-7.599432854870116216e-01
-7.633213176103097908e+00
-4.427507301564742193e+01
-2.493400514163542994e+02
-7.989137989220722602e+01
-1.864438289255642189e+02
-6.287712242715140576e+01
-1.314975930418831069e+02
-9.305329622030264147e+01
-2.720063247468360146e+00
-6.249014042915928258e+01
-1.215002070746834306e+01
-3.031852189124727204e+01
-3.482369593057796919e+01
-6.571245061019298817e+01
-1.530706246891623721e+02
-1.010924777710937121e+02
-1.283618579246890476e+02
-7.650736202540404918e+01
-1.606230861414600213e+02
3.571914915112586186e-01
2.506863550057281032e+01
-3.549785706351667613e+01
-2.809217976608158551e+02
2.738220304207200684e+01
7.934075212173129898e+01
1.060381733721251862e+01
-1.906988063051872189e+02
-8.996494395458552162e+01
-3.823662510467626419e+01
-6.627425790296905461e+01
-2.704875604726653648e+01
1.497062800584586739e+00
-1.820756398672277498e+01
-4.528702249122933665e+01
-5.865687350246986398e-01
-1.433314282088333016e+02
-1.038403427296378112e+02
-3.061740463947751323e+02
-1.563742667160460087e+01
-7.129502768490374365e+01
-1.128236679665264717e+02
-7.371985129168697881e+01
-3.951290866880563613e+01
-5.533602024068721903e+01
-9.445973226304406012e+01
1.313938257043338353e+01
-7.755929925736214159e+01
-6.768613621585487294e+01
-2.321336866097306881e+02
-1.101450752832977997e+02
-4.354622015378426170e+01
-1.503469634383515086e+01
-4.550314992617943233e+01
7.088267757130623181e+00
-2.486831201317421858e+01
-1.002830094450979743e+02
-2.261037134952312613e+02
-2.658016010482606362e+01
-1.058501361313429072e+02
-1.021526140034101360e+02
-9.313841034360035565e+01
-1.151165780753370171e+02
-5.530819706780310696e+01
-2.364262224540053126e+01
-2.187686629885918421e+01
-1.727336269350806219e+02
-2.335304373797927724e+01
-3.378571397236112261e+01
-6.441694724198131894e+01
-4.591901052971111596e+01
-1.821968927215392569e+02
-1.057066462581991146e+02
-1.139566202116131706e+02
-9.209445862883740119e+00
-8.565236099759638932e+01
-8.005798433956829285e+01
-4.313770750157694067e+01
-5.945473296301166499e+01
-1.526652651321404619e+01
7.126964060233532905e+00
-1.156210328954165192e+02
-1.727649280741023290e+02
-5.237854284188845355e+01
-9.108174326985623281e+01
-8.219800751161480434e+01
-4.728213176800380069e+01
-7.188351497869818729e+01
-1.941099860667488315e+02
2.239667868930790284e-01
-1.633085109139058773e+02
-2.463913212319387469e+02
-4.333574000523718439e+01
1.908978381540156022e+01
-9.462514052264162956e+01
-1.057735867707301622e+02
-1.747018662681861940e+02
-2.025227380580403747e+01
-1.769333292884723221e+02
-9.353332196540847576e+01
-7.415712017195093608e+01
7.163222969432453624e+00
-6.417430512392449771e+01
-7.210234543044947486e+00
-2.063237877436653207e+02
-3.902527634347309515e+01
-1.889929302311495007e+02
-3.102384724103839631e+01
1.064769345996073469e+01
-4.589867679358397368e+01
-3.616468246947333398e+01
-6.370910380681310414e+01
-5.646947593113822705e+01
-4.129008234531596599e+00
-3.361291177087508686e+01
-1.657553047091812459e+02
-2.502294136348824338e+01
-5.684013297268620590e+00
1.650806049314931556e+01
-1.704966441715714609e+02
1.106678774630684359e+01
-2.737239322697374178e+01
-1.926320840454565086e+02
-1.918201064991052363e+02
-2.924269829262915721e+01
-3.813077719660594767e+01
-7.803823599753344809e+01
-9.016691733992283275e+01
-7.121354892817811333e+01
-4.563158480995217303e+01
-7.770000538017477254e+01
-1.343093103179350010e+02
-6.142252440522879908e+01
-1.774481132031858124e+02
-1.520083104477774327e+02
-7.189755488707267261e+01
-8.526930936570448694e+01
-6.513209576311697901e+01
-1.959707616443309064e+01
-2.639421625886053846e+01
-3.068367084698038525e+02
-3.401272983437860375e+01
-4.896147222869601023e+01
-1.549474488086724762e+02
-4.730671366363179686e+01
-1.948330907677214441e+01
-1.529909672521757784e+02
-1.423356765097068433e+00
-7.384116600824577858e+01
-2.457003523162397585e+02
-3.185692040396817504e+01
6.006125625867085205e+00
5.189632645747366269e-01
-4.352006655391148371e+01
-9.605557535825806781e+01
-7.742330163958439471e+01
-1.287916881121043673e+02
-3.637126115217469646e+01
-6.694157470736861626e+01
-1.470989084507324662e+01
8.012850370091712193e+00
-6.356369120185435406e+01
-1.568229277414681633e+01
8.168471347991152243e+01
4.220879585589094063e+01
-4.421366090582394293e+01
-6.213446781730418422e+01
-2.890955118524668421e+01
-1.787385230637184463e+00
-2.118666456644011191e+02
-3.944924529655081358e+01
-3.035941581008573564e+01
-2.278451505905904639e+01
-1.902572818373488417e+01
-1.580051096106188879e+02
-4.755157354897970379e+01
-1.028329518282093176e+02
-8.939082197450409240e+01
-1.612615924703247856e+02
-3.898518753497565115e+01
7.474786604335562856e+00
-8.177042471639570920e+01
-1.716928855040247015e+01
-1.194360547802214398e+02
2.748871607686106699e+01
2.934327699273634948e+01
-1.139512119344821315e+02
-1.182446679413821897e+02
-2.806061620252695548e+02
-6.616534697165684520e+01
2.484563836374411494e+01
-1.876378902848275629e+02
-5.447292307841761527e+01
-3.695606699529828632e+01
-8.361458285194713369e+01
-4.425201379606350827e+01
-3.829516169883150667e+01
-4.581069498090501213e+01
-9.065762331632900839e+01
-6.862716378684609708e+01
-1.783953419439687309e+02
5.065616907803217828e+00
-2.204485942154042277e+01
-1.645506600728370472e+01
-1.147799887979310540e+02
-3.089905387921277224e+01
-2.121854365835288547e+01
-1.369745863178541185e+02
-2.393626605306538124e+01
-1.798693151001511410e+02
8.463744155495788846e+00
-2.827258496672719446e+01
-1.640542724155404812e+02
5.371371247438830210e+00
-1.021549777956700353e+02
-4.042256608678385987e+00
1.027182626771698892e+01
-2.487886789326653059e+01
-1.063770028820976137e+02
-7.035127832439087570e+01
-1.314465193340359974e+02
-3.662282826936628055e+01
-2.079329829111134700e+02
5.294559600478052630e+00
-2.853090252505000990e+01
7.231702738864824198e+01
-2.855592426677749529e+01
-1.859430503044395095e+02
3.968943742272810482e+01
-1.704014527119490197e+01
-5.351670462371687336e+02
-2.284962883973164480e+02
1.044539156036137229e+00
-2.663465618838868068e+02
-2.009523145041932253e+02
-4.951110603214397088e+01
-2.260020526885271863e+02
-3.988937168537979261e+01
-4.671280543643320584e+02
-3.958581218002247226e+01
4.918395452317491845e+01
-6.447023268570258381e+01
-4.286563152470435512e+01
-2.254937416249960336e+01
-7.197343191535944129e+01
2.558430445963655586e+01
-1.499090093307917755e+02
-2.544562194058228499e+01
-9.020470983875135573e+01
-1.986910723960933467e+01
-1.549846997310368693e+02
5.491311819829888918e+00
-1.138175813499738638e+02
-7.910358886279084345e+00
-3.450028485295879932e+01
-1.018010957408754535e+02
-2.368448760705395273e+02
-8.081072691158491139e+00
1.248937252592958203e+01
-4.180092094766127531e+01
-1.021869648763536418e+02
-4.241431559110257865e+01
1.128635711824896504e+01
-1.226872172485008718e+02
-1.666842229910547530e+02
-3.330457494293106890e+01
-8.161442890262433991e+01
1.744071412809908850e+01
-6.303205398727953934e+00
-3.529798873027114325e+01
-5.053122409186048003e+01
-4.897999907855856350e+01
-6.023897033202288753e+00
-1.201066713613304948e+01
-1.142097015685649097e+02
-5.545452573005342600e+01
-1.089134685342183673e+01
-4.117735327891091401e+01
3.523816101591467032e+01
1.157804219413666829e+02
-5.501427215647058233e+01
5.426084188881176829e+00
-5.967676769293441197e+01
1.367311901411568442e+00
-1.115279827890550735e+01
-1.100283034890547498e+02
1.389859397702676347e+01
-3.704222595649412142e+01
-2.279160214116412817e+02
-2.139171001236738334e+01
-1.731789066122112786e+02
-5.751817575123465787e+01
2.162539165024082877e+01
6.046989437612046459e+01
-5.485808459771120482e+01
3.385023533015504427e+01
-7.575889068681448180e+01
-3.780704142327962813e+00
-1.030544318042305463e+02
-2.165620829000129106e+02
-2.129860870467479117e+01
-2.788510755792205487e+01
-4.591879548296453351e+01
1.641935847451810560e+01
1.480860210112727771e+01
-2.583827626454137771e+00
-1.824365809874613831e+01
-4.665866305426047234e+01
-1.026817359826213050e+02
-1.402528488173270205e+01
-1.815220084796045228e+02
-9.590135027264383893e+01
-1.210917364546638311e+02
-1.583525351489832644e+01
-2.460804080268549683e+02
1.611881613442683658e+01
-1.145869338613735522e+01
5.784870886426897130e+01
-3.945097230960571721e+01
1.570514209063901490e+01
-3.609890380608958083e+01
1.828513866093015849e+01
1.748930479414067918e+01
-2.398686400338824285e+02
3.892055612410089793e+00
-9.650408786178758191e+01
-2.448912491551606081e+02
-3.494015406032096394e+01
-9.369297757776709545e+01
3.440052125281481210e+01
-5.993017463722360105e+01
-2.535238346951818755e+01
-6.093422337449113968e+01
-1.905122318998802200e+01
-3.186450845813165245e+01
2.614231562787138330e+01
-1.455002063703740873e+02
-9.007385284282081628e+00
-5.752081676827079093e+01
-2.659566145710896024e+01
-8.029514907264511692e+01
-2.464203896569064511e+01
-5.258345291705239788e+01
-3.008957349370777479e+01
-9.917069647941022481e+01
-2.014603224021688277e+01
-2.666119746343015890e+02
1.323133280825355484e+01
-3.500219655680964337e+01
-2.152978722024002991e+02
-3.305370623513164219e+01
-1.468347132096015457e+02
-5.406371965058669105e+01
-1.219550179365036513e+01
8.318804718901773310e-01
-6.154041668785011154e+01
-2.379294639488230700e+01
-2.586817499726927281e+02
-7.364431846278009175e+00
-2.761684278268518256e+02
-1.270759956606032119e+02
-6.607226360359229034e+01
2.024329841245094386e+01
-1.955551576399155351e+02
-3.219489563998105268e+02
8.378908268164295237e+00
-3.899790545205448211e+00
-1.036170459545995293e+01
7.148907409907043586e+01
-5.954026760716944722e+01
-3.595932487543080924e+00
-9.365668315795124954e+01
-2.228715556804530422e+02
3.745333754607692356e+01
-9.418655534741247948e+00
-5.500157455338506907e+01
-1.320668629315022997e+02
-9.036288286028539574e+01
-1.262275804496161413e+01
-1.029951502042941058e+02
-2.201031823032676584e+02
2.483092492454116496e+01
1.786854340999521185e+01
-1.514057243854555281e+02
1.480141188515158035e+01
3.427834467419353359e+01
4.877157382658776896e+01
-2.459242375543159653e+02
-4.851788107256005844e+01
-9.070777884281498871e+01
-3.765267163874513301e+01
2.175082500538819374e+01
-2.951697926211304548e+02
-2.752093822621325216e+02
-2.090622079478272894e+02
-5.758247905071813477e+01
8.550067465626668195e+00
-1.476328615442581338e+01
-1.731529395985140809e+02
-5.588574833851056667e+01
-4.664910076096625602e+01
-1.516771259781669983e+02
-4.255248374208520090e-02
-3.082530895262246418e+01
1.566996932577598045e+01
-2.302572346202778704e+02
-2.965232946473422260e+01
-4.775077587665400358e+01
-2.044121480515275380e+01
-1.420950985330202911e+02
5.738613139162673349e+01
3.640441079584670092e+01
-4.275131864033889428e+01
-1.277912481937354698e+02
-6.525661387708204586e+01
-1.975423829927020734e+02
-2.058103196741122787e+01
-1.578752709163434531e+01
-1.675105002861664616e+02
-2.599777954702338434e+01
-2.605313293174583009e+02
-1.637004465332542225e+01
-3.808250975294681950e+01
-2.496886304729271444e+01
2.303622884927307624e+01
-1.915370772502087675e+02
-3.275302329682122604e+01
-5.577282262694706816e+01
3.488546101650285891e+01
3.157623107540456431e+01
2.784664070560877747e+01
2.324339262947520979e+01
-2.315929116116311945e+02
-1.748944992636138238e+02
-2.562644182500703778e+02
3.300711078727005088e+00
-4.167932281333958144e+01
-5.453893390857139423e+01
-3.341774091760649412e+01
-1.111971327468265258e+01
2.116627873252352288e+01
-2.915427901387844258e+02
1.356894123969611599e+01
-5.048496339984281178e+01
-2.503571936795138697e+02
-1.008812567647527629e+02
-6.208156570693604692e+01
3.583591839422805947e+01
6.745236499199415903e+01
3.660911466898910760e+01
-2.093129796664977107e+02
2.595192735698363151e+01
-3.766004308431377581e+02
2.327248706129040556e+01
-5.168622928318305298e+01
9.769293639434884824e+00
-1.552458329052748240e+02
-5.846121052606622470e+01
-8.685093322699373175e-01
-8.066208777011325992e+00
-1.154582209224822691e+02
7.644227387778073535e+00
-7.605919591117753953e+00
-2.973678366531563597e+02
9.537394219139464724e+00
-2.383138551736666955e+01
-5.576794087781031806e+01
6.010119644022140051e+00
-2.075562527510916766e+01
-1.729326008586668877e+02
4.915595386882205986e+01
-1.128976533290044699e+02
-1.683406734743881543e+02
-1.549844279968633032e+01
1.791292933608247040e+01
1.102189908582218436e+00
-4.840314390793758292e+01
-2.373056913457085670e+02
3.118818464931487000e+01
3.792180293208056696e+01
-2.480205502262431594e+01
3.365394811596516433e+01
-9.661695485032680608e+00
4.525829156114326679e+00
-3.691214888087813506e+00
-3.287399089001248740e+02
-5.287087776097973801e+01
-3.031467986726532615e+01
-8.334283183861734301e+01
-7.554098387195926989e+01
-3.654772734364234452e+02
-4.007193294309544740e+01
-1.547663095122558730e+01
4.130076367854843511e+01
-1.095140262746696180e+00
-3.190973978731834393e+01
-5.525203139211466663e+01
-1.997148039750214252e+02
-7.171672826916852728e+01
-1.639077273624876341e+01
-5.051335974917793692e+01
-6.602483880692584250e+01
-1.337549215512677847e+01
-4.034832221568638033e+01
2.700686730192029472e+01
-1.233012659017261825e+02
-9.518025115418046767e+01
2.648862717483476104e+01
2.160280621096478981e+01
-1.495434010789253421e+02
-3.954396394213432586e+00
-1.622666344958598472e+01
-6.365405873692126448e+01
-2.415769330028771549e+02
-6.987790780622006537e+00
1.603734027272452067e+01
7.080885023560674085e+01
-9.481044159191284848e+01
-1.740330729254574749e+01
-2.229150003538023839e+01
4.914397464177881147e+01
1.308043009656555000e+01
-2.911386431159104404e+01
2.227683458118593762e+01
-4.944648293372878811e+00
-5.115071603226647312e+01
-6.729997214836529906e+00
-9.150587866998644415e+01
9.645927554779365209e+01
-1.201496445316310258e+01
-2.672765889858442279e+01
-2.090073253324201232e+02
-1.745568552050498567e+01
2.642896567918447204e+01
3.013949048479068438e+01
-1.385148197499570415e+02
-8.533473070215194412e+00
-4.095460970106547904e+01
-7.735798762738014034e+00
-7.223255130026367965e+01
2.153737507453514866e+01
-6.431438362504083273e+01
-4.943399210023403612e+01
-4.158435862059967292e+00
-1.333399585718685216e+02
-4.447472109722038880e+01
5.669038145849157218e+00
-2.636101933436121669e+01
2.313858024242654210e+01
-1.029790946297079302e+01
-1.005089246700504475e+02
1.943413820416867566e+01
-5.493073562657353648e+01
-3.614015205628824390e+01
-1.445388229500939303e+01
-7.184204002761961760e+01
-4.811435830866273022e+00
-2.882485255906244959e+01
-4.696525529416088318e+01
2.421310697952210234e+01
-7.446944831388948671e+01
-9.162159219115568476e+01
-2.566429794120139150e+02
-1.153984347024473749e+02
-2.162550401764164576e+01
-9.515027467656778981e+00
-8.041977940963751337e+01
-4.101084042455680390e+01
9.741566038295790975e+01
1.483899803541049778e+01
-2.569035964771375689e+02
-9.091498806259536991e+01
2.088869172776206540e+01
2.803904437476197131e+01
-1.301245036784455920e+02
3.602944151628989289e+01
-7.419877548288232560e+01
5.160463719148478390e+01
3.384234218611732103e+01
9.579776858089003611e+01
2.462168540243317238e+01
-8.951980974433519123e+01
-1.669988899083318756e+01
-1.696062516575551626e+01
7.260650888715289852e+00
-1.960501451010229346e+01
7.434340453294382201e+01
-1.200507813970781257e+02
-6.692565192928678641e+01
-1.671131540693983197e+02
-8.492777963250256335e+01
-1.010078871040885140e+01
-2.346691201800110207e+02
5.097737899156146568e+01
-2.060254107273264026e+02
-5.680110560053421409e+01
-5.961813235359258556e+00
-1.563252462680922577e+02
-1.699709865847023593e+02
-1.743340138986202987e+02
-8.285085032617871548e+00
3.937983428023773058e+01
-3.562255035769770473e+01
-3.127388744335490856e+00
-2.245217921995863435e+02
-2.290725476326798571e+01
-1.859310491826211660e+02
-5.633549906847525079e+01
-7.083734254515803741e+01
3.647603256702628727e+01
1.888177333535858793e+01
-1.166822689115952869e+02
-7.482223055933830835e+01
-2.880833138905281032e+01
-3.820773348772488021e+01
-2.366122798480705569e+01
-1.007985140484506381e+01
-3.480864276994527984e+01
-1.579640927707202422e+02
-3.158009034671225379e+01
-1.415367043777493166e+02
-5.538891763961011350e+01
-2.665490571602052228e+01
3.968168089401425647e+01
-1.945690878890510760e+02
6.391180010155761693e+01
-2.569998555284050781e+02
1.445972933573966657e+01
-2.791118990967788704e+00
7.853978208455600907e-01
-6.478799463492957500e+01
-1.785794828263701106e+02
6.146535203924129576e+01
7.588044873228650999e+01
-2.047364198185903206e+02
-8.032321240153446240e+01
-2.945494347043713219e+02
-8.487789386962901972e+00
-3.557442019879636064e+01
3.219833133642972456e+01
-1.543098694420812933e+02
5.237515427493917741e+00
6.949217254675943423e+01
-8.907645870416854450e+01
-2.987103957872527360e+01
-8.823101289810757919e+01
-3.571322786718504005e+01
-3.518241367958347610e+01
7.522922329560718424e+01
-5.241676069354085143e+00
-1.908758178480169931e+01
-1.199527312636316481e+02
-1.938268083583084831e+02
-5.903761258927086431e+01
-2.324638564846605675e+02
-7.306784573643450642e+01
-3.950907250472461385e+01
1.725467891882932747e+01
-1.554242020780761777e+02
2.549628815457617748e+01
-1.620213092277239753e+01
-8.115762938966432216e+01
8.320895627160196284e+01
4.353476966727293984e+01
-2.027719863892884291e+02
1.179996093958827430e+01
-6.803071377039790946e+01
9.938475431346058997e+01
5.309394463288239052e+00
-1.898237638615091782e+01
9.161519969917890194e+00
-6.832155533641753209e+01
-1.710052809528846751e+01
2.436712348924230831e+00
-1.344529520393736846e+02
-4.553171130032191627e+01
-1.724645845846497139e+01
-2.100415630919599153e+01
-3.262980377281651272e+02
-3.321749320998753774e+01
-1.581050279982363804e+01
-1.291763058723595350e+02
-1.714630269139524330e+02
-5.985729866381237940e+01
-3.030918495342957897e+01
-1.729883141270382225e+02
-1.411463762317198700e+01
5.334489327568459771e+01
-2.069342376924048210e+01
-2.230400544160857521e+02
-3.059622063342068543e+01
8.692036794679992795e+00
-2.292871346074153394e+01
-1.099868978795626617e+01
3.021806013741257146e+01
-1.093159070973129872e+02
1.226351096253898731e+01
-1.294259053264993327e+02
-6.562969652061364911e+01
-2.274044314160961733e+01
-5.098260663709440088e+00
-3.744396732342984535e+01
6.443962567775157879e+01
1.176439777501433070e+01
-1.548198483582969232e+01
4.191781351873364869e+00
7.050642922159578063e+01
7.717851067417336175e-01
3.943346008431637983e+01
8.391997432817851177e+01
-6.276856822762852062e+00
2.037138419555941482e+01
6.495161076586978766e+01
5.278377367217598248e+01
-6.132255569939222539e+01
-5.272406552018138370e+01
-1.548395301281751983e+02
-2.692387137045949430e+01
-4.807447366416231205e+01
5.730082919718593359e+01
-5.767820431632826939e+01
-2.982670005303606331e+01
-2.740285942672388941e+01
-7.880574532918613428e+00
3.354153626510282038e+01
3.685751574726648983e+01
-1.533487627533873194e+02
4.443642856077349279e+01
-1.271975239029739271e+02
-1.627094001293737051e+02
-1.867856564081487818e+02
-3.341831160393383016e+00
-3.535574328201488470e+01
-3.877090797984968873e+01
-8.095947831602003930e+00
4.225932778398660616e+01
7.759361618596233257e+01
-5.204536286462086991e+00
-1.819189595386932012e+01
4.663567587426978633e+01
-7.240478754151001795e+01
-1.094278662384803766e+02
3.180012997762739602e+01
5.528543558262754232e+00
1.851903890047247003e+01
1.193872581410090561e+00
-2.309298405814572277e+02
1.755105724858211858e+01
1.404385829078444203e+01
-2.011163677790028714e+01
-1.567789200420733664e+00
2.214378022285336556e+01
-1.777293341369681912e+01
5.610960818643748382e+01
2.649310744425604014e+01
-2.958276088307486873e+01
-8.496762849742901835e+01
6.582265007903114906e+01
-2.057821325239648331e+02
-1.076588748864026854e+02
2.825905700546540089e+01
8.141568205066762687e+01
-2.573508370023827183e+02
-9.000471383628934063e+00
9.050229427421999162e+01
2.706038950922761543e+01
-3.315437338535360823e+01
-3.782337492221302000e+01
-4.589543329171728203e+01
-7.516682533979803793e-01
-1.521004876016119169e+02
2.077820447877185828e+01
5.232150639942287285e+01
8.344673121213438094e+01
7.468318894744768954e+00
-8.869247743733154721e+00
4.336845109116575259e+01
-5.529879436484264943e+00
1.017543526360899335e+02
-1.945366113114353652e+02
-4.539355148173320913e+02
2.996813528114171277e+01
-5.837227870414409381e+00
8.977043423355249274e+01
-4.537138192887096011e+01
-8.141681812538728025e+01
-3.638997166402995731e+01
1.700170569355802286e+01
-8.612496866194007339e+01
-1.841913280111014046e+02
6.361977718967253281e+00
4.226076872689132813e+01
-1.909760955259384616e+02
6.096160101111976815e+00
4.576244989004460706e+01
2.897620524595396319e+01
4.706491238485460826e+01
1.555282354989985549e+01
2.875668570059073659e+01
8.536116538698837530e+01
-8.931409270886628349e+01
-1.450110856912678514e+02
2.150483851011314584e+01
-5.790875339231841679e+01
5.215737844000827295e+00
-1.005958133443262881e+02
-1.584665822526031889e+02
-2.041112624688296080e+02
-1.523008605416274008e+02
7.476801941930808937e+01
-6.428166640334325166e-01
5.881666303672463414e+01
1.312820637578627725e+01
-1.088482575198275981e+01
-9.340196643974329049e+01
1.614578881082159967e+01
1.974301980505174470e+01
3.901183101870924474e+01
4.004116760118745333e+01
-2.487108165634404600e+01
8.321844017177870967e+01
7.741090626223062543e+01
-5.858524975516037614e+01
4.117461796688729692e+00
-1.774429118579504916e+01
-7.194815970310276043e+01
-3.638814666203822412e+01
2.560360574601003236e+01
-8.000657907006480229e+01
-2.046465278182134639e+00
4.167735527143477725e+00
-1.194562697167618239e+02
1.453325025347865562e+01
-9.416704252968472133e+00
2.104727642586686898e+01
-1.386010521065091439e+02
6.186852654956041420e+00
6.085536488424210688e+00
-3.672428521329990758e+01
-1.112927959037899086e+02
-3.347572458687815811e+01
-1.324118104521042483e+01
-1.162388591307377794e+01
6.425597697823613430e+01
6.891246891230055382e+01
2.480120990798121383e+01
-1.010268166738572404e+01
-2.466962165401710934e+02
-3.019596188385821733e+01
6.979261091964701791e+00
8.371433593716953681e+01
-2.357496417945084488e+01
3.068590846807016703e+01
1.147219045667239357e+01
9.733519177559244895e+00
2.682328370074668555e+01
9.277989555696848356e+01
3.945489941251502586e+01
-1.375013753436785464e+02
5.034064995923574770e+01
8.409864680314157681e+00
-1.325361570149172508e+02
-1.226059808152865145e+02
3.862953084502987622e+01
1.534496060997540212e+01
-5.203971334063692922e+01
1.226913085081744725e+01
-1.528295453177106538e+02
3.881847805689130837e+01
-3.486444209888772150e+01
3.630461872637127385e+01
3.576544765054237018e+00
1.153862436859589025e+01
4.635693271052400632e+01
4.388804962117495734e+01
-9.140654365530697589e+01
1.893361043771751895e+01
-1.075625186745047301e+01
-1.001167777298465467e+01
-3.314672934271806071e+01
-2.170345890118039733e+01
-2.298525817716041786e+01
-1.680007070370806446e+02
9.570973948346249927e+00
9.298826316457336816e+00
-5.268408979763007238e+01
-5.075815306675865202e+01
3.994106960143795959e+00
-2.097403657408766264e+01
5.306318660942309862e+00
-4.378112552206512476e+01
5.538224422992809082e+01
-3.463432106919725584e+00
9.680028052773762681e+01
2.475291183702032072e+01
-2.113309373189750318e+00
2.581542470335010364e+01
2.984699137945627001e+01
-1.255208470087936234e+01
-6.944196882312681396e+00
3.364428005367031460e+00
-2.278337526041013916e+01
-1.801697073389537422e+02
-5.884107493586252247e+01
-2.731824570059088728e+02
-2.589764811796555932e+00
1.550346470057281749e+02
1.471039119889426843e+02
-3.247625364136794701e+00
9.554301427974837679e+01
1.085995295623708756e+02
1.865856372016441256e+01
-1.066724832406592753e+02
-8.008807584584492645e+01
1.485214925083209891e+01
2.961538018563365426e+01
-3.675605517004598255e+01
-6.968025165940386501e+01
-5.245949404657565651e+00
2.481565393204579095e+01
7.246230472872611017e+00
4.386613612716246990e+01
2.575840401713044514e+01
-1.477410996712119982e+02
-2.845652041236866125e+01
-3.783744645481917246e+00
-1.774545853644289650e+01
-2.000436038507078251e+01
4.591523006482876212e+01
1.621419862484707153e+01
3.358645377803527765e+01
5.219501182694844488e+01
-1.490630345311330984e+00
7.710620022648157601e+00
9.273430033423181840e+00
5.739860073404818763e+01
1.967889346528824603e+02
2.670478136145800363e+01
-4.635302661951958214e+01
-5.970702673651004488e+00
-2.467242745749243227e+01
-3.108984598018024599e+02
3.014018761370263988e+01
1.433165539658118348e+01
2.233045888635092524e+01
-2.001396561606544537e+02
9.598286567298202954e+01
-1.762020707520483143e+01
8.117934007959495091e+01
3.908846947701240993e+01
-6.847940164549214614e+00
-2.123184351423379042e+02
9.240961032786896112e+01
2.985805300788265981e+01
5.408156283338044545e+00
4.045217632238296801e+01
-1.890598066584272487e+02
1.029136968389508837e+02
1.606649564126647167e+00
-8.307085064431021237e-01
6.751135196508899128e+01
7.205817123920112977e+00
7.049905368068152711e+01
-4.086070428240032015e+01
6.013629186117699987e+01
-1.420699555615785492e+01
9.293911983838006563e+01
-6.960352775129763359e+00
3.373724373284829881e+00
1.808562528491792420e+01
4.379977440016878631e+01
-6.088170669552437175e+01
1.186261975026545770e+02
7.604951309659480785e+01
-1.056063288009489014e+02
5.892775666174839699e+01
-8.584188720943431861e+01
9.767986663174039563e+01
1.250656002733933292e+01
-3.356564869436024878e+01
-1.924696810871469665e+02
-5.282713650772187464e+01
3.656728908369572650e+00
-7.652114547948045242e+00
1.713572504285366449e+00
-1.693506280227144600e+01
1.578223466992696444e+01
7.688397222959309829e+00
7.296593154644779133e+01
7.135776997181619663e+01
1.769360400836265512e+01
-1.052907583631383659e+01
-4.387514209746331062e+01
4.813884912027319274e+00
5.377886328267010185e+00
6.015120741515198688e+01
4.499690098671965188e+01
1.376794443606591187e+02
-8.065971913316462860e+01
-1.424541343488675125e+02
3.004744921364900989e+01
-5.850826443144893574e+01
4.507295840732217584e+01
2.856619211083662790e+01
-1.348514967000654963e+01
3.395446232362115779e+01
1.779758303824638688e+01
-5.329151819353450392e+00
2.846939509331193108e+00
8.075295958213479253e+01
-2.096960903155527944e+01
5.369602381767239052e+01
6.906980720415830888e+01
2.151679962946155911e+01
6.983001290681869477e-01
-5.444423533610473953e+01
-4.233562137175684370e+01
-1.352644198594354918e+01
4.524850975015826293e+01
-4.542894995623403709e+00
-6.688406260095867140e+01
1.061355844624918063e+02
4.387877631726979644e+00
5.075750646778342912e+01
4.473568748890973978e+01
-2.227725315286339196e+02
3.671455615587575494e-01
-5.249207258966008283e+01
-1.496277551394668137e+02
-2.603971381580356592e+01
-1.490936441236357268e+00
8.434026073333342310e+00
6.213261713135125319e-01
-1.768387201232046664e+02
-6.589999393506855085e+01
-4.264287339670153187e+01
-7.308484483992340586e+01
9.778876782333385620e+01
8.152248265788338699e+01
1.983402922497063514e+00
6.930121895631415896e+01
4.262900119243597175e+01
6.856950930954326395e-01
5.119527819831154147e+01
-2.992539877275257254e+01
6.027734676527768443e+01
3.297994488316538764e+01
-5.998654441670647230e+01
-1.169692993577169204e+01
-1.896805768845231910e+02
-2.654314718651453120e+01
9.758749308349555918e+01
-1.362665127307298008e+01
-1.194626195452160289e+01
-3.071177836455447618e+01
6.326015832964922225e+01
7.905015958232301898e+01
2.551894788912306922e+01
-1.270152466424228237e+02
5.968104818645991827e+01
2.838397345181599007e+01
1.218144798439845431e+02
-1.463293789957816671e+00
3.046029005137435774e+01
-2.304874029160967552e+01
-6.681261531611951909e+00
-3.488196999272887666e+01
8.676591581709757861e+00
-2.810319390623936897e+02
4.325146551475022960e+01
-2.015495375876134858e+02
1.163678100918885150e+02
7.334129605235690974e+01
4.804511081541481587e+01
-1.184051206961838432e+01
3.758289938800661645e+01
1.000009820672411820e+01
4.658539176529817638e+01
1.014554101320424166e+02
3.902189432861089813e+01
7.105818766908384987e-01
6.048150060786562676e+01
-8.219612076262498590e+01
6.074974014303442971e+01
2.979709406281535422e+01
-2.650310948261515023e+02
3.039252574668662987e+01
3.367267920446238350e+00
9.761766885036385588e+01
1.339013887126386919e+02
6.544306872967196398e+01
-2.454469278015848204e+02
3.739290864587084684e+01
-6.071352965887267317e+01
2.420863650745218365e+00
5.809340147509232111e-01
4.431179360989949600e+01
4.660329638676543595e+00
8.230305443327794990e+01
-1.342030354855155849e+01
-1.764837969346774571e+02
2.618730390516657280e+01
-2.018649348827112533e+01
-2.603955141191870837e+01
-4.887007643435481441e-02
-2.695336875584803238e+01
5.904447668608649735e+01
9.436903170382593942e+01
1.261139756653795985e+01
-1.503620717602426282e+01
4.630723828375981554e+01
8.502384523837281449e+01
