-8.570611744574381419e+01
-1.004800204090488904e+02
-4.291773764108884279e+02
-1.313065058527046460e+02
-1.804940927132735737e+02
-1.020988062103336915e+02
-2.073458594842365699e+01
-1.017490308033040520e+02
-2.060762516088784082e+02
-3.307275657766834343e+02
-3.196346605759465547e+02
-2.703619404713327867e+02
-3.007873040714534909e+02
-1.246039641635259869e+02
-1.424643756988217547e+00
-2.474657941571046820e+02
-2.189143258552684301e+02
-3.036082473307587861e+02
-3.335223510109047425e+02
-1.003727977289246098e+02
-3.954826482366094069e+02
-3.520070845866365516e+02
-3.500008830129023636e+02
-1.350606140994602811e+02
-3.613572871372755912e+02
-1.308901719841519480e+02
-4.783940190525776188e+02
-5.261563555305156115e+02
-1.560512281170972528e+02
-1.226699968567720873e+02
-4.084816109401764948e+02
-2.409192021906021068e+02
-4.353581258512285785e+02
-3.255015097048719781e+02
-2.450512308855502681e+02
-3.377009277269576160e+02
-1.877739414398940028e+02
-6.060768202527013955e+02
-2.164237071309641749e+02
-5.042620053791042665e+02
-3.099168274544658743e+02
-2.709788461292642978e+02
-3.723719240335506129e+02
-3.067382999000561767e+02
-2.776896760919451026e+02
-1.989331296497341555e+02
-3.801323369772248384e+02
-3.689208133430773842e+02
-2.686949800329799132e+02
-3.425872778163170551e+02
-5.229835698347019388e+02
-3.729431343821406699e+02
-3.032145950376171868e+02
-3.529478796350705352e+02
-1.960083318547330009e+02
-2.884200874203374951e+02
-4.361652861958584708e+02
-1.782884064996119946e+02
-2.222013410416162458e+02
-1.476732393195963482e+02
-8.523062945329719753e+01
-2.950605934718020080e+02
-1.623885334938790095e+02
-4.079708536883309762e+02
-4.298288352918511919e+02
-1.439278516439434839e+02
-1.100768878968868592e+01
-4.164283033217229502e+01
-2.596468535431778832e+02
-3.486109153384371666e+02
-1.575507617234141549e+02
-2.365548319986054082e+02
-1.908446393376335095e+02
-1.960312472646647279e+02
-2.759088095690643172e+02
-1.694007672824232031e+02
-2.229064177832667042e+02
-2.170476767645636755e+02
-2.639221288296961632e+01
-9.439075317908240947e+01
-3.712030410510129741e+02
-1.287766059931920495e+02
-2.576696015752747257e+02
-2.289971612100634104e+02
-3.313943975892532308e+02
-2.085378855604917021e+02
-2.445972919040998477e+02
-2.612938655729350899e+02
-5.135772204775128102e+01
-2.931139115739264298e+02
-2.517869819799691697e+02
-2.417987188667986516e+02
-2.360210116844871777e+02
-6.758112075729839319e+01
-2.456537772589065298e+02
-1.693769760095688923e+02
-2.093069235862755022e+02
-2.152258363239628522e+02
-2.407189901519916475e+02
-5.665794313354697920e+01
-2.269860872397885032e+02
-2.298269005616941172e+02
-2.714910845014398433e+02
-2.095862959791783169e+02
-2.494712867585579659e+02
-1.275091073759276696e+02
-2.576080300588860155e+02
-2.475523778262247845e+02
-1.547016139895315519e+02
-2.216406247798774132e+02
-1.030342633003294566e+02
-1.795163036917068666e+02
-2.441665213102817518e+02
-2.283522420615321380e+02
-2.075942666253515085e+02
-2.457984730102062940e+02
-2.409709521235256489e+02
-1.276755468197934249e+02
-2.520662468654322481e+02
-2.572052090109421556e+02
9.513300501776882356e-01
-5.548758796117120795e+01
-2.474975114527335620e+02
-2.101371958933598876e+02
-2.564668169526368047e+02
-1.582872815601338061e+02
-3.585271564596150995e+01
-1.664683172825799602e+02
-1.489116861931831295e+02
-1.477802854039936520e+01
-3.097501285742084320e+01
-2.346941237521676840e+02
-2.648211395530088907e+01
-6.924164477918996852e+01
-2.734166962297530290e+02
-2.391285872572161963e+02
-1.809995349303696059e+02
-2.437524169310724176e+02
-2.960391457551301286e+01
-2.633983528485999273e+02
-2.821210984030752229e+02
-1.596168705347108414e+02
3.348805134409801099e+01
-2.549213706412404576e+02
-2.225531158037366595e+02
-2.506117386549076116e+02
-1.046177533165612239e+01
1.924718854263757351e+01
-3.976293484472664375e+01
-4.590886672112166167e+01
-1.981031926979352988e+02
-1.018643427751539434e+02
-3.226790397112539210e+01
-6.647586490639827161e+01
-2.282847810774823927e+02
-2.063958282182190658e+02
-1.985156609428450452e+02
-1.562913818223626947e+02
-1.175494654739116953e+02
-2.912329343025387516e+02
-3.088385047631052771e+02
-7.425637021862992526e+01
-2.834031142578519962e+02
-1.687947044188744599e+02
-2.654003909109939059e+02
-1.975168416365615371e+02
-8.681670253414206684e+01
-3.241533599675813093e+01
-2.120558407942369001e+02
-1.931846712947236142e+02
-1.429285953374126272e+01
-2.264882896643773051e+02
5.598575645452028482e+01
-1.528936146176426902e+01
-2.536019285012679916e+02
1.511798505212171406e+00
-1.920135776241416465e+02
-2.358080316848002838e+02
-5.380350594782794538e+00
-3.664056535198405129e+01
-1.944213221938175877e+02
-2.237844309232542628e+02
-5.724477045893541671e+00
1.109200733437075037e+00
-2.283867723391927314e+02
-2.357346900681357909e+02
-2.134797993590392480e+02
-1.161582606870780836e+02
-2.220171383693190705e+02
-3.573036937339060160e+01
-1.887205564052897842e+02
-1.871282104332204881e+02
1.809193562057411953e+02
-2.009182016155087922e+02
6.793008329589675043e+01
1.137651163383325752e+02
-2.735961945773226489e+01
3.540252559641201202e+01
-1.950173731015825638e+02
-2.383724100303085152e+02
-6.781557310786394055e+01
1.091660892483106693e+02
-2.409271378567087254e+02
1.017482064923904233e+02
1.404931385921428557e+02
-1.713059371174460921e+02
-2.362772016115839051e+02
-6.751091136285680250e+01
1.444253707296706466e+02
-2.323794563311088837e+02
-1.997574333061545815e+01
1.193865679890617173e+02
8.153937762166238201e+01
1.073446670731786412e+02
-2.425624225495050155e+02
-8.053625724120423968e+01
-2.017257871107701703e+02
-2.599208459471061587e+02
1.131021020556565446e+02
-2.970646630353423348e+02
1.183025879340510045e+02
1.993407083390723074e+02
-2.161657533302258116e+02
5.390872016898035213e+01
-2.200005214306123662e+02
-2.167330235268002525e+02
-2.206738042857021469e+02
2.358827137175574649e+02
1.810425000447704349e+02
-2.264192755995260313e+02
1.285063711754000337e+01
2.015102454850012919e+02
2.001305291873515557e+02
1.495547616854896376e+02
2.823640460435292425e+02
-2.116440402661814062e+02
-2.150075044307334906e+02
2.034346229462542226e+02
-2.486260287696500768e+02
8.644693170368951485e+01
-2.883805512976726959e+02
-8.022940586360171267e+00
-2.309915971484172132e+02
2.278848221945933687e+02
-2.383289684272236286e+02
1.077051455137586800e+02
5.948398121042276188e+01
2.364510092024520986e+02
-2.270793036730382823e+02
-2.187695466344898705e+02
-1.945294186673822878e+02
-5.265119524723044719e+01
-6.946114373851881396e+01
1.301368585644573272e+02
-1.906928643964845378e+02
1.997736116491523717e+02
-1.818978230991037606e+02
-2.756790892622087767e+02
-9.510817164019999836e+01
1.021714643920244328e+02
-8.619664174233541587e+00
2.465381313227073576e+02
-2.043647158316367154e+02
2.001914707667500579e+02
-2.383965618059619374e+02
-2.601997480570366861e+02
2.141180164260424021e+02
-6.866179221350314776e+01
-1.931670884784849704e+02
-1.556980576907367038e+02
-2.048888237243107824e+02
-2.246795296336772196e+01
-8.888066558813257245e+00
2.301059777269387325e+02
-1.808934558553806369e+02
1.373214629347977791e+02
-2.038386458497991498e+02
-6.044087589120517379e+01
-2.059777633808445216e+02
-1.841331956978644371e+02
2.499422876971539438e+02
1.397385514785006535e+02
2.083548797824031737e+02
2.512925239177056014e+01
2.457449120161413987e+02
1.668592702499964844e+02
4.532695004338513911e+01
-1.992358105941748931e+02
1.131630827061520819e+02
2.325941401049755086e+02
3.000271567818446101e+02
-3.784353076148494210e+01
3.876534846836288750e+01
-3.142454675692198407e+02
2.007125516685655953e+02
1.560840396144163265e+02
-6.138125056733105822e+00
-2.222563235042909469e+02
2.766531763337207650e+01
-1.640531904827412291e+00
-2.355842946063855550e+02
-2.226985882764744247e+02
-2.361847666104223435e+02
-1.666028815838209312e+02
1.570344332404045247e+02
2.780183121333237750e+02
2.520239785814718516e+02
2.094935807325516635e+02
-1.999502108353001972e+02
1.954925821476443843e+02
-2.029145389681920051e+02
-2.353578021957582678e+02
-1.550361312189673981e+02
-1.189325495434175082e+02
2.258795768928554892e+01
3.147012682189576527e+00
-2.515045559641094997e+02
-3.892459369239362843e+01
-5.068296373398821686e+01
-2.531379812164656187e+02
-2.697478647185566558e+01
3.851436482640197312e+01
-5.502573171034306654e+00
-1.023936593413966634e+01
-2.491248024949248929e+01
4.123511208731261313e+00
-2.484111079238329012e+01
4.765266331942429900e+01
3.249640653025137738e+01
-1.026707281793179050e+00
-1.105272926121407835e+02
2.212399151643821824e+02
2.655873437516025319e+02
-2.052998517996567784e+02
-2.581802085984153283e+00
-1.432157205954209189e+02
-2.338997413677016652e+02
-1.784869404916242388e+02
-2.253857486699532160e+02
-2.169327616047015397e+02
-2.008814001407874059e+02
-2.730050643592973358e+01
-3.789696762321096912e+01
-2.161439957698393357e+02
-2.384570606625850644e+02
-1.390539188081693283e+02
-1.783914878841614495e+02
-1.296939182595727758e+01
-1.468734361448754555e+01
-2.154968399374992032e+02
2.717630818486144051e+01
-3.285891549378149534e+01
-3.131525654536829961e+01
-2.808004767322529460e+01
-1.867203930648834103e+02
-4.248159094166142324e+01
-1.896990872728898836e+01
-7.843679263286490233e+00
-2.738118951096423004e+01
-3.923112338552533629e+01
-2.123233259134601667e+02
-2.095225687622649673e+02
-4.655210014588070067e+01
-2.117738582509712728e+02
-3.951723535517729147e+01
1.669864021000931587e+01
-3.547965694832973327e+01
4.881000259334694391e+01
2.394404797406650687e+01
3.527304114117514899e+01
1.333430577851949295e+01
2.305550467316803065e+02
-3.260277750258659069e+00
-2.682449526931883810e+01
1.154224826141512779e+02
-2.003239253360026169e+02
-1.799004021136335041e+02
-1.337236624796845064e+01
-4.102100608540639293e+00
-2.583787020766567188e+00
-4.263726708525631182e+01
-2.011603707645072632e+02
2.905173738967614554e+02
3.854376836860544131e+01
-2.106289882085677334e+02
-1.833390326944127580e+01
-2.340610396566737563e+02
-1.848054582305941267e+02
-1.092754280979112451e+02
-4.004971162074951962e+01
-2.192911807758373754e+01
-2.827630478522332069e+00
-1.604245626004074765e+01
-2.443730851229712471e+02
-5.579209495488012927e+00
3.167396107283419582e+00
-2.511316895060781462e+01
-1.580620082046007440e+02
-1.665381188277842739e+01
-1.750932769872208894e+01
2.413935816265272933e+02
9.027948634282267903e+00
6.729683692429244246e+00
2.938085043886158587e+01
-1.486432592911824315e+02
-1.606170565666305095e+01
-5.837847265364504157e-01
2.137963952364162026e+02
-1.689750008895134670e+02
-3.440230222594658471e+01
-1.179134931691447434e+02
-1.384984304362180296e+01
-3.696244266454615968e+01
-2.740691368534884376e+01
-1.312030547623526555e+00
-2.921264703938764384e+01
-2.148229207812350410e+02
1.775781576568295606e+00
-1.628521531863204430e+01
1.163918358591201496e+01
-1.871347914086514663e+02
-3.133042895783054860e+01
-2.072932403890151534e+02
1.743652064636463024e+02
2.612646232864534568e+02
-1.900327071899274927e+02
-2.320945862135150151e+01
-4.366853503001000547e+01
1.745643736632881371e+01
-1.687448752080749159e+01
2.761326104391987002e+01
-7.798583282257896876e+00
-2.247262970479184787e+02
-1.431810710189185158e+02
5.373859005339526540e+00
-4.829039126669158577e+00
-1.988777264144809749e+02
-2.338644716368620493e+02
2.754555592536664932e+00
3.730794010491555923e+01
-3.718098029556998085e+00
-4.969104446356958249e+01
2.603767455747536133e+02
1.832733370770004910e+01
-2.094060515452518700e+01
2.057424121509466204e+02
-1.548066922641705290e+01
1.954494454288334566e+02
-1.593481972504878286e+02
-1.876558936423042567e+01
2.289435985357488619e+02
2.485462145843188466e+02
-1.279408790184874078e+02
-2.239443374258867081e+01
-1.563136562283065700e+02
-2.437458431621884003e+01
1.028386744550803655e+01
-1.979847281914005919e+01
3.407594461610154468e+01
-1.525823911175235281e+01
-2.000898727350812010e+02
4.655062543460156910e+00
-1.776351230744865362e+01
-2.252782334472284376e+01
2.816653104795324793e+02
-1.784029315447858153e+02
1.388798653951163864e+00
-2.186913267206032856e+02
2.098362217771160090e+02
-1.629212026936639646e+01
9.022476985404621619e-01
-7.439265425890206451e+00
2.475450009716739430e+01
2.855741992993699796e+00
-2.203960856683506364e+01
-5.136914659712428666e+00
-8.898770096704694765e+00
-1.926190813176193046e+02
2.577621032863901291e+02
-1.677930059874450706e+02
-2.172148862653002652e+02
-1.528664787008929871e+01
2.295851110959174548e+02
-3.510024721013925841e+01
2.772330257946588716e+01
-1.161021303470523947e+01
-2.587107809470064623e+01
-1.316975554941868687e+01
-2.096945117408853321e+01
4.778270256097286506e+00
8.634078408697614115e-01
1.394590097823787511e+00
-4.777837595312583829e+01
-3.548639783434748551e+01
2.317781339907511438e+02
-2.316867726063459543e+02
-2.021475239895731306e+02
6.258249897065780942e+00
-2.680802735438736306e+01
-1.099089346399118483e+01
3.654647183278470379e+00
2.011996567312704087e+02
1.037599541683434268e+01
2.850147578191082403e+02
-1.920628953045195999e+02
1.368697456625560527e+00
2.673246217639937754e+02
6.754541376137003006e+00
1.337241943587848425e+01
1.341398575921774921e+02
-6.183616872829992062e+00
-1.477795553525720607e+01
3.918104897287690846e+01
1.340391295280591066e+01
-4.352000464544386205e+01
2.603550800240147964e+02
4.858393149292120938e+01
-7.501510213012493544e+00
-3.241845831048237869e+01
-2.476376774269430427e+02
-2.872622321217077612e+01
-4.768486798174065200e+01
-5.535229610873273032e+00
-6.532829375689100715e+00
2.392709033146411457e+02
-8.418477677575594953e+00
-1.308036610978380452e+02
-1.798005906323572844e+02
4.684660126543501946e+00
-1.816294594121310411e+02
1.452558157790707583e+02
-4.273424176368224892e+01
-3.860322716922565434e+01
2.804591675156953556e+02
1.370426090314792766e+01
-2.413901745577075886e+01
2.208326260444471245e+02
-3.425930792239491751e+01
-1.582400846991860632e+01
-6.474138037718830674e-01
-1.579542339227789682e+02
-3.098165425623651004e+01
-3.363286852825182649e+01
-1.849941134317803915e+02
2.487623409121100053e+02
-6.101766753567751778e+00
-2.607890704114221592e+01
-4.333962695565826095e+01
-1.705899153493460005e+02
-9.671426393226068896e+00
-1.823450814824816746e+02
-3.523689455639811285e+01
-1.832689390471700790e+02
2.585821118137892540e+02
2.205574330370212124e+02
-4.019065542087928833e+01
4.480632687547236515e+01
1.363715257770434732e+02
2.263210345888207087e+02
-2.807038628599418573e+01
2.830792941264763840e+02
2.151114161561106641e+02
1.119545236568935032e+01
2.367387893484965673e+02
-4.105617750746368699e-01
2.026101240979356533e+01
-2.429658740482484518e+02
-1.674458341862330713e+02
-2.196719895750329101e+02
-1.170774673226175366e+01
2.531411564222921129e+02
-4.329609699481721918e+00
-6.235259578664126678e+01
-2.060685817610038217e+00
-1.168572202682447880e+01
2.195820378327864262e+02
-4.998500386099655657e+01
-1.393226954092486380e+01
9.530391842750690401e+00
-3.952303588143924173e+01
-1.732592024443225682e+02
-2.320656974034554310e+01
-3.963011532346421717e+01
1.559378738230486050e+01
-2.792293721589328825e+01
-1.892894173593087714e+01
1.244548490384954675e+01
-1.121450055946003488e+01
8.205367624836078733e+00
-1.782191619831592675e+02
-4.269108220347228411e+01
-5.305927246107496131e+01
-2.186762715786797173e+01
-4.384220311132006032e+01
-1.385749527148661286e+02
-2.105435531659525594e+01
-3.067790036362106676e+01
-2.425805100966132102e+02
-2.224730773353749953e+02
-2.472483593001877864e+02
-4.472482090323262582e+01
2.527552798625779076e+02
2.405504952494581232e+02
2.614470093867606693e+02
-2.051440409777250693e+02
1.394982110946726728e+01
2.906873181761785645e+02
2.756872660245097606e+01
-2.440566680703933500e+01
-1.554628969305575765e+02
2.323428905518785541e+02
1.917082938534477989e+02
1.143996006375502361e+00
2.425672595082850478e+02
-1.930978120316066793e+01
-2.196318316924260330e+02
-6.243916216994742641e+00
2.283665662884350809e+02
-1.558312445930278045e+01
-9.066932824177580397e-01
-1.834304993435379671e+01
-1.765001695428309603e+01
-5.836941441000210773e+01
-2.442298889416213115e+02
9.665757579549321576e+01
-1.076033715409973723e+01
-3.009091651520033679e+02
-2.156522148787142612e+01
2.543347173328540975e+02
1.561370263441523605e+02
2.217851303545700432e+02
-2.327743399924884784e+02
-3.720929880874130902e+01
2.037796145201011200e+02
2.676168615462880780e+02
2.261469034754545078e+02
2.234823851614253272e+02
-4.332000081363080568e+01
-1.850424293157827833e+02
-6.017215491058153987e+01
1.942786680326816509e+02
1.333652946899680956e+02
6.633769196979675264e+00
-3.889549196598779446e+01
2.236624548105481836e+02
-2.075952735728558878e+02
2.382401489803501704e+02
-9.741086652126677237e+00
4.217422157430945617e-01
-1.404175140819058321e+01
-2.740518097064543213e+01
-3.330495646985435343e+01
-3.436240221739973322e+01
-1.656055373521398622e+01
4.184781748884807939e+01
2.577790086712189463e+02
-1.074208438879364564e+02
-4.728974512733684321e+01
2.089322524353086692e+02
8.963256568659701884e+00
-1.373096992582542697e+01
2.213405905220618308e+02
2.574179757083710456e+02
-1.076624135243175928e+01
6.558209594983540569e+01
1.720929091553568924e+01
2.784607048683099038e+02
-1.603920470705031676e+02
1.833699769293427266e+02
5.480477584034957772e+00
-1.852010255938537853e+01
-1.314180707758315521e+02
-6.716904884769139272e+00
1.935998891254617149e+02
-3.733218512150698132e+01
-2.296221414091873498e+02
1.424354117827151072e+02
1.111829218918464157e+01
1.834297127432153047e+02
4.166608925763580373e+01
-1.363583016713941447e+02
2.919185640919792490e+02
-1.760404657881730373e+01
1.462894857297497353e+00
-1.799738014015255771e+02
-1.341194086609758358e+02
5.838477519754976974e+00
-1.797693072908648162e+02
-1.692819163082646696e+02
-4.857550170665121669e+01
1.652421662198842682e+02
-4.600095963183210301e+01
2.119421147002501726e+01
-6.432591292217875178e+00
2.179115270697772075e+02
1.280503414564538218e+02
2.377343745661468120e+02
-1.512598206080493846e+01
2.112709548048104935e+01
-4.732345198935341557e+01
-2.317590356401763074e+02
-6.170232746211333819e+01
2.467535242152585795e+01
2.207207446977829477e+02
-1.730940376631541255e+01
3.950189906035032550e+01
-2.855070264028315705e+02
2.028477843401388441e+02
1.988379579637295365e+02
-1.226062282884022636e+01
-2.946768819804478312e+01
1.633606872791597766e+02
-2.560511968708538433e+01
-1.824281739186592688e+01
-3.625178091379364531e+01
2.876534336740623985e+02
1.321357265553446325e+01
-5.936460595825310271e+00
-1.269676623931498227e+01
1.663513263170763707e+02
-2.006568441591676333e+02
4.883944146944883435e+00
-2.886552204551277967e+01
-2.479774889108328217e+00
-1.540231715998939990e+02
2.439920248986737761e+02
-1.050664432857461961e+01
-2.037186337617433196e+02
1.978407762300506647e+02
3.396703576977628813e+01
-9.164938155123008912e+00
1.712630259108801738e+02
-1.748139588032927350e+01
-1.504957561974174496e+02
1.909376174800410126e+02
-4.442109160514240429e+00
1.314657139225233777e+02
1.871367837391295552e+02
-2.087488243287076557e+02
1.406257099335238365e+02
-2.767916475655767172e+01
-4.790675003203611837e+00
3.060768908931202077e+02
2.724265199016504653e+02
-2.386966932006222919e+01
2.172421040589734673e+02
1.603929107768267386e+02
1.841668044526063568e+02
-1.314510478183181021e+02
1.212156997450858853e+01
2.894961892732609954e+02
-3.589974371089519423e+01
-1.718116977296514278e+02
-1.571354351043521547e+01
-1.997262810869114560e+02
1.689492626294181150e+02
2.700121789769676184e+02
-8.665174417633679127e+00
3.004414867255869126e+01
2.246839976771388478e+02
-2.635868285923448084e+01
-3.465519405803928521e+01
-7.721857696910310764e+00
-1.705582504955439163e+02
1.984384242582495972e+01
1.896519679816538257e+02
-2.009571895329901281e+01
1.541041456123738840e+01
-1.896514093318099583e+02
2.356059920435544655e+02
2.409328398356547609e+02
-3.198672630665565464e+01
-2.697029743744286634e+02
2.549696286274366628e+02
2.078589357325781748e+02
1.997279138127693443e+01
2.351574510816697625e+02
-1.986995763548351590e+01
2.966114149324101845e+02
1.348658861620884011e+02
-2.044864235904327288e+01
-2.516268517493656987e+01
-1.990902251933351579e+02
-1.324180404272583367e+01
-1.829490172618842507e+02
2.111717488522692179e+02
-1.652267976681412165e+02
-3.135506180188913561e+01
2.389275410268747635e+02
-2.277326002130618576e+02
2.514868625420038768e+02
1.283802886626641282e+01
1.969068314470706866e+02
-2.525894777225175858e+01
-2.287557664905844490e+01
1.627054312067757280e+02
-1.927604325130796497e+02
-2.451157940656582923e+01
-1.926795412230957822e+02
1.322556463449997750e+02
-2.210769431904560633e+02
2.503399092824856496e+02
-2.482719511617083015e+02
-2.213000287416537049e+02
-1.403589441460936769e+02
5.454455033366828687e+00
1.107417099742349080e+02
-2.378153666515718214e+02
-3.316576225148892831e+00
1.950824169848504539e+02
6.882599038229927579e+00
-3.972393692543755961e+00
-2.246480914661964334e+02
2.077943613620933831e+02
1.115973785457308054e+01
2.478273234895344785e+02
-1.969273973331673915e+02
-2.223542176639176660e+02
-1.423230575226896519e+02
-1.858142130507231116e+01
2.187626962514653428e+02
-1.684042469995844158e+02
-2.183786888493709810e+01
1.690616805234309368e+02
2.191521428569730574e+02
-2.403152377523733207e+01
6.757562257372185854e+01
-4.111017675991027431e+01
2.028792017743743941e+02
1.453408408923280604e+02
2.495759167996560635e+01
2.053772680228400702e+02
-2.123941778074985507e+02
-1.218781599505203559e+02
2.669393942576549534e+02
2.518726321653539344e+02
-1.490269568698298883e+02
2.559412352946829969e+02
-1.985035318299225935e+02
2.844508813731596319e+02
-1.425382368271941687e+02
1.857964246492343250e+02
1.567617932031993746e+02
6.449137598862216691e+01
-1.909940926727633723e+02
-1.540407304561859974e+02
1.435713918883465112e+02
1.372360831633287717e+02
2.875586752742703425e+02
2.469066264386775629e+02
1.788864526411300915e+02
-2.499577025401910646e+01
2.163324517133950167e+02
2.605505164472100432e+02
-2.177034468513756735e+02
-2.868340820853376272e+00
4.541641398115729089e+01
2.581642745954828229e+02
1.511103426855115117e+02
1.323598187002116333e+02
2.124784643717029553e+02
2.271356038173632328e+02
-4.634755144019703721e+01
-2.562695812780221161e+01
1.552361307847593821e+02
2.152500034936860800e+02
2.683101133774777622e+02
-2.074919300449941773e+01
1.543217789535419193e+01
-2.109630331515883768e+02
2.270120263034956452e+02
1.295638950599484076e+02
7.660609160160552733e+01
2.122147698255978980e+02
-1.755041736554846352e+02
-3.104695906016003093e+01
2.106860175031614233e+02
4.929536821414308179e+01
2.489541458941062331e+02
2.353933547918626914e+02
1.268040483439497308e+02
-2.478363454727259096e+01
2.005772007977165288e+02
3.140230316150178780e+00
2.231445227162528226e+02
-1.815680506912995043e+02
-2.066335873677151369e+01
-4.835496882118273021e+01
2.454771069040464795e+02
1.240846634224979965e+02
1.548857061110368818e+02
2.695886767530606676e+02
-2.307432701875446526e+02
-1.671457955486403364e+02
1.543046343389556796e+01
1.312489461112458322e+01
1.031361552968946143e+02
-2.617444896438040303e+01
-2.484697029169012978e+02
-2.405368417514168868e+02
1.737033399957441659e+01
9.895907730627991228e+00
1.383344289377610039e+02
-2.421051864165052336e+01
-4.613962393669267215e+01
-2.171985531769105648e+01
2.862921201899364405e+02
-1.555148802466493407e+01
1.358970965045123194e+02
2.320269871598356985e+02
-8.454095189555370382e+01
2.356169278907165392e+02
-1.057380490933428518e+01
1.682291775107393050e+01
1.199113787512868434e+01
-2.633088127889509877e+01
2.711950359329824209e+02
-4.031207497172626830e+01
2.107558998222425828e+02
-8.245614433222907280e+01
-1.414464764231659899e+01
2.015320693778828058e+02
2.919418915958114980e+01
-1.709253883259788154e+02
2.473551278536926930e+02
-1.524371650855864573e+02
-2.473743070082351281e+01
-1.619045529228332327e+02
1.848630184978374018e+02
1.866144713364559493e+02
-1.976169043493410413e+02
1.630695398964554954e+02
2.407058854282983020e+02
1.738736451860673355e+02
2.007129838625013178e+02
2.421601070279349699e+02
2.353149025895694990e+02
-2.500693296184251437e+02
-2.547190325767558932e+02
-3.190781890806286469e+01
1.717104231914468642e+02
6.610932200449525453e+00
1.619259043010802088e+02
1.567007219680725711e+02
-1.883267150199475566e+02
-2.020650179509854638e+01
1.845037431491680024e+02
-1.345359421233000319e+02
1.789353765638352627e+02
-4.216502515840997489e+01
-1.230702000161216745e+02
5.635223973160154287e+01
-1.562622499902170716e+02
-1.761763085000150681e+02
-1.915776707407116319e+01
4.941352340656982278e+01
-1.232853879649358930e+01
2.740098896761011247e+02
-1.596316657261013461e+02
2.990474362959698738e+02
7.622931018932555425e+00
1.298165207437852757e+02
-1.604857389127816987e+02
-2.374484438606634455e+02
-6.320037359428269497e+00
-6.892940799719232459e+00
2.375775834802532529e+02
2.004012695663915622e+02
-1.469486340477023703e+02
-2.546722520290197167e+02
5.447058441273898488e+00
1.737969195354471310e+02
2.355158404909348064e+02
2.119958177956867189e+02
-2.067330473237315687e+02
-1.965791176769958497e+02
1.995811602268523188e+01
2.355815054081784865e+02
-1.240913721170000628e+02
-1.325836231614782434e+01
-1.954165358358763456e+02
2.522212115403051200e+02
1.097476449999454644e+02
-1.663566372102450828e+02
-4.073841547172378341e+00
1.096228469509473946e+00
2.224868488582480381e+02
-4.927285122321083577e+01
-2.263376454246053981e+01
2.026342623164477743e+02
-1.549463422447705057e+02
1.583484417828059065e+02
-1.871935036776721972e+02
6.832759301786725814e+01
3.034001821986186087e+01
-1.388934514051774727e+02
-1.620780784256976403e+02
-1.903107807556604314e+01
2.134490972360249827e+02
2.432564786366732221e+02
1.168230066230600883e+01
1.583893347602445090e+01
2.498576904182664862e+02
1.912888239355503117e+02
2.234109540192763461e+02
-1.744687391806155006e+02
3.034462080172714309e+02
2.927802221433689738e+02
2.231236895145379151e+02
-1.731899951374310263e+02
3.136365730902838322e+00
3.132224471175249292e+01
-1.089676372494720624e+01
-2.046668241718018635e+02
1.950286398227602831e+02
2.479439643817077581e+02
2.413737589643176591e+02
-2.202865131976805912e+01
1.141259951780737367e+02
2.600668541512698653e+02
1.147599012242500720e+02
5.502133729297605669e+01
1.586146026420523469e+02
2.686046493404073203e+02
1.092996066210873494e+02
-1.628601163068952928e+01
-2.113844948128286205e+02
-2.142060778585145613e+02
-2.854631433947190544e+00
2.162241085517890156e+02
2.105779413726247924e+02
1.294447827196742935e+02
-1.794026770190279763e+01
9.598487307226523058e+01
1.837431903892396576e+02
2.190047580993044107e+02
1.803314281012036986e+02
7.764060616264387704e+00
-4.205586968274512394e+00
-1.405672459695881287e+02
2.596358950215782215e+02
-2.185968485126800829e+02
2.527476281750633120e+02
4.385231249607898008e+01
2.429385660132976170e+02
2.454798398948103966e+02
-1.337753565736406642e+02
-2.436928157608167567e+02
6.857810044324173759e+01
1.704304070256966952e+02
7.745088971367451336e+01
-1.887922092927632605e+02
-2.539414201185496438e+02
-1.282268502724167547e+01
-1.820085140525517886e+02
2.446557409298091272e+02
-2.198127243165823188e+02
2.226083616278683905e+02
2.246732123743487932e+02
2.064713160890675852e+02
-1.717602887486513339e+02
-1.861649489407468536e+02
2.434234167970163583e+02
-1.282934958346030214e+02
1.865342667917965400e+02
-2.167910340719749342e+02
-1.985572184753796705e+02
2.665450414955498672e+02
-1.975976326871101776e+02
-1.313704302981285252e+02
2.644284130307217993e+02
3.558926709037189084e+01
1.996356320971068499e+01
-1.586509107874213100e+02
2.635001744969346191e+02
-2.667595711379963177e+02
2.588038321410649587e+02
9.729704346143307703e+01
-1.575646511507525815e+02
8.825890143338966709e+00
2.858842618809322857e+02
2.215677801925506287e+02
2.485529050452192621e+02
1.367802233427028398e+02
-1.772678977024442872e+02
2.222368782796607434e+02
1.757859135241789090e+02
2.759651294769934111e+02
1.972851640208076560e+02
-1.700236804149078012e+02
-3.957500950236507720e+01
-3.453439203009196490e-01
-1.814931722174440551e+02
2.954610133150233651e+02
2.485788094391239724e+02
-2.467109828927557942e+02
2.680157136809484086e+02
2.529011648057959860e+02
2.673579582932464973e+02
2.734690251639678991e+02
-6.354483101372387921e+01
-1.966741170605803291e+02
-3.291939791385146918e+00
-2.368460977480884253e+02
2.443957443415748685e+02
2.654768663814121510e+02
-1.973584588921897875e+02
1.735779731730640947e+02
2.809921493760459725e+02
2.030791410238974493e+02
1.711308894791790181e+02
1.632103076301859232e+02
2.100252180739386745e+02
5.070137565097053312e+01
-2.096964885946197796e+02
-2.548103837699594010e+02
2.374041496498909112e+02
-1.869887647992331949e+02
2.680016415180545550e+02
2.964356291626143047e+02
2.677843510635642588e+02
1.411966450271031022e+02
2.559914358326307990e+02
-2.020808480687766746e+02
1.478885969043637658e+02
1.937282997602027592e+02
1.986095448359967577e+02
2.512259944245578822e+02
2.691699734651472227e+02
1.550097279090161919e+02
1.361283859853329830e+02
-1.234884324089757399e+02
-2.008537514485543625e+02
1.316038260972747764e+02
1.286039023299631481e+02
2.356803892279341142e+02
7.905581535071974031e+01
2.901233293384379408e+01
-1.331808545111639148e+02
-1.654906127163213796e+02
5.967725279093622248e+01
-2.331028015220944098e+02
2.254031107072449061e+02
2.831133185193126565e+02
1.288452820464650017e+02
2.361646709372788564e+02
-1.944077139011614292e+02
-2.893497426915524784e+02
1.513048655825518551e+01
2.936794250210246560e+02
2.256758003131110968e+02
2.726999005891560728e+02
2.129277039733243555e+02
2.249236155667266530e+02
-2.601860237277583110e+02
1.587007710401497604e+02
-2.204962631440888003e+02
4.532335500582800591e+01
2.710762553249105054e+02
2.489738125602454772e+02
-1.825879781703329172e+02
1.394981022139103004e+02
2.017755210023221082e+02
1.425132654721982419e+02
4.925048933400793771e+01
-9.763927389452973671e+00
2.776977464546918100e+02
2.614858460748486095e+02
2.155664090578324021e+02
2.431002875572251014e+02
1.341269952886602255e+02
-2.059270360121130352e+02
-1.395048027552633130e+00
2.463500794231827911e+02
-7.668769816160164510e+00
2.289534887477904306e+02
-2.355668382829832979e+02
-1.566035765357485161e+02
-5.438081473463628868e+01
1.642819357693922484e+02
2.330274676086889940e+02
-2.080809316365042037e+02
-2.551629372300120622e+02
1.388885598920340669e+01
-3.292696951729637362e+02
2.200928753989768438e+02
2.501831739073467133e+02
2.313773608487643401e+02
2.669569001408409576e+02
2.944931464256693516e+02
2.782528484518865071e+02
7.450989582841540937e+01
1.277625116571570629e+02
1.832323005348768845e+02
7.381766835395762882e+01
1.700509528517432045e+02
-1.328322268784307312e+02
1.069352535280131633e+01
-1.221247271679439592e+02
-3.543626762148292642e+00
1.665510986132903497e+02
5.733440584996910161e+01
-1.491316496785505308e+02
2.407091284758637073e+01
1.685537724636057533e+01
1.384009782067617493e+02
-3.137311799474947804e+01
-4.241559662006810072e+01
1.528997639991005997e+02
-1.640803943143111781e+02
1.122420158725918355e+02
1.044384841873718841e+02
1.747227337918218382e+02
6.331501275636168202e+01
1.307049824626126622e+02
1.255447141409073168e+02
1.545345818228168184e+02
1.232963879224975159e+02
1.143891954150571735e+02
1.727960915867525387e+02
-1.050943907255295926e+02
-1.781962001009540231e+01
4.608916457090529661e+00
-1.311088618621793103e+02
-1.769066888533233737e+02
1.098909891774254817e+02
-4.132934438015780074e+02
1.591291542935570646e+02
9.878078151356704950e+01
1.436538058058584966e+02
1.413100594484605210e+02
-1.955651134205691619e+02
1.318425943575148551e+02
1.322805551545308731e+02
-2.237481099231399639e+02
1.925314753694061096e+02
1.095798331950724425e+01
5.327074812495055767e+01
-1.761897754722659215e+01
1.548092687005006951e+02
-3.782930288799840355e+02
2.611724953702939729e+02
1.696909626741643251e+01
2.164587098994273902e+02
1.477314253394850709e+02
-4.272425738055972033e+01
-1.410960852466315600e+02
2.659227047819048266e+02
2.396869092101017884e+02
2.436775606146247526e+02
2.720296835313667998e+02
1.745982965661002595e+02
2.027853318710819508e+02
1.960254797224351080e+02
2.354044852037698945e+02
-1.558067624546568481e+02
2.172758740003741877e+02
1.886149645730868372e+02
2.037803227135301540e+02
2.254027145810358093e+02
-8.678674642500176617e+01
2.768861391433852077e+02
-9.009512129987993490e+01
2.172274004274240724e+02
2.534904334574277414e+02
-2.042724373072857986e+02
2.572523066262849625e+02
1.841489064238587616e+02
2.978535921292526041e+02
2.777870119087892249e+02
2.440323406718865442e+02
-1.493673544356976208e+02
1.490186987213726582e+02
2.649004617380868467e+02
2.437726247869148324e+02
2.003296404805836630e+02
3.729275842779733807e+01
-1.340924580575949108e+02
-2.557303796258710520e+02
2.258411193017616370e+02
1.693784678112290010e+02
2.589293386159872625e+02
1.411066601254491104e+02
-3.210230090058162205e+02
-1.448733697712265496e+02
-3.410247819061792143e+02
4.659148890621428230e+00
2.139468519990216464e+02
2.242426611353664612e+02
-1.604685927213168668e+02
2.202974289213646841e+02
-1.087905416807633152e+01
2.716528852632683311e+02
-1.384169352188069801e+01
-1.900857810902890890e+02
-1.288291594080856157e+02
-1.953787239294931624e+02
-2.089162660646181280e+02
1.873495554270646721e+02
1.196464585662489810e+02
1.787512076821361973e+01
1.187727284302940234e+02
2.540597249405583113e+02
-1.666566821716846505e+02
1.788774673488995575e+02
-1.212028146967002300e+02
-2.273983166702774952e+02
2.556704827676710465e+02
2.083678590784027165e+02
1.483332069090547805e+02
-2.211154180207312265e+02
4.551318929946338443e+01
9.578831474825767600e+01
-2.915078824918601867e+02
1.375136132326448291e+01
2.228809506718770876e+02
-2.358771857975943362e+02
-1.324326265543932095e+02
-1.378312913640232011e+02
-1.853196347142513218e+02
2.785636575457724575e+02
1.971998606256868243e+02
-2.273358142632841066e+02
-2.149570385412762334e+02
-1.570744547273110925e+02
-1.892174544274824370e+02
2.505417479516402182e+02
1.913061339601011355e+02
2.846031535599611288e+02
-2.951215844555257206e+01
2.832151209737308477e+02
-2.741699880247745114e+02
-1.488641363769457371e+01
2.232792522682694312e+02
1.851436754801746360e+02
1.471696130143934624e+02
2.465082915769159229e+02
2.030557639687306732e+02
1.738342688589821421e+02
4.698099470170203062e+01
2.367664908088526090e+02
2.498061631318421405e+01
-1.444438739996576260e+02
2.373322559556077351e+02
-3.512093667778721056e+02
1.352966416600566504e+02
-1.235152215821698434e+02
2.100258012769736240e+02
1.066871861854211119e+02
2.347624920601593033e+02
-2.508470795425998290e+01
-1.820266662551197214e+02
-1.991736134260929134e+02
1.231631279593177055e+02
1.678389236321905003e+02
1.187190994440340575e+02
3.504301360599643544e+01
-2.034468443131946174e+02
1.965214737154736895e+02
-1.882337029146427199e+00
-5.180614556732848541e+01
1.594371187385980022e+02
-2.483705797862298823e+02
2.657549199971039116e+02
2.842287933820547892e+02
2.369730308180657232e+02
1.832312997085959694e+01
-9.712586151968210402e+01
-6.037509108352726628e+01
2.449840728237226983e+02
1.241370933947458042e+02
1.024779077485048475e+02
2.608329094868644802e+02
1.139615077919580131e+02
2.687634209432731041e+02
2.184919813797420147e+02
-1.229601129400145538e+02
-1.484048844014075712e+02
1.136231196815412119e+02
9.392400180650794539e+01
-2.827908347679319263e+02
6.525411250293547027e+01
-2.456744378223838510e+02
-1.332177733186618411e+02
-2.635482485312971903e+02
1.063615809695620413e+02
1.741189744405144069e+01
-1.469891485464520997e+01
-3.035008699699616272e+02
1.339240075359287800e+02
-1.170501122206978124e+02
-1.240196120235554531e+02
1.827928163433056739e+02
-8.990729846084271060e+01
2.804593279262633132e+02
1.376437679971495811e+02
-1.279724819191421545e+02
-2.469187866180708113e+01
9.772263617331911689e+01
-3.949064635671754697e+00
8.081348797697235398e+01
1.342072763440516496e+02
1.275846989371306250e+02
1.156432483458673204e+02
2.023011246618670782e+02
9.615453630130221541e+01
-8.364873730405770402e+01
-2.729732372674726548e+02
3.806064353331611017e+01
9.266382877884268510e+01
-1.212811454545419139e+02
1.203257846192149429e+02
9.413190826309424608e+01
-4.030578821784088461e+01
1.559500621226427199e+02
1.339026493135754947e+02
9.961042958738877928e+01
-2.324573967565597457e+02
6.904270485062178864e+01
1.348226495316016553e+02
1.286765961408163719e+02
1.862137955714876059e+00
2.484572093734057034e+02
1.145799341727291676e+02
-7.246525965816303483e+00
-1.751202127625608966e+02
-1.118460739344942567e+01
-1.533275099369593590e+02
-1.139314097836054458e+02
1.357390163944671428e+02
-2.108637786187318852e+01
-1.529066726441498929e+02
-2.226718225185034328e+01
-3.453067396820719637e+01
6.200779178136943415e+01
1.093672314943227377e+02
-2.290867707139809966e+02
-2.085167459240034020e+02
2.272024467751072052e+01
1.436976117037905851e+02
-3.814815853799800038e+01
1.003250981096842054e+01
2.849887181280406026e+02
-1.495891996435672695e+02
1.969369622549191945e+02
-1.854275312373901556e+02
-2.827715849067756153e+02
1.433635441199184868e+02
1.313941734930125449e+02
1.507606789185554703e+02
2.305777762516774771e+02
2.010072362322119943e+01
2.419475752253723613e+02
-8.936724739743900159e+01
2.799955965895915142e+02
7.696082203373345010e+01
-1.219027724454385293e+02
1.746761042772675978e+02
-1.447745329284101388e+02
1.864595912607357491e+02
7.957059593474215831e+01
1.733302236314820277e+01
-2.936337653128289560e+01
1.960793847385030517e+02
8.209980629713339795e+01
1.893790865948331543e+02
2.459565032804980547e+02
2.892870970682324696e+02
2.858409971289383407e+02
2.041730805353631695e+01
-1.592295293035427051e+01
-2.124502660573522235e+02
1.982917167285556843e+02
-8.897893105338918929e+01
2.997750984314838547e+02
9.415940654944748189e+01
2.404488874806872900e+02
-3.111363878143296233e+02
-2.072446743154715421e+02
-2.950951914142876831e+00
-1.189301443531702347e+02
-2.133915717428180869e-01
2.311435613799335727e+02
2.027181149598725654e+02
2.095813784728722453e+02
1.128580164319048578e+02
2.033289947831578388e+02
1.727887371470764322e+02
2.474246067428457820e+02
2.429651424156945723e+02
-7.381748504327455862e+01
-8.862749234583137792e+00
1.261336115316065332e+01
-3.225388780460751548e+01
1.494839602263579366e+02
1.762869108199891173e+02
1.432117783159847306e+02
8.801785787792636029e+01
2.142097725471754472e+02
-2.942131159428546994e+02
-1.895087023404749402e+02
-3.556579729205051876e+01
1.007156951460773087e+01
-1.908173269928952465e+01
-1.932092813310933366e+01
-8.010700462824704005e+01
-1.108428467162972737e+02
-3.311073672467556435e+02
-2.119361266253024212e+01
-3.398494752310929812e+01
1.444922272482047561e+02
2.082674667820897980e+02
-2.037564901387284522e+02
2.286356280018107157e+01
-1.777580847361128917e+02
9.468139930115295044e+01
2.801706526200932785e+02
1.509733394239529503e+02
2.139746324718988717e+02
1.938101812444165830e+02
-1.096891923693050614e+02
6.689865082255835205e+00
1.383087521033343137e+02
-3.576587103069009572e+02
2.608760562385108415e+02
-2.587435024209710832e+01
2.164291891497936717e+02
-1.612756570055020688e+02
3.033580241321525364e+02
-1.280032760155513643e+02
-1.989470984736078094e+02
1.618981605139601925e+02
2.411893871659142405e+02
1.703407812986800423e+02
2.454511112762056371e+02
-2.382472694199842635e+02
1.967957639095147897e+02
2.080020598266645493e+02
-1.424371169571025177e+02
1.835817733919485022e+02
2.794424290665492663e+02
2.180527076701639544e+02
-2.484052413526947305e+02
-5.408790683382560616e+01
-1.804739662182912525e+02
-2.790499703635269668e+01
-8.083497717999566134e+01
-1.738682799585382099e+02
2.142379245063742133e+02
-1.501846852788755768e+02
2.718161716164845529e+02
1.270666550476107943e+02
2.282358761231160713e+02
-1.851368911071513423e+01
2.737635892940432996e+02
2.683564339591601993e+02
2.654892465944217292e+02
1.418204074156868728e+02
1.804615078653884552e+02
1.328667196340695114e+02
9.287525720647273886e+01
-7.351595103751105853e+01
2.433770764895240006e+02
-3.356336590752349025e+00
7.227662426232875248e+00
-1.994272086644350566e+02
2.313322191988535792e+02
6.592019682638130007e+01
2.168547219282467040e+02
-1.509931041145494817e+02
1.671418534837195864e+02
-2.269578370235601597e+02
-2.416373679268811259e+01
1.730455432909014846e+01
-1.422197812222171365e+01
1.844452312831811867e+02
-1.452036986785691397e+01
-2.635204067155414123e+02
2.974010251421196926e+02
3.031852482747657405e+02
9.990672653776053380e+01
-1.419556270049799309e+02
2.098843257153728246e+02
8.729439445207873405e+00
4.701415089193784524e+01
1.922938566167143790e+02
-3.077922228050206854e+01
9.765283219480261323e+01
1.564447005864003302e+02
1.783169789565702672e+02
1.567397032923581435e+01
2.754306095990734775e+02
1.992543774950695763e+02
-4.403339438362991132e+01
-3.075049180885967814e+01
-2.347370459713668822e+01
-6.464733163135707628e+01
2.296957348744404328e+02
-2.313539736419598682e+02
-2.686979422625392999e+02
5.275691093147493405e+01
1.326164313522494069e+02
2.063974365724934046e+02
1.648136720075495418e+02
1.167031309778563042e+02
-1.739483706456156824e+02
8.986585852591959167e+01
-1.319599860399719944e+02
-1.923596278874435370e+02
1.171916853028135677e+02
2.111154531725842105e+02
4.996478198365375079e+01
1.651867188450474373e+02
-1.808026994473460149e+02
1.796178759900385558e+00
2.079210180420389520e+02
-2.083014443724620719e+02
1.847677420159010637e+02
-1.524854405933295993e+02
-1.770118860753013337e+02
-2.508894067983100058e+02
2.017772604279296331e+02
-2.049603721089549140e+02
1.209737395500715138e+02
2.338279526298206008e+02
-3.219394824257422272e+01
-2.158416805078555001e+02
-1.042944916709768677e+02
1.412234353735038610e+02
9.458300689285898954e+01
2.822728248550420176e+02
1.026486139236312454e+02
2.319003982000477890e+02
-4.155543176913184311e+00
2.151486024399894177e+02
2.130371840786362156e+02
1.959144518826402077e+02
3.482025757937955746e+01
8.707601577838215690e+01
2.240578046275106203e+02
1.878423193458385185e+02
-1.646844639526697165e+02
-4.005494910389390384e+01
-5.584431362346812477e+01
-1.129550732222722900e+02
9.708872921359451880e+01
-1.343716926949208528e+02
-2.175633011539158019e+02
3.690287842289961873e+00
8.113413247942517614e+01
-2.434467439982670385e+02
8.487246864553773662e+01
1.097299139729237112e+02
9.233673528035986067e+01
4.556597130913775118e+01
1.301796676708409279e+02
-2.471802217290296255e+01
-5.333752424210018717e+00
-3.297555679863415889e+01
-1.886223289884687517e+02
-8.104273652158244090e+01
6.874767066664777815e+01
-2.068576266079020343e+02
2.193034046752930522e+02
-2.618633901030669904e+02
3.075480764244588272e+01
1.534796802234220081e+01
-1.821966306927288883e+02
-5.853833837592577538e+01
-1.212082501703308566e+02
-3.059667123380338012e+02
2.061660023346338448e+02
-5.906337434432268196e+01
6.195843951959403739e+00
1.187766772741655785e+02
1.930279877696037261e+02
2.025583202934614633e+02
2.139979022640574726e+02
1.268011965622952744e+02
2.090526495655430210e+02
2.379359059179184044e+02
1.493350360573228954e+02
2.195789280692218881e+02
-3.752090409217174738e+01
1.098384673408349954e+02
1.905058777265315371e+02
5.938396479046392074e+01
1.568077531965837466e+02
3.003002702802875206e+02
2.062109503664668182e+02
3.146058548402825181e+02
1.345925132036381342e+02
1.336356554504801295e+02
-3.871880341583862162e+01
-1.468105055206980012e+02
-2.262619673159271372e+02
2.278630715482474898e+02
-1.387071211251302998e+02
-3.224066663597545244e+02
3.039435457207613922e+01
1.650570634262009264e+02
1.835226771270851884e+02
2.753509666098868820e+02
4.718911259856275819e+01
2.265575536639548488e+02
1.153659173571892040e+02
1.893140445868038171e+02
-6.175645375826464800e+01
2.263404678640632994e+01
-2.363987233022133694e+02
2.884047893841422479e+02
1.987920712051625571e+01
2.854899879726865493e+02
2.726890998937219592e+02
2.426069756977385055e+02
1.947537361547781529e+02
-2.332398920428016709e+02
2.070621868974400854e+02
1.783343978362699715e+02
-1.340752735877697432e+01
-9.749860504235762448e+01
-1.778777198514615350e+02
1.042528888990338913e+02
2.146273365524652945e+02
2.016835690407223751e+02
1.971885916041631504e+02
-1.148926417296785019e+02
1.650490005433753709e+02
-7.645674623492897126e+01
2.267212171277511743e+02
2.235410951048916388e+02
1.294851424374629119e+02
-1.494445663537045377e+01
1.599226028214613393e+02
-2.861944128267904830e+01
2.532419898176200945e+01
2.566743268211371856e+02
3.119920700164462346e+01
2.568004385644741205e+02
1.204392964248620217e+02
1.182505375408441779e+02
1.490299616001925926e+02
1.247835870336482458e+02
1.528121999853942725e+01
8.579791314992885987e+01
1.346717187865493770e+02
-1.987492686951624421e+01
-9.876016877785046688e+01
1.334014658778376941e+02
8.484611195892314583e+01
1.855355981346027647e+02
1.532850711265606947e+02
2.050650442835319609e+02
8.222197530404181975e+01
-1.793253913996609299e+02
2.416426402997577227e+01
1.031321608984544582e+02
-3.396954998084763133e+01
1.400174509976261561e+02
1.410337617859365480e+02
1.127974065848466978e+02
1.485157192674159603e+02
1.574598528421026344e+02
7.758131291358711223e+01
1.086868606909235382e+02
1.088006992133054496e+02
8.450047977028900448e+01
2.745971595481107386e+01
-2.969168582347911922e+01
1.179447629305016818e+02
-1.863706302031256996e+02
2.479590992529992377e+02
2.549408059905691744e+02
1.926130272859796833e+02
1.405435314953391241e+02
-4.112744501775022599e+00
1.309696857705426396e+02
-1.464499123833259375e+01
2.958407095917769425e+01
2.037542157571486712e+02
1.397403944409073802e+02
-1.290694984051994254e+01
2.187424909709671397e+02
7.442986329871001772e+01
1.256716590706441821e+02
2.271827591333285454e+02
2.441608988517054968e+02
1.583316467182206679e+02
1.488920207651464125e+02
-8.348303147288532955e+00
6.303292781170732439e+01
-6.932682018238196520e+00
1.511637041349335675e+02
2.798476846236791289e+02
6.950396261656829999e+00
-5.808791634337268306e+00
1.975669233507177864e+02
1.047308869266121292e+02
4.166427163420229363e+01
1.105126353232611933e+02
-1.891439076672257897e+02
1.417893405046399664e+02
-1.915793205215236981e+02
4.335084110091742104e+01
1.377031395585351277e+02
6.403885946009425822e+01
1.539511207473854029e+02
2.478960763466153594e+01
1.481300222533765805e+02
1.626829280469127639e+02
1.726974861413079338e+02
-1.404424722360989790e+02
1.339964141840853813e+02
1.083981045779550669e+02
1.439826930103247378e+02
1.545322085320660790e+02
5.734114733791778917e+01
2.640582519899828640e+02
2.405508049071517576e+02
1.189228497377630305e+02
5.720217843954323200e+01
-1.447480416533412040e+02
1.628407663063179029e+02
1.485550907332970212e+02
1.886700126883240216e+02
2.597091220517766601e+02
2.464120387785680464e+02
6.785348418974859896e+01
1.618618955944598667e+02
1.402942753875970823e+02
1.194421639016414218e+02
-9.798250359513917829e+01
-2.119774908230807000e+02
9.199767803951829137e+01
1.449492460810355396e+02
6.353430068703349320e+01
1.558644258427404168e+02
1.359521840194749132e+02
9.412633198040053628e+01
1.224436773518067270e+02
1.442383111819464432e+02
-3.011044311923642454e+02
-2.887486944931468997e+02
1.775256452688152820e+01
-1.408316988922628354e+02
-7.405865437112520766e+00
8.004123479463846991e+01
7.934947389783937410e+01
1.703973792986403453e+02
1.847031083365649238e+02
1.110746798731611875e+02
1.677968738546742600e+02
1.881560839915523786e+02
9.278964021489767333e+01
-2.435495483040870113e+02
1.528953171516956218e+02
-3.192731942207350357e+02
-1.042696346078185314e+02
9.076051615610737144e+01
6.751791129631972410e+01
-2.769786085376886149e+02
-1.383686700824006550e+02
1.362273844819784756e+02
2.230435646840355091e+01
2.768754319101190617e+02
1.002165122882222335e+02
2.283538040873763748e+02
1.088063695696330484e+02
9.911038598220622475e+01
-2.692654668956607225e+02
1.380018239419426607e+02
2.110647648503434652e+02
1.708511021739018645e+02
2.301394085166803904e+02
2.335628109111419448e+01
2.414733398278752929e+02
5.066365306221659637e+01
1.586692624969407177e+02
-1.463299796487293918e+02
1.292322219661886606e+02
1.652811781879851196e+02
9.705191336069633579e+00
-1.654200771211715093e+01
4.752962873089681040e+01
2.502088058559832007e+01
-2.368655498482050632e+02
-1.380303665463065066e+01
1.995451403868813145e+02
-4.511362716357865565e+00
2.912187670127731565e+01
-1.383644160004940318e+02
4.270191891110784788e+00
-2.867523390623827027e+02
9.847129096688288286e+00
1.443131037021682062e+01
-1.438027834816714403e+02
3.688180888754772013e+01
9.566041521515674617e+01
3.051972915303900891e+01
1.335166210000023170e+02
3.208688727886602976e+01
3.791287987568251339e+01
7.908126078907281453e+01
-1.356294275118710857e+01
-3.560406349668618731e+01
2.533523007350329870e+00
2.305367915900578168e+01
-2.546416228251370626e+02
1.539305098861056820e+01
-9.531026758217837624e+00
9.153956011081592692e+01
1.476740612634351635e+02
2.202902167309793811e+02
1.110291102031695516e+02
1.421368650036066299e+02
-2.329359750174594410e+02
2.487506076662842815e+02
2.148812440157350352e+02
9.794459133675498208e+01
-1.602921417817587439e+02
4.956757990107019651e+01
2.500040402557320647e+02
1.406625743608545918e+02
1.502206530872596488e+02
2.465433193471171194e+02
1.240970830771922806e+02
1.178198068900179152e+02
1.027438115658434548e+01
1.219068959246960873e+02
3.643731522459489724e+00
5.606516284075370038e+01
1.058312855154383136e+01
1.457048014980467769e+02
2.892929816442625679e+01
-2.320223924718878834e+02
1.970792744141612047e+02
2.468318447898460590e+02
1.905742971656316627e+02
2.547919820752981082e+02
6.194234922045694702e+01
2.167591102904016225e+02
2.394296113244322441e+02
2.172321111850566240e+02
6.378909383343610529e+01
2.568070047111135636e+02
1.008214842738946402e+02
-2.324874408088077189e+02
9.109909069768147560e+01
6.493968840275171317e+01
1.724850040156508442e+02
6.813002204125452010e+01
-6.464459977459834583e+00
2.097077838669285654e+02
-2.097321608847640562e+01
1.098282939985118247e+02
5.801548453912170089e+01
1.993123805231831795e+02
1.502415229250986499e+02
7.268637880706734222e+01
1.146047023662294464e+02
1.303625910802027477e+02
2.489374850957589445e+02
1.106454655077137659e+02
6.441545983942022247e+01
2.049329811479844636e+02
-2.946539363944071965e+01
-5.247688271515022507e+01
6.186557054432343250e+01
1.677635420387571799e+02
9.663319697724902824e+01
-2.468139769516562012e+02
1.731453537697617264e+02
2.157972390718255724e+02
1.954507860480193813e+02
1.395564774697438679e+02
1.532779352667150761e+02
1.465152419719626096e+02
-2.158003659705550206e+02
1.013970434342233631e+02
2.390809765750526594e+02
2.250904837257531881e+02
2.261047467132023314e+02
1.807687702868203417e+02
1.038453622096256623e+02
7.784914504575560557e+01
-9.136512259715243545e+01
8.260052372559484013e+01
1.822630717823594182e+02
-1.577787970844099164e+01
-3.543144457151210247e+01
-9.939706371865896983e+01
2.786531268314521412e+02
1.277855590574753535e+02
1.255910766232277496e+02
2.355474396730311071e+01
2.637521101543426312e+02
3.656691782406100799e+01
7.561346593915018843e+00
-2.708420710039841595e+01
1.107799100625747570e+02
9.879088974200507778e+01
1.393936159914015889e+02
2.557657180108973307e+02
2.085689248526327688e+01
2.813133004176856389e+01
2.790294128420441098e+02
2.633752231094950389e+02
2.720590950966108039e+02
-1.443265400217358945e+02
2.218520633979730405e+01
2.719882907128481975e+02
2.668187470316518102e+02
9.731799419522008066e+01
2.836366018497869845e+00
1.001769626256500771e+02
1.071892903983924441e+02
3.039768739948519851e+02
2.034125376104519489e+02
2.398364221585975713e+02
1.913356329136943259e+02
-1.294020047612116002e+02
2.284387082766365324e+02
1.741136564407538287e+02
1.008515469958327344e+02
2.555137825316453473e+02
2.834879990884256244e+02
1.762201216701519115e+02
7.298698173509212950e+01
3.077882567279160639e+02
2.073237280217854845e+02
-2.593525638967273039e+01
-6.361971109996298424e+01
-8.025344006515865658e+00
2.436867021905125341e+01
1.893709351021674365e+02
2.056775507792455358e+02
1.859042944425576991e+02
-7.323927713581764465e+01
-5.718102524867156689e+01
2.837981334114492711e+02
1.274318800446562818e+02
-4.191148200621638864e+01
1.037459574372887374e+02
9.309036826126350661e+01
2.059643978802199626e+02
1.851346309303521025e+02
-5.993632021385976572e+01
5.196686223021771411e+00
-7.157213263602962172e+01
1.774791570911006033e+02
-6.879626298333465684e+01
2.340832316651218434e+02
2.238576247584004477e+02
1.592829757643784738e+01
2.036210501879664321e+02
1.801638802587846726e+02
2.878071915825709084e+02
3.004134205397610913e+02
1.961932386076911712e+02
2.233659030930839720e+02
1.939967802934535825e+02
2.164176197105888946e+02
-1.628860725213033618e+02
1.937565093758070134e+02
2.073872146835064711e+02
7.167601346770001669e+01
2.737004184220579077e+02
3.492455497600192871e+01
1.906252641241915171e+02
2.117547533355544260e+02
2.673224886722098290e+02
4.372829081137695084e+01
1.940282346093388810e+01
1.445723606521127920e+02
2.612281103616128348e+02
5.044087093067406613e+01
-3.069010861551166727e+02
4.871449369004434260e+01
6.474960990953431406e+01
1.739515405907437469e+02
-5.541293784389333155e+01
1.169502569635486964e+02
1.750335304409279900e+02
2.613849183691532971e+02
2.886923271949299874e+00
-1.430670157680076215e+01
9.595140264730461865e+01
-1.480833183488501277e+02
2.900656861456153024e+01
-1.653880741778597780e+02
6.609456099651325189e+01
-1.798934447081181247e+02
5.805833570251326137e+01
1.067709613749937461e+02
-1.651433412934185867e+02
8.451612753689354918e+01
1.965437472484840669e+02
-4.535033638316961913e+01
2.425957583512674489e+02
1.876899220105159145e+02
-6.281126185380870908e+01
2.302890223162099801e+02
2.069801531943563191e+02
2.514274256541141881e+02
1.567431650565072800e+02
1.677158957250983349e+02
-1.827754659749849679e+02
2.234706636229814194e+02
2.106828924069138509e+02
2.628986540548241919e+02
6.383142344544870639e+01
-7.294035961584748406e+01
2.320276840054065133e+02
1.677142864375048248e+02
-1.025001122624917116e+01
-2.079269932200420783e+02
1.615761253958687007e+02
2.477115844303943391e+02
-2.271777665697165958e+02
-2.772351177265011302e+01
-3.501089164292858413e+01
6.968641285704475763e+01
1.463045264899945721e+02
2.006585133258899418e+02
1.550178529269945500e+02
7.661751469671645509e+01
1.699417335880832525e+02
2.031161119400975963e+02
1.372715438155627794e+02
2.080120679269782613e+02
1.403619502286445879e+02
-2.329518626653898536e+02
2.122953599565060472e+02
1.928594546627743682e+02
2.657306929744617037e+02
-1.795560702320053110e+02
2.657520253346518189e+02
1.028975987608496041e+02
-8.447576400598221369e+01
5.530563713035081719e+01
2.322091021058562319e+02
-1.575236585827765623e+02
2.374093723543465160e+02
2.139227486757699239e+02
-1.880067744482405487e+02
2.386243462160765603e+02
2.496061339640765198e+02
2.592685442307159747e+02
2.252866538431101446e+02
2.598107678476339402e+02
1.297166236203176481e+02
1.693799739724850610e+02
9.298272664295804191e+01
2.547176390332422500e+02
1.015453090924685284e+02
-5.437051089517707680e+01
1.925528117036282936e+02
-5.175857827570618497e+01
2.082503686583575018e+02
7.630661855337275767e+01
1.122456715309373720e+02
1.342287068434615946e+02
2.202048813977925192e+02
1.012280461851239011e+01
2.101062826844275264e+02
9.673519824689513769e+01
1.517270547278008337e+02
2.608101698070723842e+02
2.281480668023165208e+02
9.831017505149132774e+01
1.383360579249689408e+02
1.974146962622143064e+01
1.292468677049947701e+01
8.375241112795157505e+01
2.147352000967737808e+02
2.068587125238006053e+01
2.610037094161310733e+02
5.507842843577059000e+01
6.391544521102548515e+01
1.367870193816023630e+02
-1.172697642898990011e+01
1.723433998229673421e+02
1.338840344582425246e+02
1.298579911467015791e+02
2.321011817331753946e+02
2.147919172022008638e+02
-1.590425253710754703e+02
1.063320356840435039e+02
8.859091569886612660e+01
-3.232736299333352292e+01
2.517970740928695932e+02
4.242220788925597219e+01
1.805405649056568222e+02
2.471895870883170403e+02
1.116981719026334616e+02
1.271445038179237201e+02
1.272469324350620781e+02
1.903185999632710264e+02
1.404059150818768273e+02
1.608194678890736782e+02
2.492318721140258617e+02
2.493436951022005985e+02
1.841103804267832516e+02
-2.629074294517469070e+02
1.187710955672052364e+02
1.013050049532116077e+02
8.247410593726903016e+01
1.351498176501606849e+02
1.218232097562202796e+02
2.386913594590369314e+02
1.854016995800993186e+02
6.789564078818790449e+01
1.375380113305546672e+02
-1.505875508478369795e+02
2.272835668836819707e+02
9.340889874559860573e+01
7.760126858371727110e+01
-2.365631546122400266e+02
1.581666260200962029e+02
1.792385958321123098e+02
2.136967417904512558e+02
1.325786570667472972e+02
1.473693641308586280e+02
2.485324372304301903e+02
2.321885905723032693e+02
2.953327950423667403e+02
2.374663163403384090e+02
9.445608820537296424e+01
4.133575798516957889e+00
2.060033068692973757e+02
3.417937951495235893e+01
2.416892548647643082e+02
2.715751476646227047e+02
1.107005805148242246e+02
1.452962612141509453e+02
2.544480859615539146e+02
1.787147176822431902e+02
7.122895747167483194e+01
2.345887015625319805e+02
2.626716542831745755e+02
2.210970832179953049e+01
1.944067387915714278e+02
2.317677221705654631e+02
5.586786512507075031e+01
1.347917102605394746e+02
2.876470738129810343e+02
-5.890290673450806480e-01
1.699148832630167476e+02
2.161530410406283522e+02
2.351215588222457598e+02
5.640261300026659796e+01
1.318926618626985885e+02
2.135612284066123152e+02
1.112273832778254246e+02
2.729902321364964450e+02
9.015828655288198945e+01
2.247215554386265808e+02
1.552558549764672193e+02
2.821380283838778880e+01
8.712605451278888324e+01
-1.796873075276536724e+02
2.793997874186180752e+02
2.463791425099890091e+02
8.893267958525044037e+00
2.126178190441652305e+02
1.600492614799823912e+02
8.367306369683549860e+01
2.728100785134229227e+02
1.248026995029803743e+02
2.306963250622061707e+02
1.229869684344736527e+02
-1.127248691448206444e+02
2.643135953343449387e+02
1.605843264705290778e+02
-1.958563964790699288e+02
2.693024414522788561e+02
-1.300781416648527511e+02
1.282084099204059555e+02
2.830311245639863387e+02
1.633620792800496986e+02
1.333862264328752758e+02
1.864443876163896050e+02
9.032852597457089416e+01
1.427915981195321820e+02
4.710178125896246115e+01
-1.641248433722790878e+01
-4.874384401051656823e-01
-1.569270098770884658e+01
1.777903033000473556e+02
-1.276308916312135011e+01
1.879760051602703470e+02
2.450064044514144257e+02
-1.463799510940966400e+02
9.923305929480498833e+00
1.885569472874716439e+02
1.886694663206905886e+02
-9.726363880944234097e+00
2.624342042659640697e+02
3.160891014822266243e+01
2.073321359159900226e+02
2.571362149356581313e+02
-1.880305955531795803e+00
2.295599157030356139e+02
9.109110876109521371e+01
1.633679986297066762e+02
-9.238800021108349370e+01
2.079957609784431725e+02
2.058798365141378781e+02
1.330920797626018555e+02
2.416883808224492611e+02
2.336773633240177617e+02
1.876168632325030501e+02
2.501945090252465889e+02
1.273428058922198431e+02
1.021505391376095133e+02
2.374626515810085152e+02
1.919528523970062110e+02
8.680499945696558939e+01
1.577230624621069239e+02
1.776325480736757072e+02
2.241924469662067736e+02
1.089847319855164045e+02
-1.866180413135377307e+02
-2.431678340388539539e+01
2.110529501561675261e+02
2.636640853804606195e+02
2.693309047085127190e+02
-1.311920020512270639e+02
-1.743881039423867776e+02
2.333873525018690600e+02
2.138341351574854059e+02
5.267468106951969986e+00
2.150909251587761162e+02
4.319072007240583133e+01
2.691160473362401149e+02
1.514541451327658592e+02
-3.765245036073939673e+02
5.373428412998724468e+01
-2.500860076424545184e+02
1.793987758892290572e+02
1.888339945767341703e+02
1.484622799241327300e+02
5.296097404202561165e+01
-2.061047012301950758e+02
-5.180076986203337697e+01
5.006395895077761793e+01
1.097856537345739127e+02
1.555967346310799826e+02
1.952077181011042057e+02
1.796987713959477730e+02
-1.432155521883144331e+02
8.878593961744176966e+01
1.472968365335820522e+02
-3.099200910878022341e+01
1.800173364876844744e+02
1.638626452091544650e+02
1.528979844386732623e+02
-1.424924386252923796e+02
2.658395519555301689e+02
7.111168424958120227e+01
-1.561910560277200375e+02
1.648255258192360486e+02
8.569748300869754587e+01
2.398914213688786958e+02
2.498946402611271083e+02
-1.786063415695554966e+02
1.615526788526752284e+02
1.634946493430292378e+02
5.288712154694341905e+01
6.439980548855727704e+01
1.294491188890361570e+02
-1.744634049617355629e+02
1.692590299080305840e+02
2.027799517031817231e+02
-4.247474467473676896e+01
1.864869981673303982e+02
-1.669509435278814067e+02
2.015740021269248814e+02
2.047534801697232183e+02
2.932331574698616805e+01
1.304582079889170814e+02
-2.217630262484466641e+01
1.625457708409755924e+02
1.358296203129938249e+02
-1.145915992731173532e+02
2.032913199854424988e+02
1.641542599078820786e+02
8.474132375338815848e+01
-1.990378701118274876e+02
-1.609588536363943945e+02
1.932193219763536263e+02
2.517231124925874610e+02
1.576652973681992975e+01
1.316533778211195056e+02
-2.053536092341403219e+02
1.639747046943680289e+02
-2.773006801451560932e+01
-5.897623589947586709e+01
8.936848622210074211e+01
2.091588663431350525e+01
6.126782386564130434e+00
-1.824031483542049159e+01
-1.110875174712311519e+02
8.246535569958238909e+01
-2.154408957697703499e+02
-2.649943719041033319e+02
2.263694607943606343e+02
1.226190581473743890e+02
1.763052473300551242e+02
-1.228633956243373859e+01
-1.333043802033131442e+00
-3.582137696108982539e+01
8.949472463433382075e+01
1.310793716037439935e+02
1.157905715620573233e+02
1.778786889220027660e+02
1.595000121655429837e+01
1.520288669575718927e+02
1.645203971184144507e+02
6.576228119286921014e+01
-2.227367740899430828e+02
1.247368147286651663e+02
1.999563110971236597e+02
-2.170908252128390359e+01
1.959641144274242777e+02
1.398000157760299658e+02
-1.147123094387453079e+01
1.730699962667154637e+02
1.270110084400961625e+02
-2.586830866057423464e+02
1.505516590134853914e+02
9.660428587940799616e+00
-7.232067832546013619e+01
-1.525742470781766826e+02
1.706595779762400014e+02
1.700395220302446546e+02
-2.098022789347240291e+02
1.239204219708784080e+02
2.364610015802471423e+02
-1.444467203840038394e+01
6.413854505201069856e+01
1.232030758422828711e+02
1.405569724053191862e+02
2.052195765663815621e+02
1.580966697710815652e+02
2.805921762759572857e+02
9.265171119621811613e+00
-2.276313458223641817e+02
1.976768179503863792e+02
2.202730744620329233e+02
1.476408108951412430e+02
1.009150307312488053e+02
1.675273944783742479e+02
5.174661657781123125e+01
1.145123692898735612e+02
2.104108533431948729e+02
-1.996495159959907539e+02
2.646792747539237212e+00
5.329571810868020521e+01
1.833534714558539633e+02
1.447866508788842452e+02
1.396402292495285167e+02
1.571797267410327379e+02
1.318297950218122878e+02
1.870884338433902769e+02
1.999912756399016587e+02
1.706242567042575047e+02
9.766523263713122560e+01
7.507340544970628571e+01
9.946837859524271153e+01
1.895846830599645614e+02
-1.765779992250391501e+02
1.493419851853725220e+02
1.048050401394233404e+02
1.699215078161491590e+02
1.683644522625345417e+02
2.529154477390044917e+02
-3.103273075130569509e+02
1.391769674055331620e+02
1.797023469985517181e+02
1.965184938967674952e+02
2.252155744573325364e+02
-1.930716352243808842e+01
2.383762046704181046e+02
1.745887916610590764e+02
1.355158309027123096e+02
1.563891369837812704e+02
1.631705885239462077e+02
2.512941005622966628e+01
1.990589320636033506e+02
-1.585631570615139196e+02
1.232233773257418079e+02
1.962616689327516610e+02
4.822089387976176056e+01
-5.421794787081917377e+01
1.599069891008324475e+02
8.747983367983468383e+01
2.276719204603774642e+02
1.139869800585785526e+02
2.029244685541545152e+02
