-1.230911783736917897e+02
-5.532773206366478007e+02
-1.687644615238392021e+02
-1.031831575616603800e+02
-7.009753480358821776e+01
-2.837100015773048654e+02
-4.512626171964851665e+02
-3.370481419901062168e+02
-4.457554269327474117e+02
-4.591012399375817949e+02
-2.483648609610458777e+02
-4.827938545346394790e+02
-2.832061197782923045e+02
-1.301344239323547640e+02
-8.827564990479831408e+01
-6.782162423990963873e+01
-1.574180332107823119e+02
-5.686561986097036225e+01
-1.959047577693964683e+02
-1.445390999807690378e+02
-1.016858615354165778e+02
-1.186123346555266380e+02
-3.530299694464670210e+02
-1.239843578680618492e+02
-6.265914985003625048e+01
-1.262850126810537574e+02
-9.777154098773024771e+01
-1.322345118218858318e+01
-1.273363773431233170e+02
-1.397400259366921205e+02
-5.792184344884129388e+01
-3.851445073520764026e+02
-9.821334315619128574e+01
-4.926537225889293836e+01
-4.769584285122680001e+01
-4.895742259243413059e+02
-5.421900819556465478e+01
-9.327152537866295745e+01
-8.512743552378582024e+01
-6.651630379161062478e+01
-1.736221142460203737e+02
-9.066050636212354163e+01
-1.416085467984947570e+02
-8.880621912080631830e+01
-2.694379522494716639e+02
-8.509029397124689353e+01
-6.450634842505104416e+01
-3.780767411908924487e+02
1.102646310489632242e-01
-3.005331754806144318e+02
-9.167235124529335621e+01
-4.797009099448406744e+01
9.775615451039101345e-01
-1.158539663209705992e+02
-2.239065463628021178e+02
-1.869577223495949170e+02
-5.726496707018356602e+01
-6.096685274989123116e+01
7.753055542073610695e+00
-4.137554232766355256e+01
-1.955786218243204644e+01
-5.335325443297870152e+01
-4.150241742250064192e+01
-1.574674226925006337e+01
-9.329960706676087057e+01
-6.636844232136496657e+00
-9.928886901474041338e+01
-7.688757416079343443e+01
-3.096931844924384336e+01
-6.020106560574554067e+01
-1.171964460076820842e+02
-5.230904321495160048e+00
8.150801219542387344e+00
-3.074666137193395343e+01
-3.495131932666673436e+01
2.392706210577985360e+01
-6.212907069097514778e+01
-3.451470446374165135e+01
2.462765776601321477e+01
-4.712753916052930947e+01
-1.047204785859541687e+01
-3.148848133511177139e+01
-1.319276696016356709e+01
2.204836619246657392e+01
-1.668128274853055473e+02
1.331165255784583223e+01
-2.191960715025885520e+00
1.429639354882556290e+01
3.303953842489300996e+01
-3.702730722235023109e+01
-7.100422566395343438e+01
1.724617202818313899e+01
7.426986577855529958e+00
-7.378349109553403196e+01
-6.771619692138361302e+01
-2.281692078664882217e+01
-3.932551601495910631e+01
-8.065746528893265577e+01
-1.164805772551728751e+02
-1.800426536339982420e+01
4.051356248479834221e+00
-1.366993447355680757e+01
-7.681397112802837057e+01
7.962495364121664920e+00
-2.437176121949082130e+01
-5.820169103158469426e+01
5.356081153296707953e+01
3.991514087295792024e+01
5.013715642027705144e-02
-3.760948145282979738e+01
-3.405814560632012444e+01
-1.606958800817288591e+01
2.046410832361866596e+02
4.806091227875444361e+01
-4.231956070116078195e+01
-7.090052303485182961e+01
-2.840850864122280939e+01
1.678731442625164050e+00
2.266971693311876379e+01
1.910753517657066709e+02
1.167984838406985659e+01
4.454308717087997138e+01
1.839037009062674599e+01
-5.526633393706708830e+01
-2.508524291477436918e+02
-8.149367877555398820e+01
2.361288859147447283e+01
-1.223242548610881499e+02
-2.061293752644054678e+01
3.615746793911822010e+01
-4.927027977659068370e+01
1.893121803718728984e+02
-3.080184251623367686e+01
-2.102364204084314281e+01
-8.506819819294467777e+01
-2.102841304442611658e+01
1.411127322649010978e+02
6.571410526325806245e+00
6.974808276145893160e+00
1.322097147734093312e+02
-8.895228608328267228e-01
2.545968974075934455e+02
2.818978979350418967e+01
-1.546853226064424405e+02
1.610468704432816764e+02
1.728085510722659990e+01
2.291729125144453860e+01
2.610180479342469084e+01
-1.323975722746186818e+02
-3.383968004687147868e+00
3.829202240949220482e+01
-4.489066804717482739e+01
1.962307372826383016e+02
2.186358472008685112e+02
7.439348818743070524e+00
1.524310869499797150e+01
-1.699119913805569126e+01
-7.955403998813582689e+01
-1.436370808870820781e+01
2.328036910883426174e+02
5.735967179556840279e+01
-3.434715543488101730e+01
-1.386617426511178053e+01
-1.521525597496338946e+02
1.911931610237976429e+02
1.249034085330006860e+01
2.290625596397622701e+02
-4.419264973210047742e+00
-1.532992610386334036e+02
2.564404492361582015e+02
-1.001086388673603409e+02
-2.569382592107800178e+00
2.578028852929531922e+01
-1.581920973581577528e+01
6.471725299574828227e+00
-1.281010689536751102e+02
2.609948140704914294e+02
1.423431854789474471e+01
-6.385925993901038566e+01
4.466076818435584528e+01
4.330904585092127945e-01
2.537736008040471631e+02
-5.722351542354928711e+00
1.891199066791606072e+02
-3.695320386599360063e+01
-1.149224010354951844e+02
-6.423651657837868356e+01
-1.972764813890486266e+02
1.588097546592356935e+01
1.442979558402493012e+01
-1.290571604079422343e+02
-9.963848376432856924e+01
1.665885202503550317e+02
2.426622687225768971e+02
1.870045679603136080e+02
-4.496122399722786156e+01
1.907081575372231441e+02
2.828714512571282285e+02
2.243534014447022287e+02
-7.757728476504033210e+01
2.759802777205696884e+02
1.439106862008137000e+02
2.000277263612133538e+02
-7.143550579317908955e+01
2.539816214023756515e+02
1.969085578759074622e+02
2.478364008634371487e+02
2.913032619842165900e+02
-1.226017283814436212e+02
-2.099382322824003211e+01
2.076098656648500764e+02
2.173186238416260210e+02
2.677564243561976127e+02
-1.127598055739253908e+02
-2.040814312359825067e+01
1.465294045540940431e+02
2.093005394667296173e+02
-3.214338447049664182e+01
-3.294441775815798223e+01
2.575894011742852854e+02
-2.819926385703471965e+02
-2.027545270209918726e+02
1.098983404977624048e+02
1.447515751570594489e+02
-1.243670448448497723e+00
1.431286405024062844e+02
1.959074598189799872e+02
2.809270960935703556e+02
1.534976015361446287e+02
1.899995505655854799e+02
-8.477286078436736716e+01
2.529757671074844154e+02
2.693722019428839758e+02
1.611504539045537854e+02
-9.336887877842794126e+01
1.532079275136223373e+02
2.305335923992342657e+02
-4.747814699035086505e+01
-1.239801560071244637e+02
-2.530930814119917898e+02
2.564080997555018939e+02
1.750442854767420613e+02
1.669601858525780358e+02
2.257084724493491308e+02
2.121164575431497212e+02
2.605157562359194117e+02
2.422001934929342042e+02
2.621956585088880729e+02
-3.969236529486515508e+01
-9.974752528472892266e+01
-1.715930978112232879e+02
-2.646750838077227286e+02
2.737200012931671154e+02
-1.102536800659487426e+02
2.605321591024788859e+02
2.121130226873950164e+02
2.399636940172906066e+02
2.443494349905747924e+02
2.816448452574667272e+02
-2.173296415948173888e+01
-8.248771483459827891e+01
-1.399703183637228960e+02
2.426393056917553395e+02
2.845420914361785663e+02
2.686386011379396450e+02
2.617669026721522414e+02
1.758180791967907055e+02
2.714395421841805955e+02
2.541334735889245167e+02
-2.381224343860540671e+01
2.064996515399613486e+02
1.988800550459559418e+02
2.621163836713656110e+02
-1.025291751640375111e+02
2.421806352899719741e+02
1.682188938235981084e+02
-9.767193160770868587e+01
-1.266268680058699516e+02
2.455456574382825465e+02
-1.458210120621528745e+02
-6.510239719369295130e+01
-1.217669184655175059e+02
-1.838620368140549317e+02
-8.024852678576209541e+01
-5.098396060977373168e+01
-1.061643340263985635e+02
-1.422295250450865183e+02
8.215345859275862495e+01
2.059543908182674841e+02
1.774729784597138007e+02
1.128099682512304867e+02
1.967272506370493375e+02
2.074838629659550406e+02
-7.261397124987269081e+00
1.766559450791606878e+02
2.461006793977101665e+02
2.162920570741697759e+02
-5.714365047275268239e+01
-7.848052599931139639e+01
2.478028201929023453e+02
-6.811550903911631849e+01
-2.261513023123545736e+02
2.823989854335866312e+02
1.389701771961126440e+02
-2.154060351206425707e+02
-7.049354319630148780e+01
1.935395533168822055e+02
-7.729413303823179149e+01
1.711074347251385461e+02
2.051895038097963493e+02
-1.039993843783566660e+02
1.470519109976507650e+02
-7.596690631924576564e+01
2.564847718151042386e+02
2.527645962129381871e+02
-1.582479801777031412e+02
-1.160710583218346841e+02
2.404433108322982662e+02
1.697591782662873356e+02
-6.420648927173233744e+01
1.593443362854020506e+02
2.478038910507264632e+02
-2.173135532413734268e+02
4.266856829546902929e+01
2.447846269221103910e+02
-9.797148225683682199e+01
-9.609783270622551754e+01
-9.965505055799835077e+01
-5.791023112662981021e+01
-1.605118315329153518e+02
1.464047455779705160e+02
1.872405484576677281e+02
2.503635833742706325e+02
2.529321407054899282e+02
2.290617760212531948e+02
-1.390393330847184359e+02
-9.966988569420131228e+01
-9.129527683882668043e+01
1.851787967274810853e+02
1.767515609071938059e+02
2.454027030220261736e+02
-3.648664778134877906e+01
1.768578220110165944e+02
1.588726644608317429e+02
-2.673743035639084553e+01
-4.727641087304213841e+01
2.586533633610102925e+02
-8.851822273628636140e+01
2.332712096476421095e+02
-2.653099149616829777e+01
2.522886882604193772e+02
-6.223903535629014527e+01
-4.163406583696465191e+01
2.627070087099582452e+02
2.472054351897980666e+02
2.492435751024222839e+02
-8.244465207772640269e+01
2.419010156953878266e+02
-9.453183539966990168e+01
2.760380580205926435e+02
2.407258795952345451e+02
2.197090826730438380e+02
1.686091907560876564e+02
2.481226284194795255e+02
2.530860101215197915e+02
-1.214306484379401070e+02
2.557064832876725688e+02
1.899758883695267002e+02
1.579081660735248249e+01
-1.472686957826466596e+02
-3.059094254191301161e+02
-1.648664169084823072e+02
2.405045858468684514e+02
2.436738749012100982e+02
-2.030032067929807056e+02
2.518446103463473662e+02
-1.295538248749995773e+02
-5.403579085316603425e+01
2.506481426991096555e+02
-1.805450116924751569e+02
-8.190422869176417464e+01
2.250630818341182362e+02
2.286410432010221143e+02
-2.932462588600267850e+01
-1.826388006612417598e+02
2.642416055640026684e+02
-2.057061621432330867e+01
-2.532581182021319250e+02
2.692733356765343729e+02
2.519349166100804212e+02
-1.617233758264232506e+02
2.325452477833321154e+02
-8.224586011000158692e+01
-1.348062648111826434e+02
2.322205246079123526e+02
-9.643422551006206334e+01
2.395405200641248200e+02
2.092732066824577828e+02
-7.910237575821906830e+01
3.455985077682095152e+01
1.435958963768065360e+02
3.314821569769756593e+01
2.109011134377468011e+01
2.658166179988479598e+02
2.127176746099759441e+02
1.914553533261748726e+02
2.508819856619071516e+02
-1.069742496988252753e+02
-8.850084370945759815e+01
1.743662992471635675e+02
2.198951159677084206e+02
-2.139849954888637740e+02
2.513423677801488054e+02
-6.248342226557021206e+01
2.448809701373382381e+02
2.234011034259430062e+02
4.000308664975307238e+00
1.583487159209773552e+02
2.586464650624419619e+02
2.537711000678372670e+02
2.625803746807711150e+02
-1.487184661812644890e+02
1.259399143984128955e+02
2.581214004458615818e+02
2.547622423815222703e+02
2.505339244801995449e+02
-3.843557149768870573e+01
-6.095693402690687890e+01
-6.039084548696367705e+01
-1.388703112696830999e+02
-4.367100940352798943e+01
2.119659182306084517e+02
2.107718435643201076e+02
2.717571727227698943e+02
2.549218732313069609e+02
-3.730772346636709358e+01
2.607025793000864269e+02
2.283659965234121501e+02
2.666315492359009909e+02
2.166924180136819587e+02
-7.318487677944830239e+00
2.445162933527883524e+02
2.047319455691176131e+02
2.187095138757235873e+02
2.219343562696778349e+02
4.649614344015560619e+00
2.379941779228950054e+02
-4.296864268512898377e+01
1.982035864962678602e+02
2.699415288100096859e+02
2.083995510185276032e+02
2.290885837673448577e+02
1.759497328068685533e+02
2.175636547749633394e+02
1.017580779241988438e+02
-2.113979794206263421e+02
2.234887011881014587e+02
2.255988386475930270e+02
2.615613656739459998e+02
2.349690450295591688e+02
2.481479975855694420e+02
2.034847670815511549e+02
2.439555662679501324e+02
2.887618423243585539e+02
2.407157122074603990e+02
2.623341446108005925e+02
2.454448993354825461e+02
-1.815181599533541714e+02
2.223898634709399857e+02
-1.287418588781323194e+02
2.437760319132984819e+02
2.646690724696180155e+02
-3.175099185977700245e+00
2.109945923099779179e+02
2.864426714645475158e+02
2.260799444739250248e+02
2.253562740907110253e+02
2.778703065404698123e+02
2.826498950498574914e+00
1.711934996066835879e+02
-3.288120247198334312e+01
2.685029478787574817e+02
2.267883054100427387e+02
2.621343643598782478e+02
2.630646999182072250e+02
2.862277486523358903e+02
2.551592303677916220e+02
2.563615905454389576e+02
1.480999612962031904e+02
1.562303758219486554e+02
1.911247790328455665e+02
-2.296533132627498901e+02
2.477985621569202408e+02
1.454658766932860203e+02
2.002409440362225155e+02
2.506268172882408294e+02
2.497370816304990342e+02
2.701115314461321759e+02
1.853535617609693418e+02
-1.656848426246804706e+02
-2.551781542363396227e+01
2.251156761495864771e+02
2.200905350627513712e+02
2.231088737355049432e+02
1.962969819519209409e+02
7.631786168266998516e+00
2.127337173539295634e+02
2.121091514752811804e+02
1.908335863136191222e+02
2.743692251803285558e+02
2.025880586558959067e+02
1.988478763059879384e+02
2.166262954005104007e+02
1.235021000895810062e+01
2.196984941212286913e+02
2.220582191720532705e+02
2.970439329179174592e+01
-7.372212440540303646e+01
2.594271477284320895e+02
2.222734680839607222e+02
2.433450257421999652e+02
2.322429948718971957e+02
-2.023897441930221248e+02
1.654908957202555939e+02
1.607565504598329653e+02
2.177282905997752493e+01
1.848620893274459149e+02
1.624648588487338827e+02
-4.960948491233298796e+01
2.486028407460406413e+02
2.566942573899440845e+02
-1.283083813225791801e+02
-7.807277015381731644e+01
2.474530547878995037e+02
2.680050498590023267e+02
-1.893057299455095688e+01
2.549768205550529956e+02
1.956543554062733676e+02
-2.342717135840561582e+02
2.820202713281980778e+02
1.240545391748481450e+02
-2.562549276488052783e+02
1.762171238531027484e+02
1.240399086897824077e+01
2.493502011163165548e+02
1.756803138753818985e+02
2.338578348245391965e+02
1.902713021379916540e+02
-2.400211897157616647e+02
-2.449297718609472270e+02
2.568447124701090729e+02
-4.209923465751395355e+01
-9.349290259185238483e+00
2.546318523253017929e+02
1.819945627522607197e+02
2.070701594659082616e+02
-9.444694898184015130e+01
1.953205952858585306e+02
-8.281815498142083243e+01
-2.202560023278411734e+02
1.719688125492718882e+02
-2.780579096495952740e+01
-5.429287813453277067e+01
2.017288577922753916e+02
1.792720733500134429e+02
-2.447296052327592975e+01
1.912554499469089535e+02
1.933428314697454766e+02
2.397547268292719025e+02
-2.089495973429338278e+02
2.724177378718589466e+02
2.484639635250413789e+02
-4.218835606535608918e+02
-1.916532387793510850e+01
1.850964754883838452e+02
2.253949098524184933e+02
2.213610332733072141e+02
2.021646234106344195e+02
1.890354842391820966e+02
-2.319140756880062781e+01
2.229592162161234228e+02
2.025643125683072867e+02
2.043645212009113266e+02
-4.405452513650944866e+02
1.968885606068438108e+02
-4.576810067826641557e+02
-3.048631855878424801e+01
1.753830350851282560e+02
1.167557794202099615e+02
-1.969862836333952032e+02
-5.952917293587361200e+02
1.927403821325327158e+02
1.631651143887662272e+02
2.227585036613108400e+02
2.457665430527457886e+02
2.229278015787825495e+02
-2.847826500675124635e+02
-1.214787705369614912e+02
2.672914647975522371e+02
1.979910556274370492e+02
-2.232380778046972694e+02
-4.652852755083476382e+02
-4.667515124709990459e+02
1.753749947275252055e+02
1.157954219572200003e+02
9.816881436210092460e+00
1.215284264033337251e+02
1.510840754340413810e+02
1.922411731385884082e+02
2.547787159922012279e+02
-5.919859794527301347e+02
1.980483389668828522e+02
2.277979736806182416e+02
1.818978123647009397e+02
2.424316190521191174e+02
1.972292307016283530e+02
1.928218198924931812e+02
2.096071647626062600e+02
1.453530177215274648e+02
2.393713714777233861e+02
-4.354541653073451357e+02
-1.987363426915029834e+02
-1.600605667440326840e+02
1.886545735732123319e+02
2.551450387983844337e+02
-1.961617115011715384e+02
1.849529225659827034e+02
-1.772100426047311430e+02
2.012510334475577451e+02
1.915673936249209532e+02
1.912081133123918448e+02
1.152293274320912815e+02
-6.100877490986747631e+01
2.248732797067401350e+02
2.408541405098445694e+02
-9.719544478781267571e+01
-4.016923220454278010e+01
-9.130498598436078339e+01
2.235748365556521264e+02
-7.455414040400755482e+01
-1.530689992049451007e+02
2.529605948282306542e+02
2.430488436653961912e+02
1.749794516655503003e+02
2.022359060755601945e+02
-2.466569932896331352e+02
2.412917128916446643e+02
2.363470523511647912e+02
2.245942052453454494e+02
1.614547069655323526e+02
1.896459257917933883e+02
-2.226093274376701174e+02
1.864610083280130937e+02
-1.871686253720210971e+02
-9.617926273304362894e+01
1.349917938217054143e+02
-3.032305063353791752e+01
2.025295961785944883e+02
2.009716873530487078e+02
2.140233743914267563e+02
2.551651920992574389e+02
-4.266190810540194889e+00
-1.742882204470504348e+02
-2.120862415435885850e+01
-4.579102998788232526e+02
2.142017073461051950e+02
2.130786977180578958e+02
1.406984660907882585e+02
2.492209990283009802e+02
2.219276133398832940e+02
1.815982872926498146e+02
1.886092247913464064e+02
1.556823645596614654e+02
1.919388903400807749e+02
-9.945223638421515489e+01
2.356623194321186929e+02
1.960850420477041780e+02
-4.371009959737490362e+02
2.128935365853491817e+02
-9.176241863398107057e+01
1.584535773186163965e+02
-6.679183569754621885e+01
-4.751346828311412196e+01
-2.607585429680268874e+01
2.430976454954267751e+02
-2.008182200146032415e+01
1.270647744151758900e+02
-8.600223225720235121e+01
2.019225182256587630e+02
1.744039092495592627e+02
-2.015603985054573002e+02
2.609004330680196517e+02
-1.688543024644191632e+02
-1.086060227661498061e+02
-6.881442431085974931e+01
2.422679351962579233e+02
1.829788353054246954e+02
2.240418787311604376e+02
-1.473962051472377084e+02
2.467425532757920337e+02
1.857767566496288794e+02
-1.994156802591222117e+02
2.046958173059263402e+02
-1.456649411764162778e+02
1.330539436185769659e+02
2.310700670396530541e+02
2.089680296027459008e+02
-1.066095679440842758e+02
-1.495091091971886499e+02
1.967673417795737123e+02
2.338120508916053950e+02
1.953406513683210335e+02
2.206530517589890508e+02
1.848055319294296623e+02
2.073347980819523571e+02
1.905104709605015785e+02
2.466253407306205077e+02
1.746665705130283754e+02
2.281678956700525589e+02
-1.571634763604477030e+02
1.566723192462784198e+02
-1.207142300379890401e+02
1.905190975616839069e+02
2.088431844511548547e+02
-2.079153390381710764e+01
-5.416382140348966345e+01
2.446480998849176842e+02
-3.469666860641846284e+01
1.177427912869132456e+02
2.516617065027441527e+02
1.780865321616552421e+02
1.959906368756813322e+02
2.134420068515577782e+02
2.086302611360015362e+02
7.435549562966873793e+01
2.300291909188487693e+02
1.887710792559564084e+02
1.431350772717665336e+02
2.095260135602046603e+02
1.988012237182489343e+02
1.690708939131485238e+02
-1.468015073976777956e+02
2.378740435370770570e+02
1.302770400725496529e+02
2.513140445916734791e+02
1.343499321507152331e+02
2.322339237823323970e+02
-6.546868203078955162e+01
1.496786498110952266e+02
-8.518877410621074375e+01
2.211426092759878372e+02
1.749756836719146236e+02
9.860342682619406673e+01
-1.193181364380664888e+01
1.715173328847846221e+02
1.506947085691406585e+02
-6.023068354475906716e+01
2.162760961629257963e+02
1.275006339497884085e+02
-4.680759499768355170e+01
1.587124646673350412e+02
-2.717132524220180017e+02
2.269829777194668168e+02
2.500608735278405561e+02
1.419054851870810978e+02
-6.973129998519962669e+01
1.735500445332565107e+02
1.754428215886945281e+02
-2.636475636441937240e+02
1.388556605554030057e+02
1.149385358991992661e+02
2.514429553111366147e+02
1.962449764304569158e+02
8.881282481349695956e+01
2.220664511112276784e+02
2.128299506134225112e+02
2.304159235523962934e+02
2.343764849208843373e+02
1.637857414918991026e+02
2.002075140715921577e+02
2.073774159120150102e+02
1.640289363864071674e+02
2.007462110965243767e+02
-3.434482744714944147e+01
1.472838695514513461e+02
2.433369779306163423e+02
-1.722790087309847991e+02
-8.490955669506780623e+01
-6.104807872555441151e+01
2.125043052047973902e+02
-3.191087795969522745e+01
-7.830058035836718489e+01
2.220138624870373292e+02
2.092872810151559975e+02
9.433860250970920447e+01
2.299474769023304077e+02
1.909005059228011305e+02
-6.620457610715190810e+01
-6.719666070179985695e+01
-2.276506845405933745e+02
-1.138357560993751250e+01
2.006733243749406483e+02
2.351308443732100386e+02
2.380307982096407784e+02
2.330854176354729361e+02
-5.479723869263446545e+01
-2.398999119661955604e+01
2.048268849795309734e+02
1.976688014182991537e+02
2.196539331292584620e+02
2.005220521617074212e+02
1.712380512541433575e+02
1.943933865653931434e+02
2.202398804034356772e+02
-8.719319474311626550e+01
1.432602784601854182e+02
9.887665723346682967e+01
1.421140490253032169e+02
2.235994435620294212e+02
-5.343000294761039015e+01
-4.723567584710880851e+01
-1.137226022604296531e+02
-5.314898251199657153e+01
1.984651535706688605e+02
-5.504498159804018798e+01
1.743407008629850736e+02
2.180545750193691674e+02
1.289546027134227018e+02
1.596419141783055977e+02
1.790538042438414834e+02
2.526484898767957077e+02
2.269991112567864207e+02
-1.476091543980073766e+02
1.755596427417589780e+02
9.500078056937968540e+01
2.516190991705926763e+02
-1.631540307421207672e+02
1.905538647023325893e+02
1.931338940598641045e+02
2.114224978015502074e+02
2.150942349848372714e+02
1.770311265189402832e+02
1.898814564656222217e+02
-8.544280350650862488e+01
2.305520440657726908e+02
2.315547451487045407e+02
-7.744210215267830222e+01
-7.968443447907739596e+01
-1.042257067023981421e+02
1.990290589631337639e+02
-6.165376659853944830e+01
1.854426794370872926e+02
2.479305089117298451e+02
1.895075975187613437e+02
-4.051558923597654882e+01
-7.257742825140127252e+01
-6.125717092395011321e+01
-4.278690565018212766e+01
2.593982722614014733e+02
-2.338429431954493865e+01
-1.650073171164333701e+02
-6.338289670446208390e+01
2.165446813494597222e+02
1.792499828543817273e+02
1.547813812213691165e+02
1.175504181634514538e+02
-6.394533509441129127e+01
2.330212407351320394e+02
2.485239411304506518e+02
1.705736630002047036e+02
2.369467305680945799e+02
1.931154451180458409e+02
-8.434456095487541916e+01
2.515778247937031438e+02
1.731898413015059930e+02
1.965348267491421836e+02
-6.998524710287625794e+01
2.208619274859036921e+02
-7.285586290691738043e+01
-4.634838891667554606e+01
2.355017105939787427e+02
-2.492195648081970205e+01
2.436757973426387025e+02
-3.132769098932983098e+01
-5.730501301524873270e+01
1.182259821201581644e+02
2.205772637885672225e+02
2.356680775690645362e+02
2.121963277603377378e+02
1.949196812848869058e+02
1.851346780479383085e+02
-9.562689280111523971e+00
2.155480634344168607e+02
2.100544436707343152e+02
2.075851038989077040e+02
2.052303915793021929e+02
-6.259994935845267605e+01
2.404741054174742203e+02
-3.788652357771407253e+01
1.849350355655773228e+02
2.337478445977141632e+02
2.135505926900563622e+02
4.859618331062700491e+01
2.217003287630257375e+02
-1.694618980100551084e+02
-4.643118800983549477e+01
1.491601150862950078e+02
2.237684565875343878e+02
1.624703476246664309e+02
-4.200391062648650120e+01
2.477475831207326848e+02
-5.590173181355934418e+01
-1.476854098786772056e+02
-6.391358126100081449e+01
-6.074714222764951188e+01
2.122755628904986906e+02
-3.929360077088585967e+01
2.088564100508235981e+02
1.583850734124592918e+02
2.021684310857596643e+02
-3.402137662359037051e+01
-4.265450469681645984e+01
2.152567290912930957e+02
1.963161698523449559e+02
-3.365197090218676834e+01
-1.059730689321088732e+02
1.692812892465852315e+02
-8.037307211015213682e+01
1.732818287450404284e+02
2.326154293989429220e+02
2.327361949987611922e+02
2.069965583821455652e+02
2.809652546479916424e+01
-7.392923667929217402e+01
-8.092542830177170288e+01
-5.468945218904658390e+01
2.103789088888384526e+02
-1.572424163580591880e+02
1.301852125096711461e+02
-3.135157406316413642e+01
2.328662733258710205e+02
-3.122351209625787760e+01
1.813115165776775370e+02
-4.115552015115433448e+01
2.224929002022709597e+02
-7.067253693238633616e+01
2.298313407985768322e+02
1.731949660687362780e+02
2.269519469149436190e+02
-1.647138499110800467e+02
1.795440961691922723e+02
2.309430138471490181e+02
-2.098357659053182545e+01
2.228848541586356191e+02
-4.998083663628179352e+01
1.887491309010790701e+02
2.299708487247062294e+02
1.706126706608764607e+02
2.338363431426500085e+02
2.301785889836844774e+02
2.219108665291802254e+02
2.513848772865041781e+02
2.172431931313012115e+02
-2.549429138905418029e+02
2.326204285655537944e+02
-3.006831440695289359e+01
1.899846812082689667e+02
2.141030693356529468e+02
-1.165285127361870821e+02
1.736704267912062676e+02
2.408912627270340181e+02
1.998772924799139901e+02
2.327157821929197326e+02
2.243666262857791480e+02
2.067002403755668638e+02
1.634052648513526833e+02
2.267493447407118481e+02
1.852598953929291667e+02
2.536973088801692029e+02
1.739990477002627358e+02
-1.870329376428342982e+01
2.333646465243534180e+02
-2.168074846672932665e+02
1.961691721210871719e+02
-2.302976727502015137e+02
1.892070165096263850e+02
2.088022071757661706e+02
1.870093433505344649e+02
1.865098521401028790e+02
-1.099849477388090548e+02
2.249662832636311407e+02
-1.871429746893217612e+02
2.472156161009640130e+02
2.499515597722777613e+02
2.140408553641626099e+02
1.779340136025441268e+02
2.338119428544609377e+02
-2.800207425621083246e+01
1.882228323614302496e+02
-1.305303348779883095e+02
2.354499091131371529e+02
1.303155164050403414e+02
1.634665069877063956e+02
1.525879084363803315e+02
1.807115987093346803e+02
-1.407680405607476359e+02
2.365381819543932238e+02
-5.114475525689265112e+01
1.796392235395119314e+02
2.287243712304997132e+02
2.503434587329299461e+02
-4.937261756559754389e+01
1.643669808998814119e+02
-1.415787776977813053e+02
-5.328549417242999908e+01
-3.590023473555631028e+01
2.243535631714590863e+02
2.231892096582420493e+02
2.340320396603879090e+02
-4.186323257920803798e+01
2.330568651360689785e+02
-5.742839747308514120e+01
1.922798522582440341e+02
2.458222137954234086e+02
2.314819047231931961e+02
-1.057242464895905556e+02
2.328757409715465201e+02
2.116215748899958840e+02
-3.095829630170609903e+01
2.046349862119044758e+02
1.870565510026768266e+02
-4.561862717666446088e+01
-3.131034365334147296e+01
2.356130676792093936e+02
2.412661290984066227e+02
-2.125909551065804806e+02
2.271492526305210333e+02
2.245184078075147340e+02
2.188588820580362722e+02
1.994958395396358242e+02
2.133798052748106215e+02
2.312868808776674996e+02
1.902452385658244509e+02
-2.786967555259302571e+02
2.539837053497001023e+02
2.167130258945510377e+02
1.847032285501802846e+02
-5.250990559752987252e+01
1.994752904673380556e+02
2.230984937511695705e+02
-6.660711057963587223e+01
1.816181798063320798e+02
2.430531081033471708e+02
1.862446772868390212e+02
1.930075434013378697e+02
2.393238126110566668e+02
1.932733791574915756e+02
2.147447445379585247e+02
2.194690372325680414e+02
2.342533164925675635e+02
1.602249768628245192e+02
2.181291634143936449e+02
2.564124272421756245e+02
-1.996114107858051057e+02
2.535004831502962759e+02
2.049175120112267905e+02
1.921756632749199412e+02
2.001843819029288625e+02
2.008138866712435515e+02
2.390949233428025309e+02
2.396263634291598237e+02
2.592654076173803332e+02
-1.980262303613077961e+02
2.272412209647321788e+02
1.863096853813722475e+02
1.980107277089737181e+02
1.675771370453897759e+02
2.398543314435126206e+02
2.651304359784530789e+02
2.439646451242473120e+02
1.252821321548875346e+02
2.066425440766189183e+02
2.011400153675862725e+02
1.867655670222082449e+02
1.923484141611326663e+02
2.181088433051991728e+02
2.176085944804707708e+02
2.464490618353498235e+02
2.467103750043152672e+02
1.714034222223854727e+02
1.821206689468717741e+02
1.960953487187107953e+02
2.515956250089834896e+02
1.540853569755115302e+02
1.764941304743193768e+02
2.138328968273194164e+02
2.270290350351761788e+02
2.112863874685911867e+02
1.479729150345480377e+02
2.476661241323941738e+02
2.159104886707062576e+02
2.078011152005379927e+02
2.162625079820611234e+02
1.209842742431791294e+02
2.100497829235984000e+02
2.179072708235219125e+02
2.075481210598783832e+02
1.665979526849942545e+02
1.910134147098598874e+02
2.404151615171538197e+02
2.248025831923731630e+02
2.163891122533327973e+02
-9.260108775123634928e+01
2.604308632034591255e+02
1.797880630944910081e+02
-7.419626600385561233e+01
-6.060222156025284335e+01
2.393660817970934431e+02
2.212356979059258038e+02
-1.087810253701963745e+02
2.261088418128763919e+02
2.574294340497804114e+02
2.277877496397820778e+02
2.433747662469890258e+02
2.209983122943692138e+02
2.101474305683931902e+02
2.287242303053558885e+02
-1.153276226737508381e+02
2.430893361484359616e+02
1.466319616698480104e+02
2.547514380028982544e+02
-5.666000804598746754e+01
1.706043621055012522e+02
1.622347613868327585e+02
2.202381336312107578e+02
2.171689942739546666e+02
-8.538747566507711895e+01
2.475925732624718876e+02
2.473083509998300542e+02
2.345169141664765391e+02
-2.595389073523637791e+01
1.926150505883670689e+02
-3.072490758447453629e+01
-3.686391995473810823e+01
2.051563954824128757e+02
1.729919028902096443e+02
1.581205326168079068e+02
2.312976717273719203e+02
2.109962181243745931e+02
1.958561640570181623e+02
1.863941437744948360e+02
-1.008965949792796835e+02
1.977002580163180880e+02
2.051744163571645743e+02
2.420143138825141023e+02
2.869679294400980325e+02
2.142597975120850720e+02
2.118871460463066683e+02
1.855131832230914029e+02
2.418948095146969308e+02
2.420279385624934321e+02
2.697050073134621471e+02
2.189879790082103455e+02
2.090940432554313588e+02
2.386218142509049187e+02
-1.399278577743880305e+02
1.693280857307883025e+02
1.906020951717483172e+02
2.360050291341583204e+02
2.327120120862272756e+02
1.849374125020174517e+02
2.025337033666324089e+02
-1.556214001458774305e+02
-4.760955817515544197e+01
1.483661859605005020e+02
2.236268332046093121e+02
-1.714435838453734959e+02
-2.189441882242999071e+01
1.810498985555251181e+02
2.255696233002072972e+02
1.582560463556197305e+02
2.430171228710546245e+02
2.376188762408694970e+02
2.704207065516044395e+02
-3.038893462279541779e+01
-3.153191652330983530e+01
2.511571033677872720e+02
2.553528797683074174e+02
1.956996799844457655e+02
-2.800088059836553356e+01
2.619765674894583753e+02
2.435582948347549745e+02
2.465801847697178175e+02
-1.541539745918448716e+02
2.228164478037140839e+02
-1.159465329465903949e+02
1.409656341551334719e+02
2.094385569669922518e+02
2.111961093986707283e+02
2.444645285517903517e+02
1.964645664271560008e+02
2.239482633414225461e+02
-3.565179275148490490e+01
2.097823665352948126e+02
2.632630641532002755e+02
2.254576406160232125e+02
2.123002162551595120e+02
2.484742407050910629e+02
2.129980614505591632e+02
2.172285802752016934e+02
2.622816193306246078e+02
8.862601202037805592e+01
2.006050477408123243e+02
1.774730109633607924e+02
2.563068853091069741e+02
2.124715374795466118e+02
1.982967674841440839e+02
1.662733090094502018e+02
2.001335778813315471e+02
1.533885727638126184e+02
1.844162805744941807e+02
1.618425206776844902e+02
2.551124852346744660e+02
2.898577716110952451e+02
2.432766549192295713e+02
2.338265714050051827e+02
2.415020483291182245e+02
2.305655326236106930e+02
2.057642683053255723e+02
2.382941763028703974e+02
1.514690883954166054e+02
2.201232497775170316e+02
2.338663609581745959e+02
2.281001092686148581e+02
2.221910519305820912e+02
2.038264049146377772e+02
2.789470124893549610e+02
2.215652199964765998e+02
3.036904855021507288e+01
2.138291173821939708e+02
2.146816049987904478e+02
1.197197995606044145e+02
2.141909260094213892e+02
1.886321015569803876e+02
2.604705654269796469e+02
2.346928160165213058e+02
2.219855434216119363e+02
2.287445746267521258e+02
2.074422118073794650e+02
2.535513480289239112e+02
2.633706869937640249e+02
2.324343947824064003e+02
2.209347516702743803e+02
2.155162997161085059e+02
2.255436620913457091e+02
1.772847688941110960e+02
2.611013686159122926e+02
2.130531969001696666e+02
2.070594664062136019e+02
1.380352131399743030e+02
2.178990001080313732e+02
1.750460825717825060e+02
1.918557190183346393e+02
2.577555382909945365e+02
2.298744311986509103e+02
1.638966453473538536e+02
-4.230458333488969203e+01
1.979509400241736898e+02
1.378870062575871032e+02
2.243357769993242528e+02
2.541512431220669725e+02
-1.168955677537223750e+02
2.011580217979459917e+02
1.952420466649643629e+02
2.402139892891634645e+02
-3.389986378025521674e+01
1.913066379977447298e+02
2.256512437636722552e+02
-5.268397087353991992e+01
1.550079503093817266e+02
1.768534351216301843e+02
2.218049080061161646e+02
2.459524040949334278e+02
2.585871716172280230e+02
2.899276633881743237e+02
2.441513229331578145e+02
2.386342855703606460e+02
2.154629633385179375e+02
2.518194100321262283e+02
2.264674393168362769e+02
-2.737411257214095599e+02
2.075711820585618739e+02
2.228470405375673238e+02
2.265304949030443140e+02
2.195357692203822637e+02
1.987470352930661193e+02
2.311022107257542473e+02
1.814171704985566294e+02
1.918914597644974265e+02
1.821600699202136866e+02
1.973313565719029725e+02
2.093587962202954316e+02
2.169726680079053551e+02
2.450040691976715550e+02
2.487940421622721487e+02
2.114772998703003282e+02
2.174126341228884201e+02
2.289146300370174458e+02
1.911910876127364531e+02
1.948887959813885118e+02
2.166398298618987042e+02
2.158665405952555432e+02
2.234558706280654974e+02
2.029144358460875992e+02
-2.847183833232070356e+02
2.463625744615499968e+02
1.890314262078808838e+02
2.535978682891690141e+02
2.466970706214242455e+02
2.186469750361213755e+02
2.284303154283457786e+02
2.045262689482401584e+02
2.142316445152274582e+02
2.095013442386824636e+02
2.515684205120489878e+02
2.422271511317868544e+02
2.047409094608601379e+02
2.478153580764249853e+02
2.132206899470586450e+02
2.219632036766992371e+02
2.306131821186172601e+02
2.270478778140874283e+02
1.814697147355021798e+02
2.588993627726320597e+02
2.059082051914058979e+02
2.331197031600417233e+02
2.450790203005772696e+02
2.415926659867425599e+02
-8.040798375366986761e+01
2.124842952855204317e+02
2.809827483219731903e+02
2.436727500376563569e+02
2.382620778605335943e+02
2.690407685265520854e+02
2.548549488977118926e+02
1.649118403190873323e+02
-3.319245227004941512e+00
2.261625340238284707e+02
2.182166503529575721e+02
2.079749746566386648e+02
1.498881472042395160e+02
2.498830828236651485e+02
2.324664314318530671e+02
2.468490080128539148e+02
2.125094341829461086e+02
2.405321299872921088e+02
2.232369781156075135e+02
2.266959964813337933e+02
2.347698972143427341e+02
2.483337464982410836e+02
2.466863812367577111e+02
2.311728338240723986e+02
2.407379039273279204e+02
2.461362256702260538e+02
2.095380063837258433e+02
2.102148269583846343e+02
1.921298763844581003e+02
2.383987817662701332e+02
2.150882151968246490e+02
2.390758065545809927e+02
1.933485781700619555e+02
2.310380847635203168e+02
2.163343130062537796e+02
2.852313928979464777e+02
2.111072541235540143e+02
2.143335783330850859e+02
1.765158595144982314e+02
2.149859722210110533e+02
-9.610366052486000399e+01
2.491996569034665754e+02
1.778055467282480890e+02
2.260776774981181347e+02
2.604103849503381980e+02
2.223222676314683781e+02
2.420110372150729177e+02
2.593575173763762791e+02
2.364949259081435287e+02
2.155008430777454578e+02
2.384880682072555658e+02
2.352302556867232965e+02
2.490212395858417835e+02
2.323758954907445968e+02
2.056507532565719032e+02
1.608863863829619731e+02
1.731173746349074918e+02
1.590035929696383050e+02
2.248646528061044876e+02
2.450177082188382656e+02
2.396640539467265398e+02
2.504765519943218806e+02
2.289375955989105762e+02
2.532628789542383174e+02
1.809757380185943703e+02
2.227972955122500025e+02
1.806005920559361471e+02
2.163560499146736618e+02
2.394368501779292160e+02
1.492816075254708892e+02
2.812071324738261069e+02
2.494699014555975509e+02
2.302203686836301415e+02
2.229341960353976333e+02
2.316137038568932098e+02
2.339595432890023687e+02
2.008353532565665773e+02
2.610240173006067153e+02
2.482824593714405808e+02
2.238039060734942893e+02
2.275673055504451838e+02
2.211193829648573796e+02
1.432007976622383865e+02
2.068129492516565335e+02
1.986788760794383393e+02
2.239971646568740198e+02
2.366558055138693817e+02
2.497237596521983960e+02
2.034792183782511188e+02
-2.486655985776340572e+01
2.204349376803888276e+02
1.987166477667122422e+02
2.058506563421566966e+02
2.234157554954372813e+02
1.460405732519696187e+01
2.281632753858297065e+02
2.326028143435712821e+02
2.302389269462119898e+02
2.398581283560102406e+02
2.635720296168292975e+02
7.121368465689975835e+01
2.337628885431791161e+02
2.169403439489636867e+02
1.685277428688594625e+02
2.126138801824739630e+02
-1.284117539499719385e+02
2.338271821924940639e+02
2.352607693796214505e+02
2.228776616716580747e+02
2.128814932782711935e+02
2.358099665551583826e+02
2.294856728950075251e+02
1.707133042558093621e+02
2.081176493505877829e+02
2.346862553389440791e+02
1.921144383621117413e+02
2.113209999245022459e+02
2.470467795156344550e+02
2.461625605547790485e+02
2.815094627571924661e+02
1.474385926975584766e+02
2.363944515528555712e+02
2.321910488818369345e+02
2.587349630258999582e+02
2.441057697704770248e+02
2.205745207483713557e+02
2.050937746887551043e+02
2.508212194891477225e+02
2.243313520245971517e+02
2.396786436847357891e+02
2.327847047269555674e+02
2.860864856294411993e+02
2.148046602575613520e+02
1.431191573766554654e+02
-4.350553128576183326e+01
2.181737597059609470e+02
2.491234786127279790e+02
2.280399565252323271e+02
1.100245067885989414e+02
2.299250819141786906e+02
2.204554472090640047e+02
2.240039830430483789e+02
2.348807322995874642e+02
2.404149066202421636e+02
1.985248996808257687e+02
2.217443441842158904e+02
2.316500584442289892e+02
2.161873009584435863e+02
1.815830181291790950e+02
2.353058200003529521e+02
2.051272910758348473e+02
2.110776132694468572e+02
-1.288002984602702838e+02
2.260203516448490291e+02
1.835253577734862915e+02
2.435157705584781809e+02
2.486783708496117242e+02
1.723646536883995850e+02
2.546739153531404440e+02
2.660826239588176350e+02
2.209735120793912984e+02
-6.885848180302758692e+00
2.435142522565316483e+02
2.356005951548474400e+02
2.324396563069907700e+02
2.371858333397757121e+02
2.601759868039241610e+02
2.343083059710220653e+02
2.475617266259541225e+02
2.349081221653298144e+02
2.576966930606064921e+02
2.093505387270929816e+02
2.278413028443843018e+02
2.192127272113667971e+02
2.478749567672208229e+02
2.432589820848568820e+02
2.446804447620031056e+02
2.581898479623894787e+02
2.570386685599868315e+02
2.285631323407815216e+02
2.178152885191111068e+02
1.957514395255665249e+02
2.187407834851197777e+02
2.060109326810264747e+02
1.911554470443160199e+02
-8.012164727094415184e+00
2.082748337250765189e+02
2.354168536658390849e+02
2.364980065828867737e+02
1.565198578362736725e+02
2.371537915175032936e+02
1.460036339424448215e+02
2.287637943776752536e+02
2.459840584915445163e+02
2.140753436188719547e+02
1.628698801729393608e+02
2.558338904003060748e+02
2.131767966499948557e+02
2.742506198585696211e+02
2.444081049943322625e+02
2.103989275904703788e+02
2.230327921115510890e+02
2.205537303153218431e+02
2.188522879017380944e+02
2.431374863989338735e+02
2.214293901107123475e+02
2.270062744433386683e+02
-8.155411588814928336e+00
2.150147707732182880e+02
1.809400243202836123e+02
2.517354386587614101e+02
-3.361374413405842176e+01
2.359492061138102486e+02
2.248173286089958651e+02
2.022518390683285361e+02
2.023704299640427564e+02
2.081934717736012317e+02
2.526463160378567352e+02
2.028956435390441015e+02
-9.448144693945252470e+00
2.583772563035265080e+02
2.320052659184048025e+02
1.759085763494338721e+02
2.384023429711558322e+02
2.270251466278525925e+02
2.506277371221027863e+02
2.419110674658987818e+02
2.203407730075209940e+02
1.620907988883284361e+02
2.190986739054123404e+02
2.356016373540495294e+02
2.272780732075762558e+02
2.186552596199276195e+02
1.324010324107630083e+02
2.646745780720117409e+02
2.111353622894190778e+02
2.339539094158508306e+02
1.689156730147466874e+02
2.369779492457533649e+02
2.571843112139752066e+02
2.280063271910762523e+02
2.768501800124058718e+02
1.958903032400926634e+02
2.791548701005561384e+02
2.458964950651952677e+02
2.136296358078262188e+02
2.992260163611981625e+02
2.272034387879831456e+02
2.081265177995396130e+02
2.813519626051778459e+02
2.557975564138860420e+02
2.014559680897129681e+02
-1.242301903663077525e+02
3.015362402788442182e+02
2.119724498376413351e+02
2.371084862991034470e+02
1.566435832704902111e+02
2.268301887030746116e+02
2.829033439720622027e+02
2.507595982683209286e+02
2.460678331047265317e+02
1.555948002709115201e+02
2.339543374483902483e+02
2.498812697124655529e+02
2.188987468271940600e+02
2.287112455779978575e+02
2.053706303119594736e+02
2.249177504093477751e+02
2.022161622786248927e+02
1.978421226290864183e+02
2.857273047394998571e+02
2.513221826602704141e+02
1.569229416095541865e+02
2.280585277851880051e+02
2.559603887027665792e+02
2.194114555593728824e+02
1.954538591808030219e+02
2.413566753345958773e+02
2.368540358612076204e+02
2.641124754043328267e+02
1.155388128856218657e+02
2.726050899699982892e+02
2.441351032629562496e+02
2.593470018470712830e+02
1.430559910462366986e+02
2.309540607274417994e+02
2.363975700478797535e+02
2.070724830647203589e+02
2.384446820272436582e+02
2.579601176717799262e+02
2.159810058426621140e+02
1.769450181467998391e+02
2.367736889003231227e+02
2.328010139851414806e+02
2.503741856986966070e+02
2.571988366548760041e+02
1.048925947158066805e+02
2.432179934219679183e+02
2.516328226041176777e+02
2.410429596424370970e+02
2.070990120671244199e+02
2.030475380265525587e+02
2.363155726965078145e+02
2.208278091016982501e+02
2.397499180852966276e+02
2.272362334612031702e+02
1.706837623918900704e+02
2.850867678918535830e+02
2.349408614161450259e+02
1.459982634806261785e+02
2.380159607597262266e+02
2.525288706283644160e+02
2.122336062976072526e+02
2.276726130554555709e+02
2.314515166826865880e+02
2.376256097758298438e+02
2.425391679659061879e+02
1.715060511863305521e+02
2.465790157403196190e+02
2.106401576428126532e+02
2.284303151027227159e+02
1.903851222351397610e+02
2.306957914659291191e+02
2.551378943552542466e+02
1.921259563233414269e+02
2.752402978398262121e+02
2.279784949832961729e+02
1.926870180041581193e+02
1.977308291138169807e+02
2.311879176938359137e+02
1.911727733631643389e+02
2.134116471190931463e+02
1.967287979857651692e+02
-2.406211769361551376e+02
2.361103180577181604e+02
2.464698339402708598e+02
2.573330669045707850e+02
2.057132205795718107e+02
2.465382838933909397e+02
1.504469900940346179e+02
2.139667351150252728e+02
2.375309113015272260e+02
2.312472349600455743e+02
2.579277511458260506e+02
2.150171311775843606e+02
2.044558451687959177e+02
2.465367471081972326e+02
2.250253880106820930e+02
2.503230686407545420e+02
1.412578414506276658e+02
2.058073680387412310e+02
2.267632922376509157e+02
2.059918758062954112e+02
2.472035353665681043e+02
1.950521201337958814e+02
2.262169054092901206e+02
1.601932822872749398e+02
1.905805806594062517e+02
2.422957930452323296e+02
2.432041875660420374e+02
2.246159222597897838e+02
2.262006783028188011e+02
2.517284703487746071e+02
2.593391160419141670e+02
2.341624985870848832e+02
2.274317088435929577e+02
2.499679258718074379e+02
2.287148201804269547e+02
2.873481406047543487e+02
2.377130807975044604e+02
2.056795682222684434e+02
2.050190916155256673e+02
2.194468833185684957e+02
2.114534146552126970e+02
1.967475863969130501e+02
2.169089390937275539e+02
2.137317473407820785e+02
1.395459076924151134e+02
1.507516592399005049e+02
2.101964393236908109e+02
1.919986701114834204e+02
2.172712318879026157e+02
2.607998162439941439e+02
2.000924222390517571e+02
1.711707763201497983e+02
2.423330224774001351e+02
2.348606304571206351e+02
1.966814927050521078e+02
2.350617346725201458e+02
2.380666492505004328e+02
2.279471526315115000e+02
1.987522931134462283e+02
2.740186462150572879e+02
2.515357762509179338e+02
2.572550798195685502e+02
1.937245859503566408e+02
2.537152645776214115e+02
2.473769413610158097e+02
2.218249506720227373e+02
2.225026618411502852e+02
1.978616320005449438e+02
2.306355461554924773e+02
2.292553817188797325e+02
2.300813721167328083e+02
2.373668248853484499e+02
2.110620440430432154e+02
2.275898567604934328e+02
2.474800628005899057e+02
2.127329005905961310e+02
2.398749218458576422e+02
2.477892846013759822e+02
2.418194009488390748e+02
1.815032335405426522e+02
1.933341321380344198e+02
2.026470513077166515e+02
2.270503259783125714e+02
2.111749180194022983e+02
1.884033903847279134e+02
1.312831212713527123e+02
2.497121533099908106e+02
2.674203451548726775e+02
1.774129311656892583e+02
2.089582051172544084e+02
-2.420699204210600044e+02
2.401951717598065272e+01
2.031624540418525271e+02
2.225723542363891170e+02
2.192645584200560052e+02
2.078238112594882523e+02
2.411094999404073178e+02
2.160878253832509586e+02
2.173848058881871452e+02
2.098036988224988590e+02
2.330757208926931980e+02
2.267923501163804190e+02
2.374107954884476044e+02
2.421127181416072460e+02
2.429600976325210695e+02
2.871722021940924492e+02
2.197297818011595325e+02
2.418420104858831223e+02
2.173764595350706941e+02
2.464083177746457238e+02
2.459530211863107638e+02
2.273340042950176780e+02
1.856325283945967328e+02
2.575323195932564886e+02
1.868207942894043470e+02
2.674842568267608840e+02
1.858171070485137761e+02
2.103767591474373830e+02
2.242936371982264063e+02
2.428037031406024653e+02
2.510800140686662871e+02
2.091809393869901896e+02
1.748749288554432155e+02
2.014641431408554979e+02
2.258832966299049190e+02
2.704075189820267724e+02
2.354595882008530054e+02
2.263253398392087092e+02
2.414468662120913507e+02
2.205694724761093539e+02
2.336279440981348330e+02
2.142975903558067330e+02
2.495306347459138010e+02
2.172807935848622378e+02
2.346159440344596590e+02
2.388391204606674307e+02
2.312057996120345251e+02
1.830510929414731436e+02
1.640396381945874396e+02
2.441000855201920672e+02
2.711803788057481484e+02
2.385238745593468366e+02
2.393094563468748674e+02
2.054597475978367527e+02
2.250468121016468217e+02
1.656462786546844086e+02
2.253546557228790732e+02
2.145005177048116423e+02
1.440157455836713893e+02
2.219080487095379226e+02
2.445311365840970552e+02
2.315401786825225088e+02
2.298250845853936823e+02
2.282840828865049048e+02
2.352533821612258009e+02
2.468509364519643441e+02
2.300852601973375045e+02
2.107201361790118028e+02
2.353966175720373712e+02
2.454248191387796965e+02
1.407644295087887940e+02
2.273470859401523683e+02
2.429095752376136659e+02
2.185929896001323982e+02
2.330974756636147731e+02
2.226625374018738341e+02
2.351333427036744581e+02
2.210447697326724779e+02
2.282103878887755286e+02
2.323509955242957972e+02
2.633187977235512562e+02
1.761580659918704441e+02
2.200947287701322921e+02
2.489557380409110294e+02
2.404538639606416268e+02
2.440323538388826705e+02
2.249461219423095031e+02
1.826804528163606847e+02
2.329703837730390319e+02
2.365427812026070171e+02
-3.662979397363740475e+01
2.566538232703906033e+02
2.185858705039119627e+02
4.190795539736427600e+00
2.432778645462256293e+02
2.112986976303214988e+02
2.178926854527868500e+02
2.263373433885000452e+02
1.665779510661482732e+02
-1.358536521661839913e+02
2.438967375354023943e+02
2.404534557203932650e+02
2.304319874463798783e+02
2.215968771408504381e+02
2.021231777107971084e+02
2.203986108655519729e+02
1.587340351513624057e+02
2.165512838904245996e+02
2.263859527647564676e+02
2.121121817724195466e+02
2.082313339262992713e+02
2.244982179093252057e+02
2.069867442160905853e+02
-1.418790791075377058e+02
2.252268367910323548e+02
1.798276589995529946e+02
2.350860671592363360e+02
2.238606148494423849e+02
2.131989830419591669e+02
2.147947743077744178e+02
2.376734077264633811e+02
1.904946580044573636e+02
2.297365982689522070e+02
2.482853258120683790e+02
2.235874465134147044e+02
2.291336949682477666e+02
2.111303146579883787e+02
2.250728128842640672e+02
1.945239220006417895e+02
2.251814296856270516e+02
1.923401870149032220e+02
2.440821034626777077e+02
2.285886011213484892e+02
2.046453797362721900e+02
2.141267173974585205e+02
2.139373980879859118e+02
2.335962873372638455e+02
2.384219261372356016e+02
2.343309371247059119e+02
2.161739791405386484e+02
2.142980546370906723e+02
2.376994731019645997e+02
2.402321065954747610e+02
2.351957306692488601e+02
2.062905751644320560e+02
2.524374367454453250e+02
2.117951773048944233e+02
-1.872385556308914829e+02
2.508966408042413150e+02
2.323738293379377353e+02
2.099993229666263233e+02
2.196869359586584096e+02
2.267590842635443948e+02
2.147999367963812176e+02
2.263523174685221875e+02
2.602849629261500013e+02
2.186564875441336255e+02
2.482444532154372325e+02
2.560826023568931760e+02
2.395082007884316795e+02
2.117140047316520395e+02
2.299364684203853813e+02
2.200915553007715744e+02
2.080973812975494752e+02
1.959236438032044134e+02
2.297476761021021900e+02
2.168346300753109404e+02
2.313602317131042696e+02
1.584811965676721854e+02
1.907644869409821808e+02
2.192840239880868012e+02
2.490861814374217431e+02
2.051731583082090253e+02
1.852782628763402499e+02
2.262738811370849135e+02
2.267164814762889478e+02
8.900473175419526228e+01
2.369258705880621960e+02
2.218550129649242990e+02
2.253444745661766433e+02
2.674628024767122270e+02
2.029627725939751031e+02
2.080374117826306701e+02
2.094872300456763696e+02
1.348731563285219579e+02
1.577557266157807589e+02
2.015349793300908345e+02
2.090176619423683917e+02
2.777900656469523142e+02
2.491943097967965457e+02
2.312778396338382549e+02
2.197427544035385836e+02
2.490829751986708800e+02
1.866885066816386143e+02
1.349315973237183357e+02
2.270491605256682419e+02
2.193322767569723908e+02
2.549677202330705086e+02
2.384047178778169496e+02
1.456710127112290536e+02
2.159071143997452111e+02
1.817625762825211382e+02
2.548864012613389036e+02
2.434738726179157311e+02
2.050890217284818107e+02
2.064605014344022607e+02
2.289088049503486957e+02
1.749921731801501323e+02
2.483524436814584249e+02
2.766956753106265410e+02
2.499067694524120213e+02
2.149024320065818756e+02
2.294268163129558502e+02
2.119543842666208775e+02
-1.108062150862564010e+01
2.480419613563178984e+02
1.621409655624239576e+02
2.269410874527578130e+02
2.417420307278040355e+02
2.212897359658628034e+02
2.425107247726774915e+02
2.569423846712884369e+02
2.141709862732765544e+02
2.104155553382431663e+02
1.914751844414442417e+02
2.240829606048988865e+02
1.510731582217509299e+02
2.638009165318624127e+02
2.201544617778602628e+02
2.359488687154426998e+02
2.450383668258038483e+02
5.758820238191697172e+01
2.155142836888433635e+02
2.129911384783989661e+02
2.186535696648183489e+02
2.629128682512751993e+02
2.388440224235069991e+02
2.421647098999135892e+02
-1.854618277867633935e+02
1.516603204279069814e+02
2.358753111488537968e+02
2.502808186652074767e+02
2.102768753196025386e+02
2.482945255612943356e+02
2.573976618154122207e+02
1.421487556331733799e+02
2.600651977067121834e+02
1.938610872442887398e+02
1.667380481677404873e+02
2.228817580056357599e+02
1.862916337871477310e+02
1.965868623088622371e+02
2.602021845121889214e+02
2.520248124087325152e+02
2.280202585596039739e+02
2.393367558455719575e+02
2.326341535745192743e+02
2.440730035996189713e+02
1.789489186811200341e+02
2.617321424614311809e+02
1.976757260522420268e+02
1.711022515971903317e+02
-1.854984937321950724e+02
2.631554706187311012e+02
2.597978193170335999e+02
2.440505403207405948e+02
2.174396448998415963e+02
2.279339736333907638e+02
1.630405587256637148e+02
2.154213200106331101e+02
2.380662472697667340e+02
2.314262138287762127e+02
2.331650033401024587e+02
1.836887877472200330e+02
2.454172809190360738e+02
3.390245184418140489e+00
1.075221810284443080e+02
2.551384318262591080e+02
2.554742269683578115e+02
2.576682693726960451e+02
7.015622421393391051e+01
2.638339083745911466e+02
1.620138637569817206e+02
2.731489439503696985e+02
2.280054184980949117e+02
1.355469610327743339e+02
2.196200850280321220e+02
2.432316862475636015e+02
2.492211547438185164e+02
2.271434443871544886e+02
2.143515588881693361e+02
2.115151750229210847e+02
-1.307286148119276561e+02
1.123506779525438901e+02
-4.293109401741733677e+01
1.702255814358074986e+02
2.467891869390372790e+02
2.536183883079786483e+02
2.635411277586297274e+02
2.490251833041986060e+02
2.534234493811119933e+02
2.210691647300080831e+02
3.041919597038790357e+01
2.250635866591160550e+02
1.576319630754706509e+02
2.465736100047828359e+02
2.361500144086920159e+02
2.386381073395786530e+02
2.171992654368204398e+02
-1.803295829195942588e+02
1.978179299150291968e+02
2.322295447727463511e+02
2.659699798952386800e+02
2.201209213761778187e+02
1.715868099944894425e+02
2.607363243079673794e+02
9.442573839307351591e+01
1.079230651175191156e+02
-5.060680200656554462e+01
2.471845222585185695e+02
2.236003338504929729e+02
2.465414485537042992e+02
2.498841737682568009e+02
2.215845039894969659e+02
2.645060550591845185e+02
1.175328808754206591e+02
2.367400784423276150e+02
1.737438707831781244e+02
2.642911690662728006e+02
2.565750869451898097e+02
2.609066551730981018e+02
2.690295639729919230e+02
2.488300094162505047e+02
2.393186570197201775e+02
1.698329122422010755e+02
2.654563034218330131e+02
2.188865290274620747e+02
2.466555107852356912e+02
1.841310781408095352e+02
2.642492743131275574e+02
-1.759888748319924048e+02
2.373402424857088135e+02
2.490239432160161925e+02
2.335122055792639912e+02
1.769160584657124105e+02
1.350330830351722398e+02
1.905407802587999697e+02
1.770982634050992885e+02
2.482131232531252181e+02
2.135996529901291865e+02
1.764911128497694790e+02
2.470823867073272595e+02
1.976955858453762005e+02
2.319683503825969240e+02
1.330319245636486585e+02
1.945264247019873949e+02
2.459480323062393268e+02
2.332968258668028341e+02
2.828055145896007616e+02
2.609710325834669220e+02
1.968203150922394116e+02
2.366147419861523815e+02
2.341095816968679912e+02
2.075531464673822200e+02
-1.697830459029596568e+02
2.040621707218903680e+02
2.630874855791550431e+02
2.541904889115300819e+02
2.191306397753210717e+02
2.282022732793581099e+02
2.030146727229792134e+02
2.541480326677463779e+02
1.508276092213749564e+02
2.523166774422841456e+02
1.825287666576386982e+02
1.797453216009924120e+02
2.218538626327046472e+02
2.321636634711959744e+02
2.629790707430014436e+02
2.243008259777026296e+02
1.900346597928414951e+02
2.360837085521000631e+02
1.712021585799682839e+02
2.638856477716164477e+02
1.505553835329528169e+02
2.457477657136588505e+02
2.085413037420435103e+02
2.379332561953303582e+02
-1.860796016744828307e+01
1.988145684507144608e+02
1.871993051037384816e+02
1.416466526546057878e+02
1.623198903476199462e+02
2.262320805578654870e+02
2.085351579413437832e+02
2.199098073427511792e+02
2.167824276210467929e+02
2.671639675514632017e+02
2.363980042254664511e+02
1.962154210746390675e+02
2.522467787411263487e+02
2.379936970708209003e+02
2.015336347937366099e+02
2.172878153900269069e+02
2.929224421261452562e+02
2.547910538117273234e+02
2.600173872622181079e+02
2.513751562260082721e+02
-5.779849120804617257e+01
2.023949703124094981e+02
1.835767679486914119e+02
1.631088419415208364e+02
2.618256496524364252e+02
2.072740193767831443e+02
1.895740180811738469e+02
1.733284571997352259e+02
2.529620662559293010e+02
1.795752498143125422e+02
2.102690759004071879e+02
1.693944381936018715e+02
1.421359254934752414e+02
1.367637297189064043e+02
2.249375390142533604e+02
2.715154754396439785e+02
-9.499607237294867446e+00
2.109758199730677859e+02
2.715533696138809319e+02
2.509594629430809789e+02
2.615648217201069770e+02
2.494177336708780501e+02
2.533632126710754164e+02
1.738731800102432032e+02
2.182157970109731195e+02
-1.484790190570072639e+02
2.004453872294402572e+02
-2.039178759532794061e+01
2.718533610136749985e+02
-8.776807715885325933e+01
9.458233140747258005e+01
1.809332098805060127e+02
2.466267275354662161e+02
2.848748497682897778e+02
2.617884368579449301e+02
1.596190563594499281e+02
2.412663077385406609e+02
2.672408326537266134e+02
-1.634460921842185144e+01
-4.619258111248916521e+01
1.983746796841818139e+01
2.178726988211298305e+02
2.228539292814480461e+02
2.563313507914716638e+02
6.834373878458541185e+01
2.584341810879372474e+02
2.262008236158961836e+02
1.868713744896954267e+02
2.627514335913140826e+02
1.619785892260762807e+02
2.115263953894569795e+02
2.239716826593750625e+02
1.540098269392518944e+02
2.181160418507521399e+02
2.059928531592540821e+02
2.188092214886619615e+02
1.726302830765106364e+02
1.641447994759076892e+02
2.590699973653688630e+02
2.116522332553275874e+02
2.337094727572914223e+02
2.590704341694423718e+01
2.592468316639760815e+02
2.718189803583285311e+02
2.561345440607954629e+02
2.276767907993249480e+02
2.669964504241136183e+02
2.095287224577717211e+02
1.750356064376499035e+02
1.782805506280187728e+02
2.074120667002391087e+02
1.886557636115923628e+02
-2.770486979268254402e+01
2.263670509384137972e+02
1.959849875460414523e+02
-9.759896514607505935e+01
1.786510478181936605e+02
2.285689146966631711e+02
2.561499216760141167e+02
2.462055315559871076e+02
2.574224750528526329e+02
2.418383386077428270e+02
2.047389497402844256e+02
1.685009779510331782e+02
2.513701886772092848e+02
1.891354054441312371e+02
2.544385875786552447e+02
1.541636540427740556e+02
1.684131869065711840e+02
2.677117356429055235e+02
2.138514367427409866e+02
2.501352842387217095e+02
2.413990928454399523e+02
2.024968008755806181e+02
2.002945896339009266e+02
2.709564869418204580e+02
2.583619382226164589e+02
1.525914018641264818e+02
5.571448019927601081e+01
2.504416397625261084e+02
2.625311541416216414e+02
2.072915980306480321e+02
2.737770995810128625e+02
1.193470309595021206e+02
2.216765216896461084e+02
2.643947308419154751e+02
2.321057145194288296e+02
6.024286601757366100e+01
2.199892925043906473e+02
-1.189367477698233699e+01
2.467315841375858838e+02
2.343376236953508851e+02
2.025897606441701839e+02
2.438452279997227379e+02
2.411971296734009798e+02
1.779259992910455708e+02
-1.651743296256167071e+02
2.243521641814295435e+02
2.369552175361355637e+02
2.881210148670897979e+02
1.140118843425750299e+02
2.548555240520816483e+02
2.228413536194648543e+02
2.337889988846323490e+02
2.320079754192923360e+02
1.169255088692558502e+02
4.755899356209297935e+00
1.834063461362403018e+02
2.360064635849287527e+02
1.929001270487418083e+02
2.582425940573917842e+02
1.977770451765667303e+02
2.711813887530009879e+02
2.129300288782212647e+02
1.577250032991913429e+02
1.865928520071296077e+02
1.431132268771494864e+02
2.474582150633257243e+02
1.920039315161571949e+02
2.668484201817610710e+02
2.540236253520493221e+02
8.511985143545261678e+01
2.603247454601161621e+02
2.681107744564329778e+02
1.850324967242327148e+02
2.708514857474623341e+02
2.038888745085373273e+02
-3.578641667408690807e+01
2.395353326462726216e+02
2.493716546221203316e+02
1.952057253722110772e+02
2.562670547051155268e+02
2.330578590992964223e+02
-4.772129049110226617e+01
2.461640771235462637e+02
8.734866034974464810e+01
1.503279115291716153e+02
2.439465081250657761e+02
2.711586831592060207e+02
2.186087411412376582e+02
1.394325595765454580e+02
2.658879247359445230e+02
1.338027025174463347e+02
2.502998604424650750e+02
2.241120924873237072e+02
1.223442897631334745e+02
2.575718285483991394e+02
2.541972489607955765e+02
2.542844374033898589e+02
2.768288172868422521e+02
1.810114373402137744e+02
2.569727556859594415e+02
1.925705394988970340e+02
1.622593895346342663e+02
2.493424834168186521e+02
2.619812372761435881e+02
2.470141520126495891e+02
2.660496715658159701e+02
1.983042987527996956e+02
9.633093593520749209e+01
2.454199855919022752e+02
1.446504832232546391e+02
2.640262982534545131e+02
2.130540926889761977e+02
2.066582821827547320e+02
1.636767227781603253e+02
2.569313391852749646e+02
9.137082195170250998e+00
1.636191453525557904e+02
1.869402199273737040e+02
2.447032983252629776e+02
1.959924822685774188e+02
1.988281907728964484e+02
2.512752907124122999e+02
1.912827170140932367e+02
2.250358150266974633e+02
2.683020636184990053e+02
1.992886630715100011e+02
2.186380160268981285e+02
1.978697596404198578e+02
1.046575338337786292e+02
8.383741130505903527e+01
1.791808954518699579e+02
2.125581282254277653e+02
1.968475129895143425e+02
2.643821053712011917e+02
1.997769471752016273e+02
2.074697477794634324e+02
1.264291652781979423e+02
2.468270814815028871e+02
2.643529232893981771e+02
2.734203754186623314e+02
1.092117407555297746e+02
2.075834052427911161e+02
2.155323089164050430e+02
1.824180707996607111e+02
2.583453872108464111e+02
1.387561896559133174e+02
2.165807533723231870e+02
2.449632309800647079e+02
1.903708707866942973e+02
2.515069904826937375e+02
2.486355739789105996e+02
2.547491971007730456e+02
2.886831799392035691e+02
2.714234287368558398e+02
2.383392196170021009e+02
2.536413148373254955e+02
2.519021095017518519e+02
2.401042387071440487e+02
2.316881685938870135e+02
2.418221858234967954e+02
-1.661435010626098574e+01
2.546382450414452023e+02
2.693264350113714727e+02
1.473429594846040231e+02
2.640896552632847261e+02
2.532982262562016444e+02
2.488990237702706452e+02
1.794680039374591161e+02
2.521982427468668959e+02
1.964699658994952074e+02
2.398490728392395397e+02
2.678818014269529613e+02
1.792954499499814460e+02
2.343734269173884854e+02
1.272428230777768050e+02
2.052476365000027272e+02
-1.172512798633622424e+02
2.552680430089027936e+02
1.371411341201850860e+02
7.550875044599128216e+01
1.732957771014418711e+02
2.203446221305618451e+02
2.654846257843673243e+02
2.142838791351980490e+02
2.531007107718168641e+02
1.853910780498682414e+02
2.329106645873053480e+02
2.565578819831978308e+02
2.169982512109492916e+02
9.744105801443951975e+01
2.187433650479269431e+02
2.628690845069312445e+02
1.909258001578026267e+02
2.309769097612017106e+02
1.218367366096227187e+02
2.178768551637945166e+02
2.557109709339270580e+02
2.424175705784836623e+02
1.114515578381751340e+02
5.353404002422870178e+01
2.380164742132817821e+02
2.105827793865467470e+02
2.374958824171489482e+02
2.179863242961777132e+02
2.455005544443172596e+02
-1.238131178486590898e+02
1.175518955373318306e+02
2.566292795944746672e+02
2.307420278718263376e+02
-8.080349644554721067e+01
-1.337547290063963317e+02
-1.375155685294668046e+02
9.146266348584735795e+01
2.194761686371721794e+02
1.944876613480109881e+02
2.254043045326003494e+02
8.708135249124303812e+01
2.782741180774960412e+02
-1.300668765922733527e+01
-1.841391638689451611e+02
1.803627065059349377e+02
2.725485049222414773e+02
2.143104792675445651e+02
6.180228006446870381e+01
2.385009253235112396e+02
1.821671627914932401e+02
1.341569735601673301e+02
1.741524360801520004e+02
2.128311796089213317e+02
2.392818474615146727e+02
2.616476372656705962e+02
2.233254080066319034e+02
2.223769646179307529e+02
2.147159800943445305e+02
2.367683498319979378e+02
1.542516818441883970e+02
2.723780968614181006e+02
2.379458511111849361e+02
2.076165678319920289e+02
2.565822357210448672e+02
2.037718821705261689e+02
2.471568665681948005e+02
2.053588466579376188e+02
1.866021766547875700e+02
1.521770762657660612e+02
2.190403007427387934e+02
2.626328333387239695e+02
2.431750621417781133e+02
-7.573084075129077775e+00
1.189999948990011092e+02
2.317851598794916583e+02
2.721470336925143556e+02
2.465090554108318202e+02
9.297555105395714747e+01
2.354239321091992565e+02
1.306605192158024522e+02
2.298061000422501650e+02
2.145268406909855798e+02
2.610018910311034688e+02
