-5.530499706247510403e+02
-2.798668824507193449e+02
-5.113519946426016816e+01
-7.039081692095351173e+02
-6.617214611662675452e+02
-6.172792418815663495e+02
-5.458438850158058813e+02
-5.102175112722626977e+02
-5.726141708225186449e+02
-5.560564725921292393e+02
-5.338436231531397880e+02
-4.456949021632711947e+02
-4.391064348150493970e+02
-4.443446698517015534e+02
-2.857827312296937521e+02
-5.336315663621294334e+02
-1.504324883279054461e+02
-3.846322412471101870e+02
-4.231469987168416083e+02
-2.065590651001339211e+02
-3.271690937546305804e+02
-1.803103464006570391e+02
-1.673838217460259443e+02
-1.744989686409763010e+02
-1.232511796744672097e+02
-1.078593826498373573e+02
-3.344525994098237334e+02
-4.661942051588201252e+02
-1.301085078514507529e+02
-4.143375479700871722e+01
-1.510434774269030811e+01
-4.525384328344898677e+01
-1.979246268254817664e+01
-2.790981522887142319e+01
-3.231259136680855590e+02
-1.229280860296692879e+01
6.654360209731345321e+01
-3.141487092027022072e+02
-3.560422903429110306e+02
-4.786969616329281507e+02
-2.060474881208961619e+02
-4.689972029638292952e+02
-2.496948672255419126e+02
-1.095480824326401716e+02
-1.325201913334936137e+02
-1.321697050640159432e+02
-1.113860979166663014e+02
-5.665751543890649344e+01
-7.718903733465134565e+01
-1.496112848380448952e+02
-4.825681226572294946e+01
-1.560308106670161692e+02
-7.337893994031099965e+01
-8.955141945286025873e+01
-1.083493532019888761e+02
-2.140421800533694636e+02
-7.228912395303046878e+01
-6.768150067905918377e+01
-2.325023583274957844e+02
4.046922537889082605e+01
3.810812974487652127e+01
4.493295713186180507e+01
-5.227898594466928728e+01
-5.692281935337367713e+02
-3.661540389130400968e+02
-1.112854342835036476e+02
-7.543941281124545206e+00
-2.241012927346204719e+02
-1.068520953119743950e+02
-2.313354294053641880e+01
-1.143711679072368526e+02
-4.070744704569410999e+01
-9.764191503610733491e+01
-2.046212789857336389e+01
-1.066000846973846450e+01
-1.504707788947047220e+01
-5.598109768695510979e+01
-5.593392595169923709e+01
-1.546481797948779899e+02
-7.530255170897036976e+01
-1.253020425420904758e+02
-6.001437677264396342e+01
-5.477702453402312699e+01
-6.360570721072935640e+01
-8.384341050372986714e+00
-1.290118842388554015e+02
-6.822347011279515527e+01
9.082557643266747860e+00
5.908206090442183722e+01
-7.032862425050350907e+01
-7.212215446651813977e+01
4.905131347427372646e+01
-1.356985883416339256e+01
-9.476500931492060076e+00
9.335635371125262338e+01
-4.095166088675911453e+01
2.644432416722411361e+01
-9.060915963696048792e+00
-2.509404797535439684e+02
-2.261118792969225240e+02
-2.638094447864667700e+02
-2.763614498315371293e+02
-3.510199377432914503e+01
-6.097174738084705581e+01
-2.578996668032626758e+02
-2.499826978040040899e+02
-1.239040051268505493e+02
-2.056782415332350240e+02
-2.214364925540090780e+02
-1.199957755454529433e+02
-1.316479116104655134e+02
-2.993348161373202174e+02
-2.564816333020228285e+02
-1.803433767287850173e+02
-1.981281883371344748e+02
-2.180495264752611320e+02
-2.204023802026935641e+02
-2.013384804424422327e+02
-2.461924836932192591e+02
-2.722524802849366097e+02
-1.945759916882249456e+02
-2.293504156222776658e+02
-2.316987951816325335e+02
-3.503438103502076046e+02
-2.647989247460482716e+02
-3.126724550875571254e+02
-4.918678118268310868e+02
-4.306214174716761534e+01
-2.472147696915009192e+02
-1.163267045253972753e+02
4.454687037795298465e+01
-9.723134852406360551e+00
-3.799570579724783670e+01
-7.337429698670202072e+01
-6.595231328919457781e+01
-4.288421006419989112e+01
-4.412138273264167765e+01
8.566570162727089155e+00
-1.321243439530992703e+01
-9.816009314500297478e+01
-1.566079293442584230e+01
9.409559418910404816e+00
1.355073328541453748e+01
-3.091327233039161726e+01
-1.632757898131017669e+02
-2.667601880919206678e+02
-3.685786296497624903e+02
-3.490543086556279491e+02
5.681972962719159170e+01
-1.096531450207968703e+02
-4.389752998992959192e+02
-1.917176423407297747e+01
-1.038790431903744889e+02
-1.897276313722052521e+01
-3.566118171244434620e+01
-4.632890820575065760e+01
1.444356206838454604e+01
7.706424870777875924e+01
-7.328088262405195730e-01
2.442707409136383490e+01
1.801962222660315263e+02
4.771421022582507021e+01
9.742033937781212671e+01
7.954831187934138370e+01
6.919900770337049778e+01
1.127777183561505439e+02
-1.598468339920310832e+01
-7.914724337881084182e+01
1.096657427756677805e+02
-7.558505675816732605e+01
-5.327318643884753868e+01
-1.308613047917572487e+02
-1.324081520198490409e+02
-3.565304401349167733e+02
-2.445513927581122289e+02
-3.169091395034024572e+01
-1.262987640360213817e+02
-1.895342325449956888e+01
-5.920904821948198560e-01
8.268541442800923846e+00
2.445455229477728665e+01
-2.270886904983407817e+01
3.823306123632573872e+01
-4.227986146532973066e+01
-1.015177826908679322e+02
-5.023140862655271377e+01
-1.971665334842957975e+02
-7.844575652313278624e+01
-1.336963690601777728e+02
-7.907468219532074727e+01
-2.463644260793355727e+02
5.078954445035839171e+01
-1.140706486050996062e+02
-6.620055457624274595e+02
-4.749476694498316647e+02
-8.144359416574080512e+01
-1.509003326091216195e+02
-4.264616312020532973e+01
-1.367440105506897225e+02
-7.184506990094553203e+01
-8.024065175927667326e+01
-5.940944494355958341e+02
-4.370383301124180662e+02
-6.005283998480093715e+02
-6.551623236124094092e+02
-8.768083632901070246e+01
-5.574595093481906360e+02
-6.804403741134286747e+02
-3.448199236804008478e+02
-1.080722320330466886e+02
-2.013414343657530878e+02
-2.522146060799677514e+02
-2.744185545971814690e+02
-2.152092438657440709e+02
-2.472413166543649936e+02
-1.786549644435619939e+02
-1.730190593374366586e+02
-1.342214496072737688e+02
-3.724651087888363463e+02
-3.005005670421895729e+02
-3.579389699837848298e+02
-2.021924452624309083e+02
-1.527988853324798811e+03
-1.005368505861944527e+03
-1.794631211137465243e+02
-2.359712040844058265e+02
-1.402461858805630300e+03
-6.672190029832577238e+02
-3.474411774028291120e+02
-4.180514748135761920e+02
-3.323721381671596191e+02
-2.257952150909270017e+02
-2.879113914794865536e+01
2.733180041694879492e+01
-1.600690185137295032e+02
-5.950560066084435107e+00
-4.826622450054501456e+01
-2.458624353956267328e+01
-3.004482808474970170e+02
-1.334519223127407486e+02
-5.202069506901381146e+01
-7.637868836667567507e+01
-6.330644833566683616e+01
-5.064223994783523608e+01
-7.881104959777313468e+01
-6.980555509145810333e+01
-5.558867617211955547e+01
-8.986497105155400789e+01
-6.308185705897532358e+01
-4.030991795664780852e+01
-3.166456114359769458e+01
-2.470918247471907137e+02
-1.097070716386791815e+02
-7.100091414622568209e+01
-1.728240291303731624e+02
-1.373332315254481557e+02
-1.219960545484067040e+02
-2.448528720672968859e+02
-2.322615807658982874e+02
-1.774260577000736134e+02
-1.999428406551001842e+02
-1.085199887548875211e+02
-5.377358653852622865e+02
-1.771848929525455105e+02
-2.647874847276594892e+02
-1.407170515990281672e+02
-1.177777323480405158e+01
-2.912956078755660201e+02
-1.314839790673298126e+02
-5.067107075675399415e+02
-5.753992491585695035e+01
-1.828374587474299062e+02
-2.318033538956433688e+02
-1.745714891533314699e+02
-2.084077281700218691e+02
-3.511591591213029915e+02
-2.661437502191448630e+02
-3.870064041493201898e+02
-4.566554562030538591e+02
-4.335188693567408791e+02
-4.294217528067451894e+02
-3.711579213257331276e+02
-4.022884442870956150e+02
-5.470473230780962695e+02
-5.426743257885636922e+02
-4.579791009711031506e+02
-5.589781776343183992e+02
-7.582117732706440165e+02
-5.166546580587330482e+02
-5.231748768727571814e+02
-4.827964751974938622e+02
-4.271436093522729607e+02
-4.093814070230546349e+02
-3.321024926265597514e+02
-4.460366989103199558e+02
-3.839040132653030923e+02
-4.356646348758363274e+02
-3.004517197943135898e+02
-3.703915927823177299e+02
-3.466300305179519228e+02
-4.489889549433121942e+02
-3.690761149402008527e+02
-4.208079137232362541e+02
-3.697100986964767912e+02
-2.504544774121400224e+02
-2.644849759341374806e+02
-4.504478135792606963e+02
-1.924287264289371819e+02
-4.197375704669254333e+02
-4.637837497209367825e+02
-3.952414139054167777e+02
-4.206417125500032057e+02
-1.696735471965075135e+02
-4.956761463327702018e+02
-4.039694971743655287e+02
-4.729293419831520282e+02
-8.468942115478641597e+01
-1.646363578912464902e+02
-1.492515397721075487e+02
1.721614397532773921e+01
-1.286541875066557452e+02
-2.153230034993992490e+02
-1.834847302218673519e+02
-3.641791671614634396e+01
-1.644340978117691066e+02
-1.303926952673276674e+02
4.898249033167300581e+01
-2.821024725929562464e+02
-2.853960231658206794e+02
-3.487631455920003418e+02
-2.175343341721552406e+02
-1.490174176781001165e+02
-2.162360593643689128e+02
4.442180381149489676e+01
-1.037592879612563621e+02
-2.398068764551573793e+02
-2.400427142070204134e+00
-9.052424806168269811e+01
-3.511926268760510084e+02
-2.638679314457813803e+02
-3.119938274823595634e+02
-1.416598244349463585e+02
-1.703661591591196611e+02
-1.665080818206200775e+02
-2.645066140937658474e+02
-2.004852368681190740e+02
-2.096192156267032942e+02
-7.545263712653240873e+01
-1.540926884148157683e+02
-2.463071088006574882e+02
-1.908726346050207781e+02
-2.495766450076634158e+02
-2.436935697399599121e+02
-2.384766595611467608e+02
-2.175085173807590309e+02
-1.782905577661843495e+02
-1.966118524436785719e+02
-2.222300784508036031e+02
-2.155931605796147039e+02
-1.713385882193347811e+02
-2.855138173887836501e+02
-2.169743920535058237e+02
-1.898791818100232263e+02
-4.507046613881431654e+02
-1.970907927623079559e+02
-3.166166280306255203e+02
-1.360207689008852014e+02
-2.893243071717166686e+02
-3.195968337599026086e+02
-2.654488661527173008e+02
-4.390009644809416613e+02
-2.566899942448822003e+02
-7.463443416494177427e+02
-3.342246927847660345e+02
-1.711878890820396464e+02
-2.898353495493850005e+02
-2.277511452896731896e+02
-2.957949703847368710e+02
-1.844807872481233630e+02
-2.781736607693662222e+02
-1.718298258113610473e+02
-2.894845612914346589e+02
-3.872352060540869729e+02
-4.245536077878613810e+02
-3.567441260612981750e+02
-3.274120835218739103e+02
-3.148382195824405017e+02
-3.473107769476472413e+02
-2.240903845169220290e+02
-4.214751660164239979e+02
-3.177634724973889888e+02
-3.856444941939117825e+02
-3.381616424998179014e+02
-2.946135208072490741e+02
-2.100429860057678866e+02
-2.817517941876074019e+02
-3.208421848035436028e+02
-1.027936590563322454e+02
-2.527394649339513251e+02
-3.138367223544155422e+02
-3.280395496068068724e+02
-1.774474057727387333e+01
-2.470142200909760390e+02
-1.095542390112070734e+02
-8.094163660443425101e+01
-8.290288043469843160e+01
-6.801777753607949251e+01
-1.084817765763207262e+02
-8.328665802146818464e+01
-1.211286852311058624e+02
-3.748500206714516736e+01
-1.532421945650200144e+02
-8.816982323472461758e+01
-8.044771552952559546e+01
-1.310345464639607655e+02
-1.564936174868979890e+02
-2.019841061928754584e+02
-1.207387023661466117e+02
-1.448991845671293959e+02
-1.055636993000578769e+02
-1.851691812752681585e+02
-1.632864227741951879e+02
-1.359279064843131266e+02
-5.376869419952875262e+01
-2.628130641044577942e+02
-1.102927422079381188e+02
-5.505041207109879053e+01
-1.005085984279584181e+02
-1.540294742446052396e+02
-1.259559864435046279e+02
-9.132054594478923093e+01
-1.266316022973443580e+02
-1.643556304123663665e+02
-1.798969406098544823e+02
-1.817852181782761249e+02
-4.109099555559538430e+02
-2.130381163185592754e+02
-6.443670906123531950e+01
-2.149942378856014784e+02
-1.704188134610948282e+02
-1.059595920311739690e+02
-1.215546703304834182e+02
-9.254360141328970712e+01
-2.062989232844302592e+02
-6.639631129480726202e+01
-5.114302853783397040e+01
-4.591044607347196234e+02
-1.462133344336469065e+01
-1.272083304788961726e+02
-1.894694187123684515e+02
-1.886230516563660444e+02
-5.132476738828195550e+01
-5.290767831572540558e+01
-1.746996327347034992e+02
-1.599624230709254675e+02
-2.289042835518956451e+02
-1.312451445508609140e+02
-1.096379117097701084e+02
7.400784456944023759e+00
-5.906910781847929570e+01
5.184576758176532962e+00
-1.188494888823511388e+02
-2.754619431456102348e+02
-6.665888169747842085e+01
-1.503232605725827398e+02
-1.462859958960501672e+02
-9.973399560039499079e+01
-1.998297810154790000e+01
-2.967594679607798867e+02
-2.161768486757019048e+02
-1.398206857048372171e+02
-1.106438513367975247e+02
-1.178095907568169736e+02
-7.405264989709681345e+01
-8.334198037602401143e+01
-1.023692553791035067e+02
-7.910584039161298620e+01
-7.987320816959274339e+01
-1.026263838692601240e+02
-9.326101143297086082e+01
-6.975983625212246864e+01
-7.073590439871973956e+01
-1.081649181386157181e+02
-3.841549829104797027e+02
-2.468162729407441930e+03
-3.120828453559595800e+03
-8.682438171948587069e+01
-1.688781818997441178e+03
-7.461779066405476613e+01
-1.378799934181608364e+02
-1.436541621196967071e+02
-5.922202908789834197e+01
-3.363005966028312343e+01
-8.563221906252863391e+01
-2.682131995873393180e+02
-1.923550158126522831e+02
-1.755482028000164405e+02
-4.480106330678832904e+01
-1.009384370914233209e+01
-1.343540722351830539e+02
1.835676535550485369e+02
-8.773196140349782013e+00
7.062835796264592148e+01
-1.572755173262864901e+02
-8.590325221168494352e+01
-3.704926585334291076e+02
-6.096663974098495942e+01
-5.427426889218994432e+01
-2.855727183177010033e+02
-2.199739906890956149e+02
-1.764354230947140536e+02
-1.248255102759642909e+02
-1.074039500315337534e+02
-6.382096332560012542e+01
-1.522370373024141941e+02
-1.775724970070708082e+02
-1.461134811935344544e+02
-1.506895652407917510e+02
-1.218633170301810082e+02
-1.211643163080821211e+02
-1.892643304905969615e+02
-9.602468058148485852e+02
-1.028334596716135820e+03
2.818757580380591321e+01
1.136805820483847356e+02
-2.609546714504701299e+02
1.821286601411320589e+02
-3.136726742660812306e+01
-5.658037466332796583e+01
-5.737642698329473490e+01
-1.176430300423453446e+02
-2.945931564605604080e+01
-1.570839135371090265e+02
-1.133196433185031395e+02
-1.573715022194085122e+01
-1.626970647492393880e+02
-7.202915623042237314e+01
-1.216298944327986362e+02
-7.214076572508341201e+01
-6.498212538422929185e+01
-4.285231258527857534e+01
-9.521707864296470802e+01
-9.491888748599005510e+01
1.518604409816870771e+02
9.148919797363350881e+01
-1.858416581466408672e+02
-1.560920389760293290e+02
-1.065708365841769591e+02
-9.991004943803261540e+01
-1.497464100522372519e+02
-2.511094478170960542e+02
-9.797408126616700486e+01
-8.365689999951200662e+01
-1.192551137964074712e+02
-1.491144305277426838e+02
-2.614095246364840364e+02
-1.153266375843867451e+02
-2.093365236664562588e+02
-2.211027620811303791e+02
-1.820567440571648490e+02
-1.339145350070033373e+02
-1.958253152916403792e+02
-2.219939060443689982e+02
-1.569971064182426517e+02
-2.260061554247137110e+02
-2.165159299802504052e+02
-2.109306992777949290e+02
-1.612700715447982702e+02
-1.664743694654587500e+02
-1.587093651705392290e+02
-1.522034059447434799e+02
-1.180512382238193396e+02
-2.400249067458998695e+02
-1.533618903959750526e+02
-1.618839222112171683e+01
-1.488927120006954681e+02
-1.015990565483355397e+02
-1.140332190577517650e+02
-6.812073700661694886e+01
-7.134401706730252499e+02
-7.161072561340090488e+02
-6.391451000118950105e+02
-7.176652761119679553e+02
-8.035014791191795211e+02
-8.703524449789413211e+02
-8.428045042893713799e+02
-7.044226236265170655e+02
-4.222489969635529405e+02
-6.012319585081424975e+02
-4.247315482871669019e+02
-4.904031355354030097e+02
-4.431992939530407511e+02
-3.083128723265032249e+02
-1.620863904799492730e+02
-1.046410687052840842e+02
-2.690564331827856392e+01
-8.819584610986269979e+01
-3.169393668324815394e+02
-1.943705021044702335e+02
-1.041323199108341839e+02
-3.081219908978014246e+02
-1.189018036831408551e+02
-1.270384017842417848e+02
-2.368425640554519589e+02
-2.662693565435764071e+02
-7.926374118314744521e+01
-6.174679840582618908e+02
-3.159790453913860233e+02
-2.159691862973560319e+02
-5.050760233901631864e+02
-5.035614633873435650e+02
-3.278228295668725423e+02
-9.720743571233839475e+00
-3.775637606028500386e+02
-2.154324625643617992e+02
-2.402160980032552118e+02
-1.834498492772897293e+02
-1.265632170019715801e+02
-6.693343184542898427e+01
-6.023387435432823622e+01
-1.572153617584515928e+02
-2.458952937762035731e+02
-6.367897475799203448e+02
-5.086486172262279126e+01
-1.108447926685613680e+02
-3.205240037236686703e+02
-1.570553220605517311e+02
-1.820993118003611357e+02
-7.515774008678150153e+01
-7.546291265948170235e+01
-1.240830309390658073e+02
-2.120054306853398884e+02
-3.088334466875125486e+02
-7.774886212033035804e+01
-8.570870052733671685e+01
-7.259614710653134750e+01
-3.130452742919317188e+02
-4.594965388430383513e+01
-1.169357651528593038e+02
-2.258795233133789395e+02
-8.846302632850631653e+02
-7.622937005922699427e+01
-2.328607979522848836e+02
-6.849985918239937632e+01
-8.731988472402615287e+01
-6.098429784987733910e+02
-4.439828899103970343e+02
-6.765905411075427764e+02
-7.740265272020619705e+02
-3.167273578985967220e+02
-1.565688964879728360e+02
-1.008168299149115796e+02
-1.561449169235131080e+02
-1.015015524693822755e+02
-1.647115463977360434e+02
-1.683018348699789613e+02
-2.442981988703645300e+02
-2.249475433097762505e+02
-3.845192602060284059e+01
-9.483333546757300780e+01
-2.610740802777091858e+02
-1.110229201531575711e+02
-1.068022533699788141e+02
-7.014342838217476128e+01
-8.615702301672516228e+01
-2.526427826647105235e+02
-2.128887991251685889e+02
-2.724373884936319428e+02
-2.112650843634319813e+02
-3.248428187451960980e+01
-7.554142957330329011e+01
-8.660278425085098775e+01
-4.142984328074280853e+01
-9.204433751245838380e+01
-7.144715315126713051e+01
-6.335631916763406224e+01
-7.886514419600798931e+01
-4.084990859702207189e+01
-5.524771387332682338e+01
-1.060588675223048227e+01
1.281131774433850410e+02
7.462233197855179867e+01
-6.462248579388212733e+00
1.006778531614132817e+02
6.694457548453796392e+01
5.927836257501649442e+01
5.047715449505052732e+01
-4.229222705233112123e+01
-2.352318245169311126e+02
-3.635715827738087000e+02
-4.506561585464087898e+02
-2.997238182674017253e+02
-5.732955215731706744e+00
3.815872521798866046e+00
-3.039222630904331481e+02
-2.739062285409697779e+02
-5.905697650144999145e+00
-1.907088987537566709e+02
-1.983537557983551949e+02
-1.011178713048278865e+02
-1.959687608519284652e+01
-3.074034035552344779e+00
1.340554133453074144e+02
-1.363163810001648528e+02
2.130554741525855889e+02
-6.474850577105027583e+01
-3.424265973331637269e+01
2.383620996133287662e+01
-3.004374701090742406e+01
-5.846749879017420426e+01
6.302882901801611126e+01
-1.977693430063489544e+01
-5.789899446522245086e+01
4.468279687958727209e+00
2.372027156221948019e+02
-1.082629626735928241e+01
7.449710961019491151e+00
1.855217490183389373e+02
-1.070167514930974164e+02
-4.138305845262984661e+01
-8.826168744799255705e+01
-8.369465107692070660e+01
-4.205302744657903702e+01
6.320338664115374705e+00
-6.757035385161738361e+01
-6.304903284771513938e+01
-3.713329886139066005e+00
-7.907193622856797788e+01
1.256469931396918582e+01
-2.600010836022420335e+00
-6.052341053878180333e+01
-6.138027688856001873e+01
-3.028247571966120333e+01
-1.586038233609963584e+02
-1.427279330413954881e+02
-1.354724233901032449e+01
-1.206460601572159987e+02
-1.118514838824141435e+02
-3.845236434984659013e+01
-1.056796674838241188e+02
-5.572758084699003689e+01
-9.282873116085206675e+02
-9.353437437581948188e+01
-5.850095490062587089e+01
-2.870112210878277992e+01
-1.516443675758634946e+01
-2.923430206190799936e+02
-7.121602052813675243e+01
-4.318961363713525259e+01
-3.545849904556502707e+01
-4.512123798128167884e+00
-4.918398938499991147e+01
-6.792749474885600591e+01
-2.113452816933597589e+01
2.830039377133127232e+01
-3.421603785619583959e+01
-4.871179349994660868e+01
-3.746027593315326953e+02
-1.642861107453571208e+02
5.962602667637671772e+01
-7.737715404433680533e+01
-2.435881689137148953e+02
-2.126206680149350063e+02
-2.417183610874003250e+02
-2.047992888540011904e+02
-1.480951714981343912e+02
-2.709157874025752335e+02
-1.602332136137242173e+02
-2.412407926050737501e+02
-1.580036264050096975e+02
-1.217930940828580617e+02
-6.170069375604491313e+01
5.164537164984216844e+01
-3.407339281649569216e+02
-1.424397041187532693e+02
-7.894198216747288654e+01
-4.985981479010056461e+01
-1.437117366738061150e+02
-8.627725297022037410e+01
-1.076900702461892081e+02
-1.456197935830519441e+02
7.038134171443465448e+01
-1.088215586445825096e+02
-1.379995379590044422e+02
-4.171152379493649676e+01
-2.550402264418194420e+01
-8.222919770787538596e+01
-1.224649931473445577e+02
-3.666691002598022919e+01
-8.565863771528563575e+01
-7.433821066818302903e+00
-1.863139215956474573e+02
-8.104935855390536403e+01
-5.885777515383180258e+01
-2.801320758709268262e+02
-4.923238300075301765e+01
-4.114917928740752906e+00
-5.202485769195062204e+01
-3.862288120174237349e+01
-8.500674934195569676e+02
-3.524639551631610601e+01
8.296559179131396178e+00
-1.910701872400381092e+02
2.163637931574932622e+02
-4.004826356233576234e+01
-1.559881053975355769e+01
1.786518852053217756e+02
-9.213372730200672933e+00
-7.582587386602135382e+01
-1.744069404956036351e+01
1.667697566632981321e+01
-1.846589778142325486e+03
-3.728686864796653708e+02
-2.423513087534900023e+01
-2.434155503162060370e+02
-2.981011207238354928e+02
-4.456922625297430614e+02
-2.659492066476250329e+02
-2.855459193150760484e+02
-3.195715654821752310e+02
-1.682277556340769209e+01
-2.472308619231127409e+02
-5.786709058919067417e+01
6.975259437326121414e+00
-1.806318430556291332e+01
-7.519049697872569382e+00
-4.056381258718944878e+02
-4.969664450827741007e+02
-3.143307091974647278e+02
-3.193483789475084222e+02
-5.399885116928478510e+02
-9.546988650655067943e+01
-6.166644201947168824e+01
-4.717891010031518135e+02
-5.992361470388718914e+01
-2.593189153346303328e+02
-1.275399549660368166e+02
4.273361580569628160e+01
-2.152976220801915872e+02
-1.210929564279885824e+02
-1.854542083692832080e+02
-2.451982872685658208e+02
-9.420463227695815078e+01
-2.231511869179005032e+02
-2.403131069524459917e+02
-7.473799081514600573e+01
-3.375192085147754995e+01
-5.834362991131025211e+01
-4.863818003171730879e+02
-1.031162841000229520e+02
-1.631434245795422839e+02
-1.165475259027026027e+02
-1.660786244661509556e+02
-1.736730693416746476e+02
-7.956423860345995536e+01
-1.067713756532627229e+02
-1.077985106906428854e+02
-3.405408404679483283e+02
-1.951934142567588140e+02
-8.038057471813171162e+01
-1.577436975249590603e+02
-1.112638622297660476e+02
-1.300296834303566413e+02
-1.205244565759436597e+02
-1.778939204416358280e+02
-2.391318354528147836e+02
-1.874124294869288292e+02
-8.574070815398859224e+01
-1.542212353557430617e+02
-1.234170820491829943e+02
-1.782699474015565215e+02
-1.695891007388924550e+02
-3.146293333172971529e+02
-1.672034069380200663e+02
-1.146839960611257254e+02
-2.922120164843575481e+02
-1.760102851324813571e+02
-4.058128066824977509e+01
-1.356784722352443282e+02
-1.920500203863948059e+02
-3.086097463937151133e+02
-1.036747374118608604e+02
-9.583000394732991367e+01
-7.346567184301682119e+01
-1.290877826236638271e+02
1.962352775854609490e+02
-1.366537451846764739e+01
-3.697279357543172296e+01
-9.072848571634071391e+01
-2.737509371512107350e+02
-3.327947096475178341e+02
-6.093192757292595161e+02
-6.324120946732535913e+02
-7.760438268660843733e+02
-3.328108971053055143e+02
-8.693444042548942434e+02
-4.317226490724877408e+02
-7.440595617282060630e+02
-4.390034897432990419e+02
-5.964748434533105410e+02
-2.829185705974713301e+02
-4.197007824462584722e+02
-3.285911813652640490e+02
-2.376951005730916222e+02
-1.468360438354573319e+02
3.143995060716462575e+01
-1.675874878914254964e+02
-7.270025315974667990e+01
-4.713075793205956643e+01
-1.144511876368399612e+02
-1.338715387611044321e+02
-5.942031156881463971e+01
6.384084710364019344e+01
-8.178215323561950356e+01
1.448223925748309071e+01
-6.533686847869313397e+01
-1.206461432098134452e+02
-1.040106507788575527e+02
-6.574462861559469218e+01
-2.921794454233193505e+01
-2.618615781989710456e+01
-1.195321583376139358e+02
-5.346394194908562980e+01
-3.344767170115273416e+02
-1.707644186016132721e+02
-4.042915855755302346e+02
-4.728242378602093368e+02
-5.893841750521359018e+02
-7.067834315171771209e+01
-4.668408089301195218e+01
-2.900638251346783747e+01
-6.499817640781583350e+01
-1.976943549247498311e+01
-9.760961658680967901e+01
-5.115160813922384619e+01
-1.119253843819861487e+02
-2.011098715912511068e+02
-1.592920250664223545e+02
-1.279640633490148645e+02
-1.706375383821358866e+02
-8.209556269761766600e+01
-1.300245723389164141e+02
-7.726336639240251714e+01
-8.264023700328398547e+01
1.277265211269927292e+01
-1.021686907636143218e+02
-1.308030939858043666e+02
-7.448220775939347504e+01
-1.236310383333456855e+02
-2.906909965105599269e+01
-4.561398492113902847e+01
-2.342299900193335134e+02
-1.073884647140943684e+02
-2.931918111575335217e+01
-2.603541584543001619e+01
-2.806670478684316095e+01
-5.066410765371678337e+01
-3.184758000234391062e+01
-4.891487036116571829e+01
1.275163996613497552e-01
9.845973722628595937e+00
-2.295462805526761940e+01
-2.273770687501139776e+01
-4.643296561615301954e+01
-1.847260612708844860e+02
8.998059908355457992e-01
-3.938066662435546306e+01
-4.493533430797438655e+01
-1.116486071368698987e+02
-2.136590744458868585e+02
-6.610396191392385390e+01
-4.747924630962948811e+01
-1.876344219302978331e+02
-3.564714846031606044e+01
-1.970429746282821171e+01
-1.647996051215613633e+01
-1.163457251415850777e+02
-1.147377703812173735e+02
3.049799170325127307e+01
-1.198073887957883699e+02
-2.311361219685595358e+01
2.427352662312713960e+00
8.025489332726976954e+01
-7.795447646558451993e+01
3.115971400018629467e+01
-1.454580084864611536e+02
-2.587138986779412448e+02
-2.489034418302483402e+02
-3.141997683567764170e+02
-3.078785104068128931e+02
-2.635608189808597785e+02
-3.312785660926201672e+02
-3.468352224118440859e+02
-4.127959305619875181e+02
-4.776752542223699720e+02
-3.877382203867696830e+02
-3.656092106102628918e+02
-3.861050525539096725e+02
-3.793371989848271255e+02
-5.309724806525182430e+02
-3.443088774902599312e+02
-3.069155155101544210e+02
-1.821854914391709102e+01
-2.276730187810141359e+01
3.063242988795062516e+00
-3.911914832119351360e+01
3.433018944695487562e+01
-6.383496415036830740e+00
-4.822490137778472530e+01
-4.193127954066978447e+01
-1.799069094666373587e+02
-2.787285684766613372e+02
-2.080367053997964035e+02
-4.965341472925558719e+01
-4.657639056150181034e+01
-2.646422643508301462e+02
-2.743850826609667592e+02
-4.252074949986467800e+02
-2.937226973695816241e+02
-2.634706253958477760e+02
-3.552544251734776708e+02
-1.991262113499398652e+02
-2.990452128190900112e+02
-2.507065978452687034e+02
-2.310109298043315107e+02
-2.996842425366030511e+02
-3.128283601951114292e+02
-4.285619849125097289e+02
-3.293221519761438003e+02
-1.862287147922965573e+02
-1.263242874312405917e+01
-3.535088588085808396e+02
-2.131109905032242295e+02
1.790812288040554279e+01
-1.464851446437739924e+02
-2.712154281630246260e+02
-1.948227902192736565e+02
-1.296718511024637621e+01
-2.454777339919397150e+01
-1.778175535752179144e+02
2.203429973301905420e+01
-4.203768992426020645e+01
-9.387827384123623631e+01
-7.880666790293294355e+01
3.432032697292609669e+01
8.342982468521739747e+00
-2.044823424139691781e+01
-2.818433725734486757e+02
-5.623248822345289000e+00
-1.175654137976033198e+01
-2.998073198949721174e+01
-4.133666701365901730e+01
-2.848918086119286741e+01
-4.782770349270727905e+01
-3.549234513724065891e+02
-4.616634997478614082e+02
-5.534421328662333508e+02
-1.083733796602198936e+03
-6.718951735217739270e+02
-7.454787112310369821e+02
-4.530808972431433972e+02
-5.707505334701227184e+02
-4.309143203479079602e+02
-4.100451539853542045e+02
-6.424250685468662141e+02
-5.331699861222998607e+02
-4.799135079826294827e+02
-7.976678230173048405e+02
-5.880733478554454905e+02
-7.218129848873392120e+02
-5.782503861819573103e+02
-6.446298678194343665e+02
-5.423792770453862886e+02
-6.206025805089936966e+02
-5.268875127141443500e+02
-5.547497350033590919e+02
-5.156408917978940281e+02
-5.567920048876330839e+02
-5.197565262905011423e+02
-3.402093851201715893e+02
-3.896931758115505318e+01
-8.136282005161864106e+01
-1.699385414651593749e+02
-6.861931083335163351e+01
-1.296443588205347908e+01
-6.962255299782987095e+01
-3.987017624911527491e+01
-3.870438447680386673e+01
-5.248701748032893022e+01
-4.300095917051045546e+01
-1.000788990605619233e+02
-8.605713464514703048e+01
-1.232113276957450125e+02
-1.361580754750915503e+02
-9.365690229585254656e+01
2.305551446847894681e+02
-3.906814179571750856e+01
-1.234560952164701320e+02
2.712292618387174343e+02
-9.847461672547262879e+01
2.647286261022646841e+02
-5.646585021098491808e+01
-1.112504961974456847e+02
-6.114049890352775662e+01
-2.423895858113650377e+02
-3.055938918106884330e+02
-8.179505630457276766e+01
-5.743658159623080905e+00
-2.171686791080732633e+02
-1.571879822782593124e+02
-2.320019758366442488e+02
-3.485566941175754891e+02
-4.823498929752881850e+02
4.607267456218849588e+00
-1.083973480428945813e+01
-1.623312276903792428e+00
-8.947787751540079171e+01
3.833032766975674832e+01
-4.161175553175284136e+01
-2.908368873721298797e+01
-1.014049161528499710e+01
-7.206338112861125467e+01
-8.372241756714980454e+01
-2.225085025653679338e+01
-6.251147003311573513e+01
-4.083553657533923342e+01
-4.711460072585094139e+01
-3.057488376306373468e+01
1.062199530885193077e+01
9.043820440969302865e+01
2.201001134661759693e+02
1.154524172139663563e+01
1.071968464867028246e+02
2.991256066796495361e+01
1.202926186893592444e+02
-1.375403390414392675e+02
-1.517381636146362212e+02
-2.351237386245037726e+02
1.975737123371422399e+02
-3.539665748690440239e+01
2.310244185701625383e+02
5.393801133745438392e+01
1.925117070035639699e+00
3.993095286878332217e+01
-2.748468478431954054e+02
-2.294480725290959242e+02
1.996293058277285013e+02
-1.814863916966103830e+02
-2.147154639028624388e+02
-2.322333446885612034e+02
-2.816207986743555125e+02
2.472047024808067022e+02
-1.489681535497354048e+02
-1.616640518347823843e+02
-1.176821832402368528e+02
-1.685100405431508648e+02
-1.445843721355358298e+02
-9.899349779675999628e+01
-1.541262345542925232e+02
-1.060620169102913763e+02
1.877530458874799990e+02
6.687930852994220743e+01
2.240075268700027777e+02
-3.668372037697086085e+01
-1.515915927445610691e+02
-2.488195810651006070e+02
-4.996326684087359808e+02
-4.069062411633416900e+02
-5.665816722838969781e+02
-3.993779361870653020e+02
-4.876032950774957158e+02
-3.799485223710807986e+02
-5.168603323890326919e+02
-5.084462048960302809e+02
-5.109879222166393902e+02
-4.599821078739372524e+02
-5.270044800676762407e+02
-1.660139352803402062e+02
-3.329742149377004807e+02
1.993310543375063162e+02
-1.299007230575953997e+01
-3.342967653418786540e+02
1.803904375705222307e+01
1.502233811435810367e+02
-2.873867569134010296e+02
1.153429259785617091e+02
-1.864983180394018518e+02
-2.048587744260444765e+02
1.978797163627781686e+01
-1.082293899000716948e+02
1.094022845387195133e+02
1.595582742181669857e+02
1.710124776968782498e+02
-3.775098882179133852e+02
1.139908583264182482e+02
-2.668774934506662930e+02
-2.994300576744558384e+02
-6.507767727917982938e+02
-8.101465561442805097e+01
-6.967077973296669313e+01
-2.610962806164542371e+01
-1.039799637356850468e+02
-1.382796113984417445e+02
8.764122917353390108e+01
-4.707697302588084831e+00
-8.888415676480164507e+00
-1.367468052613912732e+01
1.319988004940292683e+02
1.971305064625929049e+02
2.014145058982862793e+02
5.604468890663372349e+01
8.659726226924894377e+01
-3.533381508191619247e+01
2.528492604297549917e+02
3.105864110208730722e+01
2.405568320844348023e+02
-1.118633983681314703e+01
-3.931278438345481163e+01
-2.473118029037736143e+00
-1.204453137991071010e+01
-3.711106888386734113e+02
-2.315633669744605072e+02
-3.047755209989010723e+02
-2.503007703089719769e+02
-3.069462305387133938e+02
-2.104676495135486221e+02
-2.451396779623639475e+02
-2.690498782817736583e+02
-3.559229624813523287e+02
-3.422714633139728448e+02
-3.526852400530466980e+02
-2.548650887847187363e+01
2.343243328575914219e+01
2.125927065103753080e+02
4.320272107554961849e+01
4.927851277107407668e+00
1.893505962050731739e+01
4.592799021097962964e+01
3.450784399335941544e+01
-9.574874169753498165e+01
1.565186906542854217e+01
2.598857021306085358e+01
2.699795914728240405e+02
2.019591020231686684e+00
2.041179548274695321e+01
2.313900274826349346e+01
7.395819786712067412e+00
2.271148283541101307e+02
5.716734256732453900e+01
2.451277839551439115e+02
2.307887958718787331e+02
2.623576167017935177e+02
1.674258489659943621e+02
1.836702588492008204e+02
2.253925976138658598e+02
-2.542979430371233818e+01
2.672433189816152890e+02
2.399143043975299463e+02
1.894745220240698700e+02
2.262245427797786874e+02
2.909307111416342195e+02
2.239898266095792394e+02
2.379642632018226891e+02
2.217583466317648515e+02
8.606747583834001603e+01
1.089946340148952260e+02
2.589874984649384828e+02
1.504365488840735736e+02
2.489235953150754881e+02
2.573897997933286206e+02
-2.785784362198724011e+02
1.471417830046026154e+02
2.526386075410080139e+02
-1.728493205216940964e+01
2.087239150785909771e+02
8.948048581661656442e+01
6.252472530621968616e+01
1.788585536919844969e+02
9.711570003974679821e+01
2.548037362638999355e+02
3.644483911831414957e+01
2.631597798195855376e+02
2.677453412914676392e+02
1.664876840368488331e+01
4.852744151990572163e+01
3.946762449889990876e+01
8.608936777725152467e+01
-1.086058333081369653e+01
2.161892986511506365e+02
2.529392936535601564e+02
-3.671496328463429677e+02
4.718825049529543492e+01
-6.987082178327327142e+00
-1.604626486029218029e+02
-2.595596737009054323e+03
-6.496252004474494015e+02
-2.626907591093990391e+02
-5.617279400259320710e+02
-2.918023039377331429e+01
-4.076604079638585745e+02
-3.741464434865611679e+02
-3.161021499266175852e+02
-1.694894044764660634e+02
-6.203047379650359971e+02
-3.162325751409757117e+02
-7.125250168589144550e+02
-3.094291941770151197e+02
-4.740838272535238502e+02
1.777886347875245576e+02
2.064792153785349456e+02
-1.967037992780761329e+02
-5.458006062480346827e+02
-2.575530602802498379e+02
-1.618212402833076169e+02
-1.505519037602286403e+02
-2.031016380450190582e+02
-8.689839012403392360e+01
-3.346374004401708930e+02
-1.146985461878901447e+02
-8.684022839232490298e+01
-6.183275235118724567e+01
-1.428341633698727833e+02
-6.067680367403544039e+01
-8.899881821666420478e+01
5.293565794620036513e-01
-1.577595703791089932e+02
-1.329240624613394459e+02
-3.985497736354103182e+01
1.189357156634500257e+02
2.263995947164873428e+02
-5.624375153614823830e+01
1.099373480483214252e+02
5.933604040336464891e+01
2.343268906605457857e+01
1.987627886609008954e+01
-1.335783799431148111e+01
1.786900433396096730e+02
-5.741111914709030373e+01
1.858009426743182928e+02
1.771396765948024381e+02
-1.367394443422578547e+02
7.341505028773499930e+01
1.537829786625675581e+02
-1.189656668033213691e+02
-5.888439528573832149e+02
-3.647215515462040969e+01
-5.720956567939366266e+01
-3.126115118365066436e+01
-8.640032801159441078e+01
-3.577077137524065620e+01
-2.838454040363741342e+02
-2.963789901545173961e+02
-3.825207540090121938e+02
-1.575137138829842911e+02
-2.190963075103237543e+02
-5.470804944688903788e+02
-1.295262935061945200e+02
-3.512666093972829913e+02
-7.247914545637019046e+01
-3.626578771257165954e+02
-1.564988392960756300e+02
-6.747618960488729556e+01
-2.095815923857915664e+02
-1.208345706983681112e+02
9.873195538830117357e+01
1.479826418695853718e+01
-1.557673065218107240e+02
-5.765023342216545643e+01
-6.284500972802332797e+01
-2.165087834033885485e+02
-2.297935025826928666e+02
-4.118643256245976403e+01
1.172613883802674479e+02
-2.420935106902714722e+02
-1.199015015475637114e+02
-1.500041954841975382e+02
-8.779307632565061681e+01
1.425633163904705611e+02
7.582158655528279390e+00
1.212319042915061829e+02
-1.896238344475426985e+01
-9.435751494501614900e+01
-1.007884977679041612e+02
-3.673989901102324751e+01
-2.993346070518190913e+02
-9.728240003465025154e+01
-6.658304707568210290e+01
-6.104411335758236845e+01
-1.927420813411845586e+02
-6.429018639814073310e+01
-2.239076545004182890e+02
-2.101589138060946880e+02
-1.906540375873849484e+02
-2.229163314456616831e+02
-1.905855316187975177e+02
-1.624139906306974694e+02
-1.732197926288558278e+02
2.237771207130489017e+02
-1.561660101867943808e+02
-5.460997772523122507e+01
-1.704813796169186446e+02
-1.897653918054343762e+02
-2.046440639969437996e+02
-2.488266298514947721e+02
-2.033891528626722334e+02
-1.813139634476045785e+02
-2.452177189004756883e+02
-6.747895480838759852e+01
-8.126155837957452377e+01
-1.621122131460120386e+01
-4.139402531041170619e+00
-6.120839833596519952e+00
-3.269594577932885215e+01
-2.353084133116687440e+02
-5.834732900960035096e+01
-1.008066833304792453e+01
-1.541751903600933815e+01
-8.164875358654741433e+01
-2.584445966668850758e+01
-8.303972349152249421e+01
-3.225681194364061355e+01
2.257040888059169959e+01
2.450388044832066328e+02
1.577424740584565654e+01
6.050549380204759586e+01
2.070925854619680990e+02
-4.497908516526284473e+01
3.043619543833190733e+01
-5.567437836175150778e+01
4.757262014908766901e+01
1.742689968964187130e+01
-5.794228551367680069e+01
6.900499854952099099e+01
-7.222510367681096000e+00
-7.863243789725970601e+01
4.309970844858204941e+01
-3.703514438247432849e+01
-4.330085890170562379e+01
-1.561972997505748140e+01
-3.913479960036669070e+01
-3.044659773305824046e+00
3.206740986958340045e+01
6.155429338505709325e+01
-2.164744435600701422e+01
2.125842687822985511e+01
5.801807767758612044e+01
6.398640932169826101e+00
-7.910529256482277560e+00
-1.238844388761188497e+01
1.503399984095159425e+01
1.764280382647366707e+01
2.320243437158401321e+02
3.525828619180197165e+01
-7.611632941865693169e+00
-9.828634179783364289e-01
-6.326310748679702556e+01
1.417464709503512665e+02
-3.135658560855375754e+02
-6.682850921609121997e+01
-1.098350986843426114e+01
-6.380572412149550132e+01
-4.445110351344919053e+01
-4.854847798192822239e+01
-9.538174093878497217e+01
-5.101619486651242852e+01
-2.709216138058075103e+02
-7.940006811902331663e+01
-9.323582310305029353e+01
-4.040904325888414661e+01
-8.812013505144770420e+01
-2.810705226921998801e+01
-6.324272019640906706e+01
-3.306907855220955383e+01
-5.555853938931985425e+01
-6.639996645115823526e+01
-6.892720396802090477e+01
-5.498410114825392014e+01
-5.419312728676497493e+00
1.507856200024077964e+01
-1.147539993935111653e+02
-3.548250207173394983e+02
-4.389580848424851212e+01
-1.235861267881750507e+02
-9.279314553042553371e+01
-8.967268599631461257e+01
-4.169077341002840598e+01
-4.163612203169678594e+01
-1.252240247470692083e+02
-7.119950120559548168e+01
-8.216360596938922356e+01
-5.852785028907480580e+01
1.468641798735570774e+02
-1.936445591772835542e+02
-1.861741487820576708e+02
-1.783039890236741485e+02
-1.080389059478176108e+02
-2.165891940891871741e+02
-1.586773980396778256e+02
-2.767645642283262077e+02
-1.487529497258581443e+02
-1.743080594501234089e+02
-1.759886995603995388e+02
-1.110246428388233255e+02
-1.395026041630596012e+02
-7.425818329145268137e+01
-9.971122103322787211e+01
-1.124915323609196207e+02
-7.636305524913959175e+01
1.955381908629508985e+02
-1.088826630901053392e+02
-5.983646133452789684e+01
-1.412675783291705045e+02
-8.135897209677769126e+01
-4.610716750768131789e+01
-7.827363873420966911e+01
2.151257875836167841e+02
-9.556144975832086175e+01
-5.604664926084539900e+01
-1.911530448382527538e+02
-2.752903849756761474e+02
-1.515397296255714537e+02
-9.950486027533428057e+01
-1.425749484325796175e+02
-3.144224737862033692e+01
-7.585192551734019162e+01
-5.061339297717628227e+01
-1.621784892341683815e+01
-3.488842336891528362e+01
-1.252112894062286870e+02
-3.593081816507484660e+01
8.470041723867758776e+01
-9.242415881475045580e+01
-9.149924896304985111e+01
-1.123098297769212053e+02
-6.013408423133147380e+02
-6.782674698686787451e+02
-6.489062777243934761e+02
-6.786908307246286540e+02
-6.101253819271721568e+02
-6.214009265726186868e+02
-6.636175953256823732e+02
-5.185908771554936720e+02
-6.181135675452673013e+02
-5.079715915881617434e+02
-7.251429808874375738e+01
-9.521235338888456567e+01
-1.322553877748085824e+02
-4.635518835476204913e+02
-4.457869327058232329e+02
-3.131762753715526628e+02
-3.124603065883801492e+02
-2.103513504303163018e+02
-8.445228333006463117e+01
-6.829831487020722136e+01
-5.465105842398556035e+01
-6.628004259652161068e+01
-6.282155849839256234e+01
-3.889610577369889199e+01
1.138802250711454604e+02
-1.942178173446289691e+01
6.698946776475267484e+00
-5.076862280476057521e+01
-4.857732602764776253e+00
-4.214842122981719399e+02
-2.247278775510029618e+02
7.385724710192717168e+01
2.034641981817207324e+01
-6.371280071992617167e+01
-4.927081819341656654e+01
-8.190410492526098096e+01
8.063553169021695055e+00
-6.839804928402841711e+01
-3.377837556579517013e+02
-2.230134528016330009e+01
-8.126743475270635031e+01
-1.365536234463703806e+02
-4.351647490926138317e+01
-3.282405903123456170e+01
-3.020775560932102621e+02
-2.129393904055451117e+02
8.519756824939022977e+01
-1.625668775667253101e+02
-4.843770844516431850e+01
-1.623218388687472498e+02
-5.785364287340182443e+01
-2.170812887020207427e+01
-4.339795797118718212e+01
-6.898390716280438539e+01
1.141214542096965658e+02
-1.368658531206024804e+02
-1.908308086129377443e+02
2.282932966882071071e+02
1.752452584871215890e+02
7.400465313411261548e+01
-2.731377392708140519e+02
-4.718743626532207003e+01
1.001963768218217865e+01
1.976432001955403166e+02
-4.303601640103329373e+01
2.256186528258359090e+02
1.287965730913093410e+02
9.498870373054270999e+01
-3.206997741255664778e+02
2.085378419349281671e+02
-2.598639856613976349e+02
-1.813559019701746706e+02
1.939711162783984264e+02
-3.310932098925098899e+01
-4.721094520584521348e+01
-6.492569226097013768e+01
-7.548390906714392656e+01
-5.966469109455520936e+01
-3.688147710450088113e+01
-7.140370254517108606e+01
2.803016498750150731e+02
-1.952310002436910281e+02
-1.205489830514343339e+02
-1.030115216605546351e+02
-6.162920620769023117e+01
1.813187623407911815e+02
-2.389204697230822561e+01
-9.369810502151499065e+01
-2.248938421684516982e+02
-3.797484842109440706e+01
-6.976327376839439864e+01
-3.768633853983797621e+01
-1.534226705294185251e+02
-1.708490618677311659e+02
-1.624032403125548853e+02
-8.429372376608198181e+01
-5.772086057689646310e+01
-4.502948946808329111e+01
-1.070638472545531705e+01
-2.811115801804004377e+01
-1.603677774809730394e+01
-5.138364446800669327e+01
-5.589706303872221582e+01
-4.596954583466907707e+01
-5.688461709493303431e+01
-1.039414415364660869e+02
-8.758727632026962340e+01
-1.157671450938839683e+02
-1.813293799621078506e+02
-2.120026084738700547e+02
-3.001027644845465261e+02
-1.426652824293748836e+02
-6.036041822155197423e+01
-1.119479549266944218e+02
-1.199255922383736106e+02
-8.388380727271666615e+01
-2.448632271295649616e+02
-1.395330158343701896e+02
8.675617930559381819e+01
-3.369609908335698378e+01
1.853655042211821069e+02
5.062188985736131031e+01
2.122373273729974699e+02
1.645979074632252832e+02
2.223988019921764590e+02
1.969438378340456666e+02
-1.775845245149858442e+01
9.936274005560477462e+00
1.532077056035692522e+02
-3.150304308580734869e+01
1.435581001726144734e+02
-2.381702038753789452e+01
-4.985077039146752043e+01
-2.173172966320385058e+02
-9.470053055537775322e+01
-4.165468493844096542e+01
-4.120225638834249082e+01
-3.098143576908801720e+02
-1.700645721212529793e+02
-7.523062417900139565e+01
-1.501832562367241053e+02
-1.238465208439782543e+02
-1.798967283871315885e+02
-1.670258008968159515e+02
-1.444685446991117885e+02
-1.553395144380818067e+02
-2.891267850275499995e+02
-1.615381362061430934e+02
-1.363319794089399863e+02
-1.701991642364092741e+02
-1.440058041594698466e+02
-1.034446129394151228e+02
-1.311297421495362130e+02
-1.691633822552597621e+02
-4.533044636244190428e+01
-1.856912226575907994e+02
-1.973393159155556305e+02
1.948763793790357965e+02
-1.767157781987790486e+02
-1.999553306902657255e+02
-1.366427131530110728e+02
-2.170119952241887233e+02
-4.719915416616303787e+02
-2.837292315976197870e+02
-1.901750903628087030e+02
-1.988597873018883320e+02
-4.323179176212832431e+02
-1.396138008423849897e+02
-2.464734329634549397e+02
-2.900469178974404940e+02
-1.903644175253286903e+02
-1.642261157764232280e+02
-1.381804031403592603e+02
-2.787075533010930712e+02
-3.068912227540363915e+02
-2.915306635711111767e+02
-2.988081648272362827e+02
-2.699128489202081482e+02
-2.123299190836015100e+02
-2.846002560126327126e+02
1.737601763807849693e+02
-4.452309223944546943e+02
-2.076326581593061746e+02
-2.803086359891901793e+02
-3.709995434079291954e+02
-3.142894195453307589e+02
-3.403189903828829301e+02
-3.582446427238216415e+02
-2.252208477884030060e+02
-3.654618556563858647e+02
-1.091685744306185768e+02
-6.812776867165516137e+01
1.014789174934441007e+02
6.623304494983105428e+01
-8.512408237967844116e+01
-1.495100388371709812e+02
-1.214460183755972338e+02
-6.596247247376184930e+01
-1.365846377209261959e+02
-7.764357025639729670e+01
3.391934247081098164e+01
-8.115617464698239303e+01
-6.155803534242211583e+01
-9.522394138696765253e+01
-8.913182873919123494e+01
4.193112568860436795e+01
-1.460355527575335373e+02
-1.680017782330865259e+02
2.599333140731469882e+01
-1.197068969057090158e+02
-5.689059249541374186e+01
-1.288707827807595834e+02
-1.432401494184079809e+02
5.038012466634623365e+01
-4.740884251407089778e+01
1.188505966328548880e+01
-1.125926989997333578e+02
4.934826427175963204e+01
-1.365133010270264720e+02
-1.805165617150719584e+02
-1.466578832727607846e+02
8.570408038210359791e-01
-4.352906380410187381e+01
-2.772473952308722289e+01
-1.707277464030755993e+02
-2.441008140538873192e+02
-1.881415529840373040e+02
-1.286147913005071644e+02
-2.662115426634793494e+02
-2.756775291528867911e+02
-8.995893655567579117e+01
-5.794495898482137619e+01
-1.261213371614871050e+02
-9.124341027041124619e+01
-5.604430637007742178e+01
-1.163943877837340892e+02
-4.759142511567822709e+01
-1.447839259774351888e+02
-2.159641430340568604e+02
-2.357921244472989031e+01
-1.476247345871877883e+02
-6.063940853406911202e+01
-2.624307178105403864e+02
-3.675365665443560204e+01
-2.566965031614972581e+00
1.363326384695562865e+01
6.856245460839431871e+01
3.132002533579003511e+01
-7.819489977968224537e+01
-1.253644121424404005e+02
-1.432582184872505309e+02
-9.999713758066943114e+01
-1.043147584857098451e+02
-8.255453981141978659e+01
-5.303111291744331623e+01
-1.216304277318301530e+02
-3.968516531862261587e+01
-3.677515373618913230e+01
-3.596402863130423810e+01
-3.420088271394203048e+02
-6.394199937420884226e+02
-4.223926778974446279e+02
-6.857068871643231205e+02
-5.283376375712334720e+02
-3.642677347873549252e+02
-5.629535315394792150e+01
-4.236434118405684899e+02
-3.308803196638880308e+02
-5.028715876008857890e+02
-2.775580829446418818e+01
-3.904350393882828030e+02
-4.822361988197407072e+02
1.210885708700622843e+01
-4.469848816099413824e+01
-1.842117153142905579e+02
-6.361408515508030348e+01
-1.819752509082812537e+02
-4.742690784330918774e+01
-6.987248256878837083e+01
-2.017448641946880059e+02
-3.723493083223026900e+01
-1.414413218527065794e+02
-2.349469401032152760e+01
-1.524517417735770266e+02
-1.487493987264005568e+02
-9.382045422893685327e+01
-8.614710705707416594e+01
-3.313033106954793539e+01
-2.253990856199874315e+02
-2.240159964666557926e+02
-8.155813590154410804e+02
-1.459591573107705926e+02
-1.529802799783226988e+02
-6.163026135125821838e+02
-3.084696697519107147e+02
-6.960211773628550702e+01
-7.724982687386462032e+01
-1.203754825242576771e+02
-1.288530530686734323e+02
-9.086526602101464789e+01
-1.573009390022616856e+02
-6.715910138840419563e+01
-8.305880276537101281e+01
-6.994465082934333111e+01
-1.779470277494819186e+02
-1.705405327424411723e+02
-1.049893504352876192e+02
-2.511940951955345156e+02
-1.726116290102565927e+02
-5.105791156451136885e+02
-1.356654152490507954e+02
-3.922196207435407018e+02
-1.360264448530275843e+02
-6.596207436749656949e+01
-4.497177180527161511e+01
-2.962726664737804327e+01
-2.529442065619887003e+01
-3.255655427935680279e+01
-9.271544858729843952e+01
-1.505960901448443110e+02
-2.468518090722886598e+02
-1.394352233375379342e+02
-3.600655715670647510e+02
-2.958214637383888430e+02
-2.423005154980387772e+02
-3.507696009476229619e+02
-3.193834933958929128e+02
-4.811155546716881304e+02
-2.128494417446370051e+02
-2.648223011091019998e+02
-5.250713389864108649e+02
-1.933728936857988856e+02
-6.449508163997436441e+02
-2.964473774833342077e+02
-3.095209322161026648e+02
-3.092144956286566639e+02
-2.488068270645424604e+02
-1.817771812601944248e+02
-2.989825846387669799e+02
-3.567567124532488947e+02
-2.716265127698280253e+02
-2.685351164134640953e+02
-4.353612542444749920e+02
-3.364890504399702422e+02
-3.580563658079108222e+02
-5.410085070279251340e+01
-2.244722791620258704e+02
-2.798838293624460221e+02
-2.687966497810704141e+02
-1.735063625607633071e+02
-1.822769317976427033e+02
-1.566203910487364794e+02
-1.555042026878604702e+02
-1.104160059892620751e+02
-1.357846934926758991e+02
-1.615296141432167474e+02
-1.540367610155907414e+02
-6.406872912345865245e+01
-1.246786901908671723e+02
-1.002943512356686142e+02
-1.276991374876313188e+02
-1.399187790608280295e+02
-1.178522379860645799e+02
-8.844166172481793353e+01
-2.058358525939922856e+01
2.286922183257748031e+01
1.542963736646248663e+01
-7.170157180334032887e+01
-3.568235409187458629e+01
-7.889680638605000240e+01
-1.307032047633460934e+02
-8.619528953115991499e+01
-8.814383344831712463e+01
-6.394801781618781433e+01
-1.199833574874288047e+02
-9.590545132971733722e+01
-4.838365732787366369e+01
-1.227259081308637008e+02
-1.126634672428395163e+02
-8.653097753469974407e+01
-4.786586453887032633e+01
-9.530625185030550028e+01
-8.770653439805988683e+01
-1.053568140205041175e+02
-4.076382815722960373e+01
-1.389266433339983848e+02
-1.515232921862693161e+01
-1.781286428838585323e+01
-9.789007732053566713e+01
-2.528281506622487029e+01
-9.286255177351145562e+01
-8.284171063283781677e+01
-7.411641991493596038e+01
-6.320537397544416081e+01
-7.805265011858753610e+01
-1.107901281090575338e+02
-9.207788192828289198e+00
-5.807967270843688823e+01
-2.795715096163877433e+01
-2.777308489193438845e+01
-9.272102589400320483e+01
-1.307823643710691499e+02
-1.362658204150569929e+01
-1.148845511305120226e+02
-2.558891174968591997e+01
-9.696721004651170972e+01
-4.573079966687373599e+00
-1.125995865246772780e+02
-2.290911782182408274e+01
-8.841769607013591781e+01
2.037415768473526896e+02
-3.049018584896556661e+01
-1.197972663720957343e+02
-1.925381508284886536e+02
-3.965415690968643503e+02
-4.243162179860586321e+02
-1.539036534875135203e+03
-2.880917411794833356e+02
-1.156844489099521098e+02
-1.508731636673210801e+02
-1.142246593215957233e+02
-1.183585104589983530e+02
-1.219535604267275488e+02
-1.611667936745595853e+02
-8.751579882154116774e+01
-1.740566994849619959e+02
-2.690925486732148784e+02
-1.329722294520389312e+02
-1.580494472607639693e+02
-1.151438525837780560e+02
-2.033175277032262613e+02
-2.713226054141607619e+02
-4.239024493689988162e+02
-1.440542012252765005e+02
-8.475517554443310075e+01
-1.542692304644897661e+02
-1.043826564640839933e+03
-2.946415031275387264e+02
-2.077928916656741194e+02
-5.248305709909716370e+02
-2.834034343279393511e+02
-4.217178563140399206e+02
-1.194296699516836497e+02
-1.725995261837525163e+02
-5.244980155942347722e+01
-2.837467578784846012e+01
-2.207532380388903448e+01
-1.371162131435680749e+02
-1.067844540914573770e+01
-5.479232960501491334e+00
-3.996996172174447537e+01
-1.477561002376246790e+02
-1.546722347659271861e+02
-8.175617769673119994e+01
-6.907336560110736912e+01
-2.236831144875007169e+02
-1.262861360277283040e+02
-8.887416161606596177e+01
-2.155854890455417205e+02
-9.958586839040762584e+01
-3.106662332571776233e+02
-1.442906281168853582e+02
-1.497980306027583879e+02
-1.692708478250574444e+02
-1.157197688414083103e+02
-1.616097703430727393e+02
-9.926728423744857821e+01
-2.431648149855271015e+02
-3.620352325962867326e+02
-2.619442158517273924e+02
-1.218436997758798128e+02
-1.863735495450710289e+02
-1.132786205716461723e+02
-2.594014839064153648e+02
-5.253181670903791201e+02
-7.810556275326356968e+01
-1.663447957926600509e+02
-1.556213341097536613e+02
-1.488062245470420351e+02
-2.024868933141996763e+02
-2.249483505397522265e+02
-1.734221017543772518e+02
-2.457942410510503635e+02
2.256297974107107507e+01
-1.131557006553031499e+02
-1.843159664433267722e+02
-1.594137400388238177e+02
-1.529771769464001068e+02
-1.309577455612867993e+02
-1.563938216020257812e+02
-2.258276300908867711e+02
-1.163961336156966837e+02
-1.833765732763432652e+02
-1.434678833084385587e+02
-2.580551203417832085e+02
-3.274496038645563658e+02
-3.958661074044059660e+02
-2.341536211188713139e+02
-2.347200245809775936e+02
-2.311332159428859825e+02
-1.583283792958509935e+02
-1.982523741528101766e+02
-8.447956863154858809e+01
-5.097429160922431635e+01
-9.833450393442939585e+00
1.031560799096155847e+02
1.791875641950439899e+02
-2.830160577900028329e+01
-1.283925477327027806e+02
3.241557351882448756e+00
-1.250284313664821383e+02
1.478916269098913006e+01
-2.383098844806087868e+01
-1.349307312334357789e+01
-1.985440575966879067e+02
-1.315832012048375930e+02
-2.244691307151003627e+02
-3.889466020846636241e+01
-3.786512011120258592e+01
-2.490336534112315974e+02
-1.582450488232500163e+02
-4.600560571115081530e+02
-4.084703556498078001e+02
-4.040164650516538813e+01
-8.197117914660287852e+01
-4.282296131461749269e+02
-3.152716117117116710e+02
-9.407836691639968763e+01
-1.907349432589248295e+02
-1.229066061491643147e+01
-1.005153921855659007e+02
-9.748091312742957371e+01
-1.666466840652508381e+02
-2.109825675936782545e+02
-1.050101180741287834e+02
-2.377295594265637533e+02
-1.488518307952006126e+02
-2.237748390611507432e+00
1.606939716331859245e+02
-4.339083492729205460e+01
-1.327674870719040996e+02
-1.600845629627254425e+02
-1.721972833582199200e+02
-1.098911236355182268e+02
-1.537491430467510156e+02
3.957870544509945887e+01
-1.119911413135824176e+02
-1.119741823909556047e+02
-7.283111164992666886e+01
-1.862522970908871116e+02
-1.860233292635601003e+02
-1.312870108311815329e+02
-6.386900688577883756e+01
-5.580349394814404462e+01
-6.309212907574413975e+01
-7.376225046688101656e+02
-5.963835666382517502e+02
-1.935976134021906034e+02
-8.617452845845348293e+02
-1.651475143804847221e+02
-3.372007414333392603e+02
-1.104145000247315664e+02
-1.394860245723614014e+02
-6.079718317779907721e+01
-2.421578115399209352e+01
-1.510736387391736741e+02
-9.313325985045270272e+01
-2.289277652767913551e+01
-2.401776651785323224e+01
-2.018688643148887962e+01
-9.345268355328065013e+01
-1.113631922349849077e+02
-2.917956534767708376e+02
-2.604017773515097360e+02
-2.971056373358437668e+02
-2.932513335644845256e+02
-3.130141152519785805e+02
-3.416862703708911226e+02
-2.875494135838309830e+02
-1.086903795203247540e+02
-1.113537189428764833e+02
-2.667556858793257106e+02
-1.384863833410264817e+02
-1.105245472677979421e+02
-1.339970428011879733e+02
-1.266837740912923209e+02
-2.944401445599643807e+02
-2.091742116413727217e+02
-2.692122997059757381e+02
-1.409948737675632628e+02
-2.494476873564789230e+02
-3.289574789988708972e+02
-3.999409138586584618e+02
-4.465055516167743122e+02
-3.291028620400260252e+02
-2.503764840937335237e+02
-2.847684613518916876e+02
-2.374912032666228754e+02
-3.140098799528475411e+02
-1.225282722688657913e+02
-1.132111794777148219e+02
-9.119721416573253236e+01
-1.230042801433095860e+02
-9.598572199056411591e+01
-1.615309181304042454e+02
-5.002737327533186829e+01
-3.704593703043790924e+02
-7.023542442403628172e+01
-1.659832884141044644e+02
-1.090659081130824717e+02
-7.177813765827774262e+01
-8.962174112231497958e+00
-4.999144692573745630e+01
-4.078574658015839987e+02
-4.051772127114018645e+02
-5.909121639254485814e+01
-2.440573078940714993e+02
-1.324504597471470788e+02
-1.320380836742175461e+02
-2.150620273938811238e+02
-1.848628698580402485e+01
-6.457986903728415484e+01
-1.259753247708749768e+02
-2.073643049233097599e+02
-2.339761805749504902e+02
-1.378359552782344792e+02
-1.637707008824230002e+02
-9.438693103617036684e+01
-1.064882447632849534e+02
-9.233574775239642207e+00
-6.624478929856293519e+01
-5.289241926887189749e+01
-8.008406297677449004e+01
-3.866778601896257328e+01
-7.815369919018186806e+01
-9.898800275262433956e+01
-9.419247304025515177e+01
-6.562769218677154015e+01
-7.918928331614036153e+01
-7.676672880005315847e+01
-1.003356002284678254e+02
-8.195833506907561627e+01
-1.448601753078919501e+02
-1.199625076015308025e+02
-2.353756950086537358e+02
-1.681138028208911237e+02
-1.708925903340281707e+02
-1.558988231031867713e+02
-2.835037834231325178e+02
-2.515691498205581809e+02
-2.353618432329547829e+02
-2.486221334744044782e+02
-2.408276939495802367e+02
-2.686848699587342821e+02
-2.077553068620423744e+02
-1.606916133945711920e+02
-2.160880894761075126e+02
-1.846938282248766257e+02
-1.970711354393238253e+02
-2.000450664729213486e+02
-2.092769460586661978e+02
-1.530249910596705831e+02
-1.716732356476214534e+02
-2.248807003862582405e+02
-9.704389132193256273e+01
-1.793815672345214409e+02
-1.460590846791887714e+02
-2.447160377927992556e+02
-1.761720036262266262e+02
-1.905867204830404376e+02
-1.970182437386869481e+02
-1.842670894901035581e+02
-1.774922582854164261e+02
-1.950064811709460173e+02
-1.995221222361787170e+02
-2.407595350049865033e+02
-2.290443215798553069e+02
-2.627611147024840648e+02
-2.571615721139818334e+02
-2.318704533598005071e+02
-1.706038526795013865e+02
-1.151044003670749021e+02
-1.665929935841655833e+02
-1.971256395444295606e+02
-2.684495236781068570e+02
-2.110317289228337927e+02
-1.287817915421317991e+02
-1.834296541786496277e+02
-1.664079176016371378e+02
-2.439450737782138958e+02
-2.023488726288233011e+02
-1.847590558081529934e+02
-1.373652933492945749e+02
-1.465634937580533972e+02
-2.301271130818670656e+02
-1.881854548154083773e+02
-2.270519156659595410e+02
-1.597715243957992186e+02
-1.970584015942933434e+02
-1.554880673310549071e+02
-1.536256729228595646e+02
-2.316188551029807741e+02
-2.202162325580842435e+02
-1.224147013094873273e+02
-2.042175567401591820e+02
-9.127505394933211846e+01
-1.484841814662881916e+02
-4.608006034940859053e+01
-1.245345276695657191e+02
-7.590758784402319748e+01
-6.427417782549667891e+01
-8.374075442772928568e+01
-3.486506632146418383e+01
-7.120637104777424042e+01
-2.543124580121417466e+01
-7.736826459908309062e+01
-8.057747721245233663e+01
-4.899267805541252585e+01
-2.613692640353414731e+01
-1.162531364532966052e+02
-1.130352364861362702e+02
-9.469739077259751525e+01
-1.476206779307988768e+02
-9.994753204236297961e+01
-7.747349223043633515e+01
-1.071141203057736959e+02
-1.696604619602191804e+02
-2.667917809708476966e+02
-2.840449823294358112e+01
-1.584684195081955806e+02
-1.399457051551866016e+02
-9.055745382595122805e+01
-6.675980972790260637e+01
-7.321346087773791567e+01
-2.244748821150385538e+02
-7.897577745931462800e+01
-1.531632608009129797e+02
-1.111861337276454407e+02
-1.069297517743653856e+02
-6.678408148495218200e+01
-4.288546851717218544e+01
-9.041249440601482945e+01
-7.111052596031726125e+01
-7.835650319961952448e+01
-9.494530665274179171e+01
-8.057399921274252108e+01
-1.863374422906808832e+02
-7.664412305944330228e+01
-7.640713589421743279e+01
-1.041945051436441929e+02
-2.276030220540432651e+02
-2.897475450945858597e+02
-2.015912811731971601e+02
-2.176598695023115511e+02
-2.043245386288245413e+02
-2.637754516757925103e+02
-2.986634781325930135e+02
-2.062303264465448365e+02
-4.230290669594828046e+02
-3.275232820503329094e+02
-5.385918991050543525e+01
-1.092621078991377885e+02
-1.239683441003811595e+02
-8.401059377986757681e+01
-1.931312414098613317e+02
-1.193848854915502500e+02
-1.189741091641385822e+02
-1.630179217790505675e+02
-1.838037424605371939e+02
-1.372544183901642327e+02
-1.520439352413572180e+02
-9.707962261934338244e+01
-1.619719606305022523e+02
-1.559450110708980333e+02
-1.116484198099233964e+02
-2.187647137401781947e+02
-1.493609533072651629e+02
-1.393477135508034337e+02
-1.291982550589193011e+02
-1.424204659360982532e+02
-1.981481083758070838e+02
-1.375002844033656970e+02
-1.606697867819425767e+02
-1.586067500555684546e+02
-1.297684738975662526e+02
-2.088489934562474559e+02
-1.690077795437388772e+02
-1.235322485644526012e+02
-7.487686393758548320e+01
-1.022969572203463855e+02
-1.429698682728225947e+02
-2.366531702664715340e+02
-4.746864084917893223e+01
-1.702813432403742695e+02
-2.013895688545347298e+02
-1.834473754016513567e+02
-1.532744250992312800e+02
-2.780981736295526616e+02
-3.612587386183782314e+02
-1.905244189542203230e+02
-1.645144727490725813e+02
-9.722508822869939138e+01
-1.518206257492645648e+02
-1.365887422777536813e+02
-1.673904362975084723e+02
-1.629633792201978224e+02
-1.536694897272821549e+02
-2.226831271290555847e+01
-1.146076585774600289e+02
-2.815797467598407877e+01
-8.445978942340941842e+01
-1.245180591003901043e+02
-3.606178493804585514e+02
-7.736326534736619465e+01
-9.201938101818124949e+01
-1.583160222688364911e+02
-3.656838074424522347e+02
-2.693512472857294426e+01
-2.244875635489733554e+02
-1.387600865678435582e+02
-8.095513650320343402e+01
-1.251960608095842247e+02
-1.827980526376789498e+02
-1.316789877588386162e+02
-7.254082860993867143e+01
-3.195614545521964374e+02
-1.254371161550022009e+02
-1.066126300050493825e+02
-1.158924572145179894e+02
-3.892433164953991422e+02
-2.137363216093866072e+02
1.648750932361098478e+02
-3.623892011231022252e+02
-8.251909953621706109e+02
-5.453814112665205585e+02
-5.317279608042307473e+02
-1.316684840872341056e+02
-1.358315920715768925e+02
-1.623269456851378720e+02
-1.338372413144070379e+02
-7.572993372737145990e+01
-1.865240233052637961e+02
1.534150177583296681e+02
1.489337334044552676e+02
1.100020999439945655e+02
-5.206416089182540219e+01
-3.061748879917413646e+01
-1.590884042930240980e+02
-1.786646687456514826e+02
-9.642261577043593945e+01
1.487303736412465582e+02
-2.173653067337543803e+02
-1.314199669504777717e+02
-1.457007135950074712e+02
-1.830017770409360196e+02
-1.974222883475492267e+02
-1.362001951641075834e+02
-1.858983080025682284e+02
-1.564269483950899371e+02
-1.682951750513997524e+02
-1.495352967961975139e+02
-1.772223696947980898e+02
-1.796502624580231497e+02
-1.389883487150973167e+02
-1.827751888152507718e+02
-1.249589587459474700e+02
-1.772736401352449889e+02
-1.268537853271159861e+02
-1.476992761058086217e+02
-1.181327728164411894e+02
-7.076456493097883538e+01
-2.014642296634904142e+02
-1.504094746915054657e+02
-5.229002434818841039e+01
-5.177344934131074439e+01
-1.164791143271181113e+02
-1.151262425767038451e+02
-1.532302682306954011e+02
-1.190642394337462093e+02
-1.314589208582785602e+02
-1.371088945637550864e+02
-1.128099993241701782e+02
-4.118995497184971555e+01
-8.024913760752821190e+01
-1.171042754866539326e+02
-1.072325064509580841e+02
-8.977347340019976230e+01
-4.269491085081469350e+01
-1.727688361871900895e+02
-3.680502733003201570e+02
-5.797999788826739405e+02
-2.896705045451495835e+02
-4.491637276643215273e+02
-2.438788686174710278e+02
-2.857713054160484489e+02
-2.812244618305720110e+02
-2.367938179389311699e+02
-1.629049819545073774e+02
-1.844674893813125891e+02
-3.768255544012164933e+02
-1.200703545699990116e+02
-4.878966240308922693e+02
-2.802137248258289901e+02
-5.869679808414975497e+01
-6.130918646802770411e+01
-5.084075164488244525e+01
-6.016889313900199454e+01
-2.165753437567220629e+01
-3.628852961960280510e+01
-3.933375745012575635e+02
-3.378381491878689502e+01
-3.990481689268574428e+02
-9.476744876674026727e+02
-8.469547433263841185e+00
-4.217062364347989956e+01
-2.810242355907590550e+01
-2.903599774952265378e+01
-2.838993435645556360e+02
-2.236275016879066015e+02
-3.459596578745821205e+01
-1.408258763504432522e+02
-7.681779919740633034e+01
-8.786336583356357721e+01
-1.104444137078446460e+02
-1.640599134631952154e+02
-1.889715467245841864e+02
-1.190692646019920460e+02
-9.262457789134225550e+01
-1.131188964503783012e+02
-1.627521140841789418e+02
-1.398962028435697391e+02
-5.974711536160729963e+01
-3.557896290112254434e+01
-9.409217704803508298e+01
-1.016501864013791305e+02
-3.999063133487943844e+01
-8.059656493365856988e+01
-7.434066373608897038e+01
-9.941204370284123115e+01
-1.180435826428195583e+02
-4.458705495499041263e+02
-6.071187075563907456e+02
-3.080774355844179127e+02
-3.200863683678143161e+02
-5.745893009110272232e+01
6.854485984267469689e+01
-3.334828639239196946e+01
-5.703711583420970044e+01
-5.810239744633994263e+01
-8.932439908073273216e+01
-7.366308664700629549e+01
-8.545687447159882311e+01
-9.243247134185503455e+01
-1.900341796404148624e+02
-5.677758900078111282e+01
-6.474388689443827616e+01
-4.624894735865034789e+01
-8.112889660181242846e+01
-3.072427229070299290e+02
-1.821078630851096420e+02
-7.718386110610875050e+01
-1.603653126402826388e+02
1.246481369878990648e+02
-9.524646531774195068e+01
-6.935478896072102373e+01
-4.803065793826582563e+01
