-3.473907269898901404e+02
-2.459777721393177785e+01
-4.886614476751312282e+02
-4.801193355611758875e+02
-3.564772608134267102e+02
-2.305948159381100311e+02
-1.817514228404894538e+02
-4.107491336290119648e+02
-3.170644800249820605e+02
-9.892980537924422890e+01
-4.392458530474758049e+02
-2.933309399998173603e+02
-3.839269713516745952e+01
-5.955003652273646253e+00
-9.447073444650081342e+01
-1.812060983843191480e+02
-8.347319430699516829e+01
-2.790369416529778732e+02
-3.188445962749854061e+02
-1.262224993997346303e+02
-2.444327428298083191e+02
-3.301247092358017881e+02
-2.765176597801887510e+02
-5.833359606117928706e+02
-1.441123070930831602e+02
-1.054445504543762269e+02
-1.710022828661647338e+02
-1.756494418239385027e+02
-2.337438720564995265e+02
-9.125407971795166873e+01
-2.180449640454714313e+02
-1.418481395750386582e+02
-2.423370592321325319e+02
-9.079096639772504318e+01
-1.628767616904182205e+02
-1.207202924664753425e+02
-9.423111020738353716e+01
-2.693986718133625118e+02
-9.019304556120560790e+01
-8.544527990390804462e+01
-2.028079251847760247e+02
-4.367992693330717771e+02
-3.888079101916547415e+02
-3.909770440410306946e+02
-8.438016218298827198e+01
-6.182466108598595156e+01
-1.611261306569003295e+02
-2.555835305162011082e+02
-4.230556521690061800e+02
-1.264864498055433870e+02
-1.238275430004062798e+02
-5.113273169273104912e+01
-1.654175923265385109e+02
-8.744954940315969338e+01
-4.520963622638424795e+02
-4.399127958867476309e+02
-8.278922142480111290e+01
-8.476224473884906274e+01
-8.541019395585109919e+01
-1.630916733358471333e+02
-3.203853781330867605e+02
-1.012942244337544082e+02
-1.584865117891447994e+02
-1.468539772965202985e+02
-1.529084991087369474e+02
-1.157181916275409321e+02
-4.659384634384102242e+01
-4.442778232449311986e+02
-1.183820434838787463e+02
-2.400608839944447368e+02
-3.397412144602166109e+02
-3.723099149767296012e+02
-1.735451390405191319e+02
-3.811640619360680944e+02
-3.011657198194361058e+02
-7.841924241259667383e+01
-8.080595626564267775e+01
-2.380849130759945638e+02
-2.716428254836943665e+02
-3.792615021636683537e+02
-2.000841605156004448e+02
-7.640274521470340119e+01
-6.945858341417184079e+01
-3.785771412641485085e+02
-3.753750824592125923e+02
-2.174850842553543089e+02
-1.171094501587668191e+02
-2.074249804941373725e+02
-7.293169749074894526e+01
-1.507754088299116404e+02
-7.571517477947585917e+01
-7.325194469803065545e+01
-2.477058245261359559e+01
-4.937261053134073450e+02
-4.878140023907945420e+02
-2.788554675774594216e+02
-4.229307578687961495e+02
-1.082005252936248212e+02
-4.801942345014958846e+01
-3.699240668509613670e+02
-4.393288436031217543e+02
-9.532957374702913000e+01
-2.585260956988000771e+02
-3.065855391723712273e+02
-1.183838915149011370e+02
-8.695230390485302507e+01
-6.948132440268533117e+01
-2.306525864692178800e+02
-3.652755992445717084e+02
-1.586837455080236055e+02
-3.079622171335855683e+02
-2.019383632101190074e+02
-1.855855522588638280e+02
-1.866201707780261358e+02
-1.283860781952935497e+02
-3.535500611865072074e+02
-2.823167950197126856e+02
-2.225096533027641499e+02
-1.220920249844305374e+02
-2.400887128277675231e+02
-4.299636044242692492e+02
-3.039807568748796029e+02
-1.027006162190075855e+02
-2.559958427910934802e+02
-1.428523153774162893e+02
-3.617728185881468903e+02
-1.022750126776829660e+02
-2.969403972294839491e+02
-1.718871245750342496e+02
-1.212577521774405795e+02
-4.644328193574494321e+02
-1.256033306553772775e+02
-2.984964076226794418e+02
-5.154180029295988561e+02
-4.399194507880432639e+02
-7.692605830224813701e+01
-1.179174368533941362e+02
-1.251007560981848314e+02
-4.989307624352677522e+02
-1.623021561359620080e+02
-1.889558354622857337e+02
-4.777064492196798824e+02
-1.576611557381166051e+01
-9.264408496272513105e+01
-2.737114523166968638e+02
-1.694538332283630666e+02
-2.592541440075140713e+02
-3.191914415314116127e+01
-6.346575344664891816e+01
-2.778165775339244306e+02
-1.206901017928637145e+02
-3.654755824341083326e+02
-5.537448237018321606e+02
-4.889839534429243031e+02
-9.091459602764314241e+01
-2.283593573329090418e+02
-6.603619787017302656e+01
-1.487874089178756662e+02
-1.013214864093038727e+02
-1.222993400977093756e+02
-3.092824741451413502e+02
-1.097016533884838907e+02
-2.354979499940321261e+02
-2.806145454439858327e+02
-3.712189895195324993e+02
-6.778811848503808335e+01
-2.440347185673239210e+02
-2.277579655694477481e+02
-1.936249547773354607e+02
-4.357253961102757103e+02
-2.627402234114791781e+02
-2.768177297589454042e+02
-7.622083455539738850e+01
-6.887455361778283702e+01
-3.077038643335047823e+02
-1.337478171234308775e+02
-7.083774549873513138e+01
-2.021733156999956691e+02
-1.677271508667015496e+02
-1.694561422338994987e+02
-2.815810987359438968e+02
1.788603612641841778e+01
-3.495973002082337757e+02
-1.091334928332115908e+02
-2.317975365882500682e+02
-2.258907878604355801e+02
-1.078512916968656725e+02
-3.461775743385694568e+02
-3.340326643401458284e+01
-1.655977886591132062e+02
-2.199410385467639912e+02
-9.904124676671590066e+01
-3.139751177699280333e+02
-3.167467741567384110e+02
-3.002653462592271580e+02
-5.003029774499654536e+02
-7.800094892902045274e+01
-1.591894554779451596e+02
-3.082166334786697917e+02
-3.715524980440853824e+02
-4.024394268613863801e+01
-3.241840004883162010e+02
-1.135360497531878963e+02
-9.523012268178212025e+01
-1.656524385881695594e+02
-9.031043766231958614e+01
-2.638408692685135293e+02
-1.109190922941186983e+02
-3.904564931591737604e+02
-3.076677275668229186e+02
-6.588297842461939524e+01
-3.032463939719126529e+02
-1.029117004753706794e+02
-1.250522111372156360e+02
-5.649206148329133725e+01
-2.112997605730568580e+02
-3.088029834504923201e+02
-1.230838730850501577e+02
-1.630041903456223906e+02
-3.452993155273064758e+02
-4.621280637998197562e+02
-3.086372425886681867e+02
-8.528095407041709564e+01
-7.731988646423673117e+00
-6.589918094257751591e+01
-2.620152911858838820e+02
-1.105177906213361325e+02
-3.472211863253920683e+02
-1.525031551321418419e+02
-2.836628729608100343e+02
-1.813146051999842143e+02
-1.451807141334770108e+02
-2.513448837875268396e+02
-1.520916299523799466e+02
-5.515368433620228927e+01
-1.381436607852788256e+02
-2.354841077888159475e+02
-7.575781039006437823e+01
-3.152182006319305856e+02
-3.846274953599854030e+02
-7.755537886680983206e+01
-2.395357688984082642e+02
-2.212273784184299927e+02
-8.901902691577767257e+01
-3.325084081697706324e+02
-2.063215071725629457e+01
-4.248975761187310241e+02
-3.898857474688861089e+02
-3.086234320968835618e+02
-2.340038916585732522e+02
-2.226132739893505743e+02
-1.071890203872312384e+02
-1.053924212159407858e+02
-3.169252024186558856e+02
-1.419550411519209092e+02
-4.625672677437223683e+02
-2.555254056918197136e+02
-2.259908862458389933e+02
-9.042819775524833403e+01
-4.246837008678531333e+02
-3.668384781157354837e+02
-1.731841997097052115e+02
-2.140459707326212708e+02
-1.167060892087097557e+02
-2.368936612991878121e+02
-1.637124881559316236e+02
-9.684647950514217030e+01
-1.149730311229886581e+02
-1.100456462139172942e+02
-1.778349353386087728e+02
-8.057577591014322138e+01
-1.954795744565893472e+02
-9.118965382800300290e+01
-2.361255647777813635e+02
-4.921000142465197769e+02
-1.144852947874193205e+02
-2.438309838326302099e+02
-9.740156453432345529e+01
-2.833460195074384274e+02
-2.375442702565670174e+02
-5.293185287683583340e+01
-4.142675041469079247e+02
-1.402230163491247481e+02
-2.988941448178725295e+02
-2.950189374595007621e+02
-2.570438814651577104e+02
-3.770148123804986540e+02
-1.009924587008568864e+02
-2.476653564260376470e+02
-1.596304171546699990e+02
-1.013674919151725078e+02
-4.478228869984895937e+02
-3.170775933908914794e+02
-1.093080747146299814e+02
-9.599505417153456222e+01
-3.201188113543627196e+02
-3.551581596130143907e+02
-2.690125214624858927e+02
-2.547814778775197055e+02
-2.703215757738096272e+02
-1.194847737119629301e+02
-2.666757133704452372e+02
-1.844639908989365722e+02
-2.318557389689454169e+02
-3.072406980675456225e+02
-4.382597321957267695e+02
-3.363811740461347881e+02
-1.226633683873459120e+02
-1.851814244184764675e+02
-3.758449226913441521e+02
-9.587835530435309295e+01
-1.965494571211746120e+02
-7.516556180626007233e+01
-1.505213653924453752e+02
-2.441948444385107848e+02
-1.793731740790242384e+02
-2.128154703634837404e+02
-1.248781299223046801e+02
-1.160187246077192356e+02
-3.300056621324627315e+01
-2.260912930406863381e+02
-1.737971966268449364e+02
-2.357594043805270587e+02
-2.866844499421751493e+02
-5.643415528541495974e+01
-1.856211360070885803e+02
-9.947117344892481583e+01
-2.793205265782785887e+02
-1.056724967356610421e+02
-2.183149721134055881e+02
-9.191246082028069964e+01
-2.696972887840486806e+02
-3.498913486004037168e+02
-3.147904350031463991e+02
-7.264809398466439916e+01
-5.335520141007504691e+01
-2.534121567486141373e+02
-4.768994785357945716e+02
-2.674382241802773592e+02
-1.833527142011765250e+02
-3.278939820804522469e+02
1.057180124217414630e+01
-9.295959878767722273e+01
-1.080009185030005909e+02
-2.417780099704523025e+02
-1.768613410366491507e+02
-1.365902432046530066e+02
-2.878110858590662247e+02
-2.711086340763974363e+02
-2.685039206101097307e+02
-3.687225263995302385e+02
-2.410485875259636828e+02
-9.899826006982402760e+01
-1.028746092555563791e+02
-5.646158241319801618e+02
-5.386924394868289312e+01
-2.195763121400771638e+02
-1.590721959938844918e+02
-3.814608010104721529e+02
-3.781995411888945569e+02
-3.547097249995091488e+02
-1.833392182874501373e+02
-2.601959039702913969e+02
-2.168986969125600694e+02
-1.987999800115841822e+02
-3.707272582496574387e+02
-2.685336226250497020e+02
-4.663130394758781563e+02
-3.383669136930627133e+02
-1.788913983342852703e+02
-3.015175909691146217e+02
-2.679632859683664492e+02
-2.304242501615878496e+02
-2.382505212051684964e+02
-2.063028331709405734e+02
-5.691795240770066755e+01
-2.419310812545633667e+02
-2.772950230878155935e+02
-2.776424162604711228e+02
-2.692100078869960953e+02
-1.688036702294765519e+02
-3.491466486708898174e+02
-1.835053680463471721e+02
-2.489118081418766621e+02
-1.687786815054388967e+02
-2.653950284412076144e+02
4.638348691876281293e+01
-3.617255699808642362e+02
-8.488531224199600445e+01
-4.726958563718594064e+01
-1.556589680043484805e+02
-3.293997723080851188e+02
-2.971461010184094107e+02
-1.112454065193476964e+02
-3.343560304975095221e+01
-2.123694866186472723e+02
-1.086008915440163349e+02
-3.014700612389410708e+02
-4.243291184564635898e+01
-2.393166749140468426e+02
-4.738265241674239405e+02
-1.261934161079991839e+02
-2.981137366134695412e+02
-2.695936103389979053e+02
-1.672077112149601135e+02
-2.036371993267135849e+02
-8.588974684480020017e+01
-3.540238625676928450e+02
-3.423518379018236715e+02
-8.409045296818641191e+01
-9.944891449562020114e+01
-3.936502284524459014e+02
-2.337469168409241718e+02
-1.142225540120575147e+02
-3.524802958496502470e+01
-1.862652554575358295e+02
-1.977677595849649776e+02
-7.045000949152552039e+01
-1.703220615964344233e+02
-1.705405141166453404e+02
-3.427743014965548696e+02
-3.399040270477967169e+02
-4.074490089479571679e+02
-1.679087083474569226e+02
-2.743505158250193290e+02
-2.468036003262915301e+02
-2.016998148506274333e+02
-1.360449655712778281e+02
-2.000667590048096258e+02
-1.865764231192309808e+02
-7.816800135596184873e+01
-3.393872707708090388e+02
-9.506729118553514013e+01
-4.442547232824726393e+02
-1.291427891225212647e+02
-6.629078790260393816e+01
-1.984139040098572764e+02
-1.101559249410759946e+02
-8.558409228231559496e+01
-2.942148151821264719e+02
-1.515590955590178623e+02
-7.548926330537464935e+01
-1.361245253946439107e+02
-2.892515941083958069e+02
-1.126551827799162879e+02
-5.473678883184075517e+01
-1.994565158579744661e+02
-1.381945242807595378e+02
-1.009887548108412005e+02
-2.196380262451344834e+02
-1.618782241630857186e+02
-8.506404826425159627e+01
-7.369879995549842988e+01
-1.617812446101704609e+02
-3.144966300052424231e+02
-2.235591455399834331e+02
-1.811655940139525001e+02
-1.393519417336700599e+02
-2.927678884686133074e+02
-3.460953840804293122e+02
-2.215214162309858352e+02
-3.573005038482534701e+02
-4.637094621434218311e+01
-1.510079215235628851e+02
-1.747119784806398854e+02
-1.500991469985854110e+02
-4.071438261316242233e+02
-4.442520315194863656e+02
-1.672354620409735162e+02
-3.220131306460407359e+02
-5.242942128795352801e+02
-2.409331848652235806e+02
-3.569400928415432759e+02
-4.732022929270119249e+01
-2.586984047065679988e+02
-1.759320778829136316e+02
-4.068808527998007776e+02
-1.611832772255794737e+02
-8.008242274735839317e+01
-2.755064359433304162e+02
-1.456930028998996534e+02
-1.182168323133267620e+02
-3.503327807022735669e+02
-2.282818300620534728e+02
-1.305697728385194978e+01
-2.443815723570818079e+02
-1.853996237601801056e+02
-3.460199932506772029e+02
-2.095186609017157764e+02
-3.846183151214171971e+02
-1.467048762660060675e+02
-4.105370258579510079e+01
-1.734548855596857493e+02
-3.361656046203443680e+02
-7.037513830435150908e+01
-1.315906545874427991e+02
-4.038426611736822451e+02
-7.179695830328677175e+01
-3.866459235601791420e+02
-1.176376394558786558e+02
-1.090319890460257568e+02
-2.340464950763428078e+02
-3.078876928183182713e+02
-9.120576346007953816e+01
-1.771462400326470856e+02
-2.066455618125492038e+02
-2.899366100463190605e+02
-2.082580270990944200e+02
-1.792768705632745423e+02
-6.903380882754723302e+01
-7.993082318131997965e+01
-3.039186731568926234e+02
-4.588202249795448324e+02
-4.166917715111070493e+02
-2.920093157720103250e+02
-8.724414729000218927e+01
-1.086929232302622950e+02
-3.135959850716114943e+02
-3.078115305670263524e+02
-4.532659602364499847e+02
-3.346177267106412501e+02
-2.527022220736334361e+02
-4.432349100662310661e+02
-2.102780805410227458e+02
-1.962563196128050436e+02
-1.638661460786440784e+02
-8.913717748224135562e+01
-1.029569235007003840e+02
-1.794865910655152561e+02
-2.905432035400369841e+02
-4.667707955321235431e+02
-6.604225369466334428e+01
-1.994553569349621398e+02
-2.522704359839759718e+02
-1.084114490469904126e+02
-1.655040196765065161e+02
-4.659875375406139142e+01
-3.010238746140524881e+02
-3.323224660142300024e+01
-3.750062262298357041e+00
-1.593757158620241796e+02
-2.144809293686446381e+02
-3.042749278319959103e+02
-7.554791559057410666e+01
-7.226056122910088675e+01
-1.338160214711477920e+02
-2.077418806412623553e+02
-2.032812715569669137e+02
-1.866311189471571481e+02
-1.014095626621996438e+01
-2.146260191235579669e+02
-3.704033799161622937e+02
-2.729089209968701653e+02
-2.559225540740013685e+02
-1.111423933239262283e+02
-3.164503207793018191e+02
-2.309664115075390498e+02
-1.150711923996913413e+02
-1.551229062556774920e+02
-3.928255894320344055e+01
-1.598048574929343886e+02
-3.441425130598962596e+02
-3.468695151700324004e+02
-1.894207264777139130e+02
-1.353707448466654455e+02
-4.400185220499781167e+02
-2.892340500184634493e+02
-5.170983823510771060e+01
-2.250269396364928411e+02
-2.178196759866559944e+02
-8.583569786541181657e+01
-2.019313228744717890e+02
-2.260771036510168983e+02
-9.217843650253982446e+01
-7.749675443771701566e+01
-3.255257300323751224e+02
-1.218463641537016429e+02
-1.946189077590632337e+02
-1.763588510569451273e+02
-1.952245286287761985e+02
-2.299434480405402041e+02
-4.066675911567664343e+02
-3.258633757907684014e+01
-6.520975318192111558e+01
-1.967996427468810623e+02
-1.330765724423191330e+02
-1.791312462301491735e+02
-3.481452885002051971e+02
-7.457238588085478170e+01
-2.471239264075270512e+02
-2.236096689035100553e+02
-9.005457644667184525e+01
-2.107801365937106084e+02
-2.928993035536470870e+02
-4.450669669583479617e+02
-6.699115908079573956e+01
-1.912753979272639526e+02
-5.159543704999774718e+02
-2.027646102962683301e+02
-2.043303867812292367e+02
-4.102902361312019508e+01
-2.771818100341307627e+02
-2.305803363534179766e+02
-6.930262312961058058e+01
-3.407482951459448941e+02
-2.925407507753363348e+02
-4.534169714092362256e+02
-1.178751504145467379e+02
-2.535115304296761281e+02
-3.414017819341333961e+02
-4.213632386108178025e+02
8.602707166040332254e+00
-9.849732590195858961e+01
-2.463266591388107827e+02
-1.488126600763970941e+02
-2.205512022966682650e+02
-1.719510179648509620e+02
-5.685814727752237729e+01
-1.714279175389866055e+02
-1.457553363584212036e+01
-8.020062356902224110e+01
-1.429229323098164173e+02
-4.866521907177835828e+02
-1.016704899918290295e+02
-8.981098847463528045e+01
-3.677967388346336293e+02
-3.196978544696037829e+02
-2.239031355516526673e+02
-4.028421198955816749e+02
-3.946382906621444420e+01
-1.158959678620444720e+02
-8.298345613866626991e+01
-2.498074305794332588e+02
-2.011135721089433162e+02
-2.268364934889809774e+02
-2.692807709837762786e+02
-2.815317882526200037e+02
-3.814503202858142004e+02
-1.548447968291470147e+02
-3.198871725560930486e+02
-8.517959748306807910e+01
-3.303414249039311699e+02
-2.658343359795792367e+02
-8.060420411755364967e+01
-5.657401785072490696e+01
-2.601344352276019549e+02
-1.642645420831281058e+02
-1.532293167139183652e+02
-1.324763295234990323e+02
-3.287718653633131680e+02
-2.352686486332826519e+02
-2.504947900825989962e+02
-8.501652455101181260e+01
-2.057428864632921943e+02
-8.429260454293101645e+01
-2.507485964512814007e+02
-2.390905637093034670e+02
-3.005894510179308554e+02
-2.100749831080104855e+02
-2.387968906290902851e+02
-1.900830981223441540e+02
-2.491212917851628390e+02
-2.115024876264753857e+02
-4.294776569074003874e+02
-2.163477150359132111e+02
-2.802084975190215346e+02
-7.237521563943344916e+01
-1.859186902009171831e+02
-1.715750183801317519e+02
-1.701493766963464225e+02
-1.472695219554816219e+02
-3.809245778948714474e+02
-2.069984557339820412e+02
-3.890876263065644594e+02
-6.067226144504618333e+02
-4.007898500931618742e+02
-1.514080738133371256e+02
-2.310619840957124609e+02
-5.502706241726443182e+01
-2.541797058487878473e+02
-2.802157373018329167e+02
-3.726631022235158071e+02
-2.059688794147726867e+02
-8.192581555810753002e+01
-1.044151890562804255e+02
-1.898465918663007415e+02
-2.911009856499406396e+02
-1.752971823043047834e+02
-1.353465074346376014e+02
-1.341538410241879546e+02
3.686819145127267916e+01
-1.735823850718589938e+02
-1.182799655696540952e+02
-2.477638891740499503e+02
-1.216024862887483664e+02
-1.836881587141716921e+02
-2.917504068878899375e+02
-2.658594389825914845e+02
-1.971377660181629494e+02
-9.377342627837754208e+01
-2.826709185620524636e+02
-2.591268781433745403e+02
-4.308472915491677213e+02
-1.477950008560567881e+02
-5.878668205356364069e+02
-3.424233154928875820e+02
-3.587989757941853668e+02
-5.185026388897465495e+02
-1.676880639708899707e+02
-2.135330689690829331e+02
-2.244555842804739143e+02
-3.348417729188743692e+02
-2.870587920061512932e+02
-2.949811549104126698e+02
-1.952609085619471045e+02
-3.886678472228938404e+02
-3.469207301521447562e+02
-3.825071441519608015e+02
3.611771661866256977e+00
-6.049351145868920412e+02
-2.011963394260000086e+02
-2.440492839200641981e+02
-1.713076937371244242e+02
-1.102602109452799368e+02
-2.466315608195425284e+02
-3.732980809262953414e+01
-6.739225897872711357e+01
-2.594634432460879907e+02
-8.830571315585113723e+01
-3.200937115005947362e+02
-4.198250573094772164e+01
-2.746712837022475924e+02
-2.666732326731180365e+02
-1.678987318385533172e+02
-3.401928847143940402e+02
-3.209002057675972992e+02
-4.150032069946335582e+02
-1.957778397705818918e+01
-2.143686807074495562e+02
-2.035440960585378889e+02
-4.604629982141667597e+02
-2.035072037881462848e+02
-4.782629149942663105e+01
-2.428580221279790976e+02
-2.008984250099244946e+02
-6.314633439278073723e+01
-3.252154452413514605e+02
-8.657481868422880211e+01
-2.475963695006487058e+02
-1.553837431574665402e+02
-2.302233398764179242e+02
-4.766847310341715627e+01
-7.344822705353121250e+01
-2.008109634521798625e+02
-3.549734921875868849e+02
-5.405437154786969955e+01
-2.378474672623856634e+02
-5.959352426451093265e+01
-3.031386413991165796e+02
-4.258382143032272324e+02
-3.395474203987356532e+02
-1.872341118166573892e+00
-2.170681455787163259e+02
-6.846245370298919397e+01
-1.345399926697882904e+02
-6.334494097245373467e+01
-3.476867021031157492e+02
-2.701194743592474197e+02
-2.606337677405512068e+02
-3.830427889827733452e+02
-2.385107874496452496e+02
-2.192347032493141796e+02
-2.547413833112515249e+02
-1.498289176574635349e+02
-8.814558961862937281e+01
-1.718926721116087606e+02
-1.821935518637103542e+02
-4.271583359763556018e+02
-3.567367698855788376e+02
-1.347445229050752005e+02
-9.309767227637395592e+01
-2.898279015762831818e+02
-2.844043912438471580e+02
-1.442968354537351559e+02
-1.834192222120202302e+02
-1.765422598314700053e+02
-6.421923632695899187e+01
-2.697074335632885322e+02
-1.968955998217149954e+02
-4.735519794694187681e+02
-2.227348258066017195e+02
-3.067751731738284207e+02
-2.235672578415924647e+02
-2.283684541031810227e+02
-1.788193956545498509e+02
-2.672290670227345686e+02
-3.593028197970855899e+02
-4.854561242329389188e+02
-2.138818303499468243e+02
-3.429017406478307066e+02
-1.377548151507107832e+01
-2.879073382354217188e+02
-2.556394326324119675e+02
-5.062181507287074567e+01
-2.290385989269109359e+02
-2.894145448748474792e+02
-1.798623355576495726e+02
-6.991795132794275958e+01
-6.736585246811472416e+01
-2.547190122806528052e+02
-7.832384725811820658e+01
-2.654984875452332744e+02
-2.741090206485694125e+02
-5.504573680660858770e+01
-6.388042177149728218e+01
-2.702603587405278063e+02
-3.649320096524522796e+02
-1.568369302600249569e+02
-3.293766514529631309e+02
-5.517520454777638861e+02
-5.039915918265737105e+01
-3.877642473233064493e+02
-1.456493426200691772e+02
-3.512303005157830285e+02
-2.828825513952612027e+02
-1.415914338473690179e+02
-1.627675957027058757e+02
-1.033103473398481071e+02
-3.438275674220808469e+02
-1.933714149681308072e+02
-1.808006041412029390e+02
-2.094065927212933502e+02
-3.427640916959684887e+02
-1.436024415442366262e+02
-2.427730391403611350e+02
-3.348307667294474186e+02
-8.120799408260347718e+01
-2.375327531419547427e+02
-2.912453784850251850e+02
-1.750046525815974974e+02
-3.581894721347792938e+02
-4.524154775138530340e+02
-3.361516421740217311e+02
-2.806476928659133137e+02
-1.683545211121326588e+02
-2.071316441482932760e+02
-4.838064499330006925e+02
-2.077959497971277756e+02
-1.330410673485321809e+02
-1.760362376675862777e+02
-6.509930281864663471e+01
-2.224859733730689868e+02
-6.164021832085832386e+01
-5.191335208805980983e+02
-4.880449591041850113e+02
-3.404901911338781701e+02
-9.959526525543228104e+01
-1.731880279208483557e+02
-9.574575092142272581e+01
-2.777580049172869394e+02
-4.603248298770792530e+02
-3.533618011241409818e+02
-2.047030012824745313e+02
-2.960989085516252999e+02
-2.364462882663213179e+02
-7.975242167878916177e+01
-2.710330711998628885e+02
-4.002192002167035412e+01
-5.763011890727634636e+02
-1.797488340042511368e+02
-1.308802705233549659e+02
-9.428864835852067472e+01
-1.789532666131603378e+02
-3.066185744675950673e+02
-3.114375610008201534e+02
-2.591786686006857963e+02
-4.359088662694995833e+02
-3.835517238539310938e+02
-4.338773020618353939e+02
-2.343584073197682756e+02
-2.092388625656622310e+02
-3.013899715195017279e+02
-3.038709300293274396e+01
-1.952117277519177492e+02
-4.792585815389601294e+02
-3.028990781019344922e+02
-2.020542148922395995e+02
-2.025370359654957326e+02
-4.542458628898962729e+02
-1.348494491909027886e+02
-3.680569778565314891e+02
-1.513291870613126093e+02
-2.801348051628475559e+02
-9.326564723033260407e+01
-5.583515301815609178e+01
-2.773539820074701083e+02
-7.027205300084916928e+01
-4.078697922202949258e+02
-2.521597891514839489e+02
-3.580624387884064959e+02
-3.816740773866887935e+02
-2.651047390850649208e+02
-2.477310155710201514e+02
-1.452617076084458176e+02
-3.176669786305777734e+02
-1.320423473787445801e+02
-3.402819636009143665e+02
-3.095280469871798914e+02
-1.039257377363417731e+02
-4.075468873302193060e+02
-2.920121140236290103e+01
-4.356594818450330422e+02
-3.374064068637534319e+02
-9.316854612805383340e+01
-2.266065053915136218e+02
-2.888221225213932826e+02
-5.135961983142354370e+01
-2.247130215022837376e+02
-4.761031457357098589e+02
-2.960721549701158892e+02
-3.814404047216128788e+02
-3.778689757359784380e+02
-2.993766220239429572e+02
-1.374925853941999208e+02
-8.021267855726620155e+01
-3.062543399401397437e+01
-2.869328735970810840e+02
-3.360566758946619075e+02
-1.331616960504696578e+02
-2.840278602568669726e+02
-1.125996382551483492e+02
-2.436173917368968773e+02
-7.921260111924254943e+01
-2.001603907037658701e+02
-1.417213410216672855e+02
-1.757992992107176633e+02
-2.046664544306818243e+02
-2.315068920879354835e+02
-3.718250588701944821e+02
-1.198399520369807476e+02
-2.367838521546831885e+02
-1.593422666939781038e+02
-2.566671188859068593e+02
-2.642360285951401124e+02
-2.972558778642155630e+02
-4.646841297443887129e+02
-9.088034695256317264e+01
-3.613639042031895769e+02
-2.345172077987587045e+02
-3.444717783438813967e+02
-2.991030662970400158e+02
-2.866911551972390271e+02
-5.275989241491172379e+02
-2.156560638177439841e+02
-3.488783684855729348e+02
-1.662466304097850980e+02
-2.792131510190487234e+02
-3.413048503871991670e+02
-3.915173339701889290e+02
-3.653291572051572871e+02
-8.458052598686853685e+01
-2.044444708892203266e+02
-3.261662906976333716e+02
-1.840538873480991242e+02
-4.288324989207827684e+02
-6.486842690628620289e+01
-2.912975017915610465e+02
-2.891408667055122805e+02
-3.169945507970327299e+02
-3.665220995527500918e+02
-1.898787037336487629e+02
-1.310426057289870130e+02
-2.682261428280256723e+02
-1.476034335769605264e+02
-1.000254662610745839e+02
-3.296221986480593387e+02
-3.267646090236485179e+02
-3.160202448967561395e+02
-2.069858333279124167e+02
-2.763102341468700160e+02
-2.387657245339293013e+02
-1.776902149349280933e+02
-5.822111431309821228e+00
-5.344277310739573750e+01
-4.148361546633868215e+02
-2.071720690130061371e+02
-2.774030843707846827e+01
-2.406123393719726096e+02
-4.985569868610870969e+01
-5.531840446466815564e+01
-1.646157152524407365e+02
-4.437858285626671773e+02
-2.160536767471929238e+02
-1.904684935498305833e+02
-2.204601424480322862e+02
-1.648711394728049697e+02
-5.290877284939675462e+01
-2.858064603939435528e+02
-2.011984338425935448e+02
-3.984420590667725719e+02
-2.160100549756319310e+02
-3.610825383712513030e+02
-9.406690118096317121e+01
-2.163453015057314417e+02
-1.550324036852726977e+02
-3.909322341027598782e+02
-3.347414809103642028e+02
-1.378991055022348462e+02
-3.336147964316847947e+02
-1.918244893947240257e+02
-2.919913236749814587e+02
-1.140512127040870496e+02
-2.569033915770428962e+02
-2.061082670183062646e+02
-1.771101426911510544e+02
-2.950136290641971186e+02
-2.116164240423224214e+02
-5.162202966525764225e+01
-1.049216526653875690e+02
-1.335736601405889701e+02
-1.914891174310175188e+02
-1.943518759264795790e+02
-2.058832862361865068e+02
-1.237929388315506287e+02
-2.950951536634433978e+02
-2.691048196705806390e+02
-2.829952162470640360e+02
-2.109888019618407498e+02
-1.779713102708679457e+02
-2.603938363560353650e+02
-3.342125688792497158e+02
-2.674322904296624870e+01
-3.382624606310160971e+02
-2.796609045396104420e+02
-2.652752992427011236e+01
-1.826434563444686603e+02
-1.980875043862764642e+02
-3.467814647696341126e+02
-7.289920424789031017e+00
-7.791612153680770803e+01
-6.825018369591612100e+01
-7.631646888770467285e+01
-3.629405249024375166e+02
-2.104888938988514724e+02
-2.455446851413666991e+02
-1.733373820618198522e+02
-7.629183945364019337e+01
-1.234036834230926303e+02
-7.958040792454814039e+01
-1.512229090284021140e+02
-2.757728317708798613e+02
-2.902619742864886803e+02
-1.514416287556938414e+02
-8.061359510397764438e+00
-2.391940410531763632e+02
-8.792203469011967343e+01
-2.804034942042048328e+01
-4.200508817005930950e+01
-5.962911639674315012e+01
-1.226100146888412183e+02
-1.979686067032431538e+02
-1.046767156842485349e+02
-2.773463895875914886e+02
-1.649117861134109262e+02
-1.609715669314880699e+02
-1.185818508715892676e+02
-2.512296525907217699e+02
-1.793911289729874738e+02
4.902824698291812666e+01
-6.800135157562340282e+01
-2.580469810220220666e+02
-2.293300756256734871e+02
-3.536763047283996002e+02
-8.731698521403986035e+01
-1.338753378536392802e+02
-2.513644546893556537e+02
-1.886299667922363597e+02
-1.649885158825986764e+02
-1.793216222908079658e+02
-5.798092381406651441e+01
-2.615419981049689113e+02
-7.719667428423228728e+01
-5.545679116988209501e+01
-3.342245999344156075e+02
-2.268159199506054335e+02
-2.725355431402489330e+02
-8.630595606921276897e+01
-3.692301127427798519e+02
-2.848991507913335681e+02
-4.443025994830226750e+02
-2.764728754905164578e+02
-3.826487530534412826e+02
-2.763846713334891092e+02
-7.547766037866244915e+01
-2.416021474497741792e+02
-8.055795011051114329e+01
-1.103862201208794005e+02
-1.256047032549925291e+01
-9.349745618413957970e+01
-2.232538743589773844e+02
-1.447689661660615457e+02
7.818831616199844348e+00
-7.846708613398081411e+01
-5.797376214315026033e+01
-4.001269439549441387e+01
-1.698173646027404118e+02
-2.431263639998639690e+02
-6.206807857532415085e+01
-4.101978649517803888e+01
-4.616465139709453069e+02
-1.793786919546034824e+02
-3.101769954371751510e+02
-2.020639402607964143e+02
-1.682774748577303114e+02
-6.585748128242241251e+01
-2.203484875003977663e+02
-1.249056685475628115e+02
-2.206414414267725306e+02
-2.146967610636210679e+02
-3.513448773300291350e+01
-3.031419856434863505e+02
-1.444773030558887399e+02
-3.025064046882957882e+02
-2.409074681034141463e+00
-3.501819639696335571e+02
-1.641064918773867589e+02
-3.273065731820283872e+02
-2.253761453949248335e+02
-2.471956772058830722e+02
-4.071119680255604294e+02
-3.920280713586930119e+02
-2.112616163375609517e+02
-3.091422482565554901e+02
-9.990127151243125070e+01
-3.240817066175401351e+02
-3.727894387763844293e+02
-3.580653136956652816e+02
-3.241263475929816309e+02
-8.387513872120403846e+01
-1.908795609672517912e+02
-1.480991136455447190e+02
-2.095834423105820292e+02
-3.619672347939905421e+02
-1.521681617690265398e+02
-1.784027199195678008e+02
-2.265495034854294545e+02
-1.670341176439799824e+02
-4.438476440445439266e+02
-1.356442473323027684e+02
-2.958709115004451178e+02
-6.242917790125622446e+01
-3.481661156889296080e+02
-3.035273558751295013e+02
-9.940783865302817901e+01
-2.738800066301296283e+02
-6.757256993126993905e+01
-3.100193352945871084e+02
-1.080654982937079325e+02
-2.088340127972817015e+02
-2.377061153080496751e+02
-1.851568983067855356e+02
-1.280918559772867980e+02
-3.604576748443521410e+02
-1.357373461479895127e+02
-2.422924796300159471e+02
-3.442390771419833300e+02
-1.360368743085917345e+02
-4.087928491352740252e+02
-4.076903466166054386e+02
-5.207382507565920093e+01
-1.323150385169917058e+02
-2.162311676267501639e+02
-3.092907104577519704e+02
-3.610581967591160719e+02
-3.103992073177755628e+02
-3.630107947479757513e+02
-2.983662982153043117e+02
-3.320267400940871880e+02
-5.886273191235166280e+01
-1.593251694490592740e+02
2.833296401427455180e+01
-6.360345578670649047e+02
-1.483600389089007194e+02
-3.365932929100237061e+02
-5.933264517442515285e+01
-1.639874260732034088e+02
-3.399102339556746983e+02
-2.967620823883088121e+01
-2.366352203557095493e+02
-7.196798005637492679e+01
-2.811863491730493934e+02
-1.550777477546093053e+02
-6.697960330159935438e+01
-1.281334575142217034e+02
-1.789331841515756878e+02
-2.453301647744016805e+02
-3.355267723265342283e+02
-2.614558521640390154e+02
-2.206404933447991539e+02
-3.222409589872461311e+02
-1.885654671928796233e+02
-2.534877170332858043e+02
-2.139239017044225761e+02
-1.037508195385849206e+02
-2.000092844285360627e+02
-1.219918916505440620e+01
-4.424456771598368476e+01
-2.832354528776776306e+02
-2.158477148364293328e+02
-2.568354477413694212e+02
-2.048345288219161091e+02
-1.912154459079960702e+02
-2.107397909060917414e+02
-1.715841709537789086e+02
-1.982548241058861151e+02
-1.843239077256689882e+02
-1.155071924696186016e+02
7.579809802475319103e+00
-4.711721761375315509e+01
-1.264398406072702414e+02
-1.132592700901304283e+01
1.397281695645545607e+00
-1.557970979344375451e+02
-9.584192892197387437e+01
-2.356210594463067309e+02
-1.229875273408576106e+02
-4.082319372294183495e+02
3.146365111612394116e+01
-4.116754216433669740e+02
-2.669773474458913256e+02
-8.310750794515567463e+01
-2.933133420296555869e+02
-3.257957121045423321e+01
-1.774708727728939834e+02
-8.946450196610584271e+01
-3.117005180310157471e+02
-2.489229497632436221e+02
-1.222839514168713606e+02
-2.173141564871048104e+02
-2.436595102327904101e+02
-2.480185212886092643e+02
-1.559619456305647134e+02
-6.597982670576909925e+01
-2.697155414599155847e+02
5.184145383193076384e+01
-2.130302095243952465e+02
-2.562302347134147453e+02
-3.149296943695719619e+01
-2.323838618537701848e+02
-5.227493175760420030e+01
-1.592663408531330447e+02
-4.445262659921409920e+01
-6.188471294304668646e+01
-3.140538636568988977e+02
-4.966115900475330136e+01
-2.201965708310660261e+02
-1.096968202655152425e+02
-2.776691749316500477e+02
-3.210312261237533562e+02
-2.287421002380705488e+02
-5.337272943766301125e+01
-5.052155163593010911e+01
-1.704347200831111877e+02
-1.897307384867519318e+02
-2.575866314682373854e+02
-3.207762201619525513e+02
-2.072479863168591407e+01
-1.977146955106479140e+02
-2.834856295364238576e+02
-2.900473761983994336e+02
-2.375732557801414089e+02
2.264397060377621074e+01
-2.228000605408264789e+01
-4.128339061791389497e+01
-8.575158350227096093e+01
-2.932570697481433797e+01
-8.162908770133174130e+01
2.408886833477203027e+01
1.429165258198967337e+01
-2.387035551710997083e+02
-2.475593017890568603e+01
-2.635493339769735712e+02
-3.572886449410226533e+02
-4.863354252017472845e+01
-1.103495370454288036e+02
-1.612018438724296630e+02
-1.439160102841584603e+02
-3.692862684958301998e+02
-2.379029348981313774e+02
-1.039212256916795951e+02
-8.184779420864316535e+01
-6.944510746233298448e+01
-5.884411667076225427e+01
-6.019748486248286667e+01
-2.278402747435512197e+02
-1.478750073424392042e+01
-4.096879992134557824e+01
-2.140012001374925035e+02
-1.080332268164468132e+02
-1.303272346047399992e+02
-2.636857335500258159e+01
-1.346143478107587725e+02
-3.126034281410214248e+02
-2.699641675114648933e+02
-1.177651819054193538e+01
-2.508152001277722718e+02
-3.227761515693657657e+01
-2.424921222635279605e+01
-2.159553979829588002e+02
-1.572089489977001051e+02
-2.628650032354598807e+02
-1.077989117298831161e+02
-5.098619117407024248e+01
-3.580670704482329825e+01
-3.048524683482970943e+01
-2.905502499283621773e+02
-2.473401058489091042e+02
-9.336180882120368096e+01
-2.800265534511275973e+02
-1.841179915008392527e+02
-7.962723826226753943e+01
-1.721685305041528409e+02
-1.397711612484364707e+02
-6.172686571266312683e+01
5.515993823602725143e+01
-5.713694881438674145e+01
-5.828655517476791204e+01
-5.069647761552104726e+01
-2.154501819975830870e+02
-1.826621710313087306e+02
-2.066737946857644772e+02
-2.375928751820276261e+02
-1.967577169970494140e+02
-1.923584837219133874e+02
2.816853597396612940e+01
-2.311075850237219242e+01
-3.567645947152055896e+02
-2.652350747880349786e+02
-1.007487682656126253e+02
-2.273901995983817983e+02
-2.578305644477335932e+02
-1.671052147420990082e+02
-2.430511339501874204e+02
-6.341222703028469709e+01
4.546643239450741447e+01
-2.949261397447261857e+01
-7.964682962136836863e+01
-5.226732265900511010e+01
-2.164043496196152603e+02
-1.942951450002797742e+02
-1.975968229670088192e+02
8.762969154253141824e+00
-8.567750040542533441e+01
-1.433997753069602936e+02
-2.543044097590232582e+02
-6.418383843169782210e+01
-1.650909026963359452e+02
-2.035289665535893846e+02
-2.708246871571146812e+02
-1.747783174799330936e+02
-3.462786468170048693e+02
-2.430966809263273092e+02
-1.440574435704439225e+02
-2.400230505270287722e+02
-1.929169310189053590e+02
-2.480783054753642602e+02
-1.039917378315675194e+02
-2.863282418237870388e+02
-4.748188971506611722e+01
-3.257042764399663781e+01
-9.641447452613735436e+01
-1.964066392546311590e+02
-3.146268255085120700e+02
-2.494165327639402392e+02
-1.775799163729971610e+02
-2.000162479454701554e+02
-1.422282935012364362e+02
-1.918112414382308089e+02
-1.943539584056150034e+02
-1.454738913523964641e+02
-3.507509889786206259e+02
-1.691865589759636919e+02
-1.861169060943919362e+02
-2.787339455222763718e+02
-2.918427251900969281e+02
-9.456422717411992096e+01
-9.165662272475269390e+01
-2.745391420398514697e+02
-3.062833370814244063e+02
-1.884794445604771340e+02
-1.827751259440667582e+02
-2.456546936420633074e+02
-1.966032650182910402e+02
-2.844350595587700354e+02
-1.420483841097197910e+02
-6.346043747438549332e+01
-2.258199884873254177e+02
-2.407200893575084422e+02
-4.500304257369315053e+00
-2.293784890670476386e+02
-1.484645150951512278e+02
-7.495081735945639423e+01
-2.530724797534596462e+02
-2.400662296537566931e+02
-3.731437201826537375e+01
-2.153507778977291309e+02
-5.261821896725202805e+02
-2.626321816525224904e+02
6.903028899997494250e+00
-1.534408137919764386e+02
-3.658926932598284054e+01
-2.044791481468355983e+02
-1.777786247763991696e+02
-3.035806320598895809e+02
-2.725506395112249720e+02
-2.917250300343172285e+02
-2.531665657902426290e+02
-2.275081444268076893e+02
-2.174895520837995946e+02
-2.885274879848763021e+02
-4.305935284619211245e+01
-1.165523177128335419e+02
-9.970560126684031843e+01
-2.090852533542983451e+02
-1.699745038633892591e+02
-1.040875785668532671e+02
-2.550412548962162589e+02
-9.951591491983391791e+01
-3.415450726144986220e+02
-2.054038452422014984e+02
-1.324412214079389116e+01
-1.608528172346316865e+01
-2.303669328853091827e+02
-2.280560686268027553e+02
-2.218228248859782070e+02
-2.126800039372124331e+02
-1.536340495621064974e+02
-2.694951849944693549e+02
-2.366655046168523313e+02
-9.981272081713996158e+00
-1.069850123769407446e+02
-2.088506012946038481e+02
-1.891714516064548661e+02
-2.278796178225958329e+02
-2.460789725483515440e+02
-9.554803525484817328e+01
-2.462776007940539671e+02
-2.348562932429502723e+02
-3.722976189108669587e+01
-2.861867509108656691e+02
-1.059705991195625927e+02
-1.923045075701511450e+02
-9.547797178582689526e+01
-2.511966831212413354e+02
-6.667163636783405423e+01
-3.624380645658694675e+02
-2.194830228231384694e+02
-1.837073258842538337e+02
-1.811637951268896813e+02
-2.613370547975645763e+01
4.766481938313731348e+00
-2.087328692993529273e+02
-8.161482924448338849e+01
-2.325778305695227459e+02
-2.470211305307204270e+02
-1.862226416512120295e+02
-2.675731765432822158e+02
-2.581288963446461935e+02
-4.315564060201519681e+01
-1.520460081814553064e+02
-9.631020803149134224e+01
-1.284702584251169810e+02
-5.544114503559984541e+01
-5.258469760220080502e+00
-9.320600208712605195e+00
-3.113090130943716645e+02
-1.011167020035000803e+02
1.835966212692659916e+00
-5.014154356770640675e+01
-2.071231113321609314e+02
-1.846502954881809728e+02
-1.026106526306270439e+01
-2.752037030306105407e+02
-1.536436285624568256e+02
-5.103838101510061165e+01
-1.204166831081801945e+02
-1.143847581130721665e+02
-1.760738542917902123e+02
-2.030924621680640882e+02
-2.481715955572686312e+02
-2.833726524567907745e+01
-1.233678555803038535e+01
-1.442872461594186007e+02
-2.444900510196389973e+02
-2.163689371205072689e+02
-2.437213256424843451e+02
-1.892440452886477829e+02
-2.716700424326791108e+02
-6.005037624580756273e+01
-1.097163217254591245e+02
-1.991800774287619049e+02
-5.218910872442883431e+01
-1.816813798459603788e+02
-3.712970934583520943e+01
-1.352915511090297116e+02
-1.587080513275872704e+02
-1.605626771395248511e+02
-1.377855993418233425e+02
-1.720066461823084296e+02
-4.331296509292833719e+01
-2.193524466838766216e+02
-1.671121801127556523e+02
-2.589572831484406379e+02
-5.039819931351569693e+01
-1.931266066739802909e+02
-3.442588363223006809e+01
-6.109139969839058892e+01
-2.393357401481490001e+02
-1.362104313818391006e+02
7.300948495754767009e+00
-1.899908805345849032e+02
-6.789548123902410737e+01
-2.776418094515138364e+02
-1.263580564702790099e+02
-8.202078884811493253e+01
-2.358352869536588514e+02
-7.719042118506614258e+01
-2.703016454350648701e+02
-1.165301605436510641e+02
-8.091790075932235027e+01
-1.993262276584568724e+02
-4.853924826707472562e+01
-6.724099135253815973e+01
-1.573181877498864765e+02
-2.131375287838847044e+02
2.250540695896900445e+01
-1.346726965980914770e+02
-1.938187583173476014e+02
-3.320455439642803697e+01
-2.230481102040406256e+02
-1.466983223186902876e+02
-5.688871631700637721e+01
-2.117049635377624384e+01
-7.718939945044297701e+01
-1.565518386417288639e+02
-2.113382129462671344e+02
-2.517170063037805221e+02
9.113708656263582952e+00
-6.726495623969194071e+01
-9.454395984051787138e+01
-3.149496809745847941e+02
-2.394455954667261324e+02
-1.810674337305328550e+02
-6.495513347278740923e+01
-2.754211132614040025e+02
-2.847350889763831674e+02
-1.295938293296784991e+02
-8.650599210942242934e+00
-1.697944874530996060e+02
-1.169524875647004905e+02
-8.833628977909371827e+01
-4.124898674076158045e+01
2.139720564755499765e+01
-2.380233506467595532e+02
-2.266069203902166009e+02
-2.117304742735974514e+02
-2.592168961445830178e+02
-3.780405959585496589e+02
-2.169915670725280563e+02
-2.374188193756138219e+02
-1.667660091544524903e+01
-2.576323688119202870e+01
-2.157464493893617714e+02
8.003852484291937230e+01
4.058478752717263660e+01
-2.473121163710057147e+02
-2.714443525907492472e+01
-2.457579167475991255e+02
-2.276852455084027156e+02
-2.820602989501820730e+02
-2.639116487239069215e+02
-1.703658230057773721e+02
-2.288864706277319954e+02
-2.123323042673276575e+02
-1.644397056664647039e+02
-2.124974382270123670e+02
-2.142421430411056633e+02
1.562745240038626093e+01
-1.208535927643078765e+02
-7.769515252461656019e+01
-1.964199296983850616e+02
-1.221098188643763081e+02
-2.710644151683292762e+02
-7.029446997437608502e+01
-1.143118947735245001e+02
-2.580139922445123375e+02
-1.537915860936433035e+02
-1.897166553199782300e+02
-1.819776501193513241e+02
-3.205905997955773046e+01
-2.170787736266113939e+02
-1.951238839877439091e+02
-5.795642191810439670e+01
-5.375542926355056750e+01
-3.861147139769286696e+00
-3.895965662584791289e+01
-1.128602371112180975e+02
-8.422120029995943469e+01
-3.996161110901455515e+01
-2.413967706038618530e+02
-2.342718515961891228e+02
-2.086415128317441372e+02
-1.870983074791981267e+02
-7.934757221270396599e+01
4.565883444662762258e+01
-2.719267696827637337e+02
-2.077720292984283219e+02
-2.273179299908139797e+02
-2.264237516644413404e+02
1.596259628331883107e+01
-2.185320682956279370e+02
-2.016077775019439002e+02
-2.330389893892335351e+02
-1.705823967239257399e+02
-5.439998264795789851e+00
-2.564956769305728130e+02
-3.100644762567518455e+02
-1.541798310977305277e+02
-1.765590776902918151e+02
-1.421387563161622438e+02
-2.312396884871651537e+01
-1.596487351582238148e+02
-6.690940892992392719e+01
-1.504939587955973366e+02
-2.511315098770172369e+02
-2.418791394776286836e+02
-2.960143769865063632e+02
6.410193037839064800e-01
-2.962982928480376188e+01
-1.877182934460703336e+02
-6.873535889841616608e+01
-2.300453281738706721e+02
-1.846287635328887404e+02
-8.783377106779843757e+01
-4.204502919036615083e+01
-6.354925349220671649e+01
2.007106347237701982e+01
-2.115148760130267078e+02
-2.469768302621188809e+02
-2.217438383723632711e+01
-2.161188850694979919e+02
-7.652525582727308517e+01
-4.915972018194787552e+01
-1.463279599851784667e+02
-2.425608850368809613e+02
-1.516797730514112175e+02
-9.153199055981090737e+00
-1.255217523179710781e+01
-1.951767928800417451e+02
-1.950097395279696002e+02
-3.552529247284275016e+02
-1.916066087503665187e+02
-3.267544184808953105e+02
-4.377112499508420740e+01
-1.990044109666118288e+02
1.127339018749774624e+01
-2.769568486137407035e+02
-2.263428934581926342e+02
-2.061541439905565198e+02
-2.209892825825383227e+02
-1.982384978811120391e+01
-1.608603088197896227e+02
-6.110953834155560571e+01
-9.523993389634804885e+01
-1.298906550640525097e+02
-2.548213364664642597e+02
-4.233130804260698454e+01
-2.129278765427193036e+02
-2.236516268135385417e+02
-2.603181862043851424e+01
-4.270485655378089973e+01
-2.613699536196266990e+02
3.242023295435696184e+01
-3.642086726147559261e+02
-2.238248880176287514e+02
-1.475145119386758665e+02
-7.420076467557770172e+01
1.076740381120289847e+01
-8.456827613291868317e+01
-8.957402682847808251e+01
-1.441333528704288369e+02
-8.703149860809816118e+01
-4.332388048231771904e+01
-2.223578360725749121e+02
-1.952294354578031061e+02
-3.085252576588975444e+02
-8.138816890481002098e-01
-2.564524112779216694e+02
-5.358799583935981303e+01
-4.742697637527018628e+01
-1.881161157153413512e+02
-3.490443572363658404e+02
-4.816270371405396133e+01
-2.857444996520256097e+01
-3.671102192843456180e+01
-1.950252115033534324e+02
3.865929400356563406e+00
-1.900916497542210379e+02
-2.620721133416884641e+01
-5.295000997973340162e+01
-1.806920515771628004e+02
-1.638607962396248183e+02
-1.846838282676952190e+02
-2.316909519837815026e+02
-3.815233105214572618e+01
-2.383698356191858352e+02
-1.966578408770919850e+01
-2.241048386940910859e+02
-2.080859165779540376e+02
-6.705384908544930056e+01
-1.031280705724492321e+02
-6.445030048629845965e+01
-1.817773114186661587e+02
-5.248968625194127924e+01
3.008661498069552920e+01
-4.090561254545227143e+01
-6.085525119861592458e+01
-6.515776046241506947e+01
-2.028006880855706413e+02
-2.483743281852470659e+02
-1.651572067526436740e+02
-3.257784281922128002e+02
-6.977107500091243253e+01
-6.076181947570966457e+01
-2.527046532262669132e+02
-2.315474339042926886e+02
-2.325936938098233497e+02
-6.260304926915417667e+01
2.658477919007935952e+00
-6.807638236796859132e+01
-1.747324369058021318e+02
-1.101223702605054200e+02
-2.209804868568861309e+02
-8.628182722814753447e+01
-1.077069270940184538e+02
-2.395379186873901176e+02
-9.573594772469402869e+01
-7.988426562202748471e+01
-2.613844581307722592e+01
-2.140714925890395648e+02
-8.818597220199130504e+01
-1.007938129682989086e+02
-8.536797189493768201e+01
-5.335009564864648723e+01
-1.867015557514035038e+02
3.344365032894000933e+01
-1.281529979087919173e+02
-1.321643139749966736e+02
-2.045617760773677389e+02
-1.632492469664400119e+02
-4.077120716113368815e+01
-1.625063213705989540e+02
-8.317414063669311020e+01
-1.602586662607078551e+02
-2.650027076829901489e+02
-2.644005437410451123e+02
-1.299546908836628916e+02
-1.398109250030364024e+02
-1.804318181143617039e+01
-6.455039812928987430e+01
-1.735456551412311228e+02
-1.118859172985114583e+02
-2.313867472450591265e+02
-7.186249452330469012e+01
-1.614562519068279300e+01
-2.106203693938476249e+02
-1.743558229864183033e+02
-2.203120410859713161e+02
-2.391482580859350549e+02
-1.786533574966855440e+02
-8.762765071979963238e+01
-6.759289611991806623e+01
-1.888560149569443070e+02
-2.580114508902382795e+02
3.934452454981723690e+01
-2.524047030767370643e+02
-1.872669976476361953e+01
-2.336492094898006542e+02
5.172041419116862926e+01
4.196125167909963238e+01
-1.508552755648172194e+01
-1.875499392921101389e+02
-1.496017627936544727e+02
-2.604334133197862684e+02
-1.042953496256957919e+02
-2.546392128471276237e+02
-7.058593046169073659e+01
-2.445667563122648573e+02
-1.294241806362344960e+02
-7.323662043689641621e+01
1.869380227872472489e+00
-9.550610981910588748e+01
-3.503096915100459796e+01
-1.792804072587121311e+02
9.318894273219619606e+00
-4.595056000280497699e+01
-2.628491056240587795e+02
-1.501238280066760922e+02
-2.124815226656658069e+02
-9.061401000396824656e+01
-2.080263461667989873e+02
-1.843284670739718081e+02
-2.144710395864178452e+02
-8.336111432995394921e+01
-2.114460532660469880e+02
-1.047914894714475764e+02
-1.888273217638444237e+02
-1.125322854984480756e+02
-2.199138980215962818e+02
-2.105614853723225508e+02
-2.708207517317490556e+02
-2.269723342357359854e+02
-5.816309748834547122e+01
-2.332356906159586458e+02
-6.988928753798546722e+01
-1.391638947501495807e+02
-2.397638674091595590e+01
-1.959059906237613120e+02
-1.755787499308237898e+02
-1.705727446496406401e+02
-3.868361049415440789e+01
-9.927171827975634244e+01
-2.780549560989186375e+02
1.258003891588505141e+01
-2.167073320789263562e+02
-6.927346346783525632e+01
-1.531771565983331129e+02
7.678366963791125599e-01
-1.355171282565604827e+02
2.403946604388306696e+01
-7.799167498508097651e+01
-2.195704932659347435e+02
-1.814903622434372323e+02
-2.808673385731626695e+02
-1.222854400860740185e+02
-3.698419716158176129e+01
-6.651156773834526348e+01
-1.367335755895038574e+02
-2.741145304134594198e+02
-2.519003519599676224e+02
-3.648893005819539326e+01
-5.383293425147890332e+00
-2.374910835151983406e+02
-3.477751519844707673e+02
-6.233184184467211253e+01
-1.981723003345497887e+02
-6.064604961829600427e+01
-1.061794805516584006e+01
-2.780818633690891772e+01
-1.789739849080960994e+02
-9.486417965065288627e+01
-2.464599778706844972e+02
-2.462989012316700723e+02
-2.784635671548061282e+02
-1.854286489006940997e+02
-2.103265943039760089e+01
-2.000103684892447973e+02
-2.388506900986278936e+02
-2.629810240767300229e+02
-2.171571644533811423e+02
-1.973663270514438750e+02
-2.294767419198173570e+02
2.147039129259945867e+01
7.960806841587054983e+00
-2.181630559557808340e+02
-1.489643004927846732e+02
-1.752229306209685262e+02
-2.501694045664936255e+02
-2.466728693271916484e+02
-1.381367372714356989e+01
-1.811453805365839003e+02
-5.282495459457714304e+01
-1.586958979700822852e+02
-1.131590288647091747e+01
2.901734237157748453e+01
-1.302459107520035104e+02
-2.477379126461279668e+02
1.059151614736855151e+01
-2.229843132611719057e+02
-2.176252112416313480e+02
-1.173753802151757810e+02
-6.881798174406786472e+01
-8.873681856164560600e+01
-2.383540720566703897e+01
-2.761789045379875915e+02
-1.533545518243580545e+02
-2.663961756705477910e+02
-2.030461007346287943e+02
-2.565248237353712284e+02
-1.653449214174380302e+02
-2.704062965921826844e+02
-1.657951367311067656e+02
-1.033628660566232327e+02
-2.402387232513242310e+01
-1.083186442077507650e+01
-1.297100628928054391e+02
-3.749996508194460887e+01
-4.024848712401178830e+01
-1.552973862127498421e+02
-7.838098791058065729e+01
-1.264646660591872660e+02
-2.139291542663486041e+02
-9.954785370948481216e+01
-2.615602113162450451e+02
-1.374021303321352434e+02
-5.479540971780316738e+01
-2.417360877083508797e+02
-2.131393395898093956e+02
-1.289276806924809478e+02
-2.616952184235886989e+02
-2.207910928707526637e+02
-2.541475737068932972e+02
-2.611878572514369807e+02
-1.106100432532249016e+02
-2.824025580897085774e+02
-4.396385861088094771e+01
-2.184802679323971688e+02
-2.060200938276894362e+02
-2.263943206987969177e+02
-1.921862880874239465e+02
-2.276417868488373983e+02
-2.584815967127868248e+02
-2.379007469849022414e+02
-2.720550058295250437e+02
-1.679030522249801720e+02
-1.390514261582469580e+01
-1.883610359339534170e+02
-4.796760383164254904e+00
-2.472712709920592999e+02
-2.889475304839229466e+02
6.862796757632813716e+00
-3.081747436836033103e+02
-2.490562883107964467e+02
5.190091462859265903e+01
-2.019107222002469939e+02
-3.028014411856952393e+01
-2.347622240006681693e+02
-1.728579505628549953e+02
-4.791378548397547377e+01
-2.145190778036883614e+02
-2.966611181046434922e+02
-2.597279224722298068e+02
-2.556706645722149744e+02
-1.340446803994265679e+01
-2.291161359866776763e+02
-5.070086233157184097e+01
-2.121345707338444981e+02
-8.306545770973980325e+01
-7.583415684115537658e+01
-9.537900493920560052e+00
-2.468035481605714097e+02
-2.022614446169658322e+02
-1.926418983360767925e+02
-2.677253008141907458e+02
-1.118335701503791313e+01
-2.146212586019018431e+02
1.057448339621269895e+01
-1.793927081856271002e+02
-2.049792150198007903e+02
-1.553313430929502772e+02
-7.361981388692539952e+01
-2.276785574199743962e+02
-1.390338461078928560e+02
-1.905803165842290241e+02
-8.810746832409913054e+01
-2.400636871988015173e+02
-2.683597935968611523e+02
-9.630617372789630792e+01
-8.293941809853876634e+00
2.613847007300445213e+01
-3.356674971088077086e+01
-1.593420156939068306e+02
-1.502901989285936679e+02
-1.908881192599027656e+02
-2.228625485091412770e+02
-5.157601170584894135e+01
-2.441578642440938154e+02
-1.612299705976021755e+02
-8.814205819855700952e+00
-3.898302505140318885e+01
-7.176551941350956199e+00
-1.728359872482542983e+02
-9.434960981519262546e-01
-1.366353419761288706e+02
-1.170068273936538219e+02
-4.088442668000596569e+01
-1.589217492835258554e+02
-7.581607122951083966e+01
1.866504482453891001e+00
-2.428448112657412423e+02
-2.332593146856530950e+02
-2.523881046363903025e+01
-3.162178357463176326e+01
-2.543118130364583607e+01
-2.206810349148612715e+02
-1.225408692376282183e+01
-1.373953855022999448e+01
-2.327088811374994179e+02
-2.715201105938916726e+01
-6.867208803020271546e+01
-7.860708867068915140e+01
-2.020097530035736213e+02
-3.341449459555200896e+00
-2.981051903341467479e+01
-2.368073598762649112e+02
-1.175678787313174389e+01
-2.374004504971352958e+02
-1.996182720971126230e+02
-8.313276181993397529e+01
4.205733621110226750e+00
-2.238093269462120105e+01
1.000250209439739990e+01
-4.482529395803723560e+01
-2.395803538199426086e+01
-1.870279391774402029e+02
-7.490477873405258435e+01
-1.604219635472100549e+02
-4.501415350560478146e+01
-6.682634826076088075e+01
-2.456465673704173298e+02
-4.268468851959310939e+01
-1.981142561314296984e+02
-4.368359584748778701e+01
-2.382434671650908342e+02
-6.012551602338409396e+01
-1.788419189486813252e+02
-2.323326094207729966e+02
-2.651245191593083064e+02
-9.945054367205503354e+01
-2.341494134041853385e+02
-3.851795867608501567e+00
-1.304383027216372000e+02
1.072151434208035958e+01
-2.194407982725451234e+02
-1.634876763808248654e+02
-2.531214450619639535e+02
-2.436953849967363510e+02
-1.575373796595903002e+02
-2.110242193847957424e+02
-3.835908573261814070e+01
-3.945899256194594074e+01
-1.530676318200912362e+02
-2.209463318203101494e+02
-1.872552022558747638e+02
-2.428619563922065367e+02
-1.237782911580848548e+02
-9.185710745286438339e+01
-2.053238396635216247e+02
-2.549056346995460842e+01
-1.127447192104740736e+01
-3.185144968763128759e+01
-1.888789904285511057e+02
-5.887810236481327308e+01
-2.305757977669836407e+02
-9.306204553247692957e+01
-1.956755861404781740e+02
-2.150970865525582383e+02
-2.020368115498081067e+02
-2.007809590153185013e+02
-1.193088908030247808e+02
-1.889713024097998186e+02
-8.159635399797755895e+01
-3.488415843130005101e+01
-6.208870401921568138e+00
-5.210507089580765694e+01
-2.487303468445844601e+02
-2.079018391479784498e+02
-2.615309459271715298e+01
-4.978705981617009968e+01
-9.950090448179223301e+01
-2.000572062606363488e+02
-2.392639670661520483e+02
-8.016024492782501909e+01
-4.616689435421127996e+01
-6.955568655687883961e+01
-1.713158507387299778e+02
-1.848311109982945055e+01
-4.115455299271793876e+01
-2.566222034775902330e+02
-1.691269921296139955e+02
-7.395271970818808427e+01
-2.536840118652293938e+02
-3.158036061564980912e+01
-1.942077847988652479e+02
-5.616116301419269519e+01
-4.906982408907903448e+01
-2.422100416531461349e+02
6.660706173387765716e+00
-6.440876528293991043e+01
-1.694084692671353309e+02
-1.996310903558452026e+02
-2.748257449442944562e+02
-1.628274380811986930e+02
-1.101549169092357801e+02
-3.244001053707864912e+01
-1.984895161978705005e+02
-1.357311408703189386e+02
-1.926439530394617350e+02
-1.747733674431228224e+01
-1.128079108005599096e+02
-2.526367717879005284e+02
-2.459572355754146145e+02
-2.886754082085780126e+01
-2.139074482209987593e+01
-2.044275682200334359e+02
-2.036259982834095581e+02
-1.503501752368927669e+02
-1.894053297504244711e+02
-1.984899346891984919e+02
-2.985902467106151335e+02
-1.651244409096792083e+02
-2.182503679815590658e+02
-1.376406198147037685e-01
-2.754975339565923420e+01
-5.163270924811995144e+01
-1.951030747232978797e+02
-2.445325234950221613e+02
-9.680626848542446794e+01
-8.959086018348563130e+01
-3.429639143059650763e+01
-5.114887787097048033e+01
-5.835292693994702518e+00
-2.038592588143559965e+02
-2.591729878095229651e+02
-8.949405252616179496e+01
1.997740844036186791e+00
-1.627583496281910698e+02
4.660412858692350824e+01
-1.431929043933358230e+02
-5.823265451029801909e+01
-6.707584089475022893e+01
1.163462885846860972e+00
-2.255293282246870490e+02
-1.599419611080576828e+02
-9.079172425296454207e+01
-5.270521972432263169e+01
2.055337147342632420e+01
-4.287912161509026987e+01
-2.466675110350778084e+02
-2.437432005854888359e+02
-9.721174743806005836e+01
-2.420241968828028121e+02
-3.137199260039921569e+02
-1.224862458322003533e+02
-1.469756497457750015e+02
-4.394765855074145122e+01
-1.938250363850216331e+02
-2.299364160223492206e+02
1.181627588977980281e+01
-2.661470708454639862e+02
-5.490566478977724074e+01
-9.294107846854133470e+01
-3.463239014919861347e+01
-2.712705435289890943e+00
-3.892723678221547345e+01
-5.047848207300572199e+01
-1.337822306830666150e+02
-2.320090520223523356e+02
-1.562408586359918559e+02
-6.789204558688925317e+01
-2.830913758525887260e+02
-1.881105808377166113e+02
-2.334890465135020179e+02
-2.537190254034373709e+02
-5.973092241807396618e+01
-2.125949291575764164e+02
-3.828443103024220306e+01
-7.956790581967044318e+01
-2.115476279868076688e+02
-2.073797160568093432e+02
-2.003895427388508779e+02
-1.980752464035888352e+02
2.999867686607339579e+01
-5.842156305921173853e+00
-1.077312917992017418e+02
-8.447977575362870084e+01
-2.044357910766615873e+02
-3.826361770420348307e+01
-2.668586978375304852e+02
-2.449603373374573323e+02
-2.428477254286017626e+02
-1.134506164894281142e+02
-1.894694945332507245e+02
1.159964920179132264e+01
-3.668097744401080718e+01
-2.150173049594080226e+02
-4.467082933244726917e+01
-4.235943482012423544e+01
-2.540369728827274400e+02
-2.469535489301950975e+02
-4.206855437687834609e+01
-2.459060426071569623e+02
2.572027282171219564e+00
-9.380563286810379964e+01
-1.233965200221787484e+02
-2.304961913859237939e+02
-2.464370780268782255e+02
-3.858268755345179102e+01
-8.181724172250247307e+01
-1.539192653670037032e+02
-6.605393656636796607e+01
-2.504392583379865584e+02
-2.013727801364541392e+02
-2.653449522714324260e+01
-4.647866420300383794e+01
-2.770908102983198873e+01
3.195633401863884160e+01
-1.697655767782489420e+02
-2.132315043812072304e+02
-2.446742773013599503e+01
-1.529729355040027770e+02
-1.808010657252249871e+02
-2.176647179125373555e+01
-1.734443227701900412e+02
-2.048841930274662673e+02
-2.017071991618266225e+02
-2.715911802286827879e+02
-5.121553501226892990e+01
-2.316837722505477757e+02
-3.060018764959419002e+01
-5.067927828357352382e+01
-2.915588359426200213e+02
-2.301253282646948151e+02
-1.655836502123297009e+02
-5.983075672042833304e+01
-9.738910829114712442e+01
1.826813407220232222e+01
-2.609369071299806819e+02
-1.801428462715161061e+01
-7.051276329836940704e+01
-2.049350300608859072e+02
-3.631976225464990193e+01
-7.619426441067291478e+01
-2.423243083028325202e+02
-2.069665926312131603e+02
-7.270924222341363929e+01
-1.223303916371125126e+02
-3.891078135201071291e+02
5.740471619049753116e+01
-2.364302006572988546e+02
-2.162628834098189543e+02
-1.837228848601682785e+02
-2.293154206445765624e+02
-1.209315215501766261e+01
-2.377410530714303434e+02
-6.969201473052171991e+01
-1.867391517015828128e+01
-1.713531124294830761e+02
-2.649374786396888908e+02
-3.030414569854632418e+02
-1.653250044467800421e+02
-2.151745888234775066e+02
-2.707497396738023099e+02
-4.225347444986311274e+01
-6.878896559999334670e+01
-5.517995273499604991e+01
-1.044446810741868887e+02
-2.240389435794602662e+02
-2.500920378787328957e+02
1.809941670679336312e+00
-6.110082440908578150e+01
-1.474068603358919916e+02
-2.010660270517366541e+02
-1.908613710922141422e+02
-3.737544656881721039e+01
-2.381307744138898386e+02
-1.950661170810915621e+02
4.234310303460229186e+00
3.129710236140531876e+01
-3.471939304450943098e+01
-2.000048719740810839e+02
-6.356142009364403123e+01
-2.294039604298593247e+02
-4.582595334990126901e+01
-1.957846282196783818e+02
-1.493098451553727557e+01
-2.588462278366374676e+02
-2.066510105859926227e+01
-2.567861482985670136e+02
-1.079587912776825362e+02
-2.300504066070575959e+02
-1.943542489239891893e+02
-2.400995128692855474e+02
-4.941952838146177385e+01
-1.847954557573404770e+02
-1.335684802425583229e+01
-2.741965583187958941e+02
-1.787474171699935255e+02
-8.983392061653390215e+00
-2.000737836201363251e+00
-6.379162533600134743e+00
-1.659066694679480634e+02
-2.391497003325771686e+02
-7.574472096560583623e+00
-2.428127783596187896e+02
-4.597461776317712889e+01
-2.548749400580484235e+02
-4.890804642439798755e+01
-1.972565315096612153e+02
-2.263071328256753532e+02
-3.608868578338366717e+01
-4.618608736250203606e+01
-2.600138157567607244e+00
-2.019293168383713635e+02
-4.024456277654779512e+01
-2.231058003933260352e+02
-4.588196966559034706e+01
-1.745256769828226595e+02
-1.333632629392834019e+02
-1.793107039619519583e+02
-1.572031046850531197e+02
-8.990628159995168289e+00
1.970616599284387860e+01
-1.407781614734081010e+01
-7.086712676754268614e+01
-9.895248476637439694e+01
-1.741167712586436664e+02
-2.130194807782706334e+01
-1.750422586909450615e+02
-2.250622244854410781e+02
-1.961387570904448125e+02
-1.948639747658477859e+02
-1.753793700206920221e+02
-1.815413614634614419e+02
-4.180987608826236368e+01
3.472477009865492015e+00
-2.221590903933487766e+02
-2.274289163714365145e+02
3.155643421176583630e+01
-1.758150186922724956e+01
-2.052246001929053421e+02
-1.484924402357117401e+01
-1.757466065543997615e+02
-3.724567606350045423e+01
-1.177342072955938690e+01
1.436251093841720206e+01
1.088353738506374668e+01
-2.264564020927325885e+02
-1.843058829877144262e+02
-2.525952922414734019e+02
-2.024038757291463924e+02
-3.599840466257155480e+00
-2.381615757741675452e+02
-1.703620425612397469e+02
8.485914741611068735e+00
-1.417066554126769518e+01
-6.744113808339628235e+01
2.855368031323581235e+01
-7.267577333802231010e+01
2.261714668399748618e+01
-2.289350528515056169e+02
-5.533634202046894757e+01
-2.664871160177222009e+02
-2.513724822335452025e+00
-1.569653837892201977e+02
-2.576493904606777505e+02
-2.190938708944179041e+02
-2.745099572903683338e+00
-7.347238981291414461e+01
-1.861603307551193325e+02
-6.303915754658305559e+01
-1.179750381651547855e+02
-2.105645727817591535e+02
-2.312205166621430692e+02
3.071235583240074618e+01
-2.239013282398462081e+02
-1.939956524729967953e+02
-1.357539348080987338e+02
-2.045776982532047441e+02
-1.523781064660745130e+02
-1.797645560924601682e+02
-2.470190016498044372e+02
-3.932972797938347753e+01
3.438246633951185238e-01
-2.301001727029586448e+02
-2.993017253666375836e+02
-2.302874203468375924e+01
-1.563226577755875368e+00
-1.673578262189292332e+02
-2.258282303360491028e+02
-6.351509799794141031e+01
-2.922539772031935286e+02
-8.936727029585269122e+01
-2.690883110163830452e+02
-5.827576957813558067e+01
-2.752881989242129634e+01
-2.653367285555170838e+02
-8.825990562652590654e+01
-1.214638205784715197e+01
-6.532685313984535469e+01
-2.998606461254768192e+02
-3.022857831763881009e+01
-2.633963790781936609e+01
-1.611916758188993981e+02
-1.991357135713154207e+02
-1.893810943814810059e+02
-2.368840373324895552e+02
-2.519779346816317798e+02
-5.115254168552986158e+01
-8.094282589370493497e+01
-1.723173057483803063e+02
-2.319507080052424328e+02
-7.385478852909881198e+01
-7.482104653732913846e+01
-2.724564100579635806e+02
-1.455136440940512976e+01
-2.349405226783414093e+02
-2.625923875002920340e+02
-2.186304798256112747e+01
-5.985153281516352308e+01
-2.286143531673183702e+02
-3.097216177059490292e+02
-3.256088217543549490e+01
-1.696266701788558464e+02
-3.161210166783569093e+02
-3.742352313380694540e+01
-2.096782237416444445e+02
-8.281495675650842259e+01
-2.118592177687160643e+02
2.607202482204824534e+01
-2.997329967092324523e+02
-2.929770862157118358e+02
3.549485092615010107e-01
-2.401833909432889413e+01
-9.027769873794234456e+01
-2.522201918342991007e+02
-2.502729885912616510e+02
-1.697231539676769216e+02
-1.796844560681151108e+02
-2.277424194265956885e+02
-2.775841304726280327e+02
3.942905246467537950e+01
-2.133040592554539217e+02
-1.883267105054165427e+02
-6.883973580638750889e+01
-2.505017177811002682e+02
-1.050890042988124264e+02
-2.802015947093782700e+01
-2.132707481497498065e+02
-1.614894494512581105e+02
-7.037161827466118780e+01
-1.867078610014926312e+02
-2.339347429539383256e+02
-9.791890987454614503e+01
-4.370006854079157677e+01
-6.546024952554874687e+01
-1.028680432072817865e+02
-1.990336011345088423e+02
-2.018203686177483860e+02
-1.660311083053292975e+02
-2.620934595556142312e+02
2.286510887892937376e+02
-2.547945013672314474e+02
-2.308219825183194303e+02
-2.721819570286489238e+02
-2.884791904987365285e+01
-1.991044286502963416e+02
-2.168983641317612125e+02
-1.553537013963128288e+02
-2.419510401087982530e+02
-4.713127122558493909e+01
-1.618152721024627283e+01
1.724530739802852430e+00
-2.176087753095579274e+02
-2.634470183740481275e+02
-2.721154446802562461e+02
-3.618560660512771676e+01
2.637224238767117868e+00
-2.669367418280284028e+02
-1.606788422122477300e+01
-2.113608519478339076e+02
-2.698539153584900419e+02
-2.139014387590152637e+02
-1.950090737346640992e+02
4.053954354384021741e+01
-2.700124886937006750e+02
-1.177546913920908054e+02
-1.886375051194415278e+02
-2.216895023259900199e+01
-2.174662726406722300e+02
-1.746601710249772168e+02
-2.068926702265478355e+02
-2.540088020901598895e+02
-2.673871175127196693e+02
-1.984098683067305728e+02
-1.856874425317349164e+02
-1.455524447523086735e+02
-1.752973139912262468e+02
-4.171457315798720344e+01
-1.952330510634300822e+02
