-3.667526248575801446e+02
-3.271435205936809325e+02
-2.976664896838580034e+02
-4.100459522196350122e+02
-4.841094581749026560e+01
-1.972076479201463144e+02
-3.515588022704709488e+02
-1.078916294755405687e+02
-9.865967676319418445e+01
-4.766146274180525779e+02
-3.708624494629507353e+02
-1.118182559409302570e+02
-4.915810568047166385e+02
-4.099799271600990664e+02
-1.362212855397116869e+02
-8.200139884088741837e+01
-3.667278965839742568e+02
-3.905743965357434604e+02
-2.154842045425222068e+02
-3.649810069480298580e+02
-2.651605555568790464e+02
-4.139146165942931930e+02
-3.912537270679887342e+02
-5.671002710636587096e+01
-4.426278704655642855e+02
-2.284106278507323111e+02
-3.259124163960038914e+02
-9.553634459257062872e+01
-4.909227185932485327e+02
-8.501955645661485050e+01
-2.094796242118211467e+02
-1.487695229370168875e+02
-1.177959259814137738e+02
-3.307529991299794858e+01
-5.670134903234389867e+01
-3.539704528255360856e+02
-8.822676189381155609e-01
-3.064996688744897710e+02
-4.097291907883837894e+02
-1.201525908521457922e+02
-1.266893552750373715e+02
-2.832975475076444809e+02
-9.511230943064728649e+01
-2.774731985324485208e+02
-8.725255601322484722e+01
-1.653926107870515807e+02
-5.015955675486480914e+02
-2.854269288517663199e+02
-1.510013349704714187e+02
-2.931935524870766585e+02
-3.349575093411184525e+02
-3.739761929736741877e+02
-7.870297295193654463e+01
-5.019211154767006633e+02
-3.557523279239154590e+02
-2.361803652533021989e+02
-2.001742463616825489e+02
-2.430130583992767583e+02
-2.489161624971839899e+02
-2.353591299351313637e+02
-3.117741712589941585e+02
-6.956390022292943343e+01
-3.269816346047570619e+02
-2.568626294163299235e+02
-7.109163230018066315e+01
-1.577943831299928661e+02
-1.240704680964691988e+02
-6.572925490228554679e+01
-1.094469393360453751e+02
-2.083287811150794653e+02
-2.896409203268225951e+02
-5.536485691924248442e+01
-4.180693459364653677e+02
-1.391420063079429212e+02
-1.910213002450637134e+02
-1.279889141996806075e+02
-1.375569733686181166e+02
-6.968240829358259703e+01
-5.910882164718076126e+01
-2.817996889715661837e+02
-9.863074565070462540e+01
-4.856518402952878688e+01
-4.838543730554076916e+01
-6.251800947751186044e+01
-2.433403710801858324e+02
-3.470664726070059487e+02
-1.697080941910815000e+02
-3.178144468695850833e+02
-3.260493717891264396e+02
-4.655552009290266824e+02
-7.775620464341390914e+01
1.074283034178338880e+01
-4.246299258513771520e+02
-8.509169750147513867e+01
-1.093874062536305019e+02
-4.758932422081012419e+02
-3.218518466424670237e+02
-4.683906803078940584e+02
-3.579374424147477498e+02
-2.142640080807910294e+02
-4.192294226220257087e+02
-1.153745258636422193e+02
-3.167270387335428268e+02
-3.734354572906242993e+02
-1.069379771493954934e+02
-3.531160320131322692e+02
-5.181580387820447697e+01
-1.227703583433631707e+02
-2.412234004079231795e+02
-3.778562307201306680e+01
-2.792358617498889544e+02
-1.000917703036132593e+02
-4.249503885127593890e+02
-2.502782769847826501e+02
-1.691146637574921385e+01
-3.185136483708274682e+02
-1.281301942710479125e+02
-8.925821066653615787e+01
-3.641996477390812288e+02
-2.226156835833437526e+02
-2.993371181647200956e+02
-1.382807341907894454e+02
-2.776952492741689866e+02
-9.611107286831301622e+01
-3.698728968774994996e+02
-3.881357402653295594e+02
-5.753321242243331426e+02
-3.340019256552423599e+02
-7.121752851115653016e+01
-3.330443148835001352e+02
-4.661411183377299494e+02
-3.342452883492763931e+02
-7.500412057477436178e+01
-3.879070650264206961e+02
-4.664973601697121239e+02
-4.028039047327710591e+02
-2.889361195750001343e+02
-1.139936157442602109e+02
-1.672459206848402573e+02
-3.135043274125649759e+01
-3.281052647932306172e+02
-3.286979449197344820e+02
-3.498893439347961021e+02
-1.815256126361851443e+02
-1.646298707071398439e+02
-3.011699348404734451e+02
-5.635341260000797092e+02
-2.811001797699909162e+02
-1.994280761009407854e+02
-3.581751747661911622e+01
-3.348919820715206583e+02
-4.104643846172426151e+02
-3.420884992760047680e+02
-3.671529668852448225e+01
-3.200805140931470305e+02
-3.302717182073651543e+02
-7.022259776582333757e+01
-4.246280910081270008e+02
-3.067058445106577551e+02
-1.333905445422471701e+02
-9.075794732876629212e+01
-2.352654400797151766e+02
-9.452836968190858613e+01
-1.076527803636822256e+02
-2.969876746634432720e+02
-2.897255608724574927e+02
-1.220753463894972697e+02
-8.365664686681493833e+01
-1.348968573506079736e+02
-1.569780148424695199e+02
-1.766305114145606581e+02
-2.786914763109946591e+01
-1.369322571079474358e+02
-1.372785251968850844e+02
-3.432913980768863667e+02
-3.205248181366220024e+02
-5.529317250684051999e+01
-1.041731990790402591e+02
-7.660471901462625510e+01
-2.507521277459838132e+02
-2.455844591725718828e+02
-2.578431006122989402e+02
-1.127192209305459443e+02
-2.355694477552525825e+02
-2.124445218818090098e+02
-4.568039337830757063e+02
-8.332281556186484295e+01
-2.980941242654437247e+02
-3.219713325238117250e+02
-3.641713763914397362e+01
-4.659379054610228366e+01
-4.150928294382215995e+02
-2.856677268811116051e+02
-1.725803803622144699e+02
-1.827360470587717600e+02
-1.198180326259534638e+02
-1.666730195795806253e+02
-6.567877185040343875e+02
-2.339290812211462196e+02
-3.988014972770192799e+02
-1.272727782824657936e+02
-3.703228923926910454e+01
-2.256739295306153963e+02
-2.756035151647105295e+02
-3.914634256344145911e+02
-3.190568455091339217e+01
-3.787550021864543055e+02
-4.484435550224112603e+02
-1.763427629145942888e+02
-3.364634341424921899e+02
-7.423836080205191479e+01
-3.911490974792171187e+02
-2.436024127161414583e+02
-4.859072392683592057e+01
-4.480393280400464562e+01
-9.643705352249637031e+01
-2.103497596167539427e+02
-2.934389483223998241e+02
-2.857332395952406614e+02
-2.113857851057618120e+02
-1.255554180899654000e+02
-1.571513862967584032e+02
-1.743937241249414569e+02
-2.661283000602928439e+01
-1.399186123351345827e+02
-1.638277265266752920e+02
-7.688529902112372838e+01
-2.420881850979722003e+02
-3.048314033401713345e+02
-9.724902327337331087e+01
-1.757014411885264167e+02
-3.805512083063396176e+02
-2.561225370930908412e+02
-1.037540236815745374e+02
-1.264290412339033622e+02
-3.241439662691549302e+02
-4.291109166712733440e+02
-1.621755782373438990e+02
-2.476681255520851153e+02
-1.617869163021426857e+02
-2.494290618271122923e+02
-1.146493506123329524e+02
4.541351937220489532e+01
-4.241148068664446669e+02
-3.094536517014225865e+02
-4.305763287674689082e+02
-3.818508836322156981e+02
-5.729742338143432789e+02
-9.168922443086736962e+01
-8.757992031884390371e+01
-8.610120446667252736e+01
-4.539463907006287400e+02
-7.455715128695602800e+01
-1.267980402473193635e+02
-8.292853871567756130e+01
-1.184869799895512301e+02
-5.774635747253037721e+01
-3.397533319421825126e+02
-1.732730701212039151e+02
-3.126523160026631558e+02
-5.690224588705893183e+01
-3.615739590168905124e+02
-3.977734005846538707e+02
-6.130358638022755713e+02
-6.654394947260192339e+01
-9.722592057494927076e+01
-1.575630551607933683e+02
-1.832917369476425620e+02
-1.750850049231097501e+02
-3.506173986926636417e+02
-6.245802682013059837e+01
-8.213053579806064874e+01
-2.526960350196914362e+02
-2.571985868539956073e+02
-5.979503250142077775e+01
-1.820221568709871462e+02
-8.514364384313904566e+01
-1.107962102093433288e+02
-2.688491439071264040e+02
-1.106966359436840150e+02
-4.020312893231386511e+02
-3.108151771329022495e+02
-4.385701717154948369e+02
-1.421612995480280972e+02
-3.381148407588422060e+02
-1.846902077137563083e+02
-1.236111848681208869e+02
-1.005754684764499416e+02
-6.939051062780487200e+01
-4.108396202527935657e+02
-8.818100707915299097e+01
-1.011035844555766516e+02
-3.769803518134836509e+02
-3.164552193511241285e+02
-3.898821802545504056e+02
-2.817975596733764405e+02
-8.479714331386779236e+01
3.839427698682897017e+00
-2.802891040029289798e+02
-1.772203835569962393e+02
-2.499595866864467553e+02
-1.281088584285883485e+02
-3.155148657385955175e+02
-1.733904014065176966e+02
-3.198095850548677390e+02
-3.438853999243959265e+02
-2.052800000423114284e+02
-1.225250259586445623e+02
-3.404874988185143820e+02
-7.251267250641335238e+01
-1.198605799789068556e+02
-5.124485428026749645e+01
-1.431872423352785972e+02
-6.692816849385447142e+01
-7.742824905974384819e+01
-6.688720478928019020e+01
-3.184865773999589464e+02
-1.546210650438846983e+02
-4.648240319957074007e+02
-2.322316867591900973e+02
-6.124398128151617016e+01
-2.704483047263667004e+02
-9.882211243685817692e+01
-1.842493358446984075e+02
-4.210265581750023500e+01
-6.665782635539241596e+01
-4.526731434962310914e+02
-1.523966514974686959e+02
-7.835981364969059371e+01
-4.682258994320270631e+02
-1.795435923454717511e+02
-4.343100771698611879e+02
-1.468885551013526936e+01
-2.553031830099136812e+02
-3.045791096410949876e+02
-7.891580461545004255e+01
-4.234460361323674533e+02
-9.822340602788692365e+01
-1.339468554957128958e+02
-3.873306870785071396e+02
-1.360460143318347548e+02
-3.134307559587068681e+02
-2.214783577917835942e+02
-2.883647524280232801e+02
-8.893902354161951962e+01
-1.168961849025959054e+02
-1.961926437404876538e+02
-4.216778903398690090e+02
-8.549956026662620445e+01
-3.966294620797829680e+02
-3.094005506665619691e+02
-1.888310693408959935e+02
-6.851194724078023057e+01
-5.333678140012729330e+01
-7.155204953963718140e+01
-4.931916334715242556e+01
-3.783794397381037697e+02
-9.578389222617961707e+01
-1.348752004066688244e+02
-1.820278314601563636e+02
-5.529867014722726992e+01
-1.640018551075878577e+02
-3.199461862139320374e+02
-1.493811747541124930e+02
-5.159122523313351394e+02
-3.470173342897107887e+02
-1.173475427885385045e+02
-4.613185102244284508e+02
-3.326051791300266132e+02
-4.066984776740662824e+02
-2.858645758711417102e+02
-1.414704301179034474e+02
-1.216035736509215610e+02
-1.297775497063536534e+02
-1.748556076100600762e+02
-5.599753963334785567e+01
-3.922050286446581140e+02
-3.906800100997598406e+02
-1.460766536048461433e+02
-4.807926280151652776e+01
-1.826855876857835597e+02
-4.175103645118329609e+01
-8.114623483925909397e+01
-1.468055373384358973e+02
-1.086416871145490575e+02
-1.015042607792667155e+02
-2.659263163048039473e+02
-1.097923398252424931e+02
-1.039839749824091655e+02
-1.587268203420953796e+02
-2.351248851243364015e+02
-7.133870324147936515e+01
-2.389294488335355027e+02
-2.442630061817938554e+02
-2.374146624561159626e+02
-4.237511265352511600e+02
-3.193701243146086313e+02
-2.105053411125984439e+02
-3.355350459852607514e+01
-4.229377630818142393e+02
-3.262348503375978908e+02
-2.543692695311442833e+02
-2.673029005035344312e+02
-2.706400736848316910e+02
-1.681106829247991641e+02
-1.031924050261560240e+02
-2.863355845065218546e+02
-1.732320112406673616e+02
-9.697228674780677693e+01
-1.235307219401198893e+02
-7.472370752557223739e+01
-1.118222622333767475e+02
-5.858856873693652290e+01
-8.043704564513843991e+01
-1.867815143728815599e+02
-1.332194739192350994e+02
-7.888295427616385780e+01
-2.843610744527045426e+02
-6.602984422071455128e+01
-1.097583863383431151e+02
-1.476029732079687449e+02
-3.092548255816736003e+01
-3.456432772647628440e+02
-2.510801066519778715e+02
-5.181729579527783613e+01
-1.146144373923388429e+02
-1.828221157935593624e+02
-3.114762374513697978e+02
-1.681328596233424832e+02
-8.201774239623912877e+01
-1.405164745678692384e+02
-5.947223232615686328e+01
-7.182447637279096853e+01
-1.020808356531272238e+02
-1.237927498112394744e+02
-4.350509688306913745e+02
-4.188981983723319331e+02
-4.504072348442834368e+02
-2.410735908157424205e+02
-1.754208192097377150e+02
-1.761305810394605942e+02
-7.070071569876503759e+01
-1.856364650486740970e+02
-9.783670670537151182e+01
-5.323319260409790843e+01
-8.241322687414279358e+01
-2.694334001691647131e+02
-1.696698325741242570e+02
-7.164961936780397878e+01
2.578418968709600279e+01
-1.979101484427499713e+02
-4.226084424598827383e+01
-1.345926204864516365e+02
-1.637262752089100104e+02
-1.071038807137704083e+02
-2.300044280337714611e+02
-1.562086918168943157e+02
-8.938439647197550642e+01
-2.367516172604397582e+02
-4.634170881930390351e+01
-1.960519541673307344e+02
-1.584170876099102259e+02
-2.602612795017904546e+02
-9.892135647485788752e+01
-8.118277621634496199e+01
-4.013369010157964567e+01
-9.527872961466944446e+01
-2.117910033153019072e+02
-3.050113134833846971e+02
-1.226978605604716819e+02
-1.219222323256595075e+02
-9.033366890314290742e+01
-7.557540563672972667e+00
-3.150329997419624988e+02
-5.654348770784633871e+01
-9.912235898708013337e+01
-3.797290800877740935e+01
-2.122711460684672886e+02
-2.231779519131533789e+02
-4.353122671268548061e+02
-5.067701550414115985e+01
-1.087973292298643173e+02
-2.230353630808569676e+02
-1.502198104229430555e+02
-2.538689676538061519e+02
-1.461072333182360126e+02
-1.114334751207356931e+02
-7.809301167848624914e+01
-1.327265198652245317e+02
-5.531058174221611523e+01
-1.560652410803334931e+02
-1.053855940018451349e+02
-8.512756982179294596e+01
-1.567798634702097047e+02
-2.302077010166000832e+02
-1.889952807066228502e+02
-6.801646256662947110e+01
-5.302713056031207088e+02
-1.257187966971944064e+02
-8.415125753857826396e+01
-1.991823105094605069e+02
-8.104472138131350789e+01
-1.085656584618206040e+02
-2.268571304527242773e+02
-3.884707413580726438e+02
-2.790540891369196856e+02
-2.460371684093509828e+02
-1.912558380072485988e+02
-9.553637665660971834e+01
-1.329843477308435524e+02
-1.565170695784018449e+02
-3.429634587385687894e+01
-2.682281098505391128e+02
-1.014311734208480402e+02
-1.512348223327474557e+02
-1.090014325334850014e+02
-1.599375461098372853e+02
-3.367137002857396055e+01
-3.215851026132336301e+02
-1.709409741443108430e+02
-1.126040234257895492e+02
-1.154354402114002482e+02
-1.867463313652650356e+02
-6.144790601776495720e+01
-1.144949157944135436e+02
-1.509848294500121142e+02
-6.904518275315672327e+01
-1.905435112258774666e+02
-6.305245576972137656e+01
-1.527932128540082317e+02
-1.824572892389130629e+02
-3.274309781429440136e+01
-9.671536583369831419e+01
-1.008444809107479898e+02
-2.814341898167072600e+02
-6.491808078141485794e+01
-3.145894202588319786e+02
-1.715972470330531223e+02
-2.893558777185356803e+02
-1.106165265101686117e+02
-5.470771902161816769e+01
-1.385024244698248310e+02
-3.359245603944665959e+01
-1.270765941043333669e+02
-9.919203748217164218e+01
-7.391197805329417747e+01
-7.802534485998444325e+01
1.578691551818410232e+01
-2.128057415857995807e+02
-1.083746497882125652e+02
-1.267004543786376445e+02
-7.576066026700510747e+01
-2.101318784302519589e+02
-9.311216507419192112e+01
-4.216517780907092572e+01
-7.717600143712077454e+01
-5.775417652988072348e+01
-9.177067210929632779e+01
-2.204954392148209763e+02
-2.818333158409620864e+02
-7.666694029843608860e+01
-8.206472137413886969e+01
-1.721599607442216211e+02
-1.073871221999884256e+02
-5.543405290620064108e+01
-1.812586462258912547e+02
-2.479758487716251807e+02
-1.845570058634351085e+02
-1.744914007226676631e+02
-7.782953833629471774e+01
-2.695705146587574745e+02
-2.193106339578324651e+02
-9.123767687987131580e+01
-2.549331062647023032e+02
-8.978752773677953769e+01
-6.033032354457931490e+01
-1.949949355817675212e+02
-8.063395908028581971e+01
-2.627213489237852855e+02
-6.954951690375207818e+01
-1.031811751709732334e+02
-3.347285248490227900e+02
-2.302897130254495153e+02
-1.249204072431940347e+02
-2.092533724569152582e+02
6.692947988663433989e+00
-2.342845028682861255e+02
-8.254950566053199168e+01
-1.923537328316831463e+02
-1.591243345641721874e+01
-7.181185083361364718e+01
-8.553237314783851275e+01
-1.297931576125865263e+02
-9.541067191929307967e+01
-1.203627522152698361e+02
-6.158097346031360786e+01
-1.226263377382709905e+02
-2.270016983959419576e+02
-1.466556089044144926e+02
-1.052381019199698358e+02
-4.982663343012892199e+01
-8.355578401526467758e+01
-1.404669515380875850e+02
-1.051077304431516524e+02
-8.283192645522080966e+01
-1.871325449241410865e+02
-1.121956245548141311e+02
-2.083340178330379047e+02
-2.445859025988753785e+02
-9.985871168722670177e+01
-1.384818613363339352e+02
-8.376099827116084384e+01
-4.133806477108932853e+01
-3.059415113719713872e+02
-1.502312442448407239e+02
-2.409927517155675787e+02
-6.485602983083231265e+01
-1.419929794377619032e+02
-8.003930347630858932e+01
-1.477552207169811140e+02
-1.510515444779883865e+02
-8.730433382848987378e+01
-1.348454738733674105e+02
-2.363513146157059452e+01
-2.342076268103465395e+02
-1.214553813075152959e+02
-1.101124443921957834e+02
-2.964829272888415517e+02
-2.740471975968230822e+02
-2.874998367667249681e+02
-1.912262477416344950e+02
-8.715182916267869473e+01
-2.177734730256943578e+02
-2.408029109292737076e+02
-1.834586957425299261e+02
-3.291517805260900786e+01
-1.450851611533683183e+02
-1.094651992294795662e+02
-1.110579404744520104e+02
-8.192255805860484941e+01
-1.533796612475771042e+02
-2.988706906605373206e+02
-9.966679862729235140e+01
-1.168016828845690895e+02
-9.656241296924015671e+01
-1.228416032240229754e+02
-2.884205932274894622e+02
-1.014199594573801875e+02
-1.003057669136875347e+02
-4.734809274702363524e+01
-7.107692860047922068e+01
-1.038742334294759218e+02
-3.506069720596757406e+02
-1.510731669943653515e+02
-9.034575851971881377e+01
-9.568589114115020777e+01
-1.178049234789055504e+02
-2.431499601021371859e+02
-2.834504487652074545e+02
-9.275066023759617906e+01
-3.729137497041619440e+02
-9.024904108843250583e+01
-1.341512593269747811e+02
-7.257655750646114257e+01
-1.068262160989211225e+02
-1.071861831281207742e+02
-1.648820177851536641e+02
-2.248567421807123594e+02
-3.755275263993237900e+01
-7.839626682407306646e+01
-8.813588729413942247e+01
-6.505578119108842827e+01
-2.253361853577430907e+02
-3.376747663188071158e+01
-4.062569822298492284e+01
-4.192025318038008663e+01
-8.658692141869138936e+00
-3.972586514448590833e+01
-2.597209158972841010e+02
-7.044332780709305553e+01
-1.545633871356689610e+02
-5.126827757207063030e+01
-9.438582954245833889e+01
-9.451432338930476362e+01
-9.720258227125347616e+01
-5.530597237698993496e+01
-2.507384547577953526e+02
-3.929083785519867433e+01
-2.489807780345207959e+02
-2.424282652748231328e+02
-1.113924276361942844e+02
-7.847786401213659246e+01
-8.772032366013229421e+01
-5.007129485886462561e+01
-1.677379587923794020e+02
-1.692378890903618753e+02
-1.080446079091982199e+02
-1.913461735153373979e+02
-7.782202463126188263e+01
-9.312261299353031063e+01
-1.794329860018872296e+02
-1.472521587296816392e+02
-1.513321245939721678e+02
-9.957464592684384286e+01
-9.786517527219848489e+01
-1.787929728424452946e+02
-6.008753368597515987e+01
-5.233761092805416126e+01
-3.014035644763112032e+01
-5.935912921593808278e+01
-2.044771097573396617e+02
-1.021592347140864376e+02
-7.249290360100258113e+01
-7.802085815877717323e+01
-2.846493954160833937e+02
-9.103449402223630216e+01
-9.963188092357812309e+01
-1.752482106621204139e+01
-4.461714529537715634e+01
-9.319168530744981638e+01
-1.301092925233335507e+02
-2.322417702731203519e+02
-4.007190614670333417e+01
-1.038716813574047677e+02
-1.069357757432674561e+02
-7.133250599221966581e+01
-9.725977999842808686e+01
-1.549685207974146692e+02
-1.020091070234865072e+02
-3.369943108973075141e+01
-3.314933561595579476e+02
-5.062220050892400991e+01
-8.550555847421613009e+01
-1.165322193043437835e+02
-6.114516618296148209e+01
-7.195333145544363163e+01
-6.764873720019136272e+01
-3.360368343312678689e+02
-1.537558770778208839e+02
-7.213872048925347258e+01
-1.919723965968474033e+02
-1.624365022947840771e+02
-3.205217985434948957e+01
-1.329488869197033978e+02
-3.872213329888491273e+01
-2.950729493454559815e+02
-1.085351814957585077e+02
-1.133861341474596145e+02
-8.260489197903028469e+01
-1.191764989496899716e+02
-8.867371900754386616e+01
-8.588112994872841455e+01
-7.695921580770112769e+01
-5.259160203997880956e+01
-7.655746368075264741e+01
-8.470137157548666096e+01
-7.862053615709297105e+01
-8.778824957179860178e+01
-1.097034115718605563e+02
-1.665906019063133670e+02
-4.714353110078734943e+01
-6.783312282370781077e+01
-5.167420557512546964e+01
-1.107795250285926159e+02
-2.619226555021355693e+02
-2.518195860547391192e+02
-1.708018799949929303e+02
-1.032413688653956143e+02
-4.154311176938788464e+01
-6.964591142630131060e+01
-1.548489778879638266e+02
-1.045326044842771864e+02
-1.235387811562166576e+02
-1.572403544998408620e+02
-5.024587585513984322e+01
-6.012809944005223883e+01
-1.287946150156540455e+02
-2.633708111903431472e+02
-9.824093870763014991e+01
-1.644461018167938278e+02
-4.509414852167226684e+01
-3.719650221902720659e+02
-7.841380320903529366e+01
-1.547849790995881847e+01
-1.301771440853189574e+02
-4.238136682925465948e+01
-1.339403316790568681e+02
-1.938140863741487010e+02
-5.139575221110374059e+01
-2.318989350654927648e+02
-3.127805034066964254e+02
-5.033286340285065563e+01
-5.543334093204236979e+01
-4.079067330765636967e+01
-7.027165091288398457e+01
-2.092530401161794202e+02
-1.708729301789725241e+02
-2.182705416663985716e+02
-8.406814008313068598e+01
-2.604946043651060563e+02
-2.701582077673380127e+02
-3.893848374603310276e+02
-1.701464927894306243e+02
-1.937596169272710540e+02
-9.693858737816881899e+01
-1.048699894513937352e+02
-2.732545393261765412e+02
-4.539999674291706810e+01
-6.957322350919014298e+01
-1.034958629637832246e+02
-2.937855891458228257e+02
-2.120151477134853053e+02
-1.532159478074539152e+02
-5.727186580888718481e+01
-1.430013439308410739e+02
-6.596726360385628141e+01
-1.390200090639354755e+02
-7.495310745304713862e+01
-7.478656109926612316e+01
-1.312045913273372264e+02
-5.942951097720445119e+01
-3.704894146762411111e+01
-3.426113537298763845e+01
-2.949098476466668899e+02
-1.312225008392943835e+02
-1.266578514683493495e+02
-1.820257182697686744e+02
-9.157132702154777348e+01
-7.854400223387087010e+01
-7.346443828467376136e+01
-1.273641342787502140e+02
-6.950358510717251193e+01
-1.085761269697758991e+02
-6.539464305036648284e+01
-2.609204697026859776e+01
-9.757355482184414086e+01
-3.832215019442435278e+01
-9.611687286549269515e+01
-7.372497786857840651e+01
-2.160304726145847667e+02
-2.612070205676990327e+02
-9.160400061690216944e+01
-1.375941206048698575e+02
-2.136203207557248334e+02
-1.002070081874876024e+02
-5.995058829602108119e+01
-4.071255767963089056e+01
-2.116128600928144010e+02
-9.192247023366665815e+01
-1.745189692277284621e+01
-7.459819653010140428e+01
-9.598991771006282647e+01
-9.768311130207023041e+01
-1.523394700828119994e+02
-4.018489272134572587e+01
-9.832521361464107201e+01
-9.098418793340371735e+01
-2.891807603973448408e+02
-1.011354398134637051e+02
-5.783202956805746453e+01
-5.672579493854414068e+01
-4.978198414805800098e+01
-1.950182309501964539e+02
-8.850969471561974444e+01
-4.724883563333266068e+01
-7.349527517608757421e+01
-2.698949766051918004e+02
-9.816738575807971756e+01
-2.271254703561895099e+02
-9.850944315832603593e+01
-8.363137478777301226e+01
-7.942549268872070911e+01
-9.217772321437000471e+01
-1.079908179175105829e+02
-3.053638195449987620e+02
-1.016778127572476507e+02
-2.170318952353202917e+02
-4.892501695930594963e+01
-1.997655308647915717e+01
-5.093282036484892217e+01
-1.213700686270983624e+02
-3.973831903992926584e+01
-1.270898325288959541e+02
-4.683276455105348646e+01
-5.440822887137284170e+01
-1.358412107527987871e+02
-5.059617680276962659e+01
-1.086756735372432701e+02
-1.240029574435736777e+02
-8.644161241069029700e+01
-2.874692101736113159e+02
-1.342082446612868978e+02
-7.532794064026097658e+01
-9.190140475190365521e+01
-1.941711298690387935e+02
-6.849005371859590241e+01
-5.791008026698256828e+01
-5.753534728344830995e+01
-3.183672671325261661e+01
-8.015150259065774208e+01
-1.274920660597520339e+02
-1.222657939842708572e+02
-8.625913931932143441e+01
-7.822905751930110796e+01
-2.307122264901318829e+02
-1.446135037415708098e+02
-1.082691229988984958e+02
-3.035041982151527407e+01
-6.740339344151112755e+01
-7.126593970234391406e+01
-9.910748526408313808e+01
-1.632684400840507806e+02
-4.855357941560230728e+01
-4.953179306754952194e+01
-3.959407209735116453e+02
-7.295901380753686283e+01
-6.728421490903056679e+01
-9.428262978095038704e+01
-9.039187216828648275e+01
-4.239214408746057217e+01
-1.146560177415054511e+02
-2.694371516476560373e+02
-1.578736501884239374e+02
-2.046104841608274114e+02
-1.478911201974287906e+02
-1.991526972152905444e+02
-2.612415801947952900e+02
-7.028945535138450396e+01
-1.384366339698403863e+02
-1.909689108739712253e+02
-9.687824029295236983e+01
-3.588026464749807474e+02
-2.336365253900569883e+01
-8.500919564084000513e+01
-5.483178821204045050e+01
-1.433946261611978912e+01
-2.457322766185976946e+02
-1.348986084247915471e+02
-6.989547434902192435e+01
-3.148790818379738710e+01
3.144865835835142320e+01
-9.193255266142456605e+01
-7.851375861355694497e+01
-9.341924353145485327e+01
-1.441627892744104429e+02
-4.997911962784148443e+01
-7.505462652621376662e+01
-3.715796228906877445e+02
-2.791970251995563785e+02
1.838121998530186829e+01
-9.040024668679986064e+01
-2.148917018129478720e+02
-4.708105918144514845e+01
-3.799893094057736675e+02
-7.751704918869376115e+01
-7.884652566474248658e+01
-3.337441537554433353e+02
-2.859216132565243242e+02
-2.827771183335506748e+02
-1.042766904189139012e+02
-3.962012084572558024e+01
-8.145244835740297162e+01
-8.235492590300654570e+01
-1.607797415556738656e+02
-2.503365693509517769e+02
-4.321295665040162248e+01
-9.511636438863160947e+01
-4.168294875311489989e+01
-5.615094110822340667e+00
-7.466194134403332328e+01
-5.884263189612589429e+01
-1.093296790435886123e+02
-1.307344876024669986e+02
-6.772729235353440913e+01
-3.708348188313407690e+01
-1.178568103595383150e+02
-7.874813512731340381e+01
-1.026576274034290890e+02
-4.780252615714691444e+01
-1.422200266508988307e+02
-4.819426700426995467e+02
-1.110679143605947274e+02
-9.078806494178195408e+01
-6.023360795126047407e+01
-9.555107059322673990e+01
-1.244875265064895586e+01
-1.451907872620506907e+02
-9.343509375088071067e+01
1.725312478320915943e+00
-1.059928244449357635e+02
-3.834177970074522079e+01
-1.091846778120990393e+02
-2.984000986456500755e+02
-2.567458961956740495e+02
-4.912347512581125386e+01
-1.248197538386759220e+02
-1.798726341300225613e+02
-1.010398199210453072e+02
-9.875651750792864902e+01
-1.283052408718781976e+02
-1.512204043997124359e+02
-5.927633877972468213e+01
-1.103768793471361249e+02
-9.923967680565399974e+01
-1.135108371625586443e+02
-1.251827229386447868e+02
-7.794369083960319244e+01
-1.950349742672306093e+02
-1.365408129045453052e+02
-1.829765753732402800e+02
-2.417124840532299004e+02
-1.023414325857864213e+02
-1.885308990978081738e+02
-6.041290877160181338e+01
-6.848700864985761427e+01
-5.330701806412083954e+01
-3.927386527741876421e+01
-8.448570519788829358e+01
-6.468465905957839368e+01
-5.413891591222329680e+01
-8.411709860095680824e+01
-1.635152331725954866e+02
-9.392043680077118495e+01
-8.859512944046016969e+01
-1.111011545723250720e+02
-1.142342818437413712e+02
-7.096683062817908194e+01
-1.014644976125016171e+02
-1.845433108326134288e+02
-2.384240007683976330e+02
-5.254745367585302773e+01
-5.773398832778850220e+01
-1.323563397464959337e+02
-1.116139078783721459e+02
-6.712490571645939497e+01
-3.528439398190883480e+01
-4.063292125806100330e+02
-2.399124107556100682e+01
-2.120981519824702559e+02
-9.101043621224866342e+01
-8.274962701193138059e+01
-3.564246754535436423e+01
-1.341686731975250098e+02
-1.022421680123747194e+02
-4.844749212395387872e+01
-1.125160468806866305e+02
-1.136958052566885016e+02
-9.171337611376381460e+01
-1.140717630692557520e+02
-3.609877144075639421e+02
-7.219457283260784664e+01
-5.654935348134755202e+01
-7.368510463284157197e+01
-1.837286072853273140e+02
-8.348642314368933626e+01
-6.158015593289890433e+01
-6.755009891726669480e+01
-1.728093466477689333e+01
-2.771650920386971961e+01
-2.266714933366619391e+02
-1.165634897571254669e+02
-6.743650297680483163e+01
-4.580240006289500343e+01
-1.006927690284839798e+02
-1.160289528644374428e+02
-4.550691003999901341e+01
-1.094788771179299260e+02
-1.338967479701454977e+02
-2.355499345777832332e+01
-9.327776964327672715e+01
-9.701750888845792531e+01
-5.732942213576965429e+01
-4.126704813640868963e+01
-2.721028082588157986e+02
-7.428310904929577418e+01
-2.062246385792048500e+02
-1.635761035934737038e+02
-1.081118684318226713e+02
-2.835307592440858571e+01
-8.982072541493143092e+01
-5.109252367394119432e+01
-5.038559643847214886e+01
-3.422066220212536791e+02
-4.092232019457781576e+02
-3.166567314001244995e+02
-8.806009015179915878e+01
-1.421634834768477447e+02
-6.786122997305608351e+01
-4.184309604583041420e+01
-8.698005823305003048e+01
-7.300054568080166462e+01
-1.330498230407310416e+02
-1.273602588657318222e+02
-1.765484598564300995e+02
-7.663008353774935699e+01
-9.802928799604602261e+01
-1.190977610050207431e+02
-3.970782906180058092e+01
-9.186126862790762004e+01
-8.092644369963437612e+01
-3.755756478954522493e+01
-1.840688780312021890e+02
-2.066940891478547542e+02
-7.757391950349449417e+01
-2.453397611190146677e+02
-7.475834273959662823e+01
-1.046210385399843830e+02
-7.712047395812722073e+01
-7.406197139672501351e+01
-1.587664586604881833e+02
-8.583368287429797761e+01
-1.256141418969625647e+02
-9.050462046974486441e+01
-1.399036218990384270e+02
-4.793361020601832934e+01
-2.037839668419926227e+02
-2.055659049799331797e+02
-3.191621552661442252e+01
-4.805316616112775563e+01
-5.490728204120830469e+01
-1.212286319029539641e+02
-6.728017373471759299e+01
-3.486943304372165358e+02
-3.053119353073496995e+02
-1.440624325579397862e+02
-1.284737215543363220e+02
-2.421511420277501543e+02
-8.782186366402129352e+01
-8.308543417188353430e+01
-1.933523276274402178e+02
-1.482410013195702447e+01
-7.363371543016918963e+01
-1.209296587066180564e+02
-6.557137290638874560e+01
-1.437167046717831056e+02
-8.997035245492006084e+01
-4.610544710083425457e+01
-1.549633015100675095e+02
-1.708457904465633419e+02
-6.149252018574160417e+01
-2.646378226212685263e+02
-1.191892484956214275e+02
-6.271698009479604963e+01
-1.648432445893464546e+02
-2.046374382049496887e+01
-2.430727130006134757e+02
-3.193734676428620389e+01
-5.279774766453977719e+01
-6.890053987303979000e+01
-3.923243015223202690e+01
-5.905249264224511307e+01
-3.722384493041792553e+01
-1.220693721245354908e+02
-1.500314855769342728e+02
-8.902979050530575478e+01
-1.258673126373129492e+02
-1.501738292349326969e+02
-8.083253569993605936e+01
-1.649356596092742677e+02
-7.470551816320696048e+01
-5.485474560546092704e+01
-9.669789304219638382e+01
-2.582585673115057716e+02
-1.555047735808228424e+02
-8.023592975575735409e+01
-1.243717942948861435e+02
-1.423723460032204287e+02
-6.100859949717489883e+01
-2.207413436296038185e+02
-4.956336290034827385e+01
-7.015029698715909490e+01
-6.250037988925370058e+01
-6.512383923735639257e+01
-1.614502305232500703e+02
-1.129471852922764867e+02
-6.807427016064224290e+01
-2.014473145853980327e+02
-5.004515900835442466e+01
-2.042888121924232792e+02
-7.699775279088223101e+01
-9.548444976554564789e+01
-6.529811041804897798e+01
-2.143752796995287326e+02
-1.852562018250191613e+02
-8.552892429556952436e+01
-5.002598883717457312e+01
-9.632230054281005494e+01
-5.156934440954763943e+01
-2.932409065784303266e+02
-8.017866218639407805e+01
-1.764733662238385250e+02
-3.878861881294446334e+01
-8.291723457765938576e+01
-1.436021160206688592e+02
-9.232240118062667023e+01
-2.709239184600372710e+02
-1.138007199277854227e+02
-6.559808943652558355e+01
-6.295491086622554633e+01
-6.031335506319313566e+01
-5.855348075167960786e+01
-9.352372793501345427e+01
-1.165092780937815604e+02
-4.696739653681082416e+01
-2.029606187873073679e+02
-8.449887939018917393e+01
-1.112596543484498710e+02
-2.953993160349851905e+02
-7.196722649642701697e+01
-8.672947963627584045e+01
-7.346362707841973361e+01
-2.755808417051881634e+02
-1.088709914254657320e+02
-3.512749427505643496e+01
-1.010512254919568704e+02
-8.494681710764058380e+01
-9.012477276969873685e+01
-9.985526678803731215e+01
-9.517298918013766240e+01
-1.184074442052333609e+02
-1.817316415382713615e+02
-6.686668736978457162e+01
-1.642763361194492404e+02
-4.377820557106878141e+01
-1.358321701134408954e+02
-9.117442257374386827e+01
-2.468395553422672890e+02
-8.234055863792258378e+01
-7.550262466806356088e+01
-1.172438939059886280e+02
-1.459639768083960121e+02
-5.819619295946514370e+01
-4.754003727717081063e+01
-1.963211444472822507e+02
-1.845472300356668711e+02
-7.851993556538640462e+01
-1.836493310977068347e+02
-6.736310491409695089e+01
-8.335259812962951287e+01
-5.341588682551131484e+01
-1.215173641430532001e+02
-8.566910945834175095e+01
-5.655837660744730044e+01
-1.990129897916857828e+02
-1.776257639921830673e+02
-4.218247817043272363e+01
-3.991399222207385833e+01
-8.640216239186075597e+01
-1.151304587642616326e+02
-8.410156712898901787e+01
-1.568661613832859132e+02
-4.492264770769264004e+01
-7.331460893411350810e+01
-1.677174038012057053e+02
-6.670393123710570649e+01
-1.516750287677466247e+02
-8.873074556767016929e+01
-3.003941429451707563e+02
-1.275715536341143661e+02
-7.144372279433048334e+01
-7.061112935259575352e+01
-2.153062132643454447e+02
-3.600240846896512892e+01
-3.194599840667146964e+02
-1.090565517521673087e+02
-5.519790575560816848e+01
-1.214951035083249451e+02
-1.696098983621874368e+02
-1.030712284886641470e+02
-2.053085339736138337e+01
-1.973289989570416765e+02
-6.416219239729032608e+01
-1.166562801007442829e+02
-5.286392457702839209e+01
-5.483920762882375755e+01
-8.875473498894831437e+01
-5.828536153028370848e+01
-2.836265075470649322e+01
5.508378629124168668e+01
-2.219996401882756345e+02
-5.945099106910810605e+01
-1.610961584532167024e+02
-3.283264221846748114e+02
-5.372098598102087408e+01
-7.126802603888904741e+01
-1.149786393993285287e+02
2.421581228971510313e+01
-7.774465567231409580e+01
-9.480313730745264422e+01
-2.053666068875095903e+02
-6.240955219704693491e+01
-9.123841370821038765e+01
-4.800544693967435705e+01
-6.708821879152179690e+01
-4.316275225101301771e+01
-5.527057664324995301e+01
-9.363706679801335042e+01
-1.199562574544486893e+01
-7.549883623116505760e+01
-3.630138447956587697e+02
-6.393763429572777568e+01
-1.562629134462973468e+01
-3.294180783697141806e+02
-2.029309534967359241e+02
-5.837316242669187716e+01
-1.517173197241158391e+02
-1.041156763876325613e+02
-3.228324110602819985e+01
-2.294163330069465587e+02
-6.564605049005945148e+01
-2.094427240713065999e+02
-4.591196778169693715e+01
-1.768813693602157286e+02
-1.903258937192291569e+02
-3.237205793708954502e+02
-7.522829979242268905e+01
-4.978198037519011621e+01
-2.182350035452400334e+02
-1.911723390764888109e+02
-4.899144590590653081e+01
-1.902801145420978912e+01
-3.733170009305916182e+01
-9.721098689359105549e+01
-8.697146639183206673e+01
-1.069472294995915576e+02
-4.483367255458654910e+01
-3.379526634585322995e+02
-6.813624710735041390e+01
-7.866073095486032685e+01
-1.641990077038651634e+02
-1.440720929714852900e+02
-1.883886783015555864e+02
-2.953809595381407576e+02
-3.094487829419648506e+01
-1.554907371930385125e+02
-9.303344400448339968e+01
-2.081262032529186854e+02
1.726512378564017069e+01
-7.185760470673898226e+00
-1.394708003231049815e+02
-2.210330117485787014e+02
2.151400228915548496e+00
-5.867651659607498971e+01
-1.540854846262205058e+02
-4.357995474130601110e+01
-8.480932659090235859e+01
-1.275669697628418362e+02
-1.544482607180975720e+02
-9.438992786082488351e+01
-1.972604804942178873e+02
-1.208904761165964175e+02
-7.500852390970200645e+01
-3.559673093676302642e+02
-8.506806043666055928e+01
-5.813195695619271675e+01
-7.118332020868615473e+01
-2.365773170135564385e+02
-9.133547375436683069e+01
-6.788648016596742707e+01
-5.637791169835745819e+01
-8.550945221022161036e+01
-2.025892263550622374e+02
-1.626918075474929992e+02
-2.740703942552116246e+01
-1.612639344079980503e+02
-2.020511826966890112e+02
-8.080837209765742557e+01
-2.829215385614452316e+02
-7.216428918267027370e+01
3.394719323977099634e+00
-2.960063547003235271e+02
-4.258215016738975578e+01
-2.070522582706871049e+02
6.322174322294756621e+00
-2.573572002351120318e+02
-7.490733552652929461e+01
-3.376273106195690161e+02
-2.297556844366867495e+02
-3.639049822844025925e+02
-1.472151441227461248e+02
-2.056133232220965681e+02
-3.262735667875649881e+01
-1.351783966645810153e+02
-3.104704089479074014e+01
-2.474559616291372208e+02
-1.173700391362530127e+01
-4.958198388492210285e+01
-8.024964994416959030e+01
-3.553279555797359990e+00
-1.314377374127908524e+02
3.294828613966126341e+01
-8.616487764308213571e+01
-5.883669442792287185e+01
-1.812567513702774420e+02
-2.647240948289045832e+02
-2.027931024157695674e+02
-2.522229159341968625e+02
-1.265091066909039057e+02
-2.989367372507911114e+02
-1.636445724810317870e+02
-1.023165119026133141e+02
-3.022534138498682523e+02
-5.852175998583960137e+01
-9.825637813796376463e+01
-5.856828879166445745e+01
6.188071789813159285e+01
-3.507698233145931681e+02
3.342794097550878263e+01
-1.693188815538422034e+02
-3.158563450951652385e+02
-4.976979260632290902e+01
4.607384849636257229e+01
-1.956826726299218535e+02
-2.796049032305543847e+02
-3.695723080544799473e+02
-6.961793967999724941e+01
-7.248406828453408934e+01
-5.007801332938932433e+02
-6.503212222059435135e+02
-3.824397097735972011e+02
-1.925761393791808587e+02
-3.233564855379427172e+01
-1.242142788923536045e+01
2.559206917184816632e+01
-1.329352862995516773e+02
-1.533343085984868139e+02
-1.661107223883285826e+02
-1.506811415824923301e+02
1.457689296164730308e+00
-3.149261876399652351e+02
-1.117783974950357617e+02
-1.171020478541940264e+02
-1.395376762834251849e+02
-1.345642392722798775e+01
-2.324280228622224058e+02
-7.820154446822071748e+01
-4.174060217943018358e+01
-2.929029514318721112e+02
-3.041558654139461737e+02
-5.352132161332511373e+01
-1.715130763552691917e+01
-2.997774718304633552e+02
-8.498541420709047145e+01
-1.770723737449833664e+02
-1.298053057157424064e+02
-1.375511587530563133e+02
-3.757539444699484932e+01
-3.322145975498654025e+02
-3.293162858036905618e+02
-2.053559256757090736e+02
-3.964613827993297832e+02
-1.150959446091953993e+02
-1.444151659570128174e+02
-3.650232015833457240e+02
-8.654436196448443752e+01
-1.036283615826749269e+02
-1.535704825716225912e+02
-1.047299140320949959e+02
-6.262888721989732232e+01
-2.504131635838636214e+02
-7.729068144257351491e+01
-1.689925514171384577e+02
-1.756201696006121722e+02
-3.705599999505704432e+02
1.526068876576367472e+01
-2.205950957027237962e+02
-7.796209257069413923e+01
-8.420162540215585523e+01
-1.369575200391099656e+02
-7.925745032629535558e+01
-1.204100212983817642e+01
4.818010950039737850e+01
-1.200542578644872265e+02
-1.796929109022984221e+02
-1.843443617818828670e+02
-3.049150047960721395e+02
-2.311551918978601634e+02
-1.441835027287625621e+02
-1.597936623522887771e+02
-2.897551491742576957e+01
-3.322936999809382996e+02
-8.414187919227970269e+00
-2.750587627354224765e+02
-3.832180897146930079e+02
-9.427050565900026413e+01
-4.780329267190599580e+02
-7.341332733691864121e+01
-1.845825139796961025e+02
-7.896923879235372112e+01
-2.589158325803216485e+02
-1.901772241260813132e+02
-1.690349946536694006e+02
-3.011986585401857042e+02
-2.739021580538781677e+02
-4.347990195276020131e+01
-9.085306432272378174e+01
-8.777205852857036916e+01
-2.163123790314421058e+02
-1.568927463041788144e+02
-1.532878193394309960e+02
-1.522162994965058260e+02
-1.445119798964719280e+02
-1.594823799956556627e+02
-2.972015775912029767e+02
-6.860605868629486395e+02
-9.784458205383364771e+01
-5.592731718594578183e+01
-4.996300844963712962e+00
-1.829458309412785866e+02
-1.027163068939661770e+02
-9.022960450985499392e+01
-2.359675036056169972e+02
-3.498602139621500555e+02
-9.773245797526570300e+01
-2.454622036459103640e+02
-2.486408362304128161e+02
-3.093619616702385429e+02
-7.292954531211375979e+01
1.182405253916178509e+02
-1.025939177251948422e+02
-6.304347483940808416e+01
-3.397723778049995076e+02
-1.671160581140459556e+01
-8.181545288968698060e+01
-1.814415042194109162e+01
-3.037221838147024755e+02
-2.844180635973833660e+02
-3.244490131640906156e+02
-2.545970153187071503e+02
-4.279486837096616227e+02
-3.053505958538386267e+02
-3.601762182482653429e+01
-1.520785701084647599e+02
-3.863980172642114894e+02
-1.810477768681874977e+02
-1.703851921509570388e+02
-9.681115268579810618e+01
-1.920798527954893871e+02
-4.853786052630056247e+01
-7.568934571160474434e+01
-2.447040344213668561e+02
-4.536569625263771854e+02
-5.511034429000072521e+01
-7.075326870916140365e+01
-1.577519298202863069e+02
-2.163217636452141619e+02
-1.885969788419373856e+02
-7.881585920611627216e+01
2.713526039455925343e+01
-1.420659302787967704e+02
-4.979972943929720230e+01
-1.953282434878516369e+02
-4.010065632496632304e+01
-3.503501163294139928e+02
-3.401789463029908802e+02
-1.272463944515066032e+02
-1.693460783294349028e+02
-7.803219853831799924e+01
-1.130895668319246568e+02
-7.706007653225124443e+01
-1.129133704394692046e+02
-3.081507479272576120e+02
-8.767361718856706432e+01
-2.419386979456391487e+02
-8.877752916445516007e+01
-4.749267722459312324e+01
-1.200378510386308761e+02
-8.874165445442528721e+01
-1.627786561401184429e+02
-9.360183071957975187e+01
-1.205636033609768134e+02
-2.290373678758600136e+02
-1.243904166305173931e+02
-3.955515051581160435e+01
-3.290042953050652841e+02
-6.450613567794462710e+00
-9.645941967890541946e+01
-1.074533347472097944e+02
-2.833062059474433454e+02
-7.886291800573877708e+01
-3.336324786009530499e+02
-1.078594509008979685e+02
-3.073337173444531345e+01
-2.276433936710359092e+02
-2.406931183473946874e+02
-1.778137168599853908e+02
1.336631748955379351e+01
-1.596694688794908927e+02
-6.327053352928842855e+01
-2.046823980327338006e+02
-1.334282219824561935e+02
-7.211479382375202363e+01
-1.245702088295823273e+02
-9.911042919708313548e+01
-1.358599365155827172e+02
-3.079805935919454214e+02
-5.066282223703499454e+01
-7.784391809930546913e+01
-2.550454540955842617e+02
-5.291607296306899144e+01
-1.124212083407282705e+02
-1.413034842020465476e+02
-9.568588812953325373e+01
-1.146971569672368929e+02
-5.538963896528400710e+01
-4.395120119316111840e+01
-5.459896796957111320e+01
-1.564920710289379429e+02
-7.444159340233272815e+01
-2.151777972295284940e+02
-1.144077614380208274e+00
-2.566198763532034377e+01
-2.159276566184617252e+01
-8.650954073305395298e+01
-8.900991398404489985e+01
-4.315789949371067564e+02
-8.398037957799131448e+01
-4.363906427189150605e+01
-2.159372591656343161e+02
-6.337302572871678308e+00
-2.864849880067993126e+01
-1.535766525167390171e+02
-1.671783479153814937e+02
-1.682199117187881257e+02
-9.519611944468901754e+01
-7.981251420159941290e+01
-1.756404998663036281e+02
-1.848487965351926903e+02
-7.719094841105210492e+01
-1.792391404127333772e+02
-2.445966522510511822e+02
-4.761993554933770838e+02
-5.385643921303029913e+01
-4.293280704552302751e+01
-5.192954231897337536e+01
-3.024239641682277124e+02
-9.677686087141734106e+01
-1.801557864410780496e+01
-2.128216996178535680e+01
-1.840940531927057577e+01
-7.874608768718647411e+01
-1.230931183745537965e+02
-5.828964537800457180e+01
-1.937614613597864377e+02
-1.005787893019337673e+02
-4.904676760716305495e+01
-3.066292892897547517e+01
-6.520008696683963478e+01
-9.183350724082964689e+01
-1.239008798879036419e+02
-1.613214484652174292e+02
-5.598947797427680939e+01
-3.854078969478047867e+01
-1.932645532595951465e+01
-8.909496234803850712e+01
-7.373213229898557586e+01
-1.132283204821602141e+02
-1.451315752712473568e+02
-4.367524714221108439e+01
-1.263608575385521533e+02
-1.003386491245411918e+02
-2.021131507943821362e+02
-1.109143443897520029e+02
-1.611251124042056517e+02
-1.359109982994254437e+02
-2.626471857677177013e+02
-5.217922778612692269e+01
-8.251650889061143346e+01
-2.870223584095760998e+02
-1.218900815391356360e+02
-8.458901934175493409e+01
-1.879138959083461771e+02
4.763486067746455888e+00
-4.043390000462368761e+01
-7.775804996385370771e+01
-4.605289288293716510e+01
-4.748506833266765170e+01
-1.526873044695752810e+02
-8.184676831098951766e+01
-8.268292641983578051e+01
-9.900307056875075773e+01
-1.081490975079069443e+02
-1.380245973355317801e+02
-6.685838178898082163e+01
-4.971976099053136267e+01
-1.243909216367752038e+02
-1.995151370827468895e+02
-9.617188968106351865e+01
-7.567283438403626405e+01
-4.208565576172032507e+01
-3.049684079406580395e+02
-2.872441395424212374e+02
-8.682887437707211120e+01
-2.441044138550997502e+02
-2.127327098852775578e+01
-9.317945134978111810e+01
-3.145955408850551294e+01
-8.338413902866064120e+01
-1.667208190002367303e+02
-4.213140525255352031e+01
-4.044540160612160662e+01
-1.218247186761092564e+02
-9.124613519239515824e+01
-6.513765396697100130e+01
-5.261013180499288922e+01
-1.281218317386685612e+01
-7.867624353060884346e+01
-2.429623332194921659e+01
-2.765907776447672006e+01
-6.798530055588338428e+01
-3.394236369280555721e+01
-1.848014411329417328e+01
-8.937013095819624198e+01
-1.010112606989070088e+02
-1.822385950490422886e+02
-2.028045355600699224e+02
-3.199398487143263026e+01
-8.824165683163647600e+01
-2.256192348300160688e+01
-1.320592585642077950e+02
-4.608843749248235611e+01
-9.558916688572327303e+01
-9.840503457270463628e+01
-2.106535821831770079e+02
-6.049590320527840959e+00
-6.496695486629478467e+01
-4.956457802836708026e+01
-9.119702429531160703e+01
-9.980984994485024231e+01
-1.050558767411470313e+02
-1.612450153751138942e+02
-1.774358362135143352e+02
-2.831465661213955514e+02
-1.195473582130921955e+02
-8.851714112058132855e+00
-1.077108508552214232e+02
-6.119272077773295138e+01
-1.866624570322376258e+02
-1.004235340930295735e+02
-1.117285632710249956e+02
-1.873593935515508520e+02
-6.128326047018855149e+01
-8.591026511399111598e+01
-5.678432469584193143e+01
-2.304037343855182485e+01
-2.407793967652288245e+02
-4.144846932911121939e+01
-9.299800046150402011e+01
-1.950010886347081112e+02
-3.047854258925062254e+01
-8.851190390257100660e+01
-4.781997283053436831e+01
-2.271231105279958911e+02
-2.163830981634194188e+02
-3.765468768755036422e+01
-6.954223353719697798e+01
-5.540216516500722577e+01
-4.580674977480196475e+01
-6.306650617967330419e+01
-2.216001099911478889e+01
2.286052032718558280e+01
-2.042441496413673292e+02
-1.387107054290412407e+02
-2.080719893760190757e+02
-6.147618508531925841e+01
-5.691050288886756903e+00
-9.537965193118608909e+00
-8.574074707034262133e+01
-4.229663682832570970e+01
-1.752079952195595922e+02
-9.715328306491032606e+01
-9.380528988184785533e+01
-1.934876945372495243e+02
-7.460482943399293276e+01
-2.186570371380624636e+02
-7.842812590065838663e+01
-2.190838077885696578e+01
-9.989488505083585324e+00
-3.429667364874251234e+01
-2.860467835178327789e+01
-1.375075475180909734e+01
-4.602895508671397096e+01
-4.826065302141436320e+01
-2.447406634917385873e+02
-8.621986625501557455e+01
-1.718239588534727602e+02
-2.818983433959317608e+02
-7.962186022255488638e+01
-6.745075833991826642e+01
-1.398045041155669423e+02
-2.508891153766284106e+02
-2.392088116881836015e+02
-7.452164339963388784e+00
-2.990047272225991719e+02
-2.531905057012837119e+02
-6.934813664224338936e+01
-2.470714332743236241e+01
-3.273444751742556491e+01
-7.518551973900521546e+01
-1.726151947575453960e+02
-7.905003306268062602e+01
-9.658444960420291636e+01
-7.818742649409199430e+01
-2.818341571696791448e+00
-2.287658550022780446e+01
-6.200704393732233655e+01
-2.616711401124374561e+02
-5.397593533944819910e+01
-8.446290172773869642e+01
-6.831585205619242629e+01
-9.717308445455650201e+01
-6.917931458359505825e+01
-1.865667531910423236e+02
-3.375367466024769669e+02
-1.065162437662523587e+02
-7.089623521683644469e+01
-8.292089168770530705e+01
-6.945863721551259573e+01
-5.692512773729476550e+01
-1.059661212590777239e+02
-6.080773794585000047e+01
-7.674024492817579812e+01
-5.493635523407667165e+01
-2.817369569295120755e+02
-1.925953350971493023e+02
-4.017772269896073567e+01
-7.509083691274499017e+01
-7.824014638575377489e+01
-9.659969457632816159e+01
-6.619966033871445177e+01
-1.546402682891606162e+02
-3.785165603955083213e+01
2.824432512483340929e+00
-2.339608570257673250e+02
-9.676969042487510819e+01
-7.196593808233150469e+01
-8.696759333776961398e+01
2.538396943276310935e+00
-2.520881786653698384e+02
-4.575542942770696442e+01
-5.648878232989030579e+01
-6.686517318135202004e+01
-4.699710311153172881e+01
-1.140802677330064796e+01
6.773517952033174083e+00
-3.310584941375635708e+02
-9.308827984625114027e+01
-3.446371510358625301e+01
-5.389495000708719630e+01
-7.171320859656010782e+01
-2.395886928388794104e+02
-5.945535537572840212e+01
-2.547339691634163614e+02
-1.377437618792265823e+02
-1.188374424375869012e+02
-7.662673898083315294e+01
-8.110655325646303027e+01
-5.557770164170635496e+01
-5.266575151576357428e+01
-8.578970021594132334e+01
-6.857330746820343848e+01
-4.947447363246797636e+01
-7.330702381138071644e+01
-9.786330690169357638e+01
-2.650693887495725676e+01
-1.372111879632125806e+02
-2.857195679419311318e+02
-7.786454674854736879e+01
-6.410468197025446102e+01
-3.760060199146968785e+01
-1.135612021243450300e+02
-2.382800417744184358e+02
-6.412481980030304385e+01
-3.980276664995051874e+02
-3.013230959917261771e+02
-5.379038804780304162e+01
-6.174104523546004231e+01
-1.440732252336698593e+01
-3.083928317249965403e+02
-8.479261365864996947e+01
-2.583991298387371671e+01
-1.771157310751912064e+02
-4.533624063690971440e+01
-3.405961362655159519e+01
-8.109899183023728142e+01
-4.220476405794627794e+01
-3.940381522973245865e+01
-3.208764285382428625e+02
-5.734382060490648314e+01
-8.718899200375616942e+01
-8.641107100735605684e+01
-1.399945556101095292e+02
-7.895415452988765992e+01
-7.202922293325943315e+01
-7.650091220728110386e+01
-9.998751640192676859e+01
-7.254306417684787789e+01
-3.429552595032646991e+02
-5.064022027862210251e+01
-6.965913302299424004e+01
-8.651211616918601521e-01
-2.504439655972035155e+02
-1.069217562675646320e+02
-6.845034130742773471e+01
-8.756294361233187828e+01
-3.807580839644908792e+02
-2.775968357777344409e+01
-1.023408483496717878e+02
-1.132775549208705854e+02
-1.444036863995724218e+02
-4.764917363221211133e+01
-4.071234266292491952e+02
-9.071441895125349220e+01
-1.929096303424405221e+02
-9.228143157059523105e+01
-3.198845060480717848e+02
-7.629674656834895075e+01
-3.330694574962747652e+02
-6.267859798955880279e+01
-3.987369818830007944e+02
-4.160750999949985385e+01
-5.988530550905702654e+01
-8.380054011715049000e+01
-2.008526771227014933e+02
-8.366371636170154602e+01
-3.041635230776822709e+02
-6.338597082779551783e+01
-2.440487120664244856e+02
-1.327644913414098937e+02
-1.061192448072984575e+02
-5.874035269483583477e+01
-1.763393201083425197e+02
-1.024539188938627774e+02
-1.925742486733289525e+02
-6.171645766387244691e+01
-9.094813369489594379e+01
-1.232174360526911698e+02
-1.889094686831841159e+02
-7.756377523960865972e+01
-1.090278996598861454e+02
-6.954580798282187004e+01
-1.492101647646960885e+02
-9.773168643231909414e+01
-1.378719024303323408e+02
-1.690708435162769661e+02
-1.292225086987931491e+02
-1.310904213303419965e+02
-6.948814852229079975e+01
-4.365212628603541134e+01
-1.879528449474097442e+02
-3.139080546958312823e+01
-1.133862504158930875e+02
-9.715707763716612533e+01
-3.493624936964570225e+02
-6.463231592301787032e+01
-5.264079009842190260e+01
-2.151343456834036942e+02
-1.063580969043577227e+02
-1.076555906979872930e+02
-3.047735789531683963e+02
-6.993387565480007595e+01
-2.935130093791799482e+02
-1.857872274486610706e+02
-1.822639776390518591e+02
-4.438891070988819365e+01
-1.588123183827236460e+02
-1.948880385811870042e+01
-2.957549845157816435e+02
-1.381708819606768657e+01
-2.988782301958800645e+02
-2.153165350468682959e+02
-7.936919937275771986e+01
-7.553024857852706475e+01
-1.573239016245372568e+02
-3.165618884437551515e+02
-3.065518504085716813e+02
-1.967458323391616659e+02
-1.362821196228115923e+02
-2.816416488578422559e+02
-1.005776638548350945e+02
-2.682254712588988355e+01
-1.070461599910642576e+02
-1.953422239217987340e+02
-1.823736687976515611e+02
-2.466601822950599967e+02
-8.009576895291954202e+01
-2.641950059846122656e+01
-1.107945110357391343e+02
-8.870531037378800931e+01
-1.157762998836550707e+02
-8.780299453059173231e+01
-5.964221762779901326e+01
-5.597248732405285665e+01
-2.788908568520100744e+02
-1.302188697551660539e+02
-5.739094998808860026e+01
1.562829520249312054e+01
-1.031766542928477861e+02
-2.361029386759871898e+02
-8.389557227849869037e+01
-2.235622657698269791e+02
-1.484288628831688186e+02
-2.403627036786326698e+01
-1.439779021327078681e+02
-3.534741625644424516e+02
-3.671322476060507256e+01
-5.523768190620880603e+01
-2.818081510680388533e+02
-3.174085223938564013e+02
-3.414173967347920780e+02
-3.416855868433733576e+02
-2.995796951794347365e+02
-3.466546282217021258e+02
-1.127677397182353474e+02
-1.568816008907081709e+02
-1.006247715259156053e+02
-8.238467948468306190e+01
-9.829580576689896532e+01
-1.950224910796886775e+02
-1.831859214762241095e+02
-2.465699366907930994e+02
-2.818061691206801243e+02
-1.504464821698711035e+02
-6.979284216239827288e+01
9.234913010937408728e+01
-2.368546848782967231e+02
-3.767261917355938863e+02
-9.161761396348472886e+01
-3.846527812685997105e+02
-3.274913178045478901e+01
-2.042552486510156484e+02
-2.637417769675865884e+02
-2.652053454156225598e+02
-2.892079720592006424e+02
-1.088050788420686672e+02
-1.532609951458473745e+02
-4.243324681497089728e+02
-2.337454039839315385e+02
-5.970827572815740325e+01
-6.672670797367422324e+01
-9.588214786274915014e+01
-1.003494535685871938e+02
-3.000343573092657152e+02
-4.169015228327357931e+02
7.648834916272696205e+01
-1.585213586225905544e+02
-1.991153071929788609e+01
-9.296186665476226096e+01
-1.958638540360945797e+02
-2.413927657160848810e+02
4.158736962394632286e+01
2.748912641761529585e+01
-6.648813061777335065e+01
-5.453767483439648345e+01
-2.222421309634789850e+02
-4.790237066377261499e+01
2.921612834330730379e+00
-2.711785998027698952e+02
3.913814978792329669e+01
-1.819617877273842055e+02
-1.034918687928612542e+02
-8.394181709342268505e+01
-6.951023796862918402e+01
-1.367404372024745953e+02
-1.374254157384955874e+02
-3.440116547072766480e+02
-9.094872103845537481e+01
-1.499296697661722533e+02
-1.367369775459682444e+02
-1.434592496197677747e+02
-8.498866573112603362e+01
-8.717062957324804984e+01
-8.231333450124299134e+01
-2.157970847076924485e+02
-1.422195901084342040e+02
-3.146656360246906843e+02
-1.598897398413252802e+01
-2.986105105370893398e+02
-1.349019377623263267e+02
-2.991243064814833588e+02
9.343824221965974175e+01
-1.348099081365658094e+02
-2.692067088562394019e+02
-2.596620564620102414e+02
-2.463133426514748692e+02
-2.084432454536438968e+02
-5.552836885179137028e+01
-3.159418401601253095e+02
-9.468721254542036547e+01
-7.557403221587848918e+01
-1.404271012405801571e+02
-1.471667619919042522e+02
-9.093333693526477646e+01
-1.185404621441283268e+01
-1.044637571259897157e+02
-1.360935829022150756e+02
-4.929461532664645347e+02
-2.031967936781834965e+02
-1.438079285976605775e+02
-3.209030162398489665e+02
-2.125768155685447596e+02
-2.943814680001258353e+02
-1.462418776066547821e+01
-2.326803524649715484e+02
-6.219049003768306250e+01
-2.826644918346535178e+02
-9.235973782641110574e+01
-9.315742764200412296e+01
-9.762209283151008776e+01
-3.746069813006833726e+01
-2.622120277856230359e+02
-4.188177923920187595e+02
-1.342224085686308399e+02
-1.974699903836998658e+02
-1.473472174748581551e+02
-2.213437252036743530e+02
-2.609666779390136639e+02
-2.872243514443775894e+02
-1.950206483688514254e+02
-3.658169032782831778e+02
-1.944671267487510988e+02
-2.899113651963631355e+02
-1.330810732689803899e+02
-2.183873206170599133e+02
-3.373963356753402536e+02
-5.772905977239071973e+01
-1.930371629497928154e+02
-3.182610069455781172e+02
-3.436755624703960166e+02
-1.920501000788577244e+02
-5.026944162404786454e+01
-2.131257395930027485e+02
-5.181358199090175276e+01
-1.335210287206155613e+02
-2.888036904194433419e+02
-1.397704862346650145e+02
-9.275769879248559846e+01
-8.825541034462507639e+01
-1.867896685442491957e+02
-2.993941166263290370e+02
-2.316261584601840582e+02
-1.518061245807224964e+02
-2.954511697593389385e+00
-6.223842987867229226e+00
-1.932611633281555328e+02
-3.395630966932101273e+02
-1.985316981471822828e+02
-3.512591280258551478e+02
-5.300593547357175339e+02
-2.054106183410007134e+02
-3.306353020329318610e+02
-5.305648265535778307e+01
-3.182309527060924665e+02
-2.782188577694656715e+02
-5.387729264331576218e+01
-9.649598600084355837e+01
-9.407632609724497286e+01
4.391066067600931433e+00
-1.984062827613988702e+02
-2.666244396114613835e+01
-8.760389626363729576e+01
-2.446697743366975999e+02
-1.258853961166662430e+02
-3.445650528323071171e+01
-1.070679569711989529e+02
-2.635866083941572242e+02
-2.878246460028980209e+02
-1.728959471529317966e+02
-3.206989687408325835e+02
-2.288753070307134294e+02
-1.844142756499036295e+02
-2.989327958805864682e+02
-2.604671494616737277e+02
-2.183618589231686826e+02
-1.127305462862136665e+01
-5.598492457327779448e+00
-8.206743412964632967e+01
-8.700482408622097807e+01
-1.995792196057416277e+02
-1.068732714685321525e+02
-2.071693595043789173e+02
-3.199178008310192922e+01
-2.093131181517892401e+02
-3.007865939545573610e+02
-1.964938510154665323e+02
-1.055417695446139561e+02
-1.015807224754193356e+02
-3.742219587843799218e+02
-6.911041507892834090e+01
-2.731276909171526768e+02
-9.236509081876913285e+01
-3.293786241718609631e+02
-7.033753109226083211e+01
-2.494326438403231805e+02
-2.256209039551505953e+02
-2.294471472191021917e+02
-2.085447952184294422e+02
-2.934257087426001931e+01
-2.313841726475267535e+01
-7.097286364332286723e+01
-2.824359468430203606e+02
-2.856342068544817039e+02
-2.695075404540813224e+02
-2.624635945373186132e+02
-2.112923479188604006e+02
-3.322826536932711861e+01
-3.736783119604075978e+02
-1.933520955756892477e+02
-3.856170086246626738e+01
-2.283160790102240867e+02
-3.927627250621122812e+02
-3.700627709155295264e+01
-2.523883222904385661e+02
-7.548714432500555915e+01
-5.580860606443663841e+01
-1.703732177321223276e+02
-1.384036423304932839e+01
-2.840484330609756398e+02
-8.273516828178216542e+00
-3.013396276677355559e+02
-2.325190848049626879e+01
-5.889494082515926721e+01
-3.099936480849871714e+02
-4.956041591395672441e+01
-2.600422224416250856e+02
1.342433399031020258e+01
-7.970253464395497645e+01
-2.838929113251689387e+02
-1.863088812593036607e+02
-2.362635350218884867e+01
-7.333365910783402342e+01
-2.885607242141916231e+02
-4.670300475074557767e+01
-4.141616370771939870e+01
1.157270511369641497e+01
-8.127631850895021159e+01
-2.647423313460129748e+02
-7.603829282920514743e+00
-3.477796302418968253e+02
-4.390788032055381507e+01
-2.351129705350738561e+02
-2.281795224434367242e+01
-2.573318174935883462e+02
-2.735524843041114309e+02
-2.788081710185955444e+02
-3.001223895681620775e+02
-3.961535830379904723e+02
-3.949167229755520339e+02
7.843339880971029743e-01
-5.596375854492188182e+02
-1.144807470815527068e+02
-3.638729655484352747e+02
-3.331339089821538550e+02
-3.969105264605541095e+01
-9.489043344506342237e+00
-2.424113293898900565e+02
-1.455081753197386263e+01
-2.445418065241129568e+02
4.524977912218969323e+01
-2.712674323287328662e+02
-2.776729633997418887e+02
-6.178866628174662878e+01
-4.110166538509371890e+02
-2.893834945782699606e+02
-1.612766910443179142e+02
-9.310988427924984023e+01
-7.003279750270547765e+01
-1.319166240281293767e+01
-2.050860186568238817e+02
-2.197544520405770072e+02
-2.738470754237715710e+02
-2.655677183833890922e+02
-2.749855403140740009e+02
-4.388811643265118079e+01
-2.904867298560103563e+02
-2.922300243597546796e+02
-2.803840820008018113e+02
-3.072692877158852980e+02
-3.487386756552082261e+02
-2.706193879969493423e+02
-3.895114075543889953e+02
-4.328072352063893504e+02
-2.802084789602918136e+01
-5.582225553327647560e+01
-3.193445075970510629e+02
-2.353734237367213211e+01
-3.773795797269959849e+02
-2.588185335233606565e+02
2.595025704872938377e+00
-3.052793279696018658e+00
-2.589156335100386741e+02
-3.909432384205182984e+02
-1.934750659312351502e+02
-1.135773751127965170e+01
-5.968241536268359226e+01
-3.089760854037486411e+02
-2.745762388661105433e+02
-1.138404581621194041e+02
-4.387458962735388468e+02
-2.796856349837912603e+02
-2.618805273064413086e+02
5.880502086136402795e+00
-3.007768457183219653e+02
-2.533954713308405360e+01
-2.367107249504239235e+02
-2.911260991237157896e+02
-2.595133987759982119e+02
-3.524759256732016865e+02
-1.783130498177264940e+02
-1.286552711987874318e+02
-2.653255319101059513e+02
-2.672872225300351374e+02
-2.208841482937407932e+02
-2.624742049293230366e+02
-4.404547814987346896e+02
-1.963430748286359062e+02
-3.391864952594853833e+01
-2.393614341629230751e+02
-3.167992619346865695e+02
-2.674854360138212428e+00
-1.945886772157832922e+01
-5.091706822466534277e+00
2.161877348328189896e+00
-5.856200767819095887e+01
-2.305106100693421638e+02
-2.924557818267593348e+02
-2.097552917969677253e+02
-4.006176024628978780e+02
-3.033769856600204093e+02
-2.989269259983387883e+02
-3.025764525872498325e+02
-2.654695220298510776e+02
1.517230972765730712e-01
-3.888422537481093286e+02
-6.091571642045005319e+02
-3.350323833685999375e+02
-5.673786058850399172e+01
-2.601446676436278267e+02
-4.355500780058424652e+02
-3.625729372441966802e+00
-2.901724792159700428e+02
-4.383575814401858679e+02
-4.513792621529961480e+01
-3.243114572615394309e+02
-2.806251898624382761e+02
-7.040383180448995404e+01
-2.813177541101935049e+02
-1.793032982220034341e+02
-3.875547142049385911e+02
-2.921213274661045034e+02
-2.779632641386712066e+02
-3.699322931138875106e+02
-3.672328250960065930e+02
2.558271192783686843e+01
-2.922801299147540135e+02
-2.349992864128482779e+02
-5.824142310503407316e+02
-2.885635819992168081e+02
-3.213407537571013677e+02
-3.352033685388785784e+02
-5.647576716975428468e+01
-1.895418683394485981e+01
-2.723478134161099433e+02
-4.247417999692881381e+02
-2.932805287012470217e+02
-4.663172109874427633e+02
-3.065051333419731918e+02
-5.637867310469098356e+02
-2.395187518449527317e+02
-3.565746891945640300e+02
-1.979806521347504713e+02
-4.902579676395733941e+02
-3.493726926658509910e+02
-3.871319915892266295e+02
-3.860552140223164770e+02
-3.128592782494289963e+02
-4.999864380428296045e+02
-3.035534690501113460e+02
-2.822075644018595142e+01
-2.817174514610164806e+02
-3.091553104417731106e+02
-4.935682569684531131e+02
-2.448816112056896657e+02
-2.070621762521815867e+02
-2.668931627983799899e+02
-2.692163558526369798e+02
-2.567404106685165743e+02
-5.460956944470071903e+02
-2.494693169636649088e+02
-9.126803428573397525e+01
-3.902463978187635689e+02
-4.592394149021113208e+02
-2.336565729815075656e+02
-2.742213931518263053e+02
-2.844685626884374869e+02
-1.353353625880598088e+01
-1.645040288142591294e+02
-2.795564737664270751e+02
-2.302166770266043159e+02
-2.741711838815568854e+02
-8.273133155531175476e+01
-5.062791421631321214e+02
-3.687437135798887056e+01
-1.052048687209198086e+01
-2.562289493029761616e+02
-2.447189407160947212e+02
-2.900856696205685239e+02
-2.267271003602749317e+02
-4.344287147513983882e+02
-3.364793830031298967e+02
-2.849095104477478912e+02
-1.749923619977008684e+02
-4.552947451656912676e+02
-2.354186422184488947e+02
-1.953755167536685349e+02
-6.771559667377573533e+00
-3.871173932470446175e+02
-2.033212002261902853e+02
-1.661669723177819833e+02
-2.056144462215547151e+02
-8.197740300929046953e+01
-3.413558756329169910e+02
-5.334607465381108113e+02
8.882577144860050566e+00
-2.841802425969963792e+02
-3.114213476372291893e+02
-2.248660528964045966e+02
-8.130228624914109048e+01
-2.477147038368984227e+02
-2.821762414627211513e+01
-1.228292757922016705e+02
-7.057573110952972684e+00
-5.439798267323706114e+02
-3.881683510146094704e+02
-3.584943185935715633e+02
4.258790059517343707e+01
-3.899964888657715392e+02
-2.928185994750346595e+02
-1.892431614022667929e+01
-1.392899219056840820e+01
-6.454712783714074931e+01
-1.410289207936135369e+02
-2.901350499320338372e+02
-2.457509149808870461e+02
-2.813876151484253683e+02
-8.125243964554911713e+01
-1.732189195222940157e+02
-4.798992909066186598e+02
-3.028448543538499962e+02
-4.042494757669033447e+02
-1.665950436987788237e+02
-3.917050112222059965e+02
-2.837963360429661464e+01
-4.246116916247547692e+02
-3.892314071632315517e+02
-1.363107114107242523e+02
-2.536531491626013235e+02
-1.330453069567502382e+02
-2.775385054976707124e+02
-2.459611224739544753e+02
3.066992544311213464e+01
-2.572868218541048009e+02
-1.636276747148370987e+02
-2.768632127185986747e+02
-4.146510813357047596e+02
-1.464406854654873769e+01
-2.849143190626760997e+02
-3.233107764809298033e+02
-2.988219544515816324e+02
-5.106419275761780341e+02
2.658396493232316971e+00
-3.693822790750999161e+02
5.282187827678058056e+00
-6.729249227116039833e+01
-3.966332327928322457e+02
-5.389795940263519469e+01
-2.464234083650406149e+01
-5.103257816591780482e+01
-2.238199857774101247e+02
1.227068926361747003e+01
-4.061098762245648572e+02
-2.471985959489193192e+02
-3.112647577490854474e+02
-2.903195606730121199e+02
-2.675057944816339841e+02
-2.277193628907218965e+02
-1.846728694438665457e+02
-2.470607124254219400e+01
-2.919656417222471418e+02
-4.085650022417884202e+02
4.686154029232861262e+01
-2.761073917056093023e+02
-3.869712486519259755e+02
-3.014635226661434331e+02
-5.532553561460294134e+01
-3.756297684013503613e+00
-3.509668387414252493e+02
-5.137882078714204681e+01
-9.711154435623666359e+01
-9.511917219501782483e+00
