-3.313653547134875907e+02
-3.980630559795588397e+02
-1.373409926909979788e+02
-4.459179700264906501e+02
-2.939226539605783728e+02
-1.244776839343906261e+02
-2.652496777270328039e+02
-4.104888038262812415e+02
-3.753753841585980240e+02
-5.228512113783897348e+02
-6.127766555285941195e+02
-4.181068895602141993e+02
-1.754625224539869635e+02
-3.196514379051188257e+02
-2.973610312175674153e+02
-4.986598302408510790e+02
-3.097257826268944427e+02
-3.221695733601840175e+02
-1.840791674303993091e+02
-2.862217766627854871e+02
-1.323839488330132212e+02
-1.881548826918889858e+02
-4.043483139253899026e+02
-3.644041644709215007e+02
-1.052144022393231495e+02
-3.902899692099634876e+02
-1.253128711805740352e+02
-1.618857343878498796e+02
-3.034933957959438544e+02
-2.584667407251060922e+02
-4.539877769088378159e+02
-1.011769610134222717e+02
-2.817079459385701625e+02
-9.643572116052959586e+01
-2.394809193168725585e+02
-4.401420482583427543e+02
-5.339346142027535080e+01
-1.717149132339106927e+02
-1.089055161541525933e+02
-3.186473417549250939e+02
-1.593841503867477627e+02
-1.160531145575498044e+02
-2.918966162774149780e+02
-3.379069147323629068e+02
-1.173712733047347569e+02
-1.606384472447300027e+02
-1.199559899783391472e+02
-4.268961113124358349e+02
-1.783987062331712536e+02
-8.002177531834698243e+01
-7.630129980698778525e+01
2.759856177568281055e+00
-4.288013551472682394e+01
-2.141787563070521969e+02
-5.124832331230476967e+01
-3.757665788364716519e+01
-2.629611357761550039e+01
9.837489415635758405e-01
-8.650397427108002546e+01
-4.530015925304202824e+02
1.713928143498581846e+01
-6.609470568630435139e+01
6.560207936236722048e+00
-5.420407180728054755e+02
-3.664824664525837079e+02
2.354747101719496527e+00
-7.900545754852643654e+01
-1.024632328827388790e+02
-3.584136819111414525e+02
-6.762702330500667358e+01
-3.697300349871953244e+02
-2.602565264106885934e+00
-4.340613095299848823e+01
3.349961415354755445e+00
-1.146861309785761307e+01
-3.446164192366587997e+01
-1.289867849817547665e+02
-4.541998523820262790e+01
-8.424169810325570040e+01
-5.837746620591917690e+01
-3.398858839098394924e+01
-8.087902012785301054e+01
-1.249678747036665101e+02
-2.700088209586598964e+01
-1.010821867123765827e+02
-1.662273729230360004e+02
-2.864814875980863462e+01
-1.514382388536406552e+02
-1.325434133704677038e+02
-8.984181857247395442e+01
-8.682431493224655128e+00
2.319640560014877906e+01
-7.554649085346667903e+00
-9.961408016038133439e+01
-1.401678875553124328e+02
2.359851792589312680e+01
8.336530068688166040e+00
2.810415373526857508e+01
-5.576248089579525669e+01
-7.124323203729026943e+01
-4.346185086334370595e+01
-2.465912917394281934e+01
-1.404967816383455315e+01
-6.954246122009476494e+01
-2.895429244999761664e+01
-6.768092138433317473e+01
1.745520148859990428e+01
-1.784580546965323151e+02
5.560264876766365383e+00
-1.193801281360661051e+02
-2.324839032563291710e+02
-2.042256437547970904e+02
-1.840260392810878329e+02
-1.302340416666512226e+02
-3.499880406422803958e+01
5.043381257276498530e+01
-6.729285526547310781e+01
6.910536682009126253e+01
-3.549231286792837636e+01
-1.272019868464250578e+02
-6.516011526888499361e+01
-1.870087089661886353e+02
-1.942223469917382772e+02
-8.032821461923305151e+01
-3.279744222202218680e+02
-7.322292152592908678e+02
-1.437120673481437336e+02
-3.814474070588705104e+02
-3.063195517796413014e+02
-5.216349667947454236e+02
-7.019805687834143271e+01
-3.771703903735069474e+01
-3.000359189897659107e+01
-8.700491425985923399e+01
-5.207509628744694652e+01
-2.174821829311965473e+02
-1.001201440133196030e+02
-3.371771829090315720e+01
-2.138421785187002797e+02
-4.676802384601815987e+01
-6.073389310202907865e+01
-6.678948972950621510e+01
-7.289734514490734796e+01
-6.419033997752056564e+01
-6.456621926216135421e+01
-7.851922254693572256e+01
-1.002504046377072910e+02
-6.028494298906043980e+01
-1.179221440150690086e+02
-7.025550448649448754e+01
8.755749351771868305e+00
-3.592448863033035877e+01
-7.022724755996040358e+01
-2.193342523772968491e+02
-4.265930592988001280e+01
-5.855661872519051769e+01
-6.899927217123270395e+01
-1.894969869423863997e+02
-9.979368463242566634e+01
-1.189870109726734171e+02
3.844920658842968919e+01
-6.058535357516242215e+01
-9.781357308685768714e+01
-1.560075773037527824e+02
-8.087087408645534481e+01
-1.697785985836632392e+02
-1.729081635674169490e+02
-2.245145437321643840e+02
-2.961781171416333223e+02
-6.942328652225522490e+01
-5.843706893432345595e+01
-7.557153040685231815e+01
-6.281195379230868525e+01
-2.568690046937677707e+01
-1.436457811648675920e+00
2.342917557562385156e+01
-7.428419092152614667e+01
-4.019692861901506120e+01
-5.692918169263864314e+01
-1.104457236262509241e+02
-3.398975376744407839e+01
-5.867912934795755575e+01
-9.768976607763845266e+01
-6.578433707662681229e+01
1.155334615747526961e+01
-9.306328923154052291e+01
-1.056554768890279661e+02
6.001382732667857489e+00
-7.804642678081040685e+01
-2.477727050076957482e+01
-1.007371469142329232e+02
-6.396360004037697422e+01
-4.283776149596530303e+01
-2.999705697218993805e+01
-2.355021082998617317e+02
-2.270044319578561840e+02
-2.517754936099201402e+01
-8.353066223276113078e+01
-8.340956767973413832e+01
-2.363118176922341149e+02
-9.138566294387227629e+01
-8.981959913361158954e+01
-6.771909163776101082e+01
-5.236474164224915739e+01
-5.260993315137057635e+01
2.914938079592336351e+01
-4.447586664267331713e+01
-1.516617765582550348e+01
-2.099040832518087996e+01
4.849636436217653568e+01
-7.501262399981683870e+01
1.507657529399231500e+01
6.145485013830486842e+00
-3.258149200247670763e+01
1.870497392541999560e+01
-2.088443603336086696e+01
-1.026100121750460836e+01
-9.543926567700788510e+00
-3.320195371838642551e+00
-5.447581167757750364e+00
-2.478896282530782713e+01
3.770045008628769523e+01
-1.546200236638571468e+01
2.505240502235479383e+01
-8.827179491625601315e+01
-7.487567984023583278e+01
-8.733686856553768507e+01
4.440381155948460901e+01
1.115429968703022183e+02
-2.823847905177417239e+00
1.278027885832506172e+02
1.227848531833623014e+02
1.087821151172368133e+02
-1.354948987614783285e+01
1.176303248374343724e+02
-1.836196603906774882e+01
3.290209569689245939e+00
1.309823889693298895e+02
8.990906880992035610e+01
9.388876194966977096e+01
5.057678077259643601e+01
7.520062005637210234e+01
1.079952982458725899e+02
1.063363735597871624e+02
1.591928716935273336e+01
8.950312276612497442e+01
-3.965672547205697729e+00
7.118665357360097801e+01
1.059212813431814624e+02
6.850662330149636148e+01
-5.295111695906966531e+01
8.594018692789082081e+01
9.077920796534512249e+01
-1.716197572587368469e+01
-7.543536115254968877e+01
3.150947026585973276e+01
9.993509611788476832e+01
9.412543489297628696e+01
1.010748866732848796e+02
1.049215354553636246e+02
1.125334300744639506e+02
9.124044914997325861e+01
7.807695262530494063e+01
9.543496416406692617e+01
1.153122668120593204e+02
1.350314699649581485e+02
4.740518344540917184e+01
1.284566174833084418e+01
1.123181308584413216e+02
9.841924402393064497e+01
1.344373663584343035e+02
1.125390657125178819e+02
2.281168299798353871e+01
1.893303424080469881e+02
-4.400936294877528354e+01
-3.426103520096569355e+01
-4.474982275373626806e+01
-2.113256238741411153e+01
-6.783713020004086047e+01
-2.551149569536724471e+01
-4.306802201330526714e+00
1.420136795648870986e+01
-3.351687297093475593e+01
3.030329521168312112e+00
1.100617684814099562e+01
2.802335197244130427e+01
3.976245740703976139e+01
3.514037739208987432e+01
1.118299463453008826e+02
9.977537910385908049e+01
-3.203833100654962607e+01
-1.633701948472688059e+02
1.043893883949068169e+02
-1.249506360928399431e+02
1.170926226157182981e+02
-1.001994860742169635e+01
-4.947799613545812747e+01
-1.536906165349486741e+01
1.386887961781724243e+00
-1.477847960943351495e+02
-1.085498822680183650e+02
5.730850221499366626e+01
1.152607854434738073e+02
8.416871512527137611e+01
1.223491896812114135e+02
1.457487703418038620e+02
1.064833723140407358e+02
1.843704905463803527e+02
3.316036390012266111e+01
-8.019476058232442028e+00
5.790294603993168465e+01
-5.187130845464099593e+01
1.553511239071038119e+01
1.967955927234785918e+01
8.807238501997798608e+01
1.070166608638573393e+02
7.827791575084576436e+01
-2.406701634613470731e+01
1.679046297302326423e+02
1.497228796103303239e+01
3.199582161526927848e+01
7.604488227917900645e+01
1.051588263355085928e+00
8.492153265393130823e+01
4.329235151236389356e+00
-4.897512830034457920e+00
4.557140193484170254e+01
-9.549412654965775005e+01
6.685194894237635310e+01
-4.961201883373703936e+00
2.542359993990206135e+01
-1.006061772176970237e+01
-1.706081189993170710e+01
-9.881042762004781821e+00
3.029226527903068700e+01
2.720774025423925480e+01
5.176457188651787078e+01
-1.262358141021957181e+01
-8.555229102308558709e+00
2.287796130271109973e+01
-1.404713813648916698e+01
1.403401447233720774e+02
2.169806189053332446e+00
-1.037046979547864538e+02
-2.773765717982624324e+01
8.266665549372218891e+01
-2.978336700187480801e+01
1.028860910785113987e+02
1.280889989745151070e+01
1.297502504072091938e+02
1.573989996441875405e+02
-1.552427702046536240e+01
1.101681925593175038e+01
1.419817699485429614e+02
1.051005494978456909e+02
4.807511905162223798e+01
1.393444392194132035e+02
-2.615722686689988450e+02
-1.202541892164789772e+02
-7.398577285267766968e+01
-5.640999227791934345e+01
4.420425497075108012e+01
7.546170742285337951e+01
-4.937305273058811395e+01
1.411235661415547895e+02
1.166580488016947754e+02
-2.700185415856489612e+01
8.416036188822143060e+01
-1.037984090747645780e+02
1.264980804682359405e+01
1.935696754214599196e+02
3.827504036857536107e+01
1.497866581104859165e+02
1.241391775140258886e+02
-3.757790668806688927e+01
1.132692084114852236e+02
1.146273386001970209e+02
-2.659617396821005286e+02
-3.186989208880265778e+02
-1.845613783246421349e+02
-4.309051228524739940e+02
6.215278525140814025e+01
1.741462214415532230e+02
1.804138825081508060e+02
-3.696390970960163713e+01
1.357118714280625227e+02
-1.766877873953309290e+02
-1.686870304271789678e+02
1.392637325456156532e+02
1.255856219237765572e+02
4.247520002714637144e+01
1.317829411685734442e+01
9.528849791528315905e+00
1.470602889094203363e+02
7.507694605763887807e+00
-5.019872155426867266e+00
-9.894356796709331547e-01
2.693159365807711936e+01
1.337334140458001741e+01
-1.121039820915576968e+01
2.700872125813256730e+01
3.775751935828432693e+01
2.043139276716068764e+01
6.976012997466014554e+00
7.175802210073953802e+00
-1.389296308479303832e+01
-2.168388623997658726e+01
-3.165271473052925444e+01
2.130391041316798351e+00
-5.449273452765159931e+01
-8.934647481266901536e+01
-9.563008238055584798e+01
-2.197975306557956969e+02
-1.841505533735112863e+02
-1.852805387099616041e+02
-2.201205862753776614e+02
-1.736720325943061596e+02
2.188779419158850459e+01
4.478744371447083239e+01
8.883090601139649323e+01
9.828255540164290949e+01
1.119486901169342303e+02
8.964932373001980181e+01
8.603136281436325916e+00
-1.619794911977375307e+01
1.404002280005402383e+02
3.519809972901074957e+01
1.229094262824880559e+02
1.230853137468954799e+02
-3.454275481546028459e+01
1.005925951601102355e+02
1.109670859017236211e+02
-1.241013797402092962e+02
-1.494867887708693388e+02
-9.961947961110824679e+01
-1.280202141471377217e+02
-1.998656076494967238e+00
-2.151858401864286208e+01
8.928268107593414982e+01
4.644794677677337802e+01
4.455857940650048477e+01
-1.520914565130458413e+02
-5.623464756334811909e+00
8.676627584901758894e+01
1.274024218885499238e+02
-9.043487244699264238e-01
1.249678299665556551e+02
1.677958402915813849e+02
1.561508657449441557e+02
1.816203828428392342e+02
1.137458286455800760e+02
1.612258372891620581e+02
-6.945981866145556296e+02
-5.331863080301559421e+02
7.064199298317372211e+01
1.618070445772470975e+02
1.638855390007894073e+02
1.452563609464121726e+02
6.574971751484875426e+01
1.256000426104670424e+02
-4.069988054891428675e+01
9.982364005611087521e+01
-1.007821888367629981e+00
1.165585720918328008e+02
1.067983380448866626e+02
1.329385399190476278e+02
1.420663626805448132e+02
2.696309984250427192e+02
6.523529609430747200e+01
1.358154521960744603e+02
1.564845524492662321e+02
1.447267800927874930e+02
1.515395623529639408e+02
-5.450897188176485741e+01
2.856142066129006452e+01
5.154196182397058124e+00
9.583890127769528533e+01
-9.300281949469624010e+01
1.814107497487138119e+02
2.246783222723306039e+01
-1.114307112081350937e+02
-7.948862382991462994e+01
8.208244387599526704e+01
-3.739168013485458886e+01
1.306163825419750992e+02
1.753544787783760341e+02
1.157728371891001018e+02
1.512159760123397518e+02
1.458508812375993671e+02
1.792176588483969795e+02
1.413776898021515649e+01
1.690960350349442649e+02
1.237236044561795154e+02
1.562875689873971794e+02
1.751293399151060726e+02
1.339514017650337223e+02
-5.693962885698470927e+03
-2.494204519583952333e+03
6.430030879109776265e+01
1.477985634972517914e+02
2.526830790621444578e+01
1.480091864594298841e+02
7.232083514844362071e+01
1.103149081082350733e+02
2.091296583934810656e+02
2.492494368944205405e+02
-3.145442153796390983e+01
1.183562378103608239e+02
1.847456815384058189e+02
-5.601062359398604684e+01
-3.165150537295929567e+01
-1.169643823817334578e+02
-1.477584796740710544e+02
-7.709883485739752018e+01
-1.005600877366758397e+02
-6.331426215098127130e+01
-1.241528150675016064e+02
3.119976899722459507e+00
2.302042809400504382e+02
6.360922165542604034e-02
1.299013315671874125e+02
-7.099455151621120308e+01
1.112048686074644763e+02
1.367901750781978194e+02
1.563084098095485786e+02
1.543091015978427549e+02
2.712447650818812690e+02
9.432936451497549513e+01
1.163838597930607648e+02
4.334854110918894321e+01
1.464063436299059902e+02
-1.881379803483504531e+01
-1.274852774788576113e+02
-6.113684014482370088e+01
-2.480774419098915473e+01
-6.806388764689378945e+01
5.880687821967978834e+01
-1.064544549081786329e+01
-1.560079459346393094e+01
1.086231764504410080e+01
-4.394787606357603238e+01
-4.116329156666976985e+01
-5.969510806572094452e+01
-1.013218049684516586e+02
1.441828439618242612e+02
-1.799952071028016576e+00
6.693261584535122211e+00
-1.516388684933872923e+02
1.114421828744664822e+01
3.331156594122413139e+01
2.809253307487617235e+01
3.682160555692357207e+01
2.477057170473611905e+02
1.830218999926786694e+02
1.472834787479818885e+02
4.367135936010090091e+01
2.585474874184366172e+02
1.102667785684900252e+02
1.233196056451830884e+02
4.453431857480273592e+00
-3.676301382977595011e+01
-1.615783372557375941e+01
3.088623696946873665e+01
1.230688844301612406e+01
3.025251378038183603e+01
4.978873925514044885e+01
-4.346560995978369846e+01
8.767641999990030399e+01
-3.210892628556186179e-01
1.824682578449866455e+01
-5.261905864914231046e+01
-2.088415120863544416e+01
-1.418391484217654153e+01
4.598682659760544311e+01
-5.793650583382918029e+01
-7.805612109223828554e+01
3.925695311055119419e+01
-2.490559343758347950e+02
-1.562901843726491791e+02
-2.025665392646708369e+02
-1.896982186557308125e+02
-1.037103729159939292e+02
-7.279845447273523007e+01
-1.284457987761417428e+02
-1.289806991776775646e+02
-7.636439175058538353e+01
-8.610656619276815604e+01
1.828832753392304653e+02
9.765691124811114321e+01
9.100148396650668658e+00
1.299082979100839808e+01
5.737473746209889214e+01
5.541178517479737309e+01
1.266774155560987651e+02
-1.005691868683399370e+01
3.441731583538805239e+01
4.181898814299205291e+00
5.130648098530942169e-01
1.103882871794099962e+01
5.020862475238993028e+01
-1.875411263689641146e+02
-2.458101585576663695e+02
-3.332214720118311675e+02
-5.672305620696216693e+02
-5.329215346490307184e+02
-8.346397553295179250e+01
9.389522001151952679e+01
-1.011885134714895855e+02
-5.170423352146082152e+01
3.173139255759282662e+01
-5.015135895596534965e+01
4.284995911353639997e+01
-2.006871838009926137e+02
-1.192737965671809661e+02
-1.934224216763198569e+02
-1.331213762783534662e+02
-1.288051251841629607e+02
-3.696619062076144502e+01
-5.686313116957781943e+01
6.727949364516641140e+01
-2.336875036108659387e+01
-1.497371156514924451e+01
-1.026066979153616643e+01
3.705818210481275798e+01
-5.887663205481334039e+00
6.868091208398584513e+01
3.356316011933031973e+00
-7.662168834277797203e+01
-2.107581543955888037e+01
2.319908445495198350e+02
-1.630430185479021645e+02
-2.453734961621919908e+01
1.652808420510613985e+01
5.980603174786812559e+01
-5.424025615222520003e+01
1.932033595079881705e+00
5.022711903855402937e+01
8.216526542392086796e+00
4.218956569092284070e+01
-1.061295877322395000e+02
1.974069417880112383e+02
1.858263599320987325e+01
6.811099701596658917e+01
1.398164479697744866e+02
9.599260341230396421e+01
-1.271475589581012287e+02
1.304284694525242685e+02
1.288202767438871774e+02
-1.465603424692426699e+02
1.426622332447112740e+02
4.883205628504407514e+01
2.847999559229695592e+02
9.651028575689703359e+01
1.195284934663581708e+02
1.042023078478344189e+01
8.289158751473280518e+00
-2.149127522728063013e+02
1.606087621697600127e+02
1.339420622543580350e+02
1.352548711883764270e+02
1.219654282933435354e+02
1.292795134324250910e+02
9.140149986698916962e+01
1.301419943692751247e+02
1.306687390516357539e+02
1.305700934691135728e+02
1.523089541676544911e+02
1.668448241252244202e+02
1.430448623355296718e+02
2.313559833859896742e+02
1.463269852489939638e+02
1.406176700369391028e+02
-2.840402870675350187e+02
3.546589249946410405e+01
1.509288102504545179e+02
9.469066644283341816e+01
6.084308134971891491e+00
-1.137996144259304288e+00
2.148146037437253142e+01
1.598480685708905469e+01
3.340835730328925024e+01
9.715224306459683135e+01
7.672672438066707912e+01
1.415097604853910980e+02
1.277775549558373882e+02
-5.468849340903632061e-01
6.030743540142067616e+01
1.034764190917002580e+01
6.481443630259123267e+01
8.488547219655075082e+01
6.346541111468897611e+01
7.432076495765116420e+01
9.207911158345478952e+01
3.432058329797117580e+01
3.426328048405361315e+00
-3.533640689862384079e+02
-1.756318759844010060e+02
-1.239227030567099774e+02
-6.322869585379871182e+01
-3.906833341798633086e+01
-3.977096050671193694e+01
-4.300511289966570416e+01
5.409795338753684746e+01
3.614493691040595280e+01
-1.767695821901540398e+01
1.275591134332304932e+02
2.483443075448442983e+01
5.782935918545940268e+01
1.660863399170312604e+01
1.550437454163849083e+01
-2.295138174516214917e+02
-7.590643082172746858e+01
-1.767982152743651625e+01
-7.053531674443395616e+01
-4.518129747353324177e+01
9.401234370311118482e+01
1.053491694803710885e+02
-3.738175352440141097e+00
4.505302437802852467e+01
3.683441079179402777e+00
2.314318305331537928e+01
7.034342941682409034e+00
-7.138609114712109260e+01
-2.277896832602692712e+01
-7.882637316279425477e+01
-2.946965337805440868e+02
-3.396176154369344147e+01
9.956364576993790649e+01
-6.303175367706474219e+01
-2.892212104348598700e+01
1.440345357760344598e+02
-4.620427331887935907e+01
-2.056110018557997776e+01
-5.944035544916339830e+01
-3.005023993884833189e+01
-7.023007662957923003e-01
8.157519611107130686e+01
2.508340577545246219e+01
3.475475427796516215e+01
-1.040972110244024584e+00
-1.415769987839668715e+02
-7.883442128818671790e-01
-3.896994057465300898e+01
-3.565216495536018826e+00
-5.341892846638820203e+01
-1.462867563835568818e+00
-1.530555356757386392e+02
-9.191210000116146261e+01
-7.629908285769344900e+01
-3.666299426167081776e+01
-8.378120022405107648e+01
1.681764966622328927e+01
-9.675718386478763477e+01
2.105632261480733405e+02
-6.534385133317690020e+01
-2.498922202124667535e+01
-2.974805670298389941e+02
-7.496179040513017355e+01
-5.218536744641892255e+01
-9.586168082130801338e+01
-1.452452993487483468e+02
-1.974373413645457163e+02
-4.197793633164715743e+02
-2.549986928446285503e+02
-1.501323797581676445e+02
2.831245252741712548e+01
-1.544326454238969859e+02
-7.749760098024879085e+01
-1.374172359333406348e+02
-1.615393277006517394e+02
1.094106028510064874e+02
2.255921976288072983e+01
-2.080495389959792476e+02
-1.427221683382967967e+02
-1.201965240867893385e+02
-5.399295151100228196e+01
-4.658999815889659146e+01
-6.345460104614912922e+01
-1.347358796226063760e+01
-1.782853412943936746e+02
-1.469689774426726672e+02
-1.216606008581710228e+02
-1.708883449839772197e+02
-1.619154954877110697e+02
-1.739429682953452811e+02
-2.643385192201855034e+02
-2.885719392354682213e+02
-1.734833404444602820e+02
-1.463695465087091065e+02
-2.597371403874078624e+02
-8.824543091482954082e+01
-6.773623153273952369e+01
3.411384574397795433e+01
2.333157625149160594e+02
-2.110769659386227204e+01
4.082238642453344113e+01
-1.004000772331930023e+02
-2.743254779455915582e+02
-5.513550018024659494e+01
-1.614997338629717092e+02
-6.017609966119777454e+01
1.822046772613282428e+02
1.267398317241892300e+02
-1.929120181957190994e+01
-1.974940135619988553e+02
1.169050909319430929e+02
-5.913001285108152416e+01
-8.409106658109215005e+01
-3.313863764272552999e+02
-7.067681324041897994e+01
-1.257316906608377280e+02
-4.108008666312948520e+01
6.946381594718940278e+01
1.505603952816574065e+01
-1.024850095938814576e+02
-1.366569212871307570e+02
-1.606726898861239761e+02
2.382873168716601811e+02
-3.194833926418374404e+02
-1.706072242112459207e+02
-5.107365614545386734e+00
1.090676805793528530e+02
-3.754579635490423328e+01
1.973874300597704519e+02
-3.990459613345102241e+01
-3.633024073824327616e+01
4.566778615881185033e+01
-3.832631095375840857e+01
-5.592278316384653181e+01
-6.397906945661083000e+01
-1.074648197904383551e+02
2.993398032030926004e+01
-4.229129758396138072e+01
-8.854061024158899329e+01
-5.564538001421259850e+01
-1.171346100373271071e+02
-1.833657782705761861e+02
-2.399594647622986940e+02
-1.332172626416426908e+02
-6.961512959028355851e+01
-1.196435556023578926e+02
-8.323505150418625931e+01
-4.935481592940061724e+00
-4.564231141080016130e+01
1.843870299487961972e+01
-2.843209781138506287e+01
1.635624066239768126e+02
5.463283095041606430e+01
3.487035095343538416e+01
-6.236235770227093411e+01
-4.786147307783917881e+01
-2.789743365760213933e+01
-1.064910732982140473e+01
-7.934660901491022855e+01
-6.061655994099545097e+01
-4.894493225463288155e+01
2.361042461314657359e+01
-5.639729119210940667e+01
1.046583088430795812e+02
-4.158160916023881981e+01
2.227996877043897825e+02
-4.819524320019813679e+00
-2.255904636736794657e+02
-4.780872312715435868e+01
-1.342982788386338484e+02
-7.612426553389465766e+01
-5.364564499730248315e+01
-3.935449756413876088e+01
-1.500782894479989977e+02
-1.134731730622470991e+02
-8.642225043628405956e+01
-3.156935457266641976e+01
-3.507264772150448096e+01
7.645598713496440269e+00
-7.359778267207553881e+01
-4.361749648148673941e+01
-2.868603242444477530e+01
-9.177903903476381231e+01
-5.821157679981770627e+01
-4.126153114497987673e+01
-9.874929773764004892e+01
-4.835916210391087589e+01
-6.627645796892583974e+01
-4.168175198202875720e+01
1.340543221976894017e+02
1.821276796159760636e+01
-5.219969106144375814e+00
-2.327975513354881087e+01
-5.146168352745650054e+01
-2.313793201920978504e+01
-2.592388463776636343e+00
1.077575016576356148e+01
2.837805685392871169e+01
-2.254782544971249436e+01
-2.373362441710252213e+01
-2.309606901297048864e+01
-1.408475418626692566e+01
1.413648510082028054e+01
3.201326968415907714e+01
1.012736051892578502e+02
1.082051969341281534e+02
1.323652155971491595e+02
1.725050808796719934e+02
-3.454034490004262636e+01
-3.911520755135377669e+01
-1.126917999311713885e+02
1.360216899956862733e+02
-1.907193497775995183e+02
-1.933897886843372476e+02
-1.873132154247109611e+02
-1.955398810857188892e+02
-2.045822565714457824e+02
-1.925701745023073101e+02
-2.112154478890793712e+02
1.640298989029905101e+02
1.182077868812396559e+02
1.823156106376047489e+02
1.112515142238693784e+02
9.512195903315658541e+01
2.395948107529162030e+01
1.880034985489251085e+02
6.060148990739406827e+01
2.259960848794278832e+02
2.108089415261901252e+02
1.251377862249350983e+02
2.349664342933342311e+02
6.112038696505947399e+01
1.326450370961219960e+02
-2.014553697221660400e+01
2.454419641887701857e+02
2.161730785307429983e+02
2.179142390755764040e+02
3.822387107159431707e+01
9.277965696172013566e+01
2.545219307297104194e+02
2.208341452161030816e+02
2.337321126461958727e+02
2.201583968727602780e+02
-1.223249221162169533e+02
-1.575047909449490646e+01
-1.792393982665954582e+02
1.179123312435203417e+02
2.493143369591293776e+02
-1.126117630909251375e+02
-1.883024702906213292e+02
3.777081332802517455e+00
7.474001993265833477e+00
-1.597136968643379085e+01
-4.124722277954957939e+00
-2.090647624862788234e+02
9.958788870701820883e+01
2.571905748386700452e+02
-6.274890398239366363e+01
9.184550662346285321e+01
2.232021181805121728e+02
2.532658189807811766e+02
1.647516195091548923e+02
1.304216646918322908e+02
1.197747795622437366e+02
-6.511135492945498981e+00
2.428436509623748520e+02
3.060452019180428351e+01
1.646084111491322233e+01
2.415282970138626695e+02
-2.115574539532214260e+01
1.744614054293393224e+00
-5.342715873587769693e+01
-4.778454216851250180e+01
-7.284167118838306010e+01
1.435634226148474113e+01
-4.818793862912175285e+01
-1.416422300982182492e+01
-3.928058440064331336e+01
-5.042042899362456865e+00
-3.557579359910265282e+01
-6.351149090385663243e+01
-9.716350706013059835e+00
9.736622235369708278e+00
-1.320154613095401430e+01
3.128009451157424792e+00
-6.229018873954218094e+01
-3.439479861451991383e+01
-5.444427972704143315e+01
-7.851688468956623979e+01
2.302281295235701748e+02
2.314216145139386640e+02
-6.255480433719448286e+01
-2.519867886986799306e+02
-2.474329717326085643e+02
-3.533156712202420522e+02
-2.648351577451223307e+02
-5.130526193959065040e+02
-6.122403618600186093e+01
4.567979172675635624e+01
-1.475821466027583284e+01
-4.982918093656600433e+00
-1.555269913739248722e+00
-4.135036774192167286e+01
-2.054502973400531474e+01
-3.375712611740390656e+01
-3.248741021627587600e+01
-3.125615709900978700e+01
-3.158426037526816543e+01
-7.523558327836751047e+00
3.322606183515376443e+01
2.409414243056342286e+02
2.103231683042030795e+02
6.327943528177384991e+01
-3.159085064296162955e+02
-3.369883465150984847e+01
2.017894651355138080e+02
1.380482882662868747e+02
-2.905635460859870989e+01
3.541347463433388043e+01
2.586608550946252763e+02
2.096345471452235074e+02
9.427980856364237638e+01
9.949854782060165803e+01
7.502466831821173798e+01
2.121146170279571379e+02
1.748297939372302494e+02
1.657906266764158829e+02
-1.633780139046432467e+01
1.134923897533340948e+02
-1.199818354748785225e+02
-6.800871663826956137e+01
1.870779682557646311e+02
-6.644619643013624000e+01
-3.523435309819915773e+01
9.475358441420908662e+00
1.362872564563434139e+02
1.011831163109586527e+02
2.042616978830108678e+02
9.539336093406762984e+01
-9.594689804395629551e+01
-1.240506897583052677e+02
-5.411708729333660983e+01
-6.224297729565485326e+01
-2.896029302408267014e+01
1.652349043620840234e+02
1.927054542059182154e+02
1.162374848028451595e+02
-3.888101614490759061e+01
1.273749401071617626e+01
2.288830545395362321e+02
-1.730790731678885308e+01
9.879066621613496579e+00
1.432017430943582781e+02
1.961779259059913443e+02
1.569570201425736684e+02
2.095328808925051476e+02
2.344035205669228787e+02
5.493882157320109627e+01
2.273312650154941252e+02
7.909805808962578055e+01
2.375042334393500880e+02
1.348034737081639776e+02
-4.508349333011024029e+00
3.733480623295100997e+01
9.334671846658021366e+01
1.703882144886697461e+02
9.578133393842823295e+01
1.983210839977825799e+02
8.731188883902612474e+01
1.643557325504884261e+02
-7.319267592188954552e+01
5.047180476220062673e+01
8.833231279859428753e+01
2.498040808022865278e+01
1.552192430322816108e+02
2.048151877180785618e+02
6.305898577202916044e+01
5.322542060629604066e+01
-5.431952693515995634e+00
3.368983552371122414e+01
2.478700760819965865e+01
2.554313580472082492e+02
7.852059849852509599e-01
1.096129865915130885e+01
-9.206950791941538981e+00
-4.832321186028793392e+01
-2.424514291243923125e+01
-1.882024330819810487e+01
-5.258006779446726142e+01
-8.908402719401200898e+01
-8.351895397259949050e+01
-5.032055936573706845e+01
7.842724447016632183e+00
-2.654554456490965109e+01
-3.691589652507173014e+01
-3.302850540745776442e+01
-1.783008345453789900e+01
-6.955610212890541710e+00
-3.045663765715981697e+01
-5.710856825577653950e+00
1.229155565961712160e+00
-3.975296388685922011e+01
-9.714987102297033772e+00
-4.768139170677942928e+01
1.411140922564062805e+02
-3.800953627142038016e+01
-1.601606991002033737e+02
1.932093798352270824e+02
-4.051170245396016867e+01
2.647349260225232115e+02
2.113052370403602822e+02
2.155456038775523098e+02
3.605480086555672870e+01
8.442854430870104920e+01
1.080186320928010417e+02
2.770240042802755056e+02
2.339284138964389683e+02
9.092932385818426155e+01
2.530835548328760751e+02
2.448798564621991716e+02
2.560658581606357984e+02
2.462618516402120861e+02
1.623629520297795636e+02
2.223944848285128160e+02
2.400032357994530798e+02
2.505332270217365647e+02
2.594503484859018840e+02
1.059696700665216582e+02
1.680221935413954668e+02
1.830318581608989348e+01
1.066106840969797531e+01
1.295870378606326767e+01
2.284855998405305400e+02
8.300339229042663192e+00
2.472702736222272506e+02
-5.361734761387903347e+01
-9.838965378713652399e+00
2.280594762231939399e+02
2.269676586994923468e+02
1.478014601182004242e+02
2.419447300583333913e+02
2.609336171706995628e+02
2.542337885133262034e+02
2.516778892931676523e+02
1.979736228086266010e+02
1.503666929043571088e+01
5.977099135029536114e+01
-1.668877863457753108e+01
-2.994434214467192135e+01
-2.808914463880003041e+02
-3.847221466824140634e+01
-1.919081709088762864e+02
-2.664177712009940251e+02
-1.747903630319080435e+02
-1.510764604851510171e+02
-1.349828329523858201e+02
-1.351196978132049651e+02
-1.403155792680797731e+01
-8.913520955099940579e+01
-1.026025714795395629e+02
-2.183589283537486949e+02
-1.550956359860889222e+02
-1.507086743436507277e+02
-3.982165703714948108e+02
-3.114096407817984300e+02
-2.331554365912922435e+02
-1.219828116294235940e+02
-2.758342347321242016e+01
-7.534651457171428035e+01
-1.939151617339445295e+02
-3.894031250661704462e+02
-1.082910026417900866e+02
2.095452492647508507e+02
-6.139443268294371592e+01
-4.149628528226716639e+01
3.104644099043213146e+01
-5.612773195501162604e+00
-5.560822365484528262e+01
1.174113242509109512e+01
-4.414501032122419133e+01
-1.411173603002388006e+02
2.011571545125598846e+02
-2.113685416757178359e+00
1.384030654815273351e+02
-7.463189208533555075e+01
-7.894028273576817867e+01
-1.241067460195969261e+02
-5.879724635428257784e+01
-3.337327260699233022e+01
-7.954576428544218913e+01
-4.433194331536012101e+01
-6.035673616832558253e+01
2.183603272717322170e+02
-5.422473558768366075e+01
1.573491520613764010e+02
2.311205579188521710e+02
1.938673553931973004e+02
2.289827714108633643e+02
2.332703610622941994e+02
1.243700933171215581e+02
2.420828736393472695e+02
2.143631173595498183e+02
2.013804447603754397e+02
2.007016866074143309e+02
2.092770674733914689e+02
2.043379715456846668e+02
1.029675417110253619e+02
-3.798146542721573482e+00
1.118488047376403358e+02
1.501306422935497835e+02
-1.008086459851795880e+01
-7.674012274265707312e+00
3.093348249515256043e+01
2.507195763282223311e+01
6.609287174067179649e+01
-1.236520222548709391e+01
1.885392792176413082e+02
-1.911136060230722578e+01
-3.586802601074776931e+01
1.771401975254477463e+02
-3.134630088136539428e+01
1.367234123881510044e+01
7.187733204369162365e+01
2.173664845759798538e+02
-1.347744708016320203e+01
1.314394109735526968e+02
1.057944243023443676e+01
2.488749984141009008e+01
2.032021407803031821e+02
-1.725494061339763618e+01
-8.439396115416310806e+01
-7.032808440703837505e+01
-2.913651307762339684e+02
-3.118072240179321497e+01
-2.195996305627811580e+02
-2.345964204727272886e+02
-4.321041900778288891e+02
-6.042278798722558264e+01
-2.726715458048046870e+01
-6.594365955735874252e+01
-7.555780634452690947e+01
-3.356631038028847058e+01
-5.249930953841808901e+01
-1.006027553197498747e+02
-4.141182578363543030e+02
-3.474007858483519726e+02
-7.096388140090334673e+01
-1.570666428781332158e+01
-2.894995910117365767e+01
1.383931983484116301e+02
-1.941693449395063098e+01
-2.125249880225474541e+01
-1.580124418834100481e+02
-1.460875885875941549e+02
-1.188388758823660396e+02
-1.706083048551500383e+02
7.546196660865095396e+01
-1.615657376151751379e+01
-2.450520578935843474e+01
-3.567555096183755836e+01
-6.055838460028661530e+01
-7.595564083976297809e+01
-2.178626426792648090e+02
-2.289716109419120755e+02
-8.724818970087440562e+00
-6.435291362688080596e+01
-4.821230482106173554e+01
-3.399461356302268911e+01
-2.158145430333560810e+01
-3.295967434241176619e+01
-3.240749351388639354e+01
-1.496975215790801528e+01
-1.542327300949949098e+01
-2.839229466925287966e+02
-2.662297736585999814e+02
-5.208488380702045362e+01
-2.662451173986097501e+02
-8.669627309731470177e+01
-1.088356216461475867e+02
2.706472335869868573e+01
7.060793405012814716e+00
3.007512824407822905e+01
-1.706516157944938783e+01
-2.265934341427454868e+01
5.459142734316265733e-01
-8.773093643026930977e+01
-4.100135700008777917e+01
-4.663469381116049917e+00
-3.163329815939207990e+01
-3.041213494652143368e+01
-2.958413566768038550e+01
-4.122293607303419094e+00
8.778707617752820269e+00
-2.942349719617266146e+01
-1.357948137194413718e+01
2.677068619669502603e-01
1.944977298985089078e+02
-1.543081455808798808e+01
2.096093411868201883e+02
2.074194947294270719e+02
6.692977887379292667e+00
-3.257992753360836957e+01
-1.988758088792060974e+01
1.969981071244869320e+00
5.598350579609452637e+01
4.867658714133250442e+01
5.443584959391122879e+01
4.440266665522295142e+01
6.336864010881527065e+01
2.248204176181464220e+01
1.839787737148097335e+01
1.812454059763798853e+01
4.385412136826829510e-01
1.592400707923083303e+01
-5.285853027168040796e+01
-6.230852117917056177e+01
1.142731551421390179e+01
3.173420316749894710e+01
-1.199370280141672822e+02
-2.464116832492999549e+02
-3.266543687810691381e+02
-2.755135608379125642e+02
-1.269877985346589213e+02
-3.408964768005346002e+01
-2.358426608529978097e+01
-1.345347077286978887e+01
-3.792555065259455205e+01
-1.364881173855452090e+01
1.721217085247639034e+02
-1.240508624542380005e+02
-2.208436138333008785e+02
-5.397594531395210993e+01
-6.483243356643335176e+01
7.753257345377997467e+01
1.147851438798779498e+02
-1.461346805867790266e+01
-6.227181303330466733e+01
-2.068725439459114170e+02
-2.527016589625929157e+02
-9.339398212550510436e+01
-2.833763799231162039e+01
-3.082381077457761265e+01
-2.443496415909540431e+01
-6.472827253242212642e-01
-6.889782087825111034e+01
-8.437095111217760746e+01
-2.255305953627799909e+01
-2.683497683192514316e+01
7.521836269263187091e+01
7.367142665908320964e+01
2.870213140330714907e+01
6.795655765361495071e+01
8.707376913577125777e+01
2.213949276884869164e+02
1.368838726294494563e+02
2.174013662025143674e+02
1.325746284037043381e+02
1.775401536663173090e+02
1.712569446449084580e+02
2.010328078486232641e+02
2.176077406129469978e+02
2.190795335084245323e+02
-1.161176511779430598e+02
-6.663606851821623422e+01
-8.240838342829476915e+01
-5.914356008625875205e+01
-1.553264268506188728e+01
-4.092984801839122611e+01
2.196960077442039960e+01
-6.708738008044019807e+01
-1.071067337353307494e+02
-8.910206337705477608e+01
-3.184555564482150203e+01
-1.067069711140926671e+02
-4.252172479755515155e+01
-3.565477525936452707e+01
-4.465399946825527877e-01
2.269864392563970910e+02
2.219036008600646710e+02
1.282263953177988469e+01
3.281477155340598983e+01
4.175327568476853912e+01
2.956601932031179558e+02
2.180205872670315443e+02
2.392297580403747759e+02
-1.062744922708757116e+02
-2.989798074471173663e+02
-7.486857735746926323e+01
-4.247022033582549625e+02
-6.078939593555301144e+02
-5.156327525605593110e+02
-5.614691117244263978e+02
-4.917224386263283691e+02
-6.563075577143155215e+02
-5.104942443780480517e+02
-4.936954543608275685e+02
-6.727227443958613549e+02
-4.494649097116454755e+02
-6.578368011456223030e+02
-6.755129319572421309e+02
-5.022336086050420363e+02
-5.434765171580122569e+02
-5.118412379503735110e+02
-7.930749513364717131e+02
-5.448201666324044936e+02
-7.090538484108434432e+02
-3.819857009629288314e+02
-4.790124903460772998e+02
-4.998258770542627758e+02
-7.350195825554745852e+02
-5.140502058013630631e+02
-7.189729623528958200e+02
-6.040387093521914039e+02
-4.506838368504597838e+02
-5.605785647653260639e+02
-5.162965372987887349e+02
-4.083728031823634979e+02
-5.255516997261833012e+02
-8.345834024793376784e+02
-5.263667246879732602e+02
-4.468635556534065358e+02
-8.442534203614776516e+02
-4.801055061998727069e+02
-4.534576516088198446e+02
-7.961092042342734203e+02
-4.603138414526627002e+02
-8.641568792327955180e+02
-5.979993120765780077e+02
-5.445068324105559441e+02
-7.177272232825304172e+02
-7.996496128513945223e+02
-7.238142560973959689e+02
-6.817600869554755718e+02
-6.625087865796539290e+02
-8.685309029710729192e+02
-8.135842737109207974e+02
-8.552232483299845853e+02
-6.576784985856888852e+02
-7.422829124068940700e+02
-8.540217524094256305e+02
-7.706762303774716827e+01
-6.805889321412097104e+01
-6.383015740335355304e+01
-1.109468541319425725e+02
-1.571598996577639298e+02
-1.821322997383742290e+02
-2.047370199452191741e+02
-1.906573869035829603e+02
-2.040280974704564585e+02
-2.175459269859285598e+02
-1.463139552544377295e+02
-2.609518685880842668e+02
-3.542032159436180336e+02
-1.143171539341181528e+02
-6.100043937388969084e+01
-1.439301204423794616e+02
-1.737603091643708240e+02
-1.326159017492425960e+02
-1.164293407931207440e+02
-1.027619625814241147e+02
-1.188608452567871012e+02
-7.003530002584763281e+01
-1.463833671282818614e+02
-8.401157101003585126e+01
-1.517628124276491235e+02
-1.113774502433408884e+02
-1.579373753300499459e+02
-1.288843086212901596e+02
-9.482326841978671439e+01
-1.082915937063413310e+02
-1.199947968991479854e+02
-6.462220659707092807e+01
-1.486898266623321661e+02
-5.733015519160845486e+01
-9.680412054772472175e+01
-1.219502604895876914e+02
-1.141497482487530419e+02
-1.579352212984549055e+02
-1.170634811813104079e+02
-1.357005721120033570e+02
-3.170094497299900027e+01
-4.174482293016812662e+01
-1.707134307702255569e+02
-2.271375876610379692e+02
-1.804402846460794478e+02
1.552097548798671482e+02
-1.016230476364555102e+02
6.379987863512901924e+01
-1.434426416781918867e+01
-4.288114319507953809e+01
1.903092940572564657e+02
-3.372595131697401882e+01
6.202147693614162449e+01
2.335884491757516912e+02
2.034842054437036154e+02
1.062567282309760515e+02
1.152629338176169966e+02
-1.408273341919859263e+02
-1.670562219989363371e+02
-1.450593654769969021e+02
-1.866314719842136469e+02
-2.355738565762087333e+01
7.974519852087706795e+01
1.044572355708195772e+02
-3.858341090405210139e+02
3.943076985920834687e+01
4.600316180348826833e+00
6.116524901585539453e+01
1.534936279410257498e+02
1.467770583666689390e+02
4.095860993486135015e+01
7.477529214768937038e+01
1.832878251737301412e+02
1.844759455837209714e+02
-6.453367767966928170e+01
4.889453612555405471e+01
1.193136196327605916e+02
-4.141474983336126314e+01
3.310073562834773497e+00
-5.131614083634287482e+01
2.668965406244823271e+02
-2.749421930903615419e+01
4.471792568999475748e+00
6.230285871664648312e+00
-6.726311025365558294e+01
1.069415623724058690e+02
-1.686387938743855841e+01
2.132000940089222922e+02
-6.886332491896256158e+01
-5.724547890921872551e+01
-1.177168973387598641e+02
2.248899727302754172e+02
-2.317917282371185195e+01
-2.909819020886381224e+01
-2.752615626867945764e+01
-2.133181850815866198e+01
-6.674985482124412783e+01
1.318439491157658097e+02
-1.125322321144452218e+02
-7.016826533332712756e+01
-4.967026037953921502e+01
2.293617874460143469e+02
3.037420542075467189e+00
-3.602703969733951794e+00
-1.485481708121484345e+01
-1.455419953273867009e+02
2.064537728200625679e+02
-1.639937952172522362e+00
1.417959213681676260e+02
-2.191333052225892786e+01
1.385072635837129269e+02
-3.526998268516467760e+02
-1.053885461951235811e+03
-1.851001816373926658e+02
-3.055969863648157343e+02
9.248224292004104541e+01
-4.579949305188472408e+01
-3.807011005176068608e+01
-1.984869688444757969e+02
-1.031118601211212535e+02
-2.197683014355180546e+02
-2.602897944871182290e+02
-3.152375180099398904e+02
-1.559708249435058462e+02
-3.809062220300365453e+01
-1.150002915782017681e+02
-5.649405347142703704e+01
-3.406498680260596501e+01
-5.678988820176427765e+01
-1.137856586103635870e+01
1.771272717218755020e+02
2.297835947531035004e+02
-3.541638824448996559e+01
2.474727977319054730e+02
1.427498391741110026e+02
-5.415636230283421071e+01
-2.797869718611721623e+01
-1.634824088995937927e+02
-1.063935154904558544e+02
-8.874815753359737869e+01
-1.543179782284461510e+02
1.560175904898871408e+02
1.203413753200524638e+01
-4.518385790987430539e+00
-9.998820393540589180e+01
-1.684320688098338792e+00
-1.675162470368762797e+02
-2.067085600146687909e+02
-1.975136874129034368e+02
-2.271517205997714370e+02
-2.130943681564957046e+02
-1.895595736449021729e+02
-1.837787681022622337e+02
-3.982166523070341100e+02
-1.000813651060438474e+02
-6.196655121577734349e+01
-2.768149354139835694e+01
1.505574485231005042e+02
2.757306354771749568e+01
5.579019195534570486e+01
2.444203598694248569e+01
-3.104693464765047395e+01
-6.535523557706659403e+01
9.263607978069518367e+01
-2.975501797509604671e+02
-9.716328777039766607e+00
-1.492053161576457576e+01
1.100357437200071047e+02
5.734662253787132613e+01
7.577017792700307552e+01
2.330646049505688495e+02
2.193644079905768081e+02
2.091854750031752701e+02
1.063754435584353359e+02
-2.848155949929349617e+02
-3.810337738217934316e+02
-3.969390886025025793e+02
-1.326690930700604838e+02
7.760925059125254677e+01
2.384030396307843773e+02
1.287187524540709660e+02
2.056574534618736720e+02
-9.014914271834005177e+00
-6.445125610434426733e+01
-3.551558585521442524e+01
-3.146795518785370049e+01
-2.289491129701314520e+01
-5.829107151454531532e+01
-1.722802240132346441e+01
3.934728533865526856e+01
-1.395968421522667313e+00
-1.162704020600865817e+01
-8.885419227245407114e+00
-1.367012940240678631e+02
-3.383153533347428521e+01
-3.086430788986018570e+01
2.621623121156574143e+01
-2.555229626866238846e+01
-6.502229524162933672e+01
-4.740784747513023234e+01
-4.764457001452004192e+01
-4.113216275891816309e+01
-2.018183646401428177e+01
-2.187440632869128976e+01
-4.564226388734514694e-01
-2.907341378182098879e+01
7.389335869914186894e+00
-4.251119382914750133e+01
-2.384800982048689377e+01
1.268843472490331976e+02
-6.085313200785034127e+00
2.118577269458461387e+02
2.054559237498418867e+01
2.873609451875023524e+02
-2.076316217674678910e+01
-1.775732523363465987e+01
-5.534060109031979380e+01
9.156726286259058156e+00
2.475884146438592381e+02
-1.686990019077022396e+01
4.376317248152105321e+00
-1.618824123348163369e+01
-8.905614934955690387e+01
-3.725842092486388424e+01
1.550109047496695780e+02
8.409098158800539125e+01
2.139733076837424619e+02
2.511881738917098801e+02
2.491076034766477960e+02
2.275502470636699002e+02
2.615658358940938797e+02
2.498982793529712865e+02
2.284544123293529765e+02
2.433750761712265103e+02
1.358073789944464238e+02
4.663745789586783985e-01
1.942464804380315684e+02
1.975319936802134464e+02
-6.989547578443611542e+01
-4.278020529547865891e+01
-6.314886368750271828e+01
1.988096540660764049e+02
2.131150419714602151e+02
1.517857029017312414e+02
-2.193443760688708721e+01
1.092005238258366973e+02
-1.214043660926017942e+01
-3.585082734108068081e+01
-3.921785663283899481e+01
-1.815419569047589121e+01
-5.672103186460289237e+01
-4.662579083119177881e+01
-3.707594470263391884e+01
-2.544890752733343220e+02
-2.200909018867545228e+02
-2.057819207862516464e+02
-1.101763474596481842e+02
4.601766904766981803e+00
1.509295499305666510e+02
2.684381676851947418e+01
-2.873361508064629177e+01
-1.663524646736886581e+01
2.602790513211662216e+01
1.248789780951958761e+01
8.357804832269920325e+01
1.543762584449084727e+02
8.936668252372507482e+01
1.102996402848341120e+02
2.088718832993375827e+02
1.056830573865681231e+02
1.046613360193674396e+02
1.430457654471298667e+02
1.572165939553435123e+02
2.080500273769530395e+02
1.883117058938985338e+02
-6.814501146624770911e+01
-6.208638090231706030e+01
-1.022489976905706044e+02
9.301382867621387618e+01
1.702004011444259959e+02
1.894592664342945056e+02
1.706310461041624933e+02
-1.036566385812591840e+01
4.384727652921881713e+01
2.241305565605877916e+02
-8.517389186557100089e+00
1.815424899495350530e+02
3.968617654035220710e+01
1.226933373199223354e+02
2.608882353900546605e+02
-2.194563708960668436e+01
-4.230453882257250342e+01
-1.329503435473103536e+02
-1.990959550884536782e+02
-9.139864302862790169e+00
2.908380014023500948e+01
-1.148832240228232564e+02
7.618215027356616531e+01
2.248663527969051756e+02
-2.824518092749286780e+01
2.122822129375325630e+02
1.225118334182799771e+02
2.385432828370203993e+02
1.321856015868869179e+02
2.642069997716347416e+02
2.598670531976122220e+02
2.507327553140368650e+02
1.748989266814278576e+00
2.241754181437617035e+02
2.267127177106794136e+02
2.844670949245601719e+02
2.216265680846950943e+02
2.420084261353874524e+02
2.593625341716009416e+02
2.800582484591493539e+02
2.357188869681396568e+02
1.825302793957541496e+02
2.147904572072258418e+02
2.709039705915387799e+02
2.401503012223209623e+02
2.576049834512075449e+02
2.409731394696474638e+02
2.205938158509722768e+02
-5.077899013803457962e+01
-6.527485784404217384e+01
2.409224533259852024e+02
-2.936476208957201095e+01
-4.315669218146513231e+01
-1.212504717222763873e+01
-4.044949854017232127e+01
1.782892938249626127e+02
-6.036750712161298793e+01
-4.678771485203141367e+01
-1.140247297521292751e+02
1.968818978063621898e+02
1.932667589833119450e+02
6.785540062029043895e+01
-2.326474549407081227e+01
-5.534912723321350114e+01
2.478887213952788215e+02
2.123552239908295292e+02
2.378832867843377130e+02
2.585131074599537442e+02
1.515924680147545871e+02
-1.150516927413152786e+02
1.180708938922379900e+02
2.084324474426449569e+02
2.063285648507077212e+02
4.379572107768984779e+01
3.702454460033899863e+01
1.694856433936760425e+02
2.452440066096791895e+02
2.783437270219661173e+02
2.806145363516934594e+02
2.629768537205752068e+02
5.588837061970441766e+01
2.199803368864594120e+02
2.075260027339776912e+02
1.833093274450532419e+02
2.163776545712308348e+02
2.203279527307767438e+01
2.359498524177429886e+02
2.186055874096660432e+02
2.013236311687970783e+02
2.246078089293151834e+02
-1.839476103854163114e+02
2.647708213000145179e+02
1.167930747105709912e+02
1.881749306680215739e+02
-1.405641118719292706e+02
1.555876892222600816e+02
-2.105078666011588098e+02
-2.238884133792595605e+02
2.098344135066188301e+02
1.883851341994910911e+02
1.787385140638013468e+02
-9.688837913074809194e+01
1.816318314557093743e+02
2.571531930095068219e+02
2.858840542956157265e+02
2.476596608625794147e+02
2.724579293273911276e+02
1.179739257286837102e+02
2.601580317972654939e+02
2.547584988818697127e+02
-3.032538974433356316e+01
2.242647457014028589e+02
-4.378323412149297411e+01
7.581286592176422801e+01
-2.252841712577166788e+01
2.606690994421941241e+02
-3.628531620076736885e+01
1.001327789256153267e+01
-4.107837736823626784e+01
2.596015869782052050e+02
-1.009141269175600684e+02
1.947449707351522648e+02
-5.231294311671735642e+01
-5.846011904785778768e+01
-5.527217424957837011e+01
9.696540805471869362e+00
-1.301077524743528215e+02
-1.483722204196868120e+02
-1.507245286065222274e+02
2.331170389615969896e+02
-5.383047356333916866e+01
-4.005826926379893393e+01
2.167194333774017991e+02
5.641589456241305101e+01
1.544111094469375303e+02
-8.645751039183414477e+00
-1.125004600368507468e+01
-2.980610734799828165e+01
1.124511980195478600e+02
-8.213840977282114864e+01
-2.014346950717068374e+00
1.737856088952709488e-01
-5.371347497286853212e+01
-6.901023209430373129e+01
-4.873891594094884283e+01
-1.383230800023284024e+00
-3.912775244196374302e+01
-6.225150931666397014e+01
-7.456231609181014619e+01
-7.296807990811403499e+01
-7.667066563220819830e+01
-3.918135920220148449e+01
-4.904376528814283631e+01
-6.706093546198879096e+01
-6.361367355633922216e+01
-7.450698869537859537e+01
-9.097437534356058109e+01
-1.300855077632679491e+00
-4.072491841558765913e+01
-3.602778073543496618e+01
-6.580280986194721038e+01
-1.058753143630421505e+02
-3.246205795078491008e+01
-1.691808392237487269e+01
-5.162639885586258970e+01
-2.258479147693684652e+01
1.943824438943527753e+02
-5.138168821232778782e+01
-9.721944220002718851e+00
-5.450911195703226042e+01
2.092438649003757689e+01
4.846755214772610287e+01
-1.574489530956988119e+02
-1.869306894287925616e+02
-7.766070255279575463e+01
-5.654076357413308074e+01
-3.595268632228162620e+00
-5.773328920201345227e+01
-5.917612871052947554e+01
-5.690155558074671660e+01
-4.295505332143235933e+01
-1.234485160249684839e+02
1.676219686817474610e+02
-3.794459238676107304e+01
-1.086144949396258284e+02
-1.242158517622145837e+02
-1.710355109019178599e+02
-9.907874000601562159e+01
-4.060155280554350554e+01
-9.951449160104051117e+00
-4.052499253131622936e+01
-7.343600998644730282e+01
-8.231758726284613203e+01
-7.169627457633843903e+01
-8.584806454196862546e+01
-1.483637844365300218e+01
-1.410405378274269239e+01
-4.504416401757706012e+01
-4.045724595105277643e+01
-9.263285164724939591e+01
-4.720588490228916356e+01
-6.339301455934077012e+01
-8.829172636263650986e+01
-1.014890457688196364e+02
-7.134755991090280247e+01
-9.011502702439122459e+01
-8.275267052693899927e+01
-6.110567789278746886e+01
-1.015787217412966044e+02
-1.714398219950277635e+01
-3.156481283643533686e+01
-5.114508365455073857e+01
-7.764732163194636883e+01
-1.083767572287579668e+02
-6.305042375224019224e+01
-6.474365525281861267e+01
-5.248323913021277320e+01
-2.899172427091035686e+01
2.052536089908066685e+00
-3.583577993985414167e+01
-1.639285572569307305e+02
-1.320354871905498726e+02
-1.052752451724190195e+02
-9.623403998494970324e+01
-6.423611975715813571e+01
-3.881535253309882449e+01
-9.192715723167839315e+01
-1.331794339478566940e+02
-9.624788082872734662e+01
-1.007683240340859783e+02
-2.664358498308537548e+01
-2.389489166213920157e+02
-3.843937432069247961e+01
-4.519127030762996355e+01
-4.071342559153703888e+01
-3.438230645768635441e+01
-1.237015426035054162e+02
-1.231959889015661105e+02
-4.337166468778350747e+01
-1.100351017394057607e+02
-9.095832526005274588e+00
-7.153112200572775414e+00
-1.275287935611173538e+02
-4.630807919183479981e+01
-5.187920112982444465e+01
-3.106015377056297311e+01
1.244634646549945529e+02
-8.214113796070218143e+01
8.667552786979084090e+01
-1.330201137094845762e+02
-1.902545849854813014e+02
-4.044304692636083587e+01
-1.237707126785481080e+02
-1.680786378318579466e+01
-9.576963007358025948e+01
-9.346689554667851496e+01
-7.460665291357996409e+01
-7.675118231227042997e+01
-9.920831962508552238e+01
-1.541535674309630224e+02
-2.132718033406115978e+02
-2.361598097324980472e+01
-1.026146280290641926e+02
-4.059132287425133967e+01
-6.397639148271323961e+01
-5.971912306061321374e+01
-9.262089476918420416e+01
-1.319156404979459580e+02
-8.366742325225146715e+00
-4.563264609963044904e+01
-5.786351505152038754e+01
-9.148132644571914796e+01
-6.725773666276317897e+01
-5.839678495294268856e+01
-2.520084909490958314e-01
-2.233152818920184135e+00
-1.245783208195574900e+02
-4.516807537482723234e+01
-1.403527552779258656e+02
-2.017771157038080787e+01
-2.847170281800082989e+02
-1.282856959911932790e+02
1.179176682656281372e+02
-1.536589909630026440e+01
1.657297620131438265e+01
-1.720835788297753766e+02
-9.080609001603617969e+01
-1.798621468889070911e+02
-3.486886269368729927e+02
-2.565091746901102283e+02
-2.537202084912043460e+02
-3.343328769062886749e+02
-1.405914519186278255e+02
-8.001274386344672962e+01
-2.851648279369409238e+02
-1.489471833908894780e+02
-2.502364789490634678e+02
-7.559998615600777327e+01
9.270552528657142943e+01
-7.182246658426467434e+01
-1.535243337144759437e+02
-8.734161870009623385e+01
-7.297987556595622038e+01
-7.206200522420376231e+00
-4.471373996505410275e+01
-4.964290227165975722e+01
-3.697789447243734884e+01
-3.149405520782515566e+01
-3.457558312372074028e+01
-4.843876524166866915e+01
-6.497645238413539914e+01
-2.794663012161717575e+01
-4.605446423479472173e+01
7.527834447026773290e-01
-3.376649754779283086e+01
-9.758286032285106160e+00
3.129618330881392740e+00
-2.904730448650087116e+00
-1.114202937753468206e+02
-1.200571085186442701e+02
-2.889869042203620779e+02
-2.147989320039827135e+02
-8.028537814576608866e+01
-6.724092986516913584e+01
5.159096484647528236e+00
-2.708923617678071594e+01
-1.182578766990330443e+01
-3.337753810573894242e+01
1.072099223094758136e+00
-6.587752540527401379e+01
-6.028692483438042160e+01
-6.950314570727017838e+01
-4.079710032276830134e+01
-2.040559730472892142e+01
-6.887750331489708344e+01
-6.284898628235711726e+01
-1.490611850725376257e+02
-3.643095547463565254e+01
-3.780065767750583916e+01
-2.738984623740718760e+01
-2.869696545263541765e+01
-1.573283144605576744e+01
-8.008238330256504867e+01
-2.272220907129718057e+02
-2.157008818729969448e+02
-1.782103584556629130e+02
-6.853372663809217613e+01
-7.027459568639253007e+01
-2.330117591646878950e+01
-5.111490303328554319e+01
-6.746772108496011811e+01
-3.662322890664169250e+01
-3.563571715351753966e+01
-1.213896392345295716e+01
-2.646793407591760428e+01
-5.694094607102019268e+01
-4.360103689089153534e+01
-6.328181252914928479e+01
-3.765800516305624512e+00
-1.001950544305166169e+01
-4.842324567020650505e+01
-1.228110202918168454e+02
-7.412466158512927450e+01
-4.866119328272958455e+01
-1.795134575148019707e+01
-1.646279754003104046e+01
-1.208932148480947717e+02
-1.270438275072288974e+02
-5.237850353157755734e+01
-2.073697506677691820e+02
-1.209189777987799097e+01
-3.865536974589346642e+01
-1.781591103023725680e+02
-1.252166048467923929e+02
-2.738339454111575222e+01
-4.264417566240190638e+01
-2.648283639670482970e+01
-5.593491167565952082e+01
-9.023720122454714954e+01
-7.935460617266028294e+01
8.915777991640368327e+00
-4.077492426480919363e+01
-7.815407410545823552e+00
-1.743571289460253126e+01
-1.853798612581188934e+02
-2.135687860619516414e+02
-8.698577399489053619e+01
9.476391388853262043e+00
-7.291324033522825232e+01
-1.608573954059608297e+02
-3.244247241743963173e+01
-4.154124470844783446e+01
-4.941266909397465668e+01
-1.540419088485898271e+02
-7.420498544918370953e+01
-5.689583261414742310e+01
-9.128678083171450908e+01
-1.136947526512792450e+01
-7.065817136482404237e+01
-7.334499228609979582e+01
-3.438910254647643683e+01
-3.075317920313759146e+01
-4.628152933197825547e+01
-3.305819356842491885e+01
-2.777699853780546491e+01
-3.420852460839400777e+01
-7.428285268907703198e+01
-7.567113110375274232e+01
-4.487011455183787234e+01
-4.682651543202328526e+01
-6.626662723922657960e+01
-5.670463849178921123e+01
-6.867224180645825982e+01
-5.524958131462164346e+01
-1.751648794086536327e+02
-1.560778048560582363e+02
-3.620458020849499547e+01
-5.899112989089000791e+01
-2.375515055028219820e+02
-9.248548842809337600e+01
-2.398836725144988691e+02
-1.153497506315184751e+02
-1.164734271054244772e+02
-9.012319065656650707e+01
-2.813902590971062168e+01
-5.977100674649088319e+01
-2.174410274661012181e+02
-1.783821054003555560e+02
-2.149645908409669346e+02
-9.136597671045745983e+01
-1.425784988155616588e+02
-1.559980607997948994e+02
-9.080545247648440466e+01
-1.468591049668034998e+02
-1.544819691704950060e+02
-1.887352756150932009e+02
-1.623040460674443182e+02
-1.515924957804025723e+02
-2.266843481452469291e+02
-2.782054041677674263e+02
-1.114658682024514889e+02
-5.318621621468177096e+01
-2.441698876523734327e+02
-5.890428972821642617e+01
2.714301679666262146e+01
-8.069865841379949245e+01
-2.021104877869062122e+01
-7.309621868521868748e+01
-6.666583250649557613e+01
-5.466651987621211362e+01
-4.479072257009014635e+01
-2.055942964395046886e+02
-7.746619397845914534e+01
-1.631815189576242346e+02
-7.885065360506128229e+01
-7.649948872994436044e+00
-1.653117068584289484e+01
-6.705354367497039902e+01
-8.208831544369712674e+01
-7.009597039168980359e+01
-7.938290673084730997e+01
-9.817550751681078225e+01
-9.058777135994732532e+01
-1.358605414790606005e+02
-1.126686521417147304e+02
-1.864961139585060721e+02
-5.747657736439645504e+01
-6.713810234816318712e+01
-5.303963462105269855e+01
-6.430023896973136743e+01
-1.302667721649551424e+02
-4.122654901365839208e+01
-1.168857606970095731e+02
-1.918596838298972784e+02
-3.325469751462972567e+01
-1.382358098236786361e+02
-8.785775349142413404e+01
-6.244379210090297505e+01
-1.196383186987949543e+01
-3.234267446493836218e+01
-9.925252622109354661e+00
-2.549305931689650606e+01
-1.814665485673047485e+01
-4.564128947171872852e+01
-5.384949008637038759e+01
-6.660161066824558773e+00
-7.347679176444374072e+00
-1.028160756854945106e+02
-6.073610255262997271e+01
-1.103488158357592397e+01
-1.300409905647950382e+02
-9.970735529892304783e+01
-5.417338257700217952e+01
-1.348104620482183691e+01
-5.180131034596318784e+01
2.078473091894170288e+00
-6.001668728439066314e+01
-2.489918142503690746e+01
-7.576148853245987880e+01
-4.483355232759889120e+00
3.101532275230406910e+01
-2.507028055246814802e+01
-5.893685988969393996e+00
-2.094329228153802092e+01
-1.312705136813928775e+01
-1.030496942371698452e+02
-3.770977164403149828e+01
-5.571504102708282602e+01
-2.919736799102508940e+01
-3.371485989360560609e+01
-3.887613920577333460e+01
-3.593256088483136068e+01
-3.522090583372242634e+01
-6.342641771974130194e+01
-2.547063723812776459e+02
-1.293496036242442813e+02
-2.274754632779285544e+02
-2.144089631250955392e+02
-2.182958552317072076e+02
-3.576560258096295115e+02
-2.710478217951123980e+01
-2.080964330473649682e+01
-1.772318499090023280e+01
-1.391883510135913937e+01
-5.912506981627396385e+01
-4.170447549940307397e+01
4.875399567639554732e+00
-3.379529591453239590e+01
-1.939541765273098974e+02
8.935553409163246030e+00
-3.532396243819923853e+01
-4.370322768157651439e+01
-4.591066961803527846e+01
-5.350463447865415390e+01
-8.212239042936832334e+01
-1.048543288793005388e+02
-9.851314649459847317e+01
-3.806167087947397221e+01
-8.261525614867530010e+01
-7.815059774186454433e+01
-1.189878787249667766e+02
-5.421164934047435224e+01
-6.021765747458116635e+01
-1.717126875578690886e+02
-2.798668079317892321e+01
-1.127530210910295594e+01
-7.427141877304597983e+01
-8.343231141645658511e+01
-4.731860555540627900e+01
-2.026938241095676574e+01
1.089337669642540085e+00
-5.868224619747079629e+01
-2.674332494680383121e+01
-6.357877957046483886e+01
-8.184842966288525190e+01
-4.976660391038591769e+01
-4.599940909545185974e+01
-2.658612836989912509e+01
-4.841804042787877194e+01
-8.708466384537882732e+01
-7.986281076981920535e+01
-1.221164584767387282e+02
-1.056634643854793438e+02
-2.422821847275684348e+01
-6.556392614918483908e+00
-5.533426471943248259e+01
-8.076110681989376872e+01
-8.876607997789948001e+01
-9.013087232690375572e+01
8.341805925332117511e+00
-5.633253260272906715e+01
-1.580475937387891072e+01
-6.053937483960199017e+01
-5.261167575109021755e+01
-4.485609663672387626e+01
-8.008804340155984391e+01
-7.717642086567522597e+00
-3.960376374410292044e+01
-9.874425571311103056e+01
-2.407961121972131835e+01
-4.748814363208479250e+01
-4.767265129446284533e+01
-4.177023499951178565e+01
-1.771359386126330193e+01
-2.917535569466591028e+01
-5.480123795634216322e+01
1.346007252954180089e+01
-9.246073500427678482e+01
-7.761586384549401885e+01
-2.253130907591206267e+02
-2.468643878057790459e+02
-2.483290518993405271e+02
-2.788363425569162359e+02
-2.887174138405445660e+02
-4.922334789277543905e+02
-3.146197340853110518e+02
-2.100570084013478223e+01
2.289352730197321648e+02
4.931882206495413357e+01
1.759190652280197753e+01
-3.363674198736754217e+00
-4.025934843897114490e+01
-8.012976567272953332e+01
-1.832864387648954718e+01
-7.507962066390716416e+01
-9.620138996347183991e+01
-1.577574557695761541e+02
-1.202183252029950751e+02
-2.228293894211439863e+02
2.232363292653702445e+02
-6.355788732780916206e+01
-4.470590858617979535e+01
-6.229320045910308323e+01
-3.080906867591327369e+01
-4.783347827346463532e+01
-8.156147093895530986e+01
-1.780100380816989514e+02
-8.685023667406801451e+01
-1.022978878605724304e+02
-1.668012976347644951e+02
-9.200639166060835805e+01
-9.583114198124330585e+01
-5.528786284376369764e+01
-2.137182931788947826e+02
-3.546382911318690958e+02
-1.259187358510889680e+02
-1.353632792578119677e+02
-1.333971562408723344e+02
-1.161190289447871322e+02
-7.739592268138964926e+01
-6.638610121764932614e+01
-3.262247677566115556e+01
-1.849594619364346215e+01
-1.304450286580940599e+02
-4.059090899665791596e+01
-1.345242017180468963e+01
-4.551255455371963166e+01
-8.943145152391572594e+01
-8.215593155758845967e+01
-1.434610498348303622e+02
-5.480360969881275679e+01
-1.247968544436275664e+02
-1.215463827100702190e+02
-4.860494503251516818e+01
-8.602798991901008208e+01
-1.454229328701449049e+02
-2.536825943031296902e+02
-8.056064292601543286e+01
-1.135476542285695700e+02
-1.026070137972895111e+02
-1.365395610405656157e+02
-6.792584741982224728e+01
-5.380380248275445609e+01
-8.924218827814135580e+01
-1.554060536072541368e+02
-1.267577520964784270e+02
-6.958518342469153595e+01
-1.264753456024144214e+02
-6.284942930177054166e+01
-1.018078407916941472e+02
-1.050396379132807709e+02
-1.211698875398428612e+02
-1.141991455917183913e+02
-1.218913126709459505e+02
-1.067250276290526756e+02
-1.225773859346807058e+02
-1.700485087061194065e+02
-1.336185686014218845e+02
-1.105781335149234934e+02
-1.004723282015688284e+02
-1.063366045241490667e+02
-3.460819491552548044e+01
1.646699212191697370e+01
4.948920255188797857e-01
-2.871121136521823303e+01
-2.832441512448782106e+01
-5.038625549511439061e+01
-1.246243998521381080e+01
-8.683081942652025020e+01
-4.185690651644747362e+01
-8.628239057211554552e+01
-5.095438725442672023e+01
-1.482771618531802744e+02
-5.676801682206248501e+01
-3.701842919475311788e+01
-2.453771641053399932e+01
-2.868663683452684765e+01
-4.711093430206781107e+01
-4.729322999798209537e+01
-9.870074429351564049e+01
-4.157764320816669112e+01
-6.876083736568664051e+01
-1.207619272456482662e+02
-1.112412147582819557e+02
-1.761287665778844485e+02
-4.470145705495802702e+01
-6.604159323655375147e+01
-3.888340917022880205e+01
-9.570798656661943937e+01
-1.177625925741770629e+02
-5.885750823324866587e+01
-2.419330531182894006e+01
-3.833511405912391012e+01
-5.777881680270924392e+01
-4.214149251953281095e+01
-7.707590738581822620e+01
-4.014528482246008778e+00
-5.628272855049130641e+01
-2.117730519047048006e+02
-9.501496918000448488e+01
-1.384046074519782223e+02
-1.185671880100687616e+02
-8.662549723805153690e+01
-3.788854637799946090e+02
-2.326700391455014483e+02
-2.321381352737190582e+02
-2.164414315147199659e+02
-1.554141356780281455e+02
-2.525700658233600109e+02
-1.516797766721937251e+02
-1.597223306009078669e+02
-1.686163764920986807e+02
-2.040360272054523421e+02
-8.063634359168401033e+01
1.440965242582988637e+00
-3.811205012392219516e+01
-1.101213151821011991e+02
-9.222463394855815011e+01
-3.292720275473414659e+01
-8.641653238213026000e+00
-2.301045806222323264e+01
-1.105868870946352303e+02
-1.609526759173500068e+02
-1.305894937200546906e+02
-1.811775464210107600e+02
-1.654284323440475646e+02
-2.053365986798344807e+02
-1.636717432414679365e+02
-1.607885325480037579e+02
-1.934958646453207507e+02
-1.276755941033735553e+02
-2.077067212574780228e+02
-4.125046881242495260e+02
-9.972270438727217368e+01
-6.187903604809967106e+01
-3.790596704726684152e+01
4.870592219455063265e+00
-3.217178256943871020e+02
-2.509069450247487794e+02
-1.758231369752193700e+02
-2.331528118451808211e+02
-3.871049457439181651e+01
-1.524137479675204609e+01
-1.932027153165533377e+02
-1.946456954912172250e+02
-8.596764965615204801e+01
-1.687812723335528347e+02
-1.733152647075420134e+02
-1.714100438898097707e+02
-1.549981018743871459e+02
-1.168895124891345603e+02
-8.787333408727268136e+01
-2.033729273132510684e+02
-1.059170808988660895e+01
-7.751931208366788439e+01
-1.544976786240652586e+02
-2.093759504467224133e+02
-1.632151371889784741e+02
-1.419911441319518701e+02
-1.857158873551964007e+02
-1.811931334804547191e+02
-1.577491233478828008e+02
-1.623136181398350288e+02
-9.286168731750987604e+01
-5.639581595493875454e+01
-4.037036436259730010e+01
-4.509534210066995996e+01
-1.410739007361920301e+02
-9.868758540927537126e+01
-8.689362691366835634e+01
-1.094042097400427167e+02
-7.785814921415685319e+01
-1.215058851667766220e+02
-6.709423717310866664e+01
-1.237615320390390252e+02
-1.061118060922174209e+02
-1.297784962306051000e+02
-1.244162247121028173e+02
-1.167222321100184246e+02
-6.194877538426472796e+01
