-6.805291766031376710e+01
-9.725285760598764000e+02
-4.665015936811639676e+02
-4.818150565741958644e+02
-2.988131676989942207e+02
-6.218159674201461229e+01
-1.879709142278442187e+02
-1.297506577540780768e+02
-2.386860887541380976e+02
-1.416409606024885761e+02
-4.115554346283103087e+02
-5.427651469623889113e+01
-6.811257548029018949e+00
-1.841207412801360022e+02
-7.179829386510331233e+02
-7.591131076524666241e+02
-7.949835432498659884e+02
-9.157870261307886040e+01
-7.601849071979668793e+01
-6.298577576815259960e+01
-6.936543679334710077e+01
-7.486796859440899254e+01
-4.813231873657173310e+01
-3.481605380155673402e+01
-5.597662378743590494e+01
-4.240651695306972329e+02
-4.495292160110329291e+02
-3.230170100937315283e+02
-7.813940815753358038e+01
-9.468947841341582716e+01
-2.961430356262558234e+02
-2.712658661788842664e+02
-4.784454981371345070e+02
-6.692527026050296968e+01
-1.387695470648955620e+02
-5.149734559007895314e+02
-3.181611913772479170e+02
-4.831395309531615112e+02
-7.451231944619179615e+01
-5.151001208251270782e+02
-4.501872411704766250e+02
-2.881042914021944625e+02
-2.158600989549347560e+01
3.704387624751291241e+01
-4.282814895253086434e+02
-3.339933331249069397e+02
-3.599869656031789305e+02
-3.362753947812884689e+02
-1.446068295031555522e+02
-5.367926071102476726e+01
-4.316608143918747942e+01
-2.750817697554203392e+02
-2.327323242784743798e+02
-5.934004988995247487e+01
-6.933863942295884897e+01
-6.539065325933907502e+01
-4.438852551417838299e+01
-4.134850684048224423e+01
-4.473483450495898950e+01
-8.207236184188532491e+01
-2.208396740206035247e+01
1.551715841961764397e+01
-4.307412601231912674e+01
-3.056373485413043056e+01
-3.870705256954272500e+01
-2.676405594056667780e+01
-6.129094647949909103e+01
-8.524232108864322299e+01
-7.801866710070356703e+01
-1.231114004926728569e+02
3.939613317911039303e-01
-5.437901669526206661e+01
-1.362539475164535929e+01
-3.737125713922659287e+01
-7.616256856353015792e+01
-5.081768743241858743e+01
-9.177332056413794703e+01
-3.833658212074801241e+01
-5.441126874368704591e+01
7.022675960940986783e+00
-4.910806673620658103e+01
-8.343458136069472175e+00
6.381387210041069125e+00
-7.767868758685560238e+01
-4.529058273706627347e+01
3.491079935727626093e+01
-1.104592009406650277e+01
-6.279902907446789584e+01
-2.315200165254346700e+02
-1.523220074864658784e+02
-2.301571152383158960e+02
-2.632110022736334258e+02
-1.131371672823331096e+02
-1.111028696897459724e+02
-1.437222295586402367e+02
-1.348843551464138386e+02
2.520691295182284364e+01
-1.557464423781579512e+02
-1.230576210257174949e+02
2.727239148691352710e+01
-1.285187424784256791e+02
-1.363023861033076400e+02
-2.123429066407186383e+02
-4.341144367888570059e+02
-1.292789003241881005e+02
-2.952440531512230564e+02
-2.724947268937506806e+01
-5.632099798328655993e+01
-2.370287443243511802e+02
-4.852439363217265367e+01
-7.667611663903778663e+01
-3.709497491881541720e+01
-9.256721695367987479e+01
-2.391413289079430626e+01
-9.123458731791625098e+01
-8.610581938278164671e+01
-6.710968732678401238e+01
-3.348569271950231041e+01
-8.513954725199727136e+01
-7.554352751358990758e+00
-2.599739242088832469e+01
-5.645455113392566560e+00
-3.815254496948058005e+01
-2.281048191221199062e+01
-2.091618589753332458e+01
-7.818853902537077261e+01
-7.694768466789063233e+00
5.259521108263578526e+01
7.380387606517727761e+01
6.886759591222256915e+01
-8.189964757190971056e+01
7.071812361214044529e+01
-2.671228303923793135e+01
-9.706622573185072156e+01
-2.077940416495482623e+02
-1.768162834282093741e+02
-1.290795090859339780e+02
-1.720942166943226823e+02
-3.355824784970200199e+02
-3.395457328823903254e+02
-2.797976070357793219e+02
-3.215917168018143002e+02
-3.841808706467753041e+02
-2.437523566748404562e+02
-3.241225183750482302e+02
-2.356075186813837092e+02
-1.756826902761002316e+02
-3.183335390928119750e+02
-4.061509846653427189e+02
-1.911343012067912355e+02
-3.252784178859261601e+02
-2.522857639659839606e+02
-2.894816545392637863e+02
-6.932098574646971656e+01
-3.152341692161252240e+02
-2.938384387195828822e+02
-3.033764705528343484e+02
-3.504408385694416666e+02
-3.114949065812011213e+02
3.203259289531675336e+01
-6.440898241908568522e+00
-1.959522960154885709e+02
2.245687161825333078e+01
-4.251387476258189224e+01
-2.472751654255304743e+01
6.903050867308743932e+01
2.484030553436246791e+01
6.811085630837683880e+01
9.034241915370172649e+01
-6.331163890016244800e-01
1.031177405548109078e+02
8.309067162906302428e+00
-8.450719331535957224e+01
-1.651047464995278631e+02
-1.014225237172446015e+02
-2.259769580827243090e+02
9.592821879816129638e+01
-1.260811164877709132e+02
2.226945386838565355e+01
-2.702862998085922754e+02
5.019761250280726728e+01
9.868571732842919175e+01
-1.320020236246518550e+02
-1.486384464983074736e+02
-2.017992020059873539e+02
3.014720590019267377e+01
-1.447525258925721801e+02
-1.736853912683349108e+02
-1.812028818186732337e+02
-2.445921763544987186e+02
-2.634355840949328922e+02
-2.348245819839208082e+02
-1.619852572842863481e+02
-1.611221492015719718e+02
-2.897467947764224618e+02
-1.149051995705603844e+02
-2.218660596132225464e+02
-5.204877743593517607e+02
-3.494844586001416928e+02
-2.000836917048089276e+02
-2.323389815226891812e+02
-1.252080113708096007e+02
-2.306065227375250970e+02
8.759720382808555694e-01
-1.199826746876294550e+02
-1.294876139536294772e+02
-2.670553705707288117e+01
-1.387490523489929615e+02
-1.184362793105672154e+02
-5.044113613165607291e+01
-6.101342840420330305e+01
-3.119111671614565040e+01
-4.930720765417072471e+01
-1.765941334442064203e+01
-6.998966691409327723e+01
-2.319669708492706661e+01
-3.489697282278618786e+02
-6.343454788864589489e+01
1.081186305108933254e+01
-3.266455951047481108e+02
-1.590357109814329419e+02
-1.132605946643745369e+02
1.487763809611127641e+01
-1.892376983156103734e+02
-2.647437324237303642e+02
-1.785639644073514773e+02
-1.741202838551193679e+02
3.660757699739132676e+01
-1.707123992375855437e+00
8.571654405013575229e+00
4.877882378890562620e+01
-7.570066014205730553e+00
-1.119577088642323162e+02
-1.467517717916414881e+02
-1.653303247721578941e+02
-1.607353112065683831e+02
-3.463521392010569002e+02
-4.471513337720268737e+02
-2.540228026367833536e+01
-4.593644941637654000e+01
-1.960884900047703638e+02
-8.145682829187672951e+02
-5.451408723473681448e+02
-8.205721167687249817e+01
-1.512209857665376660e+02
-1.610158040131408370e+02
-3.999302933158832474e+01
-1.306958967853960871e+02
1.346036637455151563e+01
-3.361933487180239410e+01
-2.847267492766019359e+01
1.974474451843093448e+01
2.418853407410303191e+00
1.384981949889118766e+02
4.044732370467374949e+01
6.184330794226221428e+01
2.066285210796640470e+01
-2.262258659212915859e+02
3.312918624962183856e+01
-2.239098204129808067e+01
-4.868624273634043789e+02
-2.649568196922531911e+02
-2.721343544151377500e+02
3.127888825947086460e+01
-5.376966731843992875e+02
-5.028900622469653854e+02
-3.229130084145638193e+02
-5.408716922018761579e+02
-6.197677829708209174e+02
-6.219857415602863284e+02
-5.535096825194070789e+02
-5.974697560190704735e+02
-5.868236184555539694e+02
-6.002604742134914204e+02
-7.299339963036196366e+01
-4.668841110815496904e+02
-4.923840770275846239e+02
-3.877450009666893038e+02
-2.670821158680909093e+02
-4.731985376347647616e+02
-1.798375904366247937e+02
-2.644705501260298774e+02
-2.814629049745176417e+02
-3.582507167228413891e+02
-3.565496812180087431e+02
-2.934591374818728013e+02
-2.680099469807253172e+02
-3.591933367793898242e+02
-5.301047146137829031e+02
-2.578841902978468852e+02
-3.576115917283226509e+02
-4.499944370239448972e+02
-3.525786593294862996e+02
-2.561823432470627040e+02
-4.313988539688647279e+02
-3.725338422855864451e+02
-6.071472479645433395e+02
-5.071538211200345927e+02
-4.090994677323874384e+02
-4.258598623337475146e+02
-3.635105447209872409e+02
-4.295390981342015380e+02
-4.144514124319197776e+02
-3.570306398316883474e+02
-4.392973575234286727e+02
-4.794794557370175312e+02
-4.083388580355220370e+02
-2.615545292456322386e+02
-3.270898598402093285e+02
-3.123715177796856324e+02
-5.380115369149907565e+02
-5.156809976597580771e+02
-5.315122677469448718e+02
-3.558110157752299756e+02
-1.092380606284903251e+03
-5.835564891202968738e+02
-3.170933978387547540e+02
-5.249642914088016141e+02
-5.154520895358186863e+02
-7.008118162975881660e+02
-5.243569215027730479e+02
-3.166684090746676929e+02
-4.963976782879040570e+02
-2.625479808209217936e+02
-6.800135960177971128e+02
-2.473209379892043103e+02
-4.831790665582243491e+02
-5.018021324184715013e+02
-4.469822567725610156e+02
-1.668609389662278772e+02
-1.598343214841354154e+02
-1.384482644525585044e+02
-1.950979424640263744e+02
-1.400494557123154777e+02
-2.962357176939984811e+02
-2.515656407911550332e+02
-1.587135875055780900e+02
-1.711645588246196894e+02
-2.225522172471733882e+02
-2.146209117965332211e+02
-1.712627968503416866e+02
-2.760715047288426831e+02
-1.318631362201818717e+02
-1.173650225106566580e+02
-1.548890968263685579e+02
-1.281521427542562321e+02
-1.039806327445043337e+02
-2.124748580498776960e+02
-5.859439431370883966e+01
-1.159873128339187787e+02
-2.691090300305983192e+02
-3.919781640527307900e+02
-8.099202973294538310e+01
-1.626041972004199181e+02
-2.421467022494151990e+02
-2.726458029027665475e+02
-3.370431937727530567e+02
-2.586887933778959336e+02
-4.698958758607053028e+02
-4.648071368556060179e+02
-4.170092282658877707e+02
-4.966866674071601437e+02
-6.278596408248607759e+02
-2.716722639710064300e+02
-2.722846235564946937e+02
-5.240615233054063538e+02
-5.797681102697954429e+02
-2.835144567409460024e+02
-2.991693507608537743e+02
-2.621687554530794841e+02
-1.972367521723155050e+02
-1.618073656717347149e+02
-3.097060606910345086e+02
-3.294549656445547612e+02
-3.490669642784483813e+02
-4.043380967553494543e+02
-2.540800345666701503e+02
-1.192740920107110156e+02
-1.666559198381571321e+02
-2.657918442132638575e+02
-2.530557203698480748e+02
-1.993670219545809346e+02
-3.160375889238750915e+02
-1.933595128874959244e+02
-3.048747113736490064e+02
-2.715185469250691881e+02
-2.081252724126520093e+02
-2.092796566790296993e+02
-1.629777471515452021e+02
-5.504111257216820974e+01
-1.396334152544183098e+02
-3.031815140470764618e+02
-2.694696280627888427e+02
-3.029195161234254101e+02
-2.734133788226699835e+02
-2.075125435965475447e+02
-2.339222602918808889e+02
-4.227154469671157813e+02
-2.725695796047019144e+02
-1.909650714994137957e+02
-3.931083770741905425e+01
-8.178581135771449340e+01
-5.335249669997544686e+00
-4.647492269130417242e+01
-7.482696060923908021e+01
-8.235954098410168456e+01
-4.229296087459674425e+01
-1.191635658089644068e+02
-4.226078946768104316e+01
-6.138370365598256484e+01
-6.010772072988394399e+01
-4.145864933613328418e+01
-1.826702986497718655e+02
-2.213301518224698157e+02
-4.406083081803912904e+01
-1.209089974370155574e+01
-8.753662379438416963e+01
-7.138571835151913092e+01
-2.579051740868726483e+01
1.352162990910392182e+01
-1.606139054976106024e+02
-3.854193428820985901e+01
-1.289251756837849712e+02
-7.492513923953486810e+00
-9.213626608042925170e+01
-1.011429344368537215e+02
-6.414200633833944210e+01
-1.137890286967152491e+02
-1.478579175407275557e+02
-1.107384037229044083e+02
-1.316621361306749520e+02
-1.458950819547546018e+02
-7.478153495107757465e+01
-1.228203866110715978e+02
-1.753407291296830408e+02
-7.037911968426654141e+01
-1.818145369715593063e+02
-1.343936954888374089e+02
-1.142682333947242057e+02
-7.335419193680169769e+01
-1.403883522475522909e+02
-1.070737695053690288e+02
-1.227713464562271497e+02
-2.742509318942911705e+02
-1.296811115859299548e+02
-1.932061522916256422e+02
-9.272559249586264229e+01
4.652338704638907529e-01
-5.127347204586143192e+01
-3.705666182749570048e+00
-1.066223790100720663e+02
-3.885749769479527060e+01
-6.658672417336748595e+01
-5.034711618972416858e+01
-7.968366834683084221e+01
-5.379742512144082411e+01
-9.149135251958207959e+01
-9.659963350439497276e+01
-2.922024216704421633e+02
-1.982351749548170972e+02
-1.088014653101646356e+00
-6.913041265120247658e+01
-8.069822887501732112e+01
-4.613593336800357747e+01
-2.574679434981808868e+02
-8.274227639950765933e+00
-2.473451015546614258e+02
-1.699444648593286615e+02
-1.249426526666348458e+01
-3.210964664756510700e+01
-1.834192115857477461e+02
-3.966950779233609978e+02
-1.260281401177852274e+02
-1.772710974284546523e+02
-3.237648070927317576e+02
-2.787456781391692857e+02
2.091639465046638691e+01
-4.266737258103483299e+01
-7.499042619215819627e+01
-4.722641232388630073e+01
-1.141323012579448815e+01
-3.533819562060910613e+01
-1.806070838391177347e+01
-6.185583532100807957e+01
-4.338913235936045965e+01
-3.557838374372299199e+02
-1.436342524421017970e+02
-3.765920252972874778e+02
-1.201107282472011377e+02
-5.210198222215954900e+01
-1.391106693249172821e+01
2.869361519220385404e+00
-3.321359245976815089e+01
-3.655763320817892037e+01
-1.983838504702794481e+01
-1.773249452104535351e+01
-1.439554230026940296e+01
-4.206689563650640196e+01
-4.444656120634585932e+02
-1.829051906261905813e+01
-6.629583755270486733e+01
-2.667888382737303345e+02
-1.918883314932053281e+02
-2.555360380823466357e+02
-2.024440487574026406e+02
-1.904361223383523622e+02
-3.205485406187366380e+02
-7.405452377549207199e+01
-4.756066426411388761e+02
-1.775798686669661492e+02
-6.327779474127046910e+01
-2.567841180613978622e+02
-2.459879866488356015e+02
-9.615742277753076905e+02
-2.087427954452612653e+02
-1.370115068014535780e+02
-3.399572043999940547e+02
-4.544668957094255006e+02
-6.226575579765396640e+01
-2.341198411097421399e+02
-1.653674738803888999e+02
-2.498305332078988101e+02
8.932276306572543234e+00
-6.292632171753784860e+02
-2.046994746304011414e+02
-9.621102767887714435e+01
2.222673663164928826e+01
-1.099482867321421509e+01
-1.171341637513208411e+01
-1.763890153159261445e+02
-1.633521782701141092e+02
-1.755258753893020298e+02
-8.911701166300758814e+01
-1.690923055986510235e+02
-3.256309046851390576e+01
-1.557053982381414983e+02
-1.102160471808402207e+02
-6.519144392149820533e+01
-6.033436555787805844e+01
-2.354538934480064825e+02
-7.085901714965211795e+01
-5.519314384731894307e+01
-5.232774406126391114e+02
-4.475824002821597105e+02
-2.459943297587075222e+02
-5.179122029679261914e+02
-2.855125471459604682e+02
-5.114178997205729047e+02
-4.467201713966255170e+02
-1.428784301169844753e+02
-8.519166949101649067e+00
-1.080068927286195049e+02
-5.662225778067328008e+01
-1.275548682002261245e+02
-4.183474766394442668e+01
-2.375358743565753628e+02
-1.433783473448375787e+02
-1.947202960566806382e+02
-1.307618807620522148e+02
-3.346584432423640010e+02
-1.362946268440207120e+02
-1.378926041287226667e+02
-3.964050266024332245e+02
-1.323464206665905749e+02
-3.445045005232897779e+02
-5.037361063523866278e+02
-4.616048997550222452e+02
-2.010629747306880972e+02
-6.514163558803645060e+01
-6.667428504647519105e+01
-6.660637009131261266e+01
-2.232302757099492396e+01
-3.030260091676555589e+01
-5.110583219299834923e+01
8.117120316891334397e+00
1.011926751930102739e+02
-1.855559831750973103e+02
1.932042554767591014e+01
-5.568849877329753895e+01
-1.670071536264452448e+02
1.359572045815618537e+02
3.149227985280947451e+01
-7.802376183165644363e+01
-1.688330325515507866e+02
-2.913051588743108766e+01
-1.217439950633117576e+02
-1.214689428321876505e+02
-2.050053497669948115e+02
-5.730410298060647278e+01
6.563349898806583482e+00
-3.371334763616696506e+01
-2.025325021782995805e+02
-1.413417041744581581e+02
-2.027837761584395935e+02
-1.178105605223136649e+02
-1.894306980220621881e+02
9.722431633778973037e+01
-1.332192199579852172e+02
-7.562259047849822480e+01
-1.095638021728919398e+02
-6.883182720574257019e+01
-3.222674022196638788e+01
-9.803306612797234720e+01
-8.110203609539691172e+01
-8.124805983319896541e+01
-1.134991817978824571e+02
-7.298574766572230033e+01
-6.566859811831324123e+01
-5.106205630924198857e+01
-6.621865233833409548e+01
-1.018949338130315709e+02
-2.446909756740211321e+02
-9.344592449791086608e+01
-6.854283776381566895e+01
-9.404584822713079006e+01
-7.652425323677805125e+01
-2.166490612019569198e+03
-8.665401507058464858e+01
-8.350974232763384464e+01
-1.195378372707914565e+02
-9.515565292922974550e+01
-5.082950590070665697e+01
-1.147736117137893785e+02
-4.839522961020559677e+01
-8.236912860058205865e+01
-5.653944340673297830e+01
-1.297409984725546117e+01
-1.338738813926523221e+02
-3.312736723573490281e+02
-2.599539729079605195e+02
-1.601743534407888774e+02
-4.811793901661334161e+01
-4.604743158411069004e+01
-2.994704198116087213e+01
-1.126289960320830659e+02
-6.505208851840544071e+01
-4.652407030184471637e+01
-8.139357327362907313e+01
-6.916766929981662315e+01
-2.256567701956838690e+01
-4.182451294417000298e+01
-2.708354681386677854e+01
-6.278128691414058693e+01
-4.474347840970168022e+01
-6.578144538938842345e+01
-2.679845470318063505e+01
-9.283657993750996695e+01
-1.289025066504322865e+02
-5.446993037175178642e+01
-1.273420708895461644e+02
-1.122335128877937365e+02
-7.955580630760684357e+01
-1.133603733289913436e+02
-3.502798799348798866e+02
-1.209566751098255253e+02
-2.919650538949242673e+02
1.785308163333045428e+01
-2.576837963256319597e+01
4.797457624184829683e+00
-1.823268238206875935e+01
1.067300250305042653e+01
4.344983749065755774e+01
-2.140417899601323484e+02
-1.198537059258806714e+01
-6.707853073427969548e-01
-2.510861855864561676e+00
-5.839665189948119917e+01
-2.208566774850774550e+02
-3.645437850200825096e+02
-3.846599511166626257e+02
-3.065651303523172828e+02
-2.066120412810145126e+02
-2.276657129522992591e+02
-1.806869291544713292e+02
-1.781779997405207610e+02
-2.551857517919376619e+02
-2.805941067266450659e+02
-2.989475403470348738e+02
-2.189543656807461502e+02
-1.928438368400894660e+02
2.349199656897009731e+02
-2.238394127116076504e+02
-4.138906559866525185e+02
2.171328953214505475e+02
-1.415826748859365125e+02
-3.464140748935112413e+01
-1.294976880858521326e+02
-6.277548798974800803e+01
-1.944436229294564384e+02
-6.975181323325219296e+01
-2.502937540280664166e+02
-1.821274285097894108e+02
-1.287784933388064417e+02
-2.108970942384290197e+02
-1.331585168730389626e+02
-3.793504363379091870e+01
-1.778132450657657841e+02
-1.284883752597770581e+02
-1.009119126295649664e+02
-6.096705176317333041e+01
-2.710154602533615886e+01
-7.397231700559371959e+00
-3.775837147427395735e+01
-1.222298815981767284e+01
-1.388182780502722302e+01
-1.477666631634981798e+02
-9.730594040218156238e+01
6.858054193184335645e+01
-6.688212469258550641e+01
-8.345254734726246681e+01
-9.620770724504589566e+01
-8.567772040899532371e+00
-1.379622543348071986e+02
-2.210335671069020123e+02
-1.165670934929815274e+02
-1.067260088739863306e+02
-9.064356761416735253e+01
-1.035405898298057679e+02
-1.473020139413368952e+02
-8.974677288611546544e+01
-8.403424545539779444e+01
-2.871035178335822593e+02
-3.229061057397765353e+02
-2.258027483497871515e+02
-2.124653001063858540e+02
-5.829654837599794064e+02
-2.586767676540255252e+02
-6.170403908204174286e+02
-3.116309759119433807e+02
-3.238543219923292327e+02
-2.033138768620802352e+02
-3.788192714200876026e+02
-3.283184120302491351e+02
-4.117521468374591791e+02
-1.155532015373143651e+02
-7.969395117166735076e+01
-2.171422851864026597e+02
-1.491811347788226385e+02
-8.114978804600944784e+01
-7.407875354274315782e+01
-8.066847022924905275e+01
-2.935658026054698411e+01
-1.850241453269462681e+02
-1.064139138234793052e+02
-1.063486510006423487e+02
-7.714840808273874018e+01
-6.646506495973530093e+01
-1.041679331225392389e+02
-6.039693211448275889e+01
-1.461336539532691781e+01
-1.628237195630037775e+02
-9.829090501431807070e+01
2.191292937228624638e+01
4.865063008628273167e+01
-1.971353009925144590e+02
-2.268567621855780203e+02
-3.667094835789606009e+02
-2.758413114407284183e+02
-7.961172738191601184e+02
-1.713737595114110661e+02
-2.406718191127352782e+02
-6.730231718114908972e+02
-6.338717234640080278e+02
-5.665738262683699986e+02
-3.233120144786689707e+02
-2.141088722753682987e+02
-1.502410167107589700e+02
-1.235921690308639853e+02
-1.490619987200966534e+02
-2.074071404128632423e+02
-1.113803590794280609e+02
-1.274371220769949105e+02
-9.057625836506304040e+01
-1.082616053420550060e+02
-1.410881768941412986e+02
4.605742386977722447e+01
-6.457823106392289958e+01
-7.831202485964335835e+01
-5.711986649842144743e+02
-6.427031796158172661e+00
-4.743115045862363104e+02
-3.430249113460993158e+02
-1.757939352479025956e+02
-1.602261436691188408e+02
-7.225142085149494164e+01
-2.675318541545908602e+02
-5.031966226115295058e+02
-2.695827845423601730e+02
-6.740737562795284248e+02
-4.074700465779623642e+02
-3.775140549839993582e+02
-2.884186516840615013e+02
-5.003577756566441508e+02
-1.681190595831137102e+02
6.398321729732696639e-01
-2.404534163210123836e+02
-2.745035416437172557e+02
-3.763053462086094214e+01
-1.081036104672192835e+02
-9.207738986883597931e+00
-3.405936284471981423e+01
-5.151315243385070630e+01
-4.401247006166411069e+01
-5.493925416559675057e+01
-1.620675663161961211e+00
-8.952226070963529025e+01
-3.579659500339740674e+01
-1.376147298927722886e+02
-3.240846379646103514e+01
-1.540683389739587206e+01
-5.057208822868054909e+01
-8.558173359684936088e+01
-4.792944940671720389e+01
-5.721545384841784454e+01
-7.687727811664443323e+01
-7.614934808372457553e+01
-1.663772929812297718e+02
-1.589467926519881757e+02
-1.559244313744366082e+02
-1.809218442963791631e+02
-2.994830316627818547e+02
-7.242762040430051229e+01
-2.270725876221061412e+01
-3.107877582011130357e+01
-8.699067888816713889e+00
-8.378863557137296425e+01
-1.198625332472096687e+02
-4.732921299507647461e+01
-1.383459755882610693e+02
-8.998889520960221944e+01
-5.409908847917530750e+01
-1.021274415965777678e+02
-1.099215675486744743e+02
-1.912339356222923641e+02
-1.352961109459464524e+02
-1.295776782344550782e+02
-1.864408650595609629e+02
-1.231900789013334077e+02
-2.213748691901208190e+02
-1.544529686611775787e+02
-1.813012776731580971e+02
-2.298621744333613890e+02
-2.549580708633255881e+02
-1.213301870361467962e+02
-9.006235901395270105e+01
-9.730297716106458950e+01
-8.900436776010309359e+01
-6.321957658357035825e+01
-7.823613538534389988e+01
-1.177167813814673849e+02
-1.163353820173719981e+02
-1.103438651255351886e+02
-2.814578193491672096e+02
-2.807921904717406960e+02
-1.554354416215761034e+02
-1.589956944176919365e+02
-1.199388398238510263e+02
-2.704394055998405832e+01
-1.743643948353413293e+02
-2.506447085954192175e+02
-3.272252822305086397e+02
4.010888556997049648e+01
-2.328558000179201315e+01
2.349658026551697532e+00
3.351218696571531552e+01
-2.462128206882107122e+02
-2.041344945482767912e+02
-2.406332610067598523e+02
-2.085957085658279198e+02
2.114695302283440697e+02
-1.882446022722778594e+02
-1.200794410619477759e+02
-9.577581858360275646e+01
-1.284688217656358518e+02
-1.400628694180486491e+02
-9.211685529438592823e+01
-9.727388900640924874e+01
-1.263541721055541416e+02
-8.721661120844211723e+01
-9.331027105082246464e+01
-1.324307259857019687e+02
-1.324143066420122636e+02
-1.853043063181361276e+02
-1.628134157247477845e+02
-1.281910574157933524e+02
-1.573420102241626637e+02
-1.152731259243815316e+02
-1.051100620601034308e+02
-1.404569761426504044e+02
-1.128400049142489792e+02
-1.707965297447286162e+02
-1.202322844155618213e+02
-1.092768427074293385e+02
-1.678388475261265853e+02
-1.325275628881649084e+02
-1.213731973862689415e+02
-1.754068152302076271e+02
-1.097569819105831073e+02
-1.365039849969433021e+02
-1.465084319404669770e+02
-2.770853497753979013e+02
-2.715337436373871469e+02
-3.079274379144101204e+02
-6.416653302406966759e+02
-6.607754709347260587e+02
-7.314344655710323195e+02
-7.296278200495978581e+02
-8.379793848297384784e+02
-7.498293811598073262e+02
-7.465781563869918500e+02
-9.548625474536320326e+02
-7.482240352528408494e+02
-8.933047164108827474e+02
-4.579882244312386774e+02
-8.779215202315820079e+02
-8.982959621230118046e+02
-8.126353792985988775e+02
-7.389645155665414222e+02
-7.494702655559076447e+02
-6.853618340958397539e+02
-9.477463296871417242e+01
-1.326137987138043570e+02
-2.310501838049951573e+01
-3.334984920643806561e+01
-7.268991042500047683e+01
-1.091189015244009965e+02
2.396050267010054142e+02
-1.693523448873160930e+01
-3.946973972857686164e+01
-1.040245644711168183e+02
-9.695440115866176711e+01
-1.351118822859967565e+02
-1.627278226059630697e+02
-5.977807380565966611e+01
-1.186684572125218722e+02
-1.210826463144476435e+02
-1.208103555461364920e+02
-6.849141943447069991e+01
-1.044397457047857785e+02
-1.043487906644779883e+02
-1.121892948497177684e+02
-2.537808082859294245e+01
-5.251761777080501759e+01
-4.886060782791189894e+01
-5.629780434723035398e+01
-7.850999665227102753e+01
-1.199438956694393426e+02
-4.101548396855857703e+01
-9.569428060720562712e+01
-1.115309321648008876e+02
-2.028991693714087319e+02
-2.799158527204366465e+02
-2.237763694687397447e+02
-3.326436653262209830e+01
-9.535979140874081850e+01
-4.656779186426032879e+02
-1.798712876404306940e+02
-2.976459959343087291e+01
-2.840693610804004976e+01
-1.429125359561337802e+02
-2.249286382203897006e+02
-3.271491938350778810e+02
-6.421675308289151189e+02
-4.138341561432584967e+02
-6.766902922107608731e+01
-7.917041116231561091e+02
-1.389567623357778245e+02
-7.286243937054928210e+02
-3.676103434325842727e+02
-8.244888200101123630e+02
-1.946389907673843425e+02
-3.995445156786759640e+02
-1.014315456145363669e+03
-7.901378727129871322e+02
-1.166974147717291004e+02
-1.074791232203926484e+03
-6.214746716603360710e+01
-8.829964755827661804e+01
-8.593775802753342532e+02
-9.989437205911289084e+02
-7.622615102428687806e+02
-7.535419569402207571e+02
-8.083154447364299813e+02
-7.680694597247324964e+02
-6.378491282691447850e+02
-9.599389339732144322e+01
-9.034280917779283016e+01
-1.891227421266872284e+02
-1.866321097835911758e+02
-4.326388189568806979e+02
-4.726953662955866093e+02
-1.266721465099962529e+02
-3.651667585040833046e+02
-6.497654203692307817e+01
-1.033175320463029720e+02
-5.100849757181235873e+02
-7.585479262570626702e+01
-7.587532437996883061e+01
-8.991804941107977811e+01
-1.748332670899207244e+02
-1.046598533359185126e+02
-1.244179167669375374e+02
-1.786348259555598474e+02
-2.229613341200162040e+02
-1.487951037542729296e+02
-9.109324749111451069e+01
-1.263509740008115756e+02
-2.115635834972510168e+02
-2.933537991097040845e+02
-1.098725292566541611e+02
-5.881362989259942964e+01
-7.357799691848637735e+01
-3.127221012736554258e+02
-3.970820593976347368e+02
-3.101956144927809760e+02
-2.114780523662215614e+02
-3.605798739416630383e+02
-4.395702582859324252e+02
-3.198185918450989220e+02
-2.021526774512383895e+02
-2.142480135928275047e+02
-1.893485495878194342e+02
-3.199553322294120221e+02
-2.132344303796722329e+02
-2.614925792294626490e+02
-1.692029269511378970e+02
-9.035152227914743150e+01
-1.584859032774125751e+02
-2.282079419529429174e+02
-2.299924871525206811e+02
-2.507365692257950798e+02
-3.970433867522465903e+02
-5.157480952934683955e+02
-1.529029505330715892e+02
-2.155113027654652740e+02
-1.738641673281317424e+02
-1.280950204350478430e+02
-2.240003060556934429e+02
-2.065196174035185663e+02
-1.397909215277709905e+02
-3.676570366122616917e+01
-1.291140219991842741e+02
-1.222476423552263327e+02
-7.230730668417731977e+01
-1.417198708238872484e+02
-1.865732699319296444e+02
-1.540125041509883204e+02
-2.033962801372696845e+02
-1.766458132902133684e+02
-1.641555101831630168e+02
-2.131950318449172812e+02
-1.237627037380590167e+02
-9.487618648781483444e+01
-1.031591197868440730e+02
-1.042102130777552418e+02
-1.618751405376793855e+02
-1.131911403329476542e+02
-9.363205469375833445e+01
-1.463367913238800497e+02
-2.641463510868247795e+02
-6.108816126365624655e+01
-6.485105831554264455e+01
-8.695840527143241161e+01
-1.054838836883778299e+02
-4.817277998785709769e+01
-2.051532608162245310e+02
-2.120191991187568306e+02
-2.254764709607230202e+02
-1.044479653452217036e+02
-2.275001073801224720e+02
-2.843797760923669671e+02
-3.402910432892969084e+02
-2.722141331134632765e+02
-4.310126245213558605e+02
-4.426892182771945272e+02
-9.954975477253204872e+02
-3.029840665343509727e+02
-4.951648376295766525e+02
-1.971830127835577287e+02
-4.445902908992564448e+02
-4.789335197997518208e+02
-4.606339288538887899e+02
-5.102860934241973041e+02
-1.105448170775034242e+02
-3.176633496084282342e+02
-1.735110570405800559e+02
-3.426592209623186136e+02
-6.447176389299322636e+02
-4.385681324202943756e+02
-2.972772746537302169e+02
-6.388506735121450220e+02
-1.178277814688130718e+02
-2.946850980499622210e+02
-4.067801902789443602e+02
-2.387604650457005846e+02
-4.056807722370555211e+02
-6.292589372736998143e+01
-1.734540719911223050e+02
-1.810288127582668949e+02
-1.729768554749749683e+02
-1.318330985640999984e+02
-5.820149248502225703e+01
-1.303572173600130384e+02
-5.731329640540941739e+01
-1.377612711796593885e+02
-4.561203006986303876e+01
-9.244206074600830902e+01
-8.480695653985360138e+01
-7.758529909151604897e+01
-2.820082943971517153e+01
-1.257828973870583589e+01
-1.247117697638350222e+02
-1.172324480406046234e+02
8.815771447484010537e+00
2.071757385251609662e+01
-1.877080649951430757e+01
-5.206546270150808198e+01
-1.288854875364049519e+02
-5.626208013232612757e+02
-4.664110647758323580e+02
-8.389122206757143374e+01
-5.028002548275847516e+01
-8.272392851370695155e+01
-7.318336126025278077e+01
-7.433372443475538205e+01
-4.750859906424451395e+01
-1.772917221775959149e+02
-7.078954321644658876e+01
-1.273452738628807595e+02
-1.549420356287515403e+02
-1.561665166622189815e+02
-1.667870206711079959e+02
-1.758098358631340261e+02
-1.659977499871481541e+02
-1.297682503479741456e+02
-2.181480987287326343e+02
-2.892587830853590276e+02
-4.308847355953071201e+02
-2.401582951994557789e+02
-3.337168794762179687e+02
-5.437353162290489763e+02
-3.370651568972722316e+02
-2.738684038541222208e+02
-1.887354208251973091e+02
1.221567215286032138e+01
2.486084814418887845e+00
-4.634158229155441688e+01
-1.760465724206700315e+02
-3.724177307394824652e+02
-5.985922117623695158e+02
-4.536058859406878696e+02
-4.451686412059628424e+02
-4.861932825801878266e+02
-1.159166278261653105e+02
-5.732271886381064405e+02
-2.096326414493368588e+02
-6.240208594636330872e+02
-3.353476132976088593e+02
-2.140783638152857122e+02
-2.765085069490369733e+03
-2.051220077907077552e+02
-5.344412701115989250e+01
-4.755534221042432108e+01
-5.820557732994397071e+01
-1.246578320447149508e+02
-1.058057499114404010e+02
-1.028289659219851160e+02
-1.213135888038346764e+02
-1.476290789028569748e+02
-9.911966252411173173e+01
-6.805490602688284696e+01
-7.414785918979203139e+00
9.129396035327969727e+00
-1.213406097573386262e+02
-4.725177929470154226e+01
-3.759457394347248993e+01
-5.216052180848410558e+01
-7.977124432114550245e+01
-6.547355731065446882e+00
1.089779098354539499e+01
-3.517792538378020026e+02
-1.331335017460524384e+01
-1.132438925180668576e+01
-1.536678334059620852e+02
-9.912392965412742285e+01
-1.464583210195241847e+00
-1.403592357816452534e+02
-1.815977623923951683e+02
-5.936044971459156727e+01
-2.222981987803746051e+02
-2.036868248674803112e+02
-2.672199126245748957e+01
-3.818501359269902906e+01
-1.450736461194555886e+02
-2.437804961946217830e+01
-3.779054879997517702e+01
-2.022720232295488429e+01
-8.951539000350057051e+01
-2.395257613690778697e+01
-4.449754003083146614e+01
-3.118149436488336335e+01
-1.688304496196936952e+02
-4.405897140524751876e+01
-8.166181770482938873e+01
-1.492745413854032321e+01
-7.513726767532901363e+01
-4.924998380822830768e+01
-1.596436509376379149e+02
-4.386298686346011664e+02
-3.170274100245811724e+02
-1.665008757272473474e+02
-3.156294519771196292e+02
-2.869988956434743841e+02
-2.482173673100922144e+02
-2.264815283636029335e+02
-1.808920223562944614e+02
-3.655463896238598664e+01
-7.783168930183961720e+01
-1.596190007488188201e+02
-3.085052997873335556e+01
-1.813137682911666957e+02
-1.124148099416186710e+02
-5.555659698359114174e+01
-9.497483093961626821e+01
-9.593666049326036216e+01
-1.182966218273564607e+02
-1.858811386471496689e+02
-7.581846817306849573e+01
-2.716498809745008316e+02
-2.333334074600610961e+02
-2.126791091575479982e+02
-9.355328560802720972e+01
-8.875618687718619526e+01
-3.021256260949329544e+02
-7.727291121599643020e+01
-6.981005882216715008e+01
-5.663969270516163590e+01
-1.961675807207618050e+02
-1.043118099819759692e+01
-1.750468418717488248e+02
4.218282728813751703e+01
-2.041197660038248429e+00
-2.807903954025036910e+02
-3.013179854882096720e+01
-1.373569879016204425e+02
-1.268268311478634018e+02
-1.200486097466542930e+02
-9.148381282084201871e+01
-6.779120132417734794e+02
-1.107252682396382539e+02
-2.837159088027510165e+02
-3.490214345001600122e+02
-4.129223965124246831e+01
-1.836920229818698544e+02
-5.880113639778699763e+01
-4.509388030094206812e+01
-1.111707354200949425e+02
-2.286533211654369779e+02
-4.195526746311097099e+02
-3.195996655034738865e+02
-2.882472185441902752e+02
-2.321880376297925181e+02
-2.514737636857440179e+02
-2.882162587196214645e+02
-1.009270937182491537e+02
-5.359458418137661084e+01
-6.597302807699238656e+02
-3.006194824342854304e+02
-4.344595470925460177e+02
-4.502959951689571767e+02
-3.138334963502159098e+02
-2.218336395268841557e+02
-9.682715230415366747e+00
-2.886117425599131820e+02
-1.313486160881286082e+02
-4.497141261763476336e+02
-9.002869588068668349e+01
-4.294961780366863309e+02
-3.252244658654133218e+02
-1.508994204072681669e+02
-1.738204009236190473e+02
2.188106216173073904e+01
-8.650401201351196789e+01
-1.662031587604556648e+02
-1.540954933948521344e+01
-1.486262945995028701e+02
-1.789315353641861464e+02
-2.637233810892189467e+02
-1.918341062710703682e+02
-1.649523884628385986e+02
-3.523729054811008155e+02
-1.048553635379406472e+02
-4.229329461203690244e+02
-1.875155398145842014e+02
-1.720631959114463427e+01
-3.618952468162154190e+01
-8.126232775268737996e-01
-2.964578552884744767e+01
1.127997913372172434e+01
7.713786106409395771e+00
1.275985168939909187e+01
-1.350706100636236613e+02
-4.463551108449679106e+01
-4.465631057713297025e+01
1.369756799154216367e+02
-6.971685464615272565e+01
-1.743898661695095598e+01
-6.362716248385372353e+01
-6.667456829307478472e+01
-2.998950850812030922e+01
-3.156941046028452291e+01
-4.676281853525781074e+00
-2.446377667480751938e+01
-1.720058301973728021e+02
-6.660696321996590541e+01
-1.704034981572689560e+02
-7.027869503605005264e+01
-1.550698661912862804e+02
-2.565685178812696776e+01
-5.178342952396159404e+01
-6.011822873701712666e+01
-3.043506554640656958e+01
-1.687929058523115344e+01
-5.483405045506678022e+01
-4.229167560892690858e+01
-3.185525928416243246e+01
-2.855496450538949915e+01
4.050705011386933307e+01
1.460907910413852733e+02
1.585303066831127161e+01
-3.480732221323253839e+01
6.153174447720461870e+01
-6.377554923278770360e+01
-1.961643233786497831e+01
-3.262738491569534460e+01
-1.924634176736279656e+01
-3.264920350106005031e+01
-2.348621708938680541e+01
-1.789757016825242175e+01
-5.551858629119293198e+01
1.700906021856485495e+02
-3.404103670815201355e+01
-7.867154014732500400e+01
-6.615529241958813600e+01
-5.864834369174541706e+01
-1.913545805000358513e+01
-5.532030479403066181e+01
-5.679770846876846946e+01
-1.223335353417607791e+02
-3.343397006006858874e+02
-2.096137302277049912e+02
-3.059786824191728556e+02
-3.818625080028577372e+02
-4.102476793611679113e+02
-5.053095725480898182e+02
-4.642854390129746207e+02
-6.528580240289142012e+02
-5.136033658425478734e+02
-7.597304576690304430e+02
-7.506636694159160470e+02
-7.088311946533585797e+02
-5.972522566563884538e+02
-5.788048045225010583e+02
-6.767003561733207562e+02
-5.704078441698245570e+02
-6.617291756000309988e+02
-4.713706787616769134e+02
-7.215223992857866051e+02
-4.608892169402354284e+02
-4.864813489724185729e+02
-5.887496603641686761e+02
-4.607481202753975822e+02
-4.669721601901001122e+02
-5.597884406133650828e+02
-3.480059420884040264e+02
-6.034955613756969797e+02
-6.730069512208359583e+02
-7.718628538701889283e+02
-7.883242502909080258e+02
-5.200490199659346899e+02
-5.162701741608796056e+02
-5.189881294764193171e+02
-6.730313715012678131e+02
-4.474721977737282259e+02
-4.737285997216742999e+02
-5.206869664749719959e+02
-6.119195120642872325e+02
-7.116143494091694492e+02
-5.299648453794345642e+02
-6.578046541157875708e+02
-4.622116403378995528e+02
-9.782800986589782042e+02
-6.546643231969964063e+02
-7.563111133200636687e+02
-7.427647546839862116e+02
-6.540201406375922488e+02
-6.847925826623078365e+02
-9.433493776099838897e+02
-5.847179144533932913e+02
-9.193748720174945674e+02
-3.297205749487555977e+02
-9.997544913455122924e+02
-6.139410103697780414e+02
-5.143672690033497474e+02
-9.738936359778210772e+02
-5.660893138786641430e+02
-7.617909153653741896e+02
-6.940285029297276651e+02
-1.369669962208303332e+03
-4.450288583122861610e+02
-1.795653962356118882e+03
-1.603219099357504547e+03
-9.042599833755987220e+02
-9.864184262702157184e+02
-1.108076620973288072e+03
-1.113385965974826831e+03
-1.596782623954996097e+03
-1.221638206399602041e+03
-1.382077894594895724e+03
-1.479977410705143484e+03
-1.111327687435647249e+03
-1.589146396371563242e+03
-9.445299806249176982e+02
-7.819726992733110364e+02
-8.853830408570325972e+02
-9.000584577821302901e+02
-1.753660377618945859e+03
-1.042065799012491880e+03
-1.052786165205567158e+03
-1.022732347266705574e+03
-9.856767949265506559e+02
-8.591006851239744719e+02
-1.307443697330281793e+03
-9.244135048430935058e+02
-1.019067933552678937e+03
-1.083747155776215550e+03
-1.165317148914895370e+03
-1.047068313008826408e+03
-7.040714269953804205e+02
-7.379274234005736162e+02
-1.116563079791741529e+03
-6.615919980513783685e+02
-9.102272116793222949e+02
-1.863384906897035535e+03
-9.305402911724652313e+02
-1.153598620849038753e+03
-1.211581289168550029e+03
-9.259884807691037167e+02
-9.956923722151955189e+02
-7.719893502829175986e+02
-1.114999390959555058e+03
-7.340201089765430424e+02
-4.791434804722258036e+02
-7.471135515859980387e+02
-1.095343916254674241e+03
-1.062574975911415095e+03
-6.571843972146540409e+02
-7.981322062139774971e+02
-1.059970748414215677e+03
-1.102320936585310847e+03
-1.134484973806577273e+03
-8.114495934541234874e+02
-7.338791280921586804e+02
-1.223364813469657292e+03
-5.891889652248229368e+02
-7.963319197342125335e+02
-9.223537450177949495e+02
-7.577654946698173717e+02
-1.150971963731438336e+03
-1.756422571485676144e+03
-8.660618462029212878e+02
-1.441980578983534087e+03
-1.852076363130121308e+03
-1.760592762600254900e+03
-7.267191903525712178e+02
-1.068376192696015096e+03
-1.252042620327595387e+03
-1.102719243207756108e+03
-1.202740997578404404e+03
-1.172634254370258304e+03
-1.213382278540604830e+03
-1.171382913570935216e+03
-1.177905160525939436e+03
-1.200291525030868570e+03
-1.269068762096270575e+03
-1.437364052628670606e+03
-1.048444547672522503e+03
-1.511173912182323647e+03
-1.145307006432052276e+03
-1.461808396193207500e+03
-1.143957887884610273e+03
-1.583227987904610472e+03
-1.251538469862383181e+03
-1.399348555484964436e+03
-1.316815868030243337e+03
-1.108777839553366448e+03
-1.462115327394626320e+03
-1.039553959888606641e+03
-1.207444141722485710e+03
-8.236419018847146845e+02
-2.626357813332452906e+02
-3.175722364027117806e+02
-1.503251364200805256e+02
-2.267087225677419724e+02
-2.040754089388383363e+02
-1.337396329658109266e+02
-2.071352256997931249e+02
-2.823273328161421318e+02
-2.234414837580756625e+02
-3.028509604993329276e+02
-4.511750414468486952e+02
-3.658082251976362045e+02
-4.674390408781366091e+02
-3.992113605851011471e+02
-4.514221806483449200e+02
-3.695652885412982300e+02
-4.537841744225044636e+02
-1.410190700298054253e+03
-7.311144635857468757e+02
-1.230007611708750346e+03
-9.585236119382122979e+02
-1.411899130780692985e+03
-8.294301230000155556e+02
-9.356003331440471129e+02
-1.186454446213086840e+03
-1.126292728306550998e+03
-6.555726869091635081e+02
-1.525527403540766045e+03
-7.304994282062071989e+02
-8.953692811930395692e+02
-1.185190227906967948e+03
-6.939130060864333700e+02
-6.539102272713785169e+02
-9.894418726534488542e+02
-8.905118093869983795e+02
-6.843597430200995859e+02
-5.547801514905358999e+02
-8.494632708640974670e+02
-7.210507214971119083e+02
-7.880794255728478674e+02
-8.674172741219467753e+02
-8.063915120220636936e+02
-6.948591108601937094e+02
-9.304537699378669231e+02
-7.256087986656942803e+02
-5.853493054119051067e+02
-7.315826954889146236e+02
-4.946687141181120637e+02
-4.274443323203409477e+02
-6.824763241895337842e+02
-8.014343768500905298e+02
-7.498626371974332869e+02
-6.894028812731920652e+02
-6.870690014754375170e+02
-3.599792080288759735e+02
-7.171667240176769837e+02
-5.689737691082575566e+02
-6.697824251367172792e+02
-6.744146729443252752e+02
-5.558920887821648193e+02
-3.164855407771717637e+02
-4.013292128270489343e+02
-5.839626591001292581e+02
-4.546924998229039829e+02
-5.507977123085383937e+02
-6.941203913354651149e+02
-6.023669884342632486e+02
-5.645202827342923229e+02
-4.374960535134342194e+02
-5.372610597368328627e+02
-4.984012619044606822e+02
-3.680445012324233858e+02
-6.120971825559935269e+02
-3.882862169539736783e+02
-5.321513480824314684e+02
-2.916766695474792073e+02
-3.167611542407133811e+02
-5.018226317680977786e+02
-5.227562026028394939e+02
-5.174049610148015290e+02
-5.581870821897731503e+02
-3.499600211858742114e+02
-4.683450240540799427e+02
-3.525648330342771715e+02
-4.537470065084127100e+02
-4.552097064188986337e+02
-5.950750062135025473e+02
-4.708889947351170235e+02
-4.500657079775860439e+02
-3.652809956646888736e+02
-4.362806503046026023e+02
-4.626204273177507389e+02
-4.451464969425052800e+02
-3.906207628648700734e+02
-2.828310221848674360e+02
-4.852287591434951537e+02
-3.872092143227723682e+02
-4.011398942344821990e+02
-2.322295492606532719e+02
-4.121039071583327313e+02
-3.725211905840034206e+02
-2.763668223301604030e+02
-2.163449174315515506e+02
-3.218178482439003005e+02
-2.606258501126148417e+02
-3.219049138696846057e+02
-3.380679273975696333e+02
-3.470244484242764429e+02
-3.358062585850138362e+02
-2.948389606219211601e+02
-3.800182420861003720e+02
-5.018038859466628878e+02
-4.527659621704693791e+02
-3.666154381161313154e+02
-3.187212850162346740e+02
-4.335988940770073441e+02
-3.603115001081109199e+02
-3.116083384022825840e+02
-3.223468953432211492e+02
-2.550340285401749725e+02
-2.322442328335507966e+02
-3.538055618195925263e+02
-2.730756319573496285e+02
-2.739442158014997517e+02
-3.815616710097532973e+02
-2.467142574547985987e+02
-2.949560972719187930e+02
-3.004558144080709781e+02
-2.350938197934971186e+02
-3.324084619774060911e+02
-2.868024698114569446e+02
-2.313187202433850871e+02
-2.986556280641055992e+02
-2.453758784423984025e+02
-2.760588876812591934e+02
-3.159766413766089954e+02
-2.539064174795401243e+02
-1.990043874069213530e+02
-2.608166764078175675e+02
-3.364383308087888054e+02
-2.601101568445546945e+02
-2.215351502889926110e+02
-2.459799355859925072e+02
1.592701457110678120e+00
-2.079463691896675073e+02
-2.832701936093160384e+02
-2.265173084691802785e+02
-2.396532927406661884e+02
-2.846672136414663896e+02
-3.037258310481765875e+02
-2.847825411428655684e+02
-2.382286424931064346e+02
-2.769250095494239758e+02
-3.664271347772243530e+02
-1.875484069337741744e+02
-2.764555077940418641e+02
-1.810225938143337316e+02
-2.354193416260063998e+02
-1.580434822358557199e+02
-3.883538752323575522e+02
-3.537420134147160979e+02
-2.361178480410006841e+02
-2.808067445651683443e+02
-3.086652208296234221e+02
-2.506249719936645874e+02
-2.728354725031404087e+02
-1.665073131046231651e+02
-2.461370662815235164e+02
-2.703519003145966622e+02
-2.549576201552117425e+02
-3.397068329466411569e+02
-2.783258201252721165e+02
-1.949022780336229062e+02
-1.814969629630838313e+02
-2.534706253785415697e+02
-1.644712101203144528e+02
-2.326159352809954441e+02
-1.182497872473281575e+01
-1.907208700291090224e+02
-1.488987593274656263e+02
-1.623510649989702301e+02
-1.152059188595347905e+02
-1.285350346114997535e+02
-9.832241226955430591e+01
-1.158998483731845113e+02
-1.070813255020116088e+02
-1.366786323506349845e+02
-1.051417048564087366e+02
-1.198962201988601493e+02
-1.248960014035927202e+02
-9.739681130024338529e+01
-1.175371671496190089e+02
-1.178030618751505614e+02
-1.352919676147699874e+02
-1.372707624477375816e+02
-1.268152348687047635e+02
-7.322905241469186421e+01
-1.186304478347690576e+02
-1.509835702524329122e+02
-1.709447417565604042e+02
-2.861134454306528596e+01
-1.935776492257765824e+02
-1.654242717698196543e+02
-2.472053641280934926e+02
-7.185233551038335520e+01
1.998606691107141273e+02
-2.138551007750590429e+02
-2.262487946139836481e+02
1.611944920974452202e+02
-1.603393079596385746e+02
-1.828331416461332424e+02
-1.670707551113039244e+02
-7.082559416356716042e+01
-2.259559789870326938e+02
-1.943099104626849112e+02
-2.195381105404764526e+02
-1.690156450268501089e+02
2.029830995554464153e+02
-1.446824983064202002e+02
-1.845729385643393528e+02
-1.099211678553264306e+02
1.491804712157323252e+02
-2.675058323126089022e+01
-7.671896112563149472e+01
-2.209982044097063181e+02
-7.640147169714742859e+01
-7.811498042932480246e+01
-4.596660109019767049e+01
-1.831665809250945358e+02
-3.998965966700191643e+01
-1.550095842379312217e+02
-1.696114187488412881e+02
-1.003434713681493093e+02
-9.745056040862415614e+01
-6.782649087638856145e+01
1.963160308622733510e+02
2.188272796135684359e+02
7.101642228043054672e+01
1.227439189021597485e+02
2.189719138670032521e+02
2.418041127406718545e+02
1.490792221840665377e+02
1.802960894666248350e+02
5.571395335124439185e+01
1.469400611111869068e+02
2.099531110164574841e+02
2.314385147273883945e+02
1.877764239039627796e+02
-1.040564193996529774e+01
2.912602848182615745e+01
6.929297984678078137e+01
5.621966640291532968e+01
-7.259610213024899394e+01
-3.760801888909504953e+01
3.304691238634291039e+01
7.447613285437807917e+01
-1.496830111967506980e+02
-1.069906923349569183e+02
2.317455407865918744e+02
-2.386840364491781372e+02
-4.042501416225147182e+01
2.533849663890227646e+02
1.874121922188750773e+02
1.628961354454489197e+01
1.483526058594683548e+02
1.477303680226766573e+02
-5.766631060981673045e+02
1.898518298320419149e+02
-4.878432817032248749e+02
-3.767886571534565405e+02
-4.013689534651618374e+02
-4.511863481160027618e+02
-5.581270788871700006e+02
2.735704173521550331e+01
1.428868356124822867e+02
-5.954033763599719720e+01
-1.859518097545666819e+02
-6.007820514722654792e+01
-9.980273197172053301e+01
-4.077145711438878948e+02
1.642680128744082140e+02
-1.703178929310594469e+02
-8.845888754858512470e+01
6.096727646516890786e+01
-3.623147052442603240e+02
-9.907023070664797615e+01
-3.153015485695650568e+02
-8.810805491491302632e+01
-6.799109791855717049e+02
-5.921379863441014635e+01
-1.038069132055978230e+02
-1.312561652115311119e+02
1.045897808873498889e+02
-5.029024538594343596e+01
-2.518046979514244299e+02
-1.251343986135361064e+02
-1.749915148204376010e+02
-9.052169822631729801e+01
-1.285231398267549423e+02
-2.620665325100457039e+02
-1.237866718928327430e+02
-1.631408346454646789e+02
-1.976199609092435026e+02
-1.929211797088119056e+02
-5.022063527735966915e+01
-9.871322987721468678e+01
-3.292066552228322962e+01
-6.166802927804222634e+01
-4.650710503155672626e+01
-1.331244145619585595e+02
-2.291776394028659070e+02
-1.892320269824064098e+02
-2.754302688049009475e+02
-9.485401135253401605e+01
-7.645360399887835001e+01
-1.201483807647812974e+01
-2.052617025081192992e+02
-7.111536595466998278e+01
-5.333667190857359230e+01
-2.871193399953417824e+01
-8.900320088286260045e+01
-1.674283593562663697e+01
-4.373019016196573716e+01
-1.039135626048979617e+02
-5.379779081230532967e+01
-8.268278777971585214e+01
-2.348012413129949323e+02
-1.255399742556439264e+02
-9.130305034559215471e+01
-2.857776649164592087e+01
-8.870767452030430888e+01
-1.081594118622524547e+03
-2.146526582201884423e+02
-1.652307702467415425e+02
-1.088036705498067818e+02
1.243471025281614217e+01
-6.008155260309214896e+01
-2.376614270603609214e+01
-1.297788771389077283e+03
-7.628549201365490973e+00
-1.279561402337817668e+02
3.619486185428232261e+01
-6.109160508046983296e+02
-6.122238333193859035e+02
-4.166604611491934520e+02
-2.033471319672693767e+01
-4.505563572611004588e+02
5.098321443933056685e+01
-5.363892395263044222e+01
-8.109235922768610294e+01
-2.662987622672892485e+02
-2.622972651557562358e+02
-1.583272254021039487e+02
-2.724874861757938334e+02
-2.146852619712433352e+02
-1.693247164007264587e+02
-2.210430327404392301e+02
-2.698718252771208768e+02
-3.305162490206859047e+02
-1.071672702965450128e+02
-2.158817307840955380e+02
-4.805344430877919137e+01
-9.339418365981956072e+00
-5.101159757063465605e+01
-1.117405322224380626e+02
-3.535534632820723289e+01
-3.835524010723943320e+02
-3.319252459355275278e+02
-2.631760943722918000e+02
3.931368254835547305e+00
-2.601537650477584975e+02
-3.814442253682211970e+01
5.318358154228524626e+01
-2.128223413030947313e+02
-2.759549970767433251e+02
-1.646991338905012299e+02
-2.397292185377450551e+02
-4.220353378838581762e+02
-2.171039829251255924e+02
-1.477020826148103083e+02
-1.409593793630473613e+02
-3.164035942589284787e+02
-4.808430191182643654e+01
-1.056856013864363888e+02
-1.850667944399907867e+02
-1.507632420117576260e+02
-1.146889394269742866e+02
-3.226948313236813703e+01
-4.941320020022163106e+01
-5.848095056370588907e+01
-7.538778277746455103e+01
-7.246210919945332307e+01
-9.119491819687932832e+01
-8.676888513254144186e+01
-1.710954621509937112e+01
-3.371729508342704662e+01
-9.232030114074726157e+01
-2.978880565972429508e+02
-1.599595265774496227e+02
-1.653475728486140213e+02
-6.048753942917513768e+02
-1.054194162392257255e+02
-2.088604147685690577e+02
-6.469424716092572680e+01
-7.760810865248663504e+01
-2.061977780337196293e+02
-8.392253523502003532e+01
-1.089491707515413452e+02
-1.004455812879179746e+02
-2.787897903972003633e+01
-1.353326429671943743e+02
-4.778943866618603664e+01
-4.785753902054513986e+01
1.192208850263949671e+01
-8.583218283944781035e+01
-6.108838736346281451e+01
-7.494157164668850157e+01
-9.438366860475468911e-01
-2.420903167542086862e+02
-3.238144754073784952e+02
-3.161263826665687020e+02
-2.772731428602605774e+02
-2.707070746157655776e+02
-1.576034009275107621e+02
-1.697110171870434101e+02
-8.714286495932221044e+01
-4.509287180965489483e+02
-2.513179740194559884e+02
-1.759579399448044796e+02
-2.868159214252408447e+02
-2.859173087457398310e+02
-1.684928093532851108e+02
-1.284582468660173333e+02
-1.757612546213813687e+02
-2.564975335520853719e+02
-2.135491200988377614e+02
-1.756511982740070721e+02
-2.902742852378051452e+02
-2.359445866533940830e+02
-3.282889697276614243e+02
-6.676370866706501772e+01
-2.583873090365591452e+02
-2.240258824363475867e+02
-2.203075445489517676e+02
-1.248876884826589304e+02
-2.975959547883475409e+01
-5.800381887140422066e+01
-1.742090790612145668e+02
-5.084063568990696069e+01
-1.072293400208866672e+02
-2.906589328134396624e+02
-1.657407104806314635e+02
-7.314051329886163444e+01
-1.354683183492488467e+02
-1.535074533075867578e+02
-5.616463487611222405e+01
-4.331142913635651581e+01
1.952758199578516951e+01
-8.152252324939865957e+00
-3.231919685661765129e+01
-4.378133403943505186e+01
-8.442624129867603244e+01
-6.896968023758614663e+01
-6.122706923027862302e+01
-1.822456822218017294e+02
-6.442497443082044128e+01
-8.689583710881898071e+01
-3.201316812971820980e+01
-1.317973400654382203e+02
-9.920389549986722955e+01
-9.140060838002030152e+01
-1.002280380034436149e+02
-1.990965166806382314e+01
-4.495768215137380253e+01
-2.500707499807817840e+02
-1.199693108029172635e+02
-2.382373811987140186e+02
-1.848278812801092670e+02
-1.836072573618799311e+02
-1.564770475601979740e+02
-1.039621313338123230e+02
-3.506130155847373686e+01
-3.708253723435577598e+01
-6.227003332434887994e+01
-6.095312508387741524e+00
-6.683909307158538127e+01
-1.774276530240271370e+02
-1.879458775949361495e+02
-2.232379518548210058e+02
-1.982853063751126967e+02
-1.600584861225087536e+02
-1.714796587581093945e+02
-1.946161502067190270e+02
-2.720119612686557957e+02
-2.592237049922859455e+02
-2.454919667667964518e+02
-1.977340234649724948e+02
-2.016095612238707986e+02
-1.014105854238974445e+02
-9.552213601726327852e+01
-1.148855991073047988e+02
-1.225597889636597131e+02
-1.286906602916193663e+02
-1.085198031655763060e+02
-9.480446453899116932e+01
-1.376392797322229171e+02
-1.347061252521694996e+02
-1.050734953061478620e+02
-1.137134918745718153e+02
-2.949227035068213354e+02
-2.949781136302841560e+02
-3.645536559501304623e+02
-2.746120817737626680e+02
-1.888604377663698415e+02
-2.213422638376687814e+02
-2.257777358735087887e+02
-1.502524536721338393e+02
-1.626777294819830217e+02
-2.434207840873265525e+02
-4.396335788694022426e+02
-2.265281917094981168e+02
-4.030581939318507239e+02
-1.649873338602816943e+02
-1.978298179221627606e+02
-1.578275047384657057e+02
-1.179894712472223404e+02
-4.628959653811055119e+01
-8.439026588796369310e+01
-5.989968451986997167e+01
3.398781997045148273e-01
-1.351862368534451662e+02
-1.511371154352777921e+02
3.257580830605596134e+01
-1.992741505982542094e+02
-1.674200267109750939e+02
4.808952267628299637e+00
-2.468996090219247890e+02
-2.314654799146244954e+02
-1.001906975727314091e+02
-1.413956527908743794e+02
2.343442095089335453e+01
-1.852888546444644930e+02
-6.589890111351382984e+01
-1.421538114553689240e+02
-1.103956545257673127e+02
-1.619420853656348527e+02
-3.546449257293941741e+02
-3.941015118824123533e+02
-2.083858507282351979e+02
-1.099507048622942449e+02
-3.914680187920097296e+02
-1.096076724312654278e+02
-7.697566440990397041e+01
-9.717709297939939006e+01
-1.259754213322162286e+02
-1.333242742440571931e+02
-1.006135117064805371e+02
-8.636920285778214179e+01
-6.215489463147449101e+01
-1.569405264804710782e+02
-6.271309606733902342e+01
-9.189708495131885968e+01
-1.095234387537738598e+02
-3.021153988718091199e+01
2.873820790136926817e+00
-1.957124987211830103e+01
-5.392009010370247779e+01
-2.004543050616652238e+02
1.328672813677017928e+01
-1.492140384588705437e+01
-5.405406323080082132e+01
-9.793726248567361381e+01
-1.765680612754758840e+02
-4.815468027866682519e+02
-6.373516257803015606e+02
-6.855561297470225099e+02
-6.650583244840595398e+02
-7.088539659265198907e+02
-1.467172622148369214e+02
-7.735333535704941141e+02
-8.188689307189163173e+02
-2.092990027655965264e+02
-7.046289212415481416e+02
-1.714079596023090630e+02
-1.391585018623088672e+02
-2.282409793671391469e+02
-6.820579080748705110e+02
-2.256949007510345950e+02
-7.347209392684030718e+02
-7.166920764917923634e+02
-7.518236512442232424e+02
-7.957414466391675205e+02
-2.123097941588035269e+02
-7.239144905573940605e+02
-1.964563447961008933e+02
-7.585879567594068931e+02
-6.998657515822691266e+02
-8.319047356822047732e+02
-7.505487822633997439e+02
-7.141100313039681851e+02
-6.757554554310539743e+02
-6.888200588321342366e+02
-7.966949534583930017e+02
-1.948705539439944516e+02
-1.717266930739521058e+02
-7.661513673023677029e+02
-7.584612419109500934e+02
-1.792212599716451678e+02
-1.522659600172695207e+02
-1.852255815286853249e+02
-1.888471886701070730e+02
-2.071144781267884696e+02
-1.460975864828027113e+02
-5.652841016412670569e+02
-3.025074120830596485e+02
-1.943909033287222314e+02
-1.937912207560619891e+02
-1.964468545660976417e+02
-1.301961137722725539e+02
-1.340139526805786261e+02
-1.441991522820645173e+02
-1.189356041883656445e+02
-3.862842444776559319e+02
-4.747194289315164184e+01
-4.413211852911007327e+01
-1.896953373238129359e+01
-4.330202473879713665e+01
-9.655756397804981361e+01
-5.160960646323142100e+02
-2.317249505471569080e+02
-2.867897262198902695e+02
-2.201545694414314198e+02
-1.200498500183392281e+02
-9.365507427538597085e+01
-1.439259540655442038e+02
-6.883450726551870957e+01
-8.345074311477272033e+01
-6.260805852692208617e+01
-3.109332215842485994e+02
-2.253643971927344865e+02
-1.560195439829336692e+02
-7.887159974024719133e+01
-7.413025681671128098e+01
-1.042780592083652778e+02
-1.678376695706235466e+02
-1.276148286806742647e+02
-9.664591304442640762e+01
-1.369815818032886341e+02
-9.894137995502315164e+01
-6.825025781153016169e+01
-4.967912987049694351e+01
-8.644696324850777103e+01
-1.177753209996845953e+02
-1.326184433154582223e+02
-1.207187464204512821e+02
-1.502671331238117318e+02
-4.273645375193886764e+01
-1.096602024931691659e+02
-9.191138580022730764e+01
-1.568982887437381919e+02
-8.669040935886624766e+01
-7.757269102698316487e+00
-1.696225270841591168e+02
-1.159169618922144878e+02
-2.604679836396849169e+02
-1.014096286874750064e+02
-6.578505450245339148e+01
-2.400258569519953369e+02
-1.412158001886264174e+02
-1.214829846948783398e+02
-1.778034138462740543e+02
-1.952384080159483233e+02
-2.841072477851537315e+02
-1.226846956688815453e+02
-1.506352820475961778e+02
-1.568822027118716278e+02
-2.523438042318412613e+02
-1.161897017535521002e+02
-1.778594137771037822e+02
-1.332672787992527788e+02
-1.354059496115454522e+02
-1.554595711079787179e+02
-1.395884659514704254e+02
-1.483220293124238367e+02
-1.430266887466068511e+02
-1.630696699725713188e+02
-9.385193678586885824e+01
-1.762853738793531875e+02
-1.701943938044686604e+02
-3.145118984757625640e+02
-1.793707150363360938e+02
-1.071146492000781905e+02
-1.521214645363313878e+02
-7.976844995367525826e+01
-1.728930220872789789e+02
-1.714987302802450131e+02
-2.053623279707474012e+02
-2.722319875283817510e+02
-2.517862156282504884e+02
-2.498167099538125058e+02
-2.813362011723076535e+02
-3.784433295603436136e+02
-4.552167515281765873e+02
-5.095204889684429190e+02
-5.848383179735080830e+02
-5.956452988326593641e+02
-4.142932168730895341e+02
-1.427222543733784903e+02
-1.467878310547474427e+02
-6.110468278390985830e+01
-5.712530192955515673e+01
-1.887341819803905310e+02
-1.374893535361792374e+02
-1.689632896040870662e+02
-1.743718774378983198e+02
-1.735293351924560170e+02
-1.935308716839510055e+02
-1.475201887186234728e+02
-1.977102613851671720e+02
-3.210836837334917391e+02
-4.461887996651860533e+01
-2.961466035323396682e+02
-2.315537074639298964e+02
-2.080583051111242696e+02
-2.587157542505389074e+02
-3.479554204972697562e+02
-3.819639035642946396e+02
-1.717154260351772166e+01
-3.057128329690365263e+02
-3.952953837238543997e+02
-1.193323774945513804e+02
-3.169885801532089999e+02
-3.258353621375304101e+02
-1.914118617675760561e+02
-3.423517428180845741e+02
-2.169773910534914023e+02
-3.062743388830148206e+02
-2.054246583051272523e+02
-2.224072194608920370e+02
-2.001465605871983939e+02
-1.368305356583698256e+02
-1.090417024195567279e+02
-1.220540364868883501e+02
-1.090034155293292883e+02
-6.595490793237800631e+01
-7.985430096912264730e+01
-1.044147510470827740e+02
-1.250187498260040968e+02
-8.924118294065482360e+01
-1.210514829875782254e+02
-5.294957671459839332e+01
-4.345035611117565821e+01
-4.108571656768864244e+01
1.240863279289003174e+02
-1.063197686648250908e+02
-2.031717764613802899e+02
-4.128874901404329307e+02
-4.509825365761808484e+02
-5.959850496553866606e+02
-6.274722398487011787e+02
-2.609514709165947011e+02
-6.255765067216378839e+02
-6.171165373152043685e+02
-6.112642703611833213e+02
-3.327366131742496691e+02
-2.592197495264574627e+02
-5.188768676214490370e+02
-4.670409491328874196e+02
-1.239063720343770285e+02
-1.739303054030363853e+02
-1.741551243037950201e+02
-9.345746564818367119e+01
5.718844048108307021e+01
-1.195948791370463766e+02
-6.631939665938588746e+01
-1.157405037647604757e+02
-3.810616161793335976e+01
1.431485016168750235e+01
-1.631393701603901718e+02
-4.851257435380917826e+01
1.363958796006803880e+02
-9.054683266916281070e+01
8.722867232692425432e+01
-5.897644806705083909e+01
1.460526257146284479e+02
-5.612475236353503050e+01
-8.565447095399164823e+01
-3.715295495374540451e+02
7.740043482718441226e+01
-4.153681358200732632e+01
-8.655734601328020972e+00
1.734349745043947735e+02
-1.081850097773832289e+02
-8.643205818038852328e+01
-1.106940661935758072e+02
-1.459895439304807496e+02
-2.747250249480574098e+02
-2.128826989120348685e+02
-1.975112774408727603e+02
-1.123773449138482761e+02
-9.568887459702527565e+01
-3.106300262052925518e+02
-3.047001939449021961e+02
-3.357031942841634873e+02
4.192549753083943287e+00
-1.900700855588955562e+02
-1.281231118160903861e+02
-3.269592077286283427e+01
-1.718743197264579692e+01
1.425012321374923943e+02
1.561231626141463380e+00
-8.678871998042262703e+02
-4.595640847597486811e+00
-4.506272774649909252e+01
-4.163683518585319376e+01
5.801001584869638350e+01
-1.305533425307312143e+02
-1.212168165089922240e+02
-1.795914723223174292e+02
-1.638616387295701600e+02
-2.270972602817800521e+02
-2.027679220755464371e+02
-2.252487439842600452e+02
-2.527102257081481582e+02
-2.229900880622660395e+02
-1.867142891002695251e+02
-1.918909536280908981e+02
-1.757552928009260995e+02
-1.500724221292943525e+02
-1.679765292162057335e+02
-4.488205222747048140e+00
8.939016819622416676e+01
2.145758099386691811e+02
1.698630503284313988e+02
-1.788820227324124801e+01
1.123616500902491424e+02
-5.378634494299571145e+01
2.120104456360260201e+02
2.222461244344171405e+02
-9.792310029469120991e+00
-3.791295085115441310e+01
-2.422708815652009093e+02
-5.625155252041199816e+01
2.006264096533387828e+02
-3.515575378413684859e+01
1.652215256218576656e+02
2.494540923828151335e+02
-8.725170314774139513e+00
1.791985038952457785e+02
-3.178883487938643526e+01
-6.046032062236397664e+00
-9.985376147525852275e+01
-7.065177848808274064e+01
-1.415529967495904771e+02
-1.124312343232478497e+02
-3.628717108614981157e+02
-1.985267109071877769e+02
1.049236186854238611e+02
7.840392498683793576e+01
-7.526391754848623350e+01
-7.054835301657523416e+01
-7.856886512680543433e+01
-1.475980623513677585e+02
-1.487597460654884003e+02
-1.274461203031955847e+02
-8.505613656514626086e+01
-1.158055170901041606e+02
-4.482689150557779811e+01
-1.313836529363799777e+01
-1.279477174324561588e+02
-8.592855276512807450e+01
-1.171247712557060936e+02
-5.150179028397479186e+01
1.232871948707200147e+02
-5.991844306736371806e+01
-7.980106246635212131e+01
-9.619429037479621059e+01
-8.759528483291126122e+01
-1.174366012777464050e+02
-8.706993624785705777e+01
-1.535571115664565127e+02
-1.101434951800953996e+02
-1.092189411469248057e+02
-7.156777059993595458e+01
-1.815471316618636308e+02
-1.460669371821410323e+02
-2.336173121128679782e+02
-1.090339514034008346e+02
-1.781171565041314864e+01
-9.185168848534330266e+01
-7.498756889723804875e+01
-7.927288305925668510e+01
-7.080449085812639964e+01
1.812017486358026872e+02
-4.288536342309105009e+01
1.896782621836093199e+02
1.545546878754549880e+02
-4.316295288829418553e+01
-8.157758192270341624e+01
-2.399506478683908028e+01
-2.051289003939189115e+02
1.980926708180609808e+02
4.679838443258225311e+01
-7.888046565312339453e+01
1.312561697815814057e+02
-6.274893824145886612e+01
-1.759600619432299595e+02
-1.969458148204791712e+02
-1.029423135846266746e+02
-5.954162625255280261e+01
-5.493418245757487739e+01
-9.686768655565850850e+01
-9.714234371916732869e+01
-1.533791968059736348e+02
-9.749493336852809477e+01
-1.249240260762623791e+02
-1.052809681695278954e+02
-2.701251549077463778e+02
-1.105057396181701392e+02
-2.177673647888411494e+02
-1.285394440580410844e+02
-1.560549264553948206e+02
-1.280000614255713174e+02
-4.846968103614790380e+02
-2.901389792251427480e+02
-2.346397802212736963e+02
-5.209597564929008513e+02
-3.441188719203204300e+02
-2.999072895640745173e+02
-4.800893744928106912e+02
-3.187250995270458134e+02
-3.633654421918335515e+02
-3.420343573370898866e+02
-2.796504746176863136e+02
-2.506149822271884489e+02
-3.209279003908613959e+02
-2.324933718008417429e+02
-2.883283851394028261e+02
-3.292223760935628434e+02
-2.622284740449586025e+02
-2.230324316827079087e+02
-3.643354001286484163e+02
-3.982434359138395052e+02
-2.485586248481369580e+02
-3.434291902577912197e+02
-2.316638951498675851e+02
-3.607718891153241998e+02
-2.320036952816700193e+02
-3.417468278159079205e+02
-3.593279527600682286e+02
-2.260736527338370934e+02
-3.577373424785919269e+02
-2.953864748615674216e+02
-3.132787750976949610e+02
-2.522228318321559470e+02
-2.887202798654474805e+02
-2.222027305403253763e+02
-2.539065919729747236e+02
-2.681141148779969399e+02
-2.097665643678429603e+02
-2.478141146164606994e+02
-3.035615325395890522e+02
-2.479044452976366131e+02
-2.697995358880781964e+02
-2.465770186908792709e+02
-5.471979203382184664e+01
-2.313582769076921579e+02
-2.566981405305292583e+02
-7.669327752669875053e+01
-2.388111488235043396e+02
-2.542962412802306176e+02
-3.188029230109260652e+02
-6.217274443559345087e+01
-1.176852502156153122e+02
-1.455504555275852567e+02
-3.044514251544180183e+02
-8.147033715121089870e+01
-3.091485428437345604e+02
-1.313665591325381854e+02
-1.651809625425635772e+02
-1.245150457851694341e+02
-2.086507897100503328e+02
-1.226688320106037793e+02
-2.206236967231060078e+02
-3.138799513057779222e+02
-2.879336272385614848e+02
-2.875743241995390918e+02
-2.897781067540187223e+02
-3.142473378679908365e+02
-1.509642986161160252e+02
-3.137178856790101236e+02
-3.522914608625335404e+02
-3.800698171879024585e+02
6.403341614968412898e+01
-2.244516598247429897e+02
-1.759109270317853202e+01
-2.767022419522777454e+02
-3.179874638964494125e+02
-1.002833752587736029e+02
-3.280772736537948617e+02
