-6.624749391976254742e+01
-1.092843729901555889e+02
-9.710305959706462886e+01
-2.663052885163585870e+02
-4.016768798479262728e+02
-9.615509085403114398e+01
-2.085180037610250565e+02
-2.391947586221782274e+02
-2.360017191771090665e+02
-6.463269232523850860e+01
-1.102497220755376901e+02
2.801574344718500242e+01
-1.308656602448055537e+02
-8.923346862643762734e+01
-8.689854432356008829e+01
-6.066823016680000080e+01
-1.378459226480303812e+02
-2.948070936605167844e+02
-3.969369370112102615e+02
-5.658758771841421265e+01
-1.073251483352217690e+02
-4.240375928164578454e+02
-1.040056505090267365e+02
-2.122108900728877074e+02
-3.856119481679495493e+02
-1.142232456657211941e+02
-8.665335068035284394e+01
-7.521238959511876487e+01
-6.086060812387725605e+01
3.241193930970885617e+01
-1.204449631383840256e+02
-1.332155999020755530e+02
-4.413113821789615940e+02
-1.073482189833282092e+02
-1.554326063249544632e+02
-2.602314821716518622e+02
-2.743256612875277938e+02
-1.103837853610607596e+02
-1.133096149249275300e+02
-4.477994343763316465e+02
-3.072465130064686036e+02
-1.701152530988220235e+02
-2.881744178295772372e+02
-6.911499948118964198e+01
-3.343574936336113979e+02
-6.496993686040224247e+01
-1.916554494870968028e+02
-9.394468884638634165e+01
-2.436364737807105030e+02
-7.713399357329916484e+01
-8.528656671481840590e+01
-4.812018278757345797e+02
-9.728532878221956537e+01
-8.942980087056197647e+01
-1.244559668191489976e+02
-1.245060307988844528e+02
-1.004536349926159318e+02
-1.069295648044203517e+02
-1.135358471609420690e+02
-2.667929420447072175e+02
-8.670925291409730562e+01
-1.568851156895591430e+02
-9.588371142246526802e+01
-4.654066948289299432e+01
-2.098327926846647813e+02
-2.203764777606605207e+02
-4.050218605797826399e+01
-4.606146085410715614e+02
-2.554470546703898890e+02
-3.618653343080500804e+02
-1.408962986997876214e+02
-1.640174371976419252e+02
-1.144200379315967240e+02
-8.727400950923609457e+01
-1.124596812339957381e+02
-2.305514038762117082e+02
-2.771065326450733437e+02
-6.910495611047250009e+01
-3.517479798497840875e+02
-2.634265323648829735e+02
-2.007674687869032937e+02
-1.085175694418248611e+02
-5.932342631638428543e+01
-1.792469992085199237e+02
-7.917165876249126200e+01
-6.171209268370331813e+01
-1.680010912208963418e+02
-2.591736405543360888e+02
-2.291298427374409812e+02
-7.947415985750814116e+01
-4.134279845902533168e+01
-8.304131801729586471e+01
-9.938483340768092944e+01
-2.630346538512604297e+02
-1.859025667640975144e+02
-3.104734104960384116e+02
-5.564441603157037264e+01
-7.431015158728024517e+01
-6.725402255211392344e+01
-1.202579717542894997e+02
-1.377231657287728126e+02
-1.021369750515077470e+02
-7.571321271738474934e+01
-1.506439655710508418e+02
-1.616816521252872860e+02
-9.262340271204374176e+01
-1.782855113082781315e+02
-2.098764687729972138e+02
-1.431986901428521719e+02
-5.445447165297174763e+01
-3.103644071182981747e+02
-3.349524260423705755e+02
-1.210786981463843119e+02
-5.296087167641971405e+01
-1.883040199006306921e+02
-4.136820648851536362e+02
-6.223077659129592831e+01
-1.576506810243387235e+02
-4.037797623810404275e+02
-2.109293181019499457e+02
-3.622300079529099435e+02
-7.425025400266000020e+01
-3.447029400577522438e+02
-1.693248612211331761e+02
-2.447906052832271655e+02
-1.966749982368655765e+02
-4.592820333717359063e+02
-2.172101564916454777e+02
-1.243342435250328322e+02
-1.761858239934451262e+02
-1.133383937281386409e+02
-1.056095204799130727e+02
-1.000681032899983620e+02
-2.202340362787567187e+02
-5.922579182196757586e+01
-9.939442498688157457e+01
-2.109736750770733238e+01
-1.001445214037075147e+02
-7.470609562486586697e+01
-1.066723771934242819e+02
-9.349876728712976615e+01
-1.219983666671958247e+02
-1.592123973906980723e+02
-8.110722133246429166e+01
-3.138059109369703492e+01
-2.073338814441424347e+02
-2.492798958662229154e+02
-7.050958344540953249e+01
-2.630272947228519342e+02
-8.860243442718629581e+01
-8.869534451274385844e+01
-4.924147998306011687e+01
-2.026365216608404580e+02
-1.142933482487909345e+02
-7.882234466610751156e+01
-6.781344827882602999e+01
-7.163419138465803826e+01
-8.472948898721801925e+01
-1.193575502103262806e+02
-2.037134144613161197e+02
-1.149924393717833198e+02
-1.718898782117832127e+02
-9.382033244970344299e+01
-2.713631346300742280e+02
-6.007716450201749581e+01
-1.404948385024959236e+02
-5.787968897315786876e+01
-1.075884634351560720e+02
-7.612787934115010557e+01
-6.162248597969694686e+01
-9.808343922085086319e+01
-1.444367932704734017e+02
-4.550175627885664653e+02
-4.718703899582120442e+01
-2.050662710731215270e+02
3.529268602994855542e+01
-1.093211116512744780e+02
-1.688493910824524278e+02
-4.297344064015990739e+01
-1.888895650311440022e+02
-2.118139824176240609e+02
-2.647385555926684901e+02
-1.471102109858642848e+02
-1.658763181763876560e+02
-7.969171650633570891e+01
-2.424986860600149612e+02
-9.549114748619784621e+01
-1.492188300971912724e+02
-1.065422288544214382e+02
-2.822627640832489533e+02
-2.311552387747044293e+02
-1.523496071253304649e+02
-3.054001482368348661e+02
-8.769718164906568347e+01
-1.405114598718768093e+02
-1.728619561853331845e+02
-1.482470067578643125e+02
-1.638965369321692265e+02
-2.235279840125551232e+02
-5.804680822780523641e+01
-1.245000487037268755e+02
-8.098884068046132256e+01
-2.727493517905550675e+02
-2.682171440511056062e+02
-8.410349120245253118e+01
-8.468905594303213036e+01
-2.240707334548187077e+02
-6.209166948779994755e+01
-2.443196400652554701e+02
-7.600180150737747908e+01
-1.431771455245823006e+02
-8.998592481388894271e+01
-9.276725624187015740e+01
-9.728089070029614049e+01
-1.139725523457514100e+02
2.821274041706516300e+00
-1.835883268221735989e+02
-3.201949763999173229e+02
-5.552873558598523118e+01
-1.854937824818308059e+02
-1.451233878040036416e+02
-9.963618810468071274e+01
-1.687094473864348174e+02
-1.609966021335474693e+02
-1.115549608060074576e+02
-1.875225137719125996e+02
-8.802463201971771412e+01
-2.690334400673708615e+02
-3.528529584991690626e+01
-9.184568600702139918e+01
-1.417908495355949015e+02
-8.430667925058190804e+01
-9.125984153621750750e+01
-9.026647453340086713e+01
-7.943621302460684319e+01
-8.783839370429240034e+01
-1.156252449574075740e+02
-7.668124071859371327e+01
-6.559860986168034458e+01
-1.340357552107648758e+02
-1.512994120637747244e+02
-2.565756316877194081e+02
-7.295131075208870186e+01
-1.660072373139744855e+02
-5.027433648813667588e+01
-1.786518313389892114e+02
1.326407655520988271e+01
-1.273901649027138632e+02
-7.686358429460369734e+01
-3.529541310344531553e+02
-4.480005183021501125e+01
-1.833935834277382071e+02
-1.109210838776881189e+02
-1.850009019479054473e+02
-1.423931177402632784e+02
-8.070383174104922830e+01
-4.332331023638131029e+01
-1.648296426397905350e+02
-1.910951860828672011e+02
-2.109108787322660419e+02
-9.477863215198813407e+01
-2.643481993815242390e+02
-1.826877617889951182e+02
-8.900074640409556537e+01
-2.154951338604794273e+02
-9.057818755458299620e+01
-1.002038465066978148e+02
-8.782864039764055519e+01
-5.267229726073133378e+01
4.757899241967777471e+00
-8.787654868534899322e+01
-2.742620165658553333e+02
-8.164877528258256234e+01
-1.276768826735226554e+02
-1.296230041399424806e+02
-1.843217493415913282e+02
-9.123098732807997635e+01
-9.474076416483947582e+01
-6.988477891654535767e+01
-7.925929945646728925e+01
-1.840059464576248729e+02
-2.120961687948810663e+02
-2.250645956357594741e+02
-9.114293580463608180e+01
-1.796194247645836413e+02
-9.885376847714935877e+01
-2.101243993818540048e+02
-1.275863075497138652e+02
-1.279198949068938020e+02
-1.281968124278304515e+02
-1.801445994698655682e+02
-4.123357892100825950e+01
-2.667627604656330504e+02
-6.103440424391494901e+01
-1.018393041432674551e+02
-2.816390239825516346e+02
-2.043922795702749227e+02
-9.889227290344238952e+01
-1.270407815361387236e+02
-9.866550182383571155e+01
-1.007256778102339467e+02
-2.002739270153961400e+02
-1.891474893823372838e+02
-1.679270007747153386e+02
-5.389727789471140085e+01
-1.508185916497708945e+01
-1.012513318399389703e+02
-1.045703903130485344e+02
1.291590565277550695e+01
-7.507859954779108591e+01
-4.700447654793090635e+01
-2.203978507777361528e+02
-1.122884202907667941e+02
-7.435379961543759464e+01
-2.227675074202971359e+02
-1.124421196494198227e+02
-1.292234114923348898e+02
-1.674674935567925331e+02
-2.375886750192415775e+02
-8.922545143718934924e+01
-2.434421495078248938e+02
-8.440419150304863649e+01
-1.348840290897049385e+02
-3.268125626689276260e+02
-1.406062191264877015e+02
-7.138242165353696578e+01
-2.374129155133198026e+02
-1.037406918604792168e+02
-6.183287328402482785e+01
-9.122669453160534658e+01
-7.246580008959929842e+01
-1.176272263036396382e+01
-1.074367713475342896e+02
-1.618933970925591481e+01
-3.919196078945649475e+01
-1.115721671003158804e+02
-1.109381363455185294e+02
-1.036361357465886215e+02
-5.602232061434362009e+01
-1.291211924882164226e+02
-9.737681906204349502e+01
-6.551139166148175264e+01
-2.774248686939579898e+02
-3.256014131605853379e+01
-3.254803268291772156e+02
-1.004509996611930944e+02
-1.458252332022185556e+02
-1.266230389663436995e+02
-1.299026604192231389e+02
-1.284437914462798744e+02
-2.463232237240291056e+01
-1.113768856599316877e+02
-9.652682851402622077e+01
-1.076316008873167078e+02
-3.932038966127155390e+02
-3.357618921099094678e+02
-1.062047625032933382e+02
-1.855606458138433084e+02
-1.130371143429835996e+02
-1.065002014638345287e+02
-2.012270538426126905e+02
-1.963414798815661584e+02
-1.161181485233741029e+02
-6.983231058212214748e+01
3.129432309772511189e+01
-4.652729456454014212e+01
-1.329026374971051609e+02
-1.187234517320370060e+02
-1.023286096740614255e+02
-2.789936884476722980e+02
-9.563299339043521741e+01
-6.181109447350088004e+01
-1.265265267384488794e+02
-9.254930444351271035e+01
-3.515330854840591428e+02
-2.260419760716310975e+02
-1.931792180819141151e+02
-2.634064057037858220e+02
-5.287718684952395876e+01
-2.979586283246860603e+02
-1.391122731029861370e+02
-2.040029706727754331e+02
-1.540378043809982955e+02
-2.589959577314845092e+02
-1.511094542778060941e+02
-1.587886412966954595e+02
-8.412645278367169510e+01
-3.095357746531497014e+02
-2.308443389720442838e+02
-9.149729674923828782e+01
-1.445617551731421884e+02
-1.764250304804450309e+01
-3.000492517361548153e+02
-1.135012731442273548e+02
-1.014279650556348429e+02
-1.073890091151085215e+02
-1.917740443730232300e+02
-1.648454289229908909e+02
-1.209510628887477424e+02
-1.519950644060632783e+02
-1.319351999869202814e+02
-6.587114447904826875e+01
-2.077699698726501651e+02
-1.053758386472291306e+02
-1.982157179584810933e+02
-1.121388572460245001e+02
-1.033835044848206763e+02
-9.360398670499047569e+01
-1.829633189363535166e+02
-9.548938081611868256e+01
-7.662671202860246922e+01
-4.007121864956243940e+02
-9.653856197661535532e+01
-8.795858818734487272e+01
-6.716937864663957214e+01
-1.840468158191254986e+02
-2.013776421750838495e+02
-1.782572567794991301e+02
-1.279623651171365282e+02
-4.823440360935670412e+01
-5.133664302262803147e+01
1.556927479762579480e+01
-2.209595656506565433e+02
-4.566041782411592465e+01
-7.241128917466171799e+01
-5.147645422620580291e+01
-7.522973555443418547e+01
-2.008364516521565690e+02
-1.629815560264959515e+02
-8.043466210756770352e+01
-1.004679815117462596e+02
-1.073161900260534765e+02
-5.348478429043258586e+01
-1.861246986742609124e+02
-1.226116867311231715e+02
-4.549995157967100567e+01
-2.387745398630169120e+02
-9.222528173254522699e+01
-2.229375859226092302e+02
-6.387072548739538291e+01
-7.554882435882845471e+01
-2.084228121563402283e+02
6.991678487553599552e+01
-1.586843014285147717e+02
-1.294547958889734787e+02
-9.766590158606125271e+01
-8.653014604336564730e+01
-1.462862214722064778e+02
-7.916071088786657128e+01
-1.119299672826558663e+02
-5.710682526862011343e+01
-2.445422394552275875e+02
-2.814672083972242262e+02
-2.054628849003725009e+02
-1.796067415655848549e+02
-1.150197079923441095e+02
-3.391679749382345221e+02
-4.830572330065363928e+01
-7.995798722434585670e+01
-3.437693373128590792e+02
-1.768518839060750452e+02
-1.298722012320791350e+02
-1.945596984689535134e+02
-1.391812089008641635e+02
-2.464792012163769641e+01
-2.291809319472033053e+02
-6.335245796330992363e+01
-2.026858213526133454e+02
-1.043340082852435700e+02
-2.032722919936298354e+02
-9.559203578008374791e+01
-2.927648454572199626e+02
-1.529679694845883091e+02
-1.969521295924735682e+02
-9.096211673910048034e+00
-1.031060683981282011e+02
-1.308146523016041272e+02
-2.742590259080784563e+02
-2.511263753174247597e+02
-2.252465308052422301e+02
-1.370741565198985370e+02
-1.360901707502686406e+02
-5.759428034537713614e+01
-2.921781064787384139e+02
-6.232261987711837747e+01
-1.386247569443529528e+02
-2.691912722443668144e+02
-1.884118140637940542e+02
-6.426560373950189842e+01
-3.822561015106321065e+02
-4.075075396218831258e+01
-1.456340393220975784e+02
-1.662933031266472312e+02
-3.039618809164437607e+02
-1.047729804862287040e+02
-1.076755191025918350e+02
-7.129554149651724515e+01
-7.961579959038928678e+01
-7.033510567268905334e+01
-1.720068445133410648e+02
-9.081908950023586158e+01
-2.482429909532174861e+02
-7.223667205875892705e+01
-2.710167371639515750e+02
-1.297382985859749454e+02
-1.018414697235673572e+02
-6.370264108354066224e+01
-6.886477983468316211e+01
-3.062350026807725953e+02
-1.953505553880137313e+02
-1.492824709983207185e+02
-8.605801019424046672e+01
-1.659361231761602653e+02
-8.345790003765050358e+01
-1.045350148597442086e+02
-1.183034106263433642e+02
-8.889260408054411755e+01
-6.379558133757413430e+00
-6.385863171723090659e+01
-7.364492406510231604e+01
-9.766153159916706272e+01
-7.204695722627967314e+01
-6.478862882731324646e+01
-2.530757878040157323e+02
-1.515384903890837336e+02
-1.834017990188619365e+02
-1.239117944020769784e+02
-8.208446424972440525e+01
-1.130236458321390955e+02
-1.032084173100446094e+02
-6.205572765023441661e+01
-2.529271578274647254e+02
-2.441282181183010493e+02
-1.085967309071840674e+02
-3.378101997749749330e+02
-1.873644335339574809e+02
-2.997791193554691347e+01
-1.595184221710162831e+02
-9.781256055277715689e+01
-1.773120042128589944e+02
-4.153297549174452996e+01
-6.635042434715695947e+01
-1.452476693396894518e+02
-1.397426610110400702e+02
-2.752118471312536485e+02
-1.957215060088727228e+02
-2.086383398072841828e+02
-2.565503124159914705e+01
-1.154848266121982334e+02
-1.352060035656452044e+02
-1.002620621818177540e+02
-4.647640202626143946e+02
-9.556213603553580072e+01
-9.288413606531237576e+01
-3.079264204195710590e+02
-2.396966663227646279e+02
-7.120906599581437035e+01
-1.522618250370757096e+02
-3.316505652844221004e+02
-3.097517852578519069e+02
-1.852759552160972021e+02
-2.014268904499367636e+02
-7.315949204848634224e+01
-9.373449217093045149e+01
-9.358444276319153232e+01
-2.698881802509642398e+02
-2.347184784351209146e+02
-8.822434022406157794e+01
-8.982477125722905953e+01
-2.368372926458657730e+02
-1.529362764333776568e+02
-8.332908103658061805e+01
-1.014818568013873374e+02
-8.684952071735843049e+01
-1.048613350059205516e+02
-8.792875290480165518e+01
-2.841503071833515151e+02
-9.917398949589765778e+01
-1.030309973555699230e+02
-1.363455713921053416e+02
-8.618186273203573933e+01
-1.971510344196630626e+02
-1.242715976036326566e+02
-3.503247826744515123e+02
-9.042958395432513896e+01
1.092437665248522194e+01
-1.110786563804033307e+02
3.167689568516360055e+01
-5.818091680462073612e+01
-3.809584801065396960e+02
-2.061463124501507025e+02
-2.061653971833310948e+02
-4.502097994720350016e+01
-1.393137758665699266e+02
-1.763637879097068151e+01
-1.824516858664202061e+02
-1.028035680474622353e+02
-1.331867226623035663e+02
-1.600478211124628274e+02
-7.999685926131408564e+01
-1.330334679854700539e+02
-1.156800933946528289e+02
-1.921523809617492020e+02
-1.881590648280401012e+01
-2.973319201757801693e+02
-8.375120654931771469e+01
-3.207575103955978193e+02
-2.228139734561210048e+02
-1.785380732384896305e+02
-8.032411596167794698e+01
-9.025336452776373619e+01
-2.198870237766146829e+02
-1.675838770531816522e+02
-1.226503731138848821e+02
-1.451508876452222694e+02
-5.886318806684235483e+01
-1.173757468789026603e+02
2.087277360384587155e+01
-4.064327830576085887e+01
-1.631891969310338482e+02
-2.466220836687921292e+02
-6.197966794809050839e+01
-2.878882333560509323e+02
-1.217672922229927366e+02
-1.387014687120989151e+02
-2.579195271527828481e+02
-1.411455740537481063e+02
-4.296956218270890417e+02
-8.251758800208129685e+01
-1.072726721720006964e+02
-3.594052742096090469e+01
-1.076182978265109966e+02
-7.107471587638133315e+01
-2.563300227690161819e+02
-6.792535016826127503e+01
-1.468372382726057879e+02
-6.985149841114947833e+01
-8.132886876562254486e+01
-1.026542662176242402e+02
-7.877328769338711822e+01
-6.701855334173090739e+01
-5.815661766729861881e+01
-8.427286199777324782e+01
-6.597324592664482168e+01
-6.107339507297107417e+01
-1.467170806989053062e+02
-1.561188082150839591e+02
-2.316776828282488339e+02
-2.312167330766473867e+02
-2.780043644950884527e+02
-1.391280097989445323e+02
-2.266041722861490086e+02
-2.245320443641289785e+02
-2.268222803355677968e+02
-3.990722511893474689e+01
-9.372209422409765978e+01
-8.650348311164350434e+01
-4.787029321774159030e+01
-1.023811199156849625e+02
-1.038399445496755078e+02
-8.244969914167594993e+01
-6.535863446875453064e+01
-3.128230876491873573e+02
-5.331039621455131083e+01
-1.773251193265585073e+02
-9.886920720261286988e+01
-3.441273063684685667e+02
-2.523372087320331332e+02
-1.518142648572705014e+02
-8.018042865337250191e+00
-5.625451641330219843e+01
-1.562802998929267062e+01
-3.421894625164713943e+02
-1.014277045022637083e+02
-5.347970646717200793e+01
-1.142066780907237842e+02
-4.859562192081961030e+02
-1.281484614367264214e+02
-9.483912201173941980e+01
-6.443908010659635011e+01
-9.967369174855471670e+01
-9.620262803857238509e+01
-2.422455482199218579e+02
-2.179511333018695609e+02
-2.195471804280165884e+02
-3.927908738388524057e+01
-2.417153653853590072e+02
-7.079010323005898897e+01
-7.013451483066691594e+01
-1.857100240531771078e+02
-5.982904003885224853e+01
-4.352491450266407469e+01
-8.076428200299960736e+01
-8.803408161219188344e+01
-9.900650038650239537e+01
-7.868137315630025341e+01
-5.917620164892642975e+01
-7.449516532431439941e+01
-1.497057691703051319e+02
-1.639733916728956729e+02
-1.078962760876273421e+02
-6.997579126473033284e+01
-6.460860634737100838e+01
-1.396078491409815285e+02
-9.129900894024945046e+01
-2.909876065591074052e+02
-1.439973837076474865e+02
-2.324207938282975761e+01
-8.110066309710151700e+01
-1.241321460172235334e+02
4.031912820346406079e-02
-1.916305343036086697e+02
-1.047348910618958513e+02
-2.433832713287804665e+02
-5.585240189281994105e+01
-1.472232216859180767e+02
-4.940299818704210111e+01
-5.284115678764119650e+01
-2.481902800414083288e+01
-1.098357077206094345e+02
-1.399368057634190450e+02
-6.180325077273905521e+01
-2.576969273998564631e+02
-9.686750101373803545e+00
-1.287663812046817498e+02
-7.872334843242097691e+01
-3.195759848154820020e+02
-1.349273524165357401e+02
-1.270585398670482391e+02
-8.823600929388983616e+01
-5.021953357901558945e+01
-1.377000540837251492e+02
-8.882600046567367258e+01
-1.156909659543209870e+02
-1.178388510929350446e+02
-3.930576473059970510e+01
-1.145135592273962857e+02
-5.488724135710569385e+01
-2.970399710251911074e+01
-1.045505588334380320e+02
-1.679844122240853608e+02
-8.335538410025699818e+01
-9.509461443950542048e+01
-9.003108963367807860e+01
-2.766073449885461173e+02
-7.765599210546500331e+01
-4.897488408372976210e+01
-2.471928622218630665e+02
-8.498530460535930331e+01
-9.559675425980690022e+01
-7.829449490828297087e+01
-1.623841486184346650e+02
-3.441153618199132325e+01
-1.917401981075910840e+02
-2.957329314377204810e+01
-6.472912872179961141e-01
-8.025401781274884172e+01
-1.367505367496381439e+02
-1.527017003896351639e+02
-7.621603210774301829e+01
2.458733918651842032e+01
-5.624661848143949783e+01
-7.670001157606557740e+01
-7.478445791543265386e+01
-7.279152543754383942e+01
-7.772645285040739793e+01
-2.511226298022124865e+02
-2.815663885895979774e+02
-8.404853037940610250e+01
-1.141571347990347505e+02
-6.079828914379450566e+01
-8.885097116157109554e+01
-8.803931609307517192e+01
-7.703988172839235915e+01
-5.743072544568381232e+01
-1.220511739267007982e+02
-6.517886821760899352e+01
-7.810548884716749285e+01
-1.242580671692492444e+02
-8.144697034371407085e+01
-1.098007657280530935e+02
4.629250927376068603e+01
-3.967094347274785093e+01
-6.936026081997442816e+01
-5.322801336830439567e+01
-2.694708923320742144e+01
-2.240383219409639253e+02
-4.011380171898754554e+01
-1.536235950134806387e+02
-1.951418599189972554e+02
-5.384745112799498656e+01
-9.964750125407017833e+01
-8.054350221251200992e+01
-7.751180423069857284e+01
-6.098885522666748926e+01
-7.501076118107980051e+01
-3.757835217865346067e+02
-8.683789557120178415e+01
-1.742245931422648653e+02
4.248319352415322214e+00
-2.031893125430706277e+02
-8.539264599889699525e+01
-1.480618559052605860e+02
-8.414319304983254710e+01
-2.900498483940015149e+02
-4.807681932860846530e+01
-2.012095120123015590e+02
-8.055073003449814451e+01
-7.623385622090646052e+01
-8.575052466003593565e+01
-4.813650334238072048e+01
-9.958149888551034223e+01
-5.485089696816322657e+01
-8.583848573305189689e+01
-3.192799952426553034e+01
-7.603751110106466626e+01
-6.848082316001298864e+01
2.630567474139240858e+00
-5.410098429760996908e+01
-7.066179360398187725e+01
-2.454550973501104068e+02
-4.147292463589342049e+01
-4.777411043090970111e+01
-2.588624586936106198e+02
-1.498308220523767886e+02
-2.537195446059326684e+02
-8.904604945633164448e+01
-6.286246810316468014e+01
-4.523085223907324348e+01
-4.241851426068269859e+01
-1.085366508723249694e+02
-3.637083172566754286e+01
-3.847256143145072826e+01
-9.857173203826526731e+01
-7.836231367359209798e+01
-6.972996025710313006e+01
-3.414124954809757355e+02
-1.484982287403853149e+02
-7.370585419480178757e+01
-4.227175750725176329e+01
-1.449265061226273303e+02
-1.390275227138918410e+02
-1.097815435980666336e+02
-5.591802834257994448e+01
-2.103821706629407799e+02
-4.426325810285921136e+01
-9.476506161967716935e+01
-3.822920087054923499e+01
-1.104831597958271630e+02
-1.520712343061752563e+02
-3.291991866622676071e+02
-1.648794124719850629e+02
-1.456412697029793435e+02
-1.319166672125168986e+02
-9.783266820649984652e+01
-9.348253758800349544e+01
-2.205356950980698230e+02
-3.372124705606663042e+01
-1.876578174199302111e+02
-2.748030566765815763e+01
-8.318971923570609306e+01
-9.288836290850940713e+01
-8.325919586164934572e+01
-1.964369721881301700e+02
-8.554936359305881410e+01
-1.024714973475961699e+02
-1.040483750326078507e+02
-2.464866637840158887e+02
-2.285726493295385637e+02
-7.881659540694136012e+01
-7.452556399085997896e+01
2.441072579244845997e+00
-2.993245972261310328e+01
-1.152063491869357676e+02
-1.001911719837085855e+02
-1.204681441398467143e+02
-6.256835304399498909e+01
2.687263435262870814e+01
-6.808372570130612189e+01
-1.135286982383900494e+02
-6.265672085850957274e+01
-7.057826834370631275e+01
-8.569657131094336933e+01
-5.579249704065970406e+01
-3.428678665808175197e+01
-2.538200681109765355e+01
-1.425541035553685560e+02
-5.900519653417376276e+01
-1.358658890902179621e+02
-1.083612422410549527e+02
-2.193131914110529692e+02
-1.087409884757618954e+02
-6.628247886779033138e+01
-1.774138048524851001e+02
-1.224117343309042951e+02
-1.001692306134569748e+02
-1.696192951206035957e+02
-6.530385213671345923e+01
-6.998507684463461942e+01
-2.457890997560242567e+02
-7.477845532751715041e+01
-3.094989235510139451e+02
-2.247059747181046987e+02
-2.544979938993320445e+02
-2.038640728754572535e+02
-1.998557636365890176e+02
-1.312786438924473487e+01
-5.629745412366978030e+01
-3.821651284266781659e+02
-1.369817240893595738e+02
-1.285585205631379324e+02
-1.861952543882561315e+02
-9.306082733318308442e+01
-2.110448215207910607e+02
-7.528192820638220439e+01
-3.855706592381304176e+01
-7.671590491913529775e+01
-2.566349111841256558e+01
-4.936754238318142285e+01
-2.538871749968889446e+01
-1.380447624930554582e+02
-2.611180997970809869e+01
-8.240796889062099240e+01
-1.415208920928068324e+02
-4.164115093267185586e+01
-5.046045290011503681e+01
-2.085350561128506399e+02
-6.304342125578190092e+01
-6.893699846074400739e+01
-7.104278031311730501e+01
-1.242378566291518638e+02
2.973879575088938054e+01
-8.095236358446129543e+01
-1.912585756506538246e+02
-7.451193291841850908e+01
-8.857664699586848656e+01
1.278112090896512143e+01
-7.349668405694733053e+01
-1.949393246196582936e+02
-7.078071138309904597e+01
-4.345897585784443606e+01
-1.112579687437035005e+02
-3.914532876652054227e+01
-1.252642045038104897e+02
-8.546015378897453729e+01
-9.887176763872291474e+01
-1.239446734608684437e+02
-9.481190356987858081e+01
-7.573301115618498613e+01
-5.211832294798658438e+01
-8.764723906159923672e+01
-1.167330149355019842e+02
-6.511195354281781533e+01
-9.336161175895966835e+01
-1.356212245749826479e+02
-5.154324118946605893e+01
-3.714730542023959003e+01
-1.011125949017844903e+02
-6.723275474726426637e+01
-8.794620191018458399e+01
-2.814268765180055425e+02
-1.968363793413219014e+02
-8.700613243358927207e+01
-2.444188680925863935e+02
-1.240908686254348368e+02
-6.644488057794653457e+01
-2.295622769128253537e+01
-5.515771471003894533e+01
-8.095829958272042859e+01
-8.590493267651800124e+01
-2.821097822031461533e+00
-4.240918286434019535e+01
-3.861519271159420441e+02
-4.338859056004439196e+01
-6.833635134526768695e+01
-6.244054158923091791e+00
-2.736234926971324057e+02
-1.673207083666504786e+02
-8.687056618324417911e+01
-5.606298419738538286e+01
-5.417038612083487692e+00
-1.873361808877117767e+02
-7.961821395652711431e+01
-1.028661225477272438e+02
-2.706009451092698441e+02
-7.480554840408277073e+01
-3.793694509458131847e+01
-2.758173627465753270e+02
-1.408472062913297123e+02
-1.629101183275577114e+01
-4.639716386546892579e+01
-6.394678449945429577e+01
-2.961975501758963958e+01
-6.858336962450582064e+01
-1.417399888771811050e+02
-1.004019074890823049e+02
-4.247349269449069880e+02
-1.957633518735971165e+02
-1.127349587543884155e+02
-2.727537116972824833e+02
-5.278170575784029239e+01
-2.148823694107801145e+02
-8.839330936550700812e+01
-5.241338940125942258e+01
-9.527940524060055338e+01
-8.063788373822315236e+01
-7.516369133710107064e+01
-3.568245418504194504e+02
1.938337651097953085e+01
-1.372630174973837711e+02
-1.345108743802079232e+02
-1.430113776620229373e+02
-1.983619848054308648e+02
-8.417283163597026885e+01
-9.149854466847654066e+01
-3.021773792263294922e+01
-9.029248605050689491e+01
-1.219072582663051776e+02
-5.112112199917531541e+01
-7.473960721962149023e+01
-3.886983242904290137e+01
-6.827832557831337112e+01
-1.987637598595501913e+02
-3.310719776057274544e+01
-1.652680037552866565e+01
-3.131777555347132136e+01
-2.461578140969297124e+02
-2.342711431448318820e+02
-8.321001203040307814e+01
-4.592530530788955900e+01
-1.141756287342786891e+00
-2.311271972094326941e+02
-5.755425247269853628e+01
-6.788505653931908057e+01
-7.186167710474684611e+01
-4.333738185915410668e+01
-2.871936993798442472e+01
-1.354224191098259951e+02
5.727593545432694810e+01
-9.740888699315635790e+01
-5.705119636873891409e+01
-2.236295909754142031e+02
-3.701707358243518797e+01
-7.420625433196308052e+01
-5.266429671849732586e+01
-4.565258850762755571e+01
-2.236691742073081741e+02
-6.416666065857630485e+01
-8.250669789495586315e+01
-1.072458300883518660e+02
-1.014703586372689870e+00
-1.190006658192948805e+02
-1.143448521103910593e+02
-9.263311155718464818e+01
1.682727010162777503e+01
-8.132435998995150328e+01
-1.277804104123023166e+02
-1.061648732657726697e+02
-5.373568763606189691e+01
-1.741732219463669935e+02
-4.718880580867343610e+01
1.503756154430168124e+01
-1.707498225585597140e+02
-6.828636333283890281e+01
-7.599798526121411157e+01
-7.995797056984774542e+01
-4.838676344806123097e+01
-1.176251629442575961e+02
-3.579684315481036094e+01
-6.780610771917028501e+01
-2.819065212102754003e+02
-3.293370503779931369e+01
-7.046119476898631717e+01
-1.332654992569271997e+02
-6.630313620110455020e+01
-1.387171867843579207e+02
-1.266463375848269379e+01
-1.396490674914057024e+02
-3.366643778191979663e+01
4.166385307267205462e+00
-4.982195869720117543e+01
-8.142838687591329005e+01
-2.383046968958964840e+01
-1.110199940486538566e+02
-1.870000414406243578e+02
-2.906483633055844962e+01
-3.941559102751581634e+01
-4.808719923296280996e+01
-6.141741817634244427e+01
-4.241112216191356765e+01
-1.777799154546498244e+02
-6.822550598115938669e+01
-1.598030915432681809e+02
-3.969376654021448303e+01
-1.075645539750273656e+02
-2.436644128217291438e+01
-6.737175651350923999e+01
-8.245434387253199304e+01
-3.907745373387341203e+01
-1.071341149815447835e+02
-1.024303051182938020e+02
-6.729256379035562929e+01
-1.478932619400380588e+01
-9.863667860884498850e+01
-3.134633099494399744e+01
-7.865210429189075114e+01
-2.648991123638901968e+01
-9.706445694102067989e+01
-1.752499950575067089e+01
-7.264375046779696277e+01
-9.193713451754700827e+01
-4.246433210002591352e+01
-7.464960837223000567e+01
-3.717311406597855239e+01
-2.182308410123421538e+01
-7.748021302236841734e+01
-1.981731851890614848e+01
-9.165488291683929845e+01
-1.395889732556044578e+02
-8.975522600125096062e+01
-7.155166640551138357e+01
-7.408083397149229654e+01
5.090046643126310499e+01
-5.515728733561138597e+01
-4.665462046892840675e+01
-3.387466554649340367e+01
-2.315316273168743066e+01
-1.379451518804032162e+01
-2.534701725923969491e+02
-1.041298408247147762e+02
-6.547335593439305512e+01
-6.349935799179052509e+01
-1.337988572425174993e+00
-1.918021070735634908e+02
-2.386864260010933378e+02
-6.445343045871025822e+01
-1.099118519963957397e+02
-4.632147575320077237e+01
-3.951523779455013852e+01
-1.580473359497565866e+01
-1.033561014970140519e+02
-4.691879519384448827e+01
-3.119069916711708856e+00
-1.225414927754310241e+02
-1.728602653747672093e+02
-3.393099857122707874e+01
-5.393365559538253251e+01
-2.069652940488157356e+01
-5.644776757831838410e+01
-5.526821164296407574e+01
-3.965170044331586041e+01
-3.176713245886442394e+01
-7.764716265750392665e+01
-4.748011069129058370e+01
-1.943939995868370829e+01
-6.413284578055781537e+01
7.671335942344214232e+00
-3.476372261268510044e+01
-1.205002320882614981e+02
-1.846882765294105866e+02
-4.666015468875642114e+00
-4.622963235869855225e+01
2.813089242023949055e+01
-1.100572424389048081e+02
-1.169677922790881013e+02
-4.277532364918357644e+01
-1.445822768052137519e+01
-6.351426016744397884e+00
-4.496887905937680330e+01
-6.479893487646828021e+01
-3.868086979877271858e+01
-5.420280675320523045e+01
-1.562769650544757098e+02
-5.578086186089446130e+01
1.239581794089330913e+01
-1.178604660469900978e+00
-3.825211834080575954e+02
-2.550998987980960919e+01
-6.508788894469240915e+01
-7.593481905559571032e+00
-1.494115254459804873e+02
1.633621234077082818e-01
-5.306726901992163192e+01
-1.683649504302607625e+01
-7.739865466845483866e+01
-3.728457452890266666e+01
-3.603378825143182951e+01
-5.304018615849297902e+01
-3.385199334599886356e+01
-1.215705321392309628e+02
3.225847637644886845e+01
-2.104946258907069137e+02
-1.273481784735295719e+01
-1.019254399198522947e+02
-6.143467300420734034e+01
-3.766745895603810368e+01
-3.105221037056143700e+02
-1.785788635300566511e+02
-1.213597528042042768e+02
-3.288970168147373840e+01
6.284617499748478053e+01
4.536240803482755268e+01
2.040617258615175444e+01
-2.623117354280419704e+02
-5.329589402165078127e+01
-6.632218603253207334e+01
-1.034327578857404006e+02
-1.074234108085473594e+02
1.413462399131934433e+01
1.757837538664318799e+00
-7.785844222397636827e+01
-1.204327966001674497e+02
1.106386811519473667e+01
-3.453703516951802044e+01
-2.220380391875869464e+01
-7.980655805265433855e+01
-7.895349525039888761e+01
-1.270152696549251630e+02
-3.193868276900608407e+02
-9.198498968346612514e+01
-2.048618307053676801e+01
-3.515263916399905497e+01
-3.426656046268824696e+01
-7.747496878593490521e+01
-7.309162157451993380e+01
1.045610463467524198e+01
-3.566761220099628815e+01
-5.860087088105311182e+01
-7.157089622947566454e+01
-1.558303492229244966e+02
-5.904881652356156962e+01
-4.531734413066077138e+01
-6.864271651328229495e+01
-7.046863641941875755e+01
-1.983293340216135903e+01
-3.770895594641214643e+01
-7.655733834510718339e+01
-9.336780927045752776e+01
2.084394826380676591e+01
-2.211973675747642858e+02
-1.141685369590873478e+02
-4.790119253823974077e+01
-6.354148634576681332e+01
-5.191083384483040675e+01
4.011336502664569537e+01
4.497156503567130414e+01
-9.264543880443633839e+01
-7.350864242969733198e+01
1.759354874903085886e+01
-7.365794215551645152e+00
-7.528966795827119540e+01
4.637165080987847432e+01
-1.164857359499001177e+01
4.539515566872069030e+00
-5.153271751482333940e+01
-1.233029242681298854e+01
-2.396193985718640818e+01
-9.241838036208626761e+01
-9.597758124649277534e+01
-1.829744146477696631e+01
1.675680393381324507e+01
-4.332320816083026216e+01
-5.631599536243130899e+01
-1.879934695414967223e+02
-1.942205744273782386e+01
-6.927679257342609276e+01
-2.204167322411167902e+02
-7.775737026935681229e+01
4.599630138703687976e+00
-2.049053239477245825e+01
-7.655213523492591321e+01
-4.376187758044122234e+01
-1.659613755962168113e+01
2.629002574684095350e+01
-4.331616580794384674e+01
-2.799969757275918880e+01
-3.099737077549464459e+01
-3.810664852390694080e+01
-1.978185746517560801e+02
3.063289216618167643e+01
-6.423267576276562352e+01
-3.662087564278594698e+01
-3.216327587161877943e+01
1.908268713359463220e+01
-8.836518985546661042e+00
-4.087411562869198889e+01
-4.096332246845028635e+01
-9.593656517256177096e+01
-4.137685946694907102e+01
-2.146856585847287135e+01
-3.023959648590381732e+01
-1.233509715048731437e+01
-1.649715699280527303e+01
-1.098208152690995689e+02
-6.955119163172057029e+00
-3.021701791466040277e+01
-4.422284960307916180e+01
-2.689908143391709245e+02
-5.097798075328584844e+01
-1.515335960489311162e+01
-1.562264876423013220e+02
-7.696677555370803248e+01
-2.975487009091122559e+01
-3.159026855752101426e+01
-7.390202042869064769e+01
-4.282141639812726197e+01
-7.149052658713728192e+01
-5.466262112358251102e+01
-6.923485730731380272e+01
-4.584057613580745283e+01
-7.880027370117406349e+01
-7.764003664164545171e+01
1.613562255425452463e+01
-9.321520373188307929e+01
-3.140582018152234411e+01
-8.919500932994547782e+01
-4.380021143025352615e+01
-1.274990653953331332e+01
-3.825717302407942100e+01
-7.216415818572251339e+01
-7.587259272809394872e+01
-5.984307187867983657e+01
8.206841372626485054e+00
5.136718700366702706e+01
-1.558015335702656046e+01
5.944868219491927164e+01
3.312739929112757409e+01
-1.222658400743301854e+01
3.473453436228140845e+01
7.995672799917954876e+00
5.611840334189849955e+00
-8.590705014193824240e+01
-5.376985931092711724e+01
-1.119997453848165492e+02
2.267764375933764143e+01
-2.306924013162523579e+02
-6.033608314030081488e+01
-8.971399361954075857e+01
-3.163672054903643982e+01
-9.592090422942149530e+00
-6.090009579085796076e+01
-1.047691459050526959e+02
-2.863392506451130259e+01
-7.542581063923361739e+01
-2.241913712026651240e+01
-1.915855527791038071e+02
-8.782343256810125354e+01
-8.337809358905406754e+00
2.410730687247159665e+01
-5.073280665210498341e+01
-4.926704266368024321e+01
-7.166116302852742592e+00
-2.575124841901323691e+01
-7.164507186914950410e+01
-4.477295669083790131e+01
-1.164935336584120478e+02
1.679061476021069410e+01
2.061329041386292715e+01
-8.430297630260770347e+01
-4.068107140961581081e+01
-1.352828030740373606e+02
-1.921289496209541312e+02
-3.998653735033262535e+01
-3.222639879844091126e+01
-9.815067454408684000e+01
2.008733180529209505e+01
-6.139197993315050894e+00
-1.000986785009046969e+02
-6.168129594140530259e+01
3.528355392288790426e+01
-1.077400806151054127e+02
-5.433044684906984401e+01
-9.874319410041965739e+01
-1.402355102424209576e+00
-6.838482833896711099e+01
-1.180160944079252658e+02
-4.111746165411766185e+01
-9.112123962200257665e+00
-1.924999751479258521e+02
-1.750013149951446394e+02
-3.292417655799599174e+01
-6.955931548113522922e+01
-6.365737100670992987e+01
-1.792801987762717602e+02
-5.952293083684670449e+01
-6.260523347535240646e+00
-5.657098881142571400e+01
-6.025445746990348539e+01
-1.196149156537686622e+02
-7.555958836229132203e+01
-8.921724074416829353e+00
-2.689474931223024612e+01
-7.379278066004215475e+01
-2.859327594264117067e+01
-1.725929137875594677e+02
-1.237221716839074759e+02
3.998882128825104587e+01
-1.565897914952456631e+02
-6.216594120453757455e+01
-1.038336349328099288e+02
1.442110617717169774e+01
-8.232414552425294119e+01
-3.553927210714192597e+01
-6.832671989041656957e+01
-1.365481865244350956e+01
-3.038907555235272184e+01
-7.390807585122783507e+01
-7.124734191623363699e+01
-2.115941169959355364e+02
-3.805382350264123659e+01
-1.003983520846222177e+02
-4.375064250199288551e+01
-3.723772037222848041e+01
3.800769302020398754e+01
5.122468418021541936e+01
-9.286059316193018276e-01
-9.245666008031719230e+00
-1.284113968999398310e+02
-6.230092387538100240e+01
-8.526777442537581919e+01
-3.291533898485391774e+01
-2.831285648990474613e+01
-2.486230571306299737e+02
-2.180407078878742766e+01
-6.116253557181240552e+01
2.590556879146921432e+01
-7.053888145743209748e+01
-8.661052963798408655e+01
-4.146960125902049299e+01
-1.447108149439087299e+01
1.271623487704762567e+01
1.251477156390165391e+01
-3.564488603499403041e+01
-6.093109546214844130e+01
-2.376409053362093005e+02
3.202907206672384177e+01
-5.702483865738397384e+01
-2.221901035829195337e+01
8.169429379235211286e+00
-9.221822174876838574e+01
-3.667748264354077037e+01
-9.623695611792714999e+01
6.780971983384418422e+00
-6.765157060902336639e+01
-5.613031533206060431e+01
1.388547600047355957e+01
-2.299840565412461615e+02
-5.422673214571594258e+01
-2.122198456641989992e+02
-8.890387657977302638e+01
-2.929540244839377010e+02
-2.146497329021937617e+02
-2.374794332624774995e+01
-3.940971698688844072e+01
-2.018799201966557746e+02
-2.240046333127273215e+01
2.294975645751202364e+01
3.259490817136872831e+00
-3.724180317493221537e+00
-8.404731654894999338e+01
8.343170351876025848e+01
-1.123751117025767599e+01
-2.745135960530391799e+02
-5.968772390129957728e+01
-1.500266172302812606e+01
-3.444532614535494019e+01
-1.078693929204145121e+02
-2.596603191788062759e+01
-4.571369873969415210e+01
-3.070453127830144524e+01
-1.107427895881785673e+01
-1.723438485998238434e+01
8.501459578578052856e+01
-7.499697647502614473e-01
-8.389428585496847290e+01
-6.560621342463701922e+01
-5.006360073568220059e+01
2.629310663545848925e+01
-6.649626089371881221e+01
-1.378767077377918895e+02
-3.298505186961486402e+01
-7.268669183538098366e+01
-1.221128275892113777e+02
1.540374965001100804e+01
-1.401011859158117545e+01
-1.281900697408302392e+01
-2.464311222531115675e+01
-4.806922380198750488e+01
-3.860475343068003440e+00
2.917186806785824160e+01
-2.617529415872158438e+01
-8.523129946419103931e+01
1.971768316684956801e+01
-2.260949288622751396e+01
-1.681971174804128566e+01
-2.516680386677278420e+02
-5.040910242130709662e+01
8.260277629446814274e+01
-6.218704053172999124e+00
-2.657669108089288557e+01
-2.301536817572825555e+01
-6.394065325889400242e+01
-1.855968050008378611e+01
8.546390035711775113e+01
-3.575862434067194329e+01
-2.141191014648528324e+01
-5.702475763832367761e+00
-2.509339576867243693e+01
-6.175719305285394967e+01
1.353374935623831732e+01
9.059479908440093254e+01
-2.749359154935235949e+01
-6.271101228826048413e+01
1.593452589785630380e+01
-3.589509635461854486e+01
-7.097666970169186129e+00
8.838858503842349990e+01
-2.214794916166813721e+01
-2.273202868510695964e+02
-5.196370147449458443e+01
-4.374314885903881134e+01
-1.091331397173375848e+02
3.215877767113005348e+01
-3.630611668986263396e+01
-6.212113311074202215e+01
-7.279283053707912643e+01
3.634850201737017983e+01
1.713267415061898191e+01
-4.997503453590864098e+01
-8.424811248135270603e+00
-4.933172594018870427e+00
-1.325395895006348610e+02
-3.345399044894574558e+01
-1.486340934642637990e+01
-8.279308051295828363e+01
-8.137953117668426728e+01
3.694709195985677752e+01
1.840907128046028163e+01
-2.332801751502070431e+01
-8.537063090589612102e+00
-8.354144108349353814e+01
-1.918194784309654892e+02
-8.385791194128174197e+01
-7.695372395260591247e-01
-5.631864152062981077e+01
4.291561641110127567e+01
1.002962514126667912e+02
-1.392297378136822772e+02
-3.272255420693922190e+01
-2.596887145466612878e+01
-6.121658683885357277e+01
-1.892872320605206937e+02
-2.225407547436490177e+02
-4.754199801667721204e+01
-5.690073921652302147e+01
7.024504667411534342e+00
-1.974360739230900208e+01
2.399275387858993724e+01
-7.191661474858094039e+01
-7.285007979350926632e+01
-6.336090948082031105e+00
3.365239246831393416e+01
-9.660945013941183390e+01
-1.317643184676111332e+02
-4.717943788015801942e+01
-3.791690453313373155e+01
-4.294966745656426355e+01
-1.534799907761762938e+01
-4.787236849251181781e+01
-1.408644608674630661e+01
5.794301574662861753e+01
-5.917689831623111019e+01
1.415840315512173220e+01
7.520942181806802296e+01
-6.406370154585158616e+01
2.006934593448704618e+00
-5.147987608874034038e+01
-6.717325819529727937e+01
-4.800398819679706008e+01
-4.641375347101929094e+01
-2.933111068340693350e+00
-4.827395008199086135e+01
-6.323462554321928764e+01
8.799380349547263336e+00
-4.427796419699971864e+01
-2.250821850326974527e+02
-2.747064189641830012e+01
-3.180244346779157638e+01
1.627027297905019054e+01
-2.327921847961687263e+01
-5.474486681418113676e+01
9.078916356259114195e+00
2.152636460981798905e+01
-1.808043615503493982e+02
9.556738588634331677e+00
-7.659158900483561183e+00
-2.644763324322349263e+01
-4.097474933026134636e+01
-1.501560346837275119e+02
-4.330752617926732029e+01
-2.789518285057896207e+01
-2.686999027303797050e+01
-6.927551452280056310e+00
-1.504326542559866198e+01
3.531374207861745873e+01
-1.873118592489845469e+01
-6.003928926370107888e+00
-5.167048303362548722e+00
4.253311225658805483e+00
-4.441698602253076444e+01
-1.873861670654594036e+02
-1.745395967578061516e+02
-6.530943449782229493e+01
-1.214808086921914310e+01
-2.653625765935329639e+01
-4.921472738921352175e+01
1.020482050199189246e+02
-7.508584526867176123e+01
7.583699270003734227e-01
-1.303167384580582677e+01
1.090317182136605823e+01
-3.111578086660412623e+01
1.778658731829817441e+01
-4.475576986720338368e+01
5.221386813329365850e+01
-3.606496035056979110e+01
-7.609226873991693196e+01
1.584010663635368132e+01
-6.008819188145155010e+01
2.373537387001129773e+01
-3.467598742906746168e+01
2.868736795291269459e+01
-1.141241571307605369e+02
-2.106625413029964875e+02
-1.035050025492395918e+02
5.134867242950249988e+01
1.480229676602289146e+01
-1.870202612797840516e+02
-2.911441099104339401e+02
8.383353207346513614e+01
-3.692325582438125053e+01
5.048676479153201058e+00
4.743529847066071170e+01
-3.474580200308277256e+01
-1.816835736523233891e+02
-1.338914698407567130e+02
-3.860146654414947420e+01
-4.574294405126277496e+00
-9.765756346853464720e-01
-1.803914067460286219e+02
-1.353414166271845147e+02
5.996634082018712775e+01
-1.142695458424295794e+02
-1.377747301988716799e+01
1.925553804382229828e+01
-2.932493122705109840e+02
-1.018051573316436560e+02
-3.348731430527070074e+01
-2.221601774384900807e+01
2.775977071007118013e+01
4.732063208680165189e+01
-4.140823122260684386e+00
3.712697126711077544e+01
6.358647608493316739e+01
-3.381489647177352253e+01
-6.304227309358044806e+01
-1.881873594894059920e+01
-3.583998148472244338e+01
1.032347314572074026e+01
-5.315515454940442197e+01
-1.198377321224533887e+01
-3.108274657531908929e+02
-2.714151874594654146e+01
-2.011578799788168226e+01
-3.947952984861231585e+01
-1.594166272516380332e+02
-2.099300636845134704e+01
-1.718577283915776093e+02
3.663322578218860315e+01
-3.967864854035825317e+01
-5.446659007383900075e+00
-1.771830169916958653e+01
-5.524778420738357454e+00
3.447604198997518665e+01
-5.518681997395418648e+00
-6.678860329346015590e+00
3.564206621038587741e+01
-3.031525857339886443e+02
2.171573801927607406e+01
-2.228113734630497333e+00
2.536086752691015533e+01
-6.824682270275179974e+01
4.690272237360940011e+01
-2.250542064547352084e+02
-3.418302882622612060e+00
-7.091173285938846504e+01
-2.757222247355318245e+01
-8.505270439293747131e+01
-1.477783978214425815e+02
-5.563784542211564599e+00
-4.138111975168125412e+01
-1.678401231098874291e+01
-3.449202635689444207e+01
-2.028246922938428298e+01
-1.002876369873462181e+01
-5.709003069935917551e+01
-8.204079794520154678e+00
6.289118307060512336e+01
-5.188551714463170583e+01
1.304492218522584324e+01
5.979525596386423558e-01
-5.363137411417869771e+01
-3.033133169242853100e+01
6.865772823000824587e+00
1.535696749811616257e+01
-2.594323659603212207e+01
2.027269991240558511e+01
-2.196205373555606855e+01
-3.190029859054696715e+01
-1.430931920808579321e+02
-7.222804631166309264e+01
-1.579403231336965163e+01
-4.219715811983261489e+01
-3.701179463919960710e+01
-5.003665805839403191e+01
-4.815399346434169559e+01
-2.079164463051826317e+01
-4.751563231725158687e+01
3.860021716897236388e+01
-2.109110769739623947e+01
-1.699081981237841887e+01
8.714127718562508562e+00
-4.170759367858399003e+01
-4.419852853405629389e+01
5.400487940350384974e+01
-6.302673735167469715e+01
1.755554842123643766e+01
-3.772889693056600890e+01
-3.441020365992308427e+01
-1.920655520384339070e+02
-1.548257683693281592e+02
-2.211730535767996457e+02
1.055598950434463745e+01
-3.856482347828095669e+01
-2.649878615194305098e+01
-2.239903155599887441e+01
6.191904285919921591e+01
-7.363282758888000501e+01
-1.034791264377884090e+01
-4.360049274132911989e+01
2.387377219153918873e+01
8.236202781709835108e+01
-3.477053376865494272e+01
-4.219484954290537360e+01
-3.496698005062583547e+01
5.051085634737162877e+00
-3.510867349888256683e+01
1.185775233971803289e+01
7.788190222527475726e+00
-1.997827030227109617e+02
1.042272895732804727e+01
-4.646756959493978911e+01
-5.302241327152971451e+01
-2.332471446136099757e+02
-6.085318949712264214e+01
-1.752531155749242231e+00
1.024818413991817181e+02
-1.332625472113813316e+02
-4.391446465998221527e+01
1.395915081137943048e+00
3.598204241253550606e+01
3.301931820237906123e+01
-5.395467800009342341e+00
-1.226982972610283724e+02
-2.348176730265709296e+02
-1.841513942617525004e+02
-1.782832666244812572e+02
-7.359435483956133339e+01
1.725818894686712213e+01
4.135426012763601022e+01
4.123766112576826259e+01
-1.218015961665312830e+01
-2.233020880450824563e+01
-1.274746093195410879e+01
4.877843455518800653e+01
-1.212567095659854886e+02
-5.934171852343524733e+01
-1.782188797696545350e+02
1.922605722715734089e+01
-1.106605062505100490e+00
5.625742083929124959e+01
-5.195206705960497118e+01
-2.408837601976411236e+01
-1.433385641564134971e+01
-2.925171866429465695e+01
-5.550010730086239619e+01
-5.422647291007589843e+01
-3.965910440908572809e+00
-6.160720489615883366e+01
-2.171318108190133671e+02
-8.393546525793524893e+00
-2.189683635467551426e+01
3.641099366250639946e+01
-3.498315226465138039e+00
-4.086477757284582424e+01
5.638889300902376078e+01
-3.037343521191166928e+01
-1.481374414892219171e+01
-9.781593812600107185e+00
-2.393042536531589803e+01
-2.171099352967206073e+02
-1.696544285304644006e+01
-7.298273834061021148e+00
7.592999146855828485e+01
-2.142583939499750159e+02
4.830334339104056340e+01
-9.805354324198276572e+01
-2.424872902339354255e+02
-3.271172580637077942e+01
-9.286315919271766006e+01
-1.038081012838194255e+02
-6.903078575179628729e+01
-7.096597056376261481e-01
-6.471029692207864059e+00
7.964529963994642969e+01
5.001999521798293813e+01
-1.410418347505711267e+01
-2.899823358171255450e+02
-2.633153908186289982e+01
-4.779920761135372231e+01
6.613325507483814647e+01
-1.518500100210331993e+01
1.640828868859128420e+01
1.069449727089658921e+02
-1.058599910996830147e+02
-7.246734693619305290e+01
-4.461563812765231773e+01
-6.641737199581112350e+01
-4.136305742112445216e+01
-1.669336189310523935e+02
4.990829214931942204e+01
-5.035948166560813632e+01
-1.063741795471913747e+02
-4.499674962277822488e+00
8.804256772191664027e+00
1.134993135568547018e+01
-9.868624752387943033e+01
-1.788343236250042878e+02
-5.289896702710163368e+01
-7.948217016781450184e+01
-1.791349322484691697e+01
-9.527948106056388156e+01
1.952062743207522999e+01
-3.492579253205137491e+01
-1.345184652688593019e+01
-3.569528129543833472e+01
-4.396841248767159982e+01
1.721908920503388174e+01
2.877638721757607598e+01
-4.254259090579753888e+01
-1.074044469382596532e+02
5.312197439613309768e+01
-3.398851794210737864e+01
-2.719852157730267663e+02
-1.473708495376036183e+02
-9.270757748886266825e+01
-7.128476876889105540e+01
8.659653028552151000e+01
-5.085173261835834069e+01
6.623316288007771391e+00
2.524855805106440698e+00
-3.247988376263096200e+01
-1.470887925245740391e+01
1.084324786141057473e+01
6.311593552876465907e+01
-6.216545051965164248e+01
-4.808598686870750782e+01
-4.554047569753585378e+01
-1.357881540850667079e+01
-2.284878686673664561e+00
5.676481750401457305e+01
-1.740579809050886340e+01
-1.997620219586679013e+00
-1.703171267576878449e+02
8.599574531086155105e+01
-6.295974411938787085e+01
4.650729746399454712e+01
6.732061884677499108e+01
-2.279321811144760375e+02
-2.553868291515988176e+01
1.138169300609095274e+02
-9.150188026171733213e+00
-1.870606639400470783e+01
2.073300931143754156e+01
-5.162400375466629043e+01
-2.775934236823515278e+01
-1.262762347932706319e+02
-1.297029209752808470e+02
-1.147211694773433237e+02
-5.716627825360535553e+01
-2.091219188466717469e+02
-2.526961183572647940e+01
2.263294538261035882e+00
-4.086490601990223581e+01
2.487916181864254739e+01
-3.068417136252733712e+00
1.290192864320263766e+01
-1.306698509345439163e+02
1.231464216056913585e+02
-1.702419323745652946e+01
-2.319715690263336398e+02
6.551460507556198820e+01
7.888217927963218301e+00
2.035556257681875536e+00
-9.561095826792885077e+01
4.974027657143363967e+01
6.094893613309167080e+01
9.555222185614010755e+01
-5.934394065223415282e+00
-3.393990000220885861e+01
-6.545450126372904265e+01
2.424410402102245143e+01
-5.378744990698515949e+01
6.964494026940286631e+00
5.510203791026265208e+01
5.999209362976372972e+00
2.518795698224901969e+01
-5.692335204629942780e+01
-4.349371546682458245e+01
7.322675786702669143e+01
3.074793989808462413e+01
-2.297069227815097747e+01
-6.546949222197102358e+01
-5.489129705287240313e+01
-4.690653147774911247e+01
-1.000271694686338719e+02
5.183691659519240602e-01
-1.829305772727914245e+02
-1.036513389171631729e+02
-1.139657456929352293e+02
-1.105268578347705954e+02
-3.516466471116066828e+01
-9.231558599627902595e+00
2.594358126536831577e+01
-1.273129436221313071e+01
-3.071385868066055025e+01
-5.811775884941646808e+01
1.209913577537021112e+01
-3.737438119052548302e+01
-3.074979048911795587e+01
-6.433092915995241867e+01
-3.776038334058927859e+01
-7.432303555524513161e-01
-5.416588763787574123e+01
9.742258133226187056e+00
3.931273972037493536e+01
1.216856907636989948e+00
7.429200217280101981e+01
-3.029497177314807743e+01
8.919705825169607749e+01
3.104495032826861234e+01
-2.189989969269673793e+02
-4.379532536108229834e+01
1.461186397216112276e+01
5.419702225817380281e+01
-7.413539724344573756e+00
-5.718078217006835473e+01
4.120716141130175458e+01
2.063200957024818649e+00
-1.537008899827726509e+02
-7.608058941403645292e+01
1.568889238573961897e+01
2.371401803691466981e+01
2.754183707932952174e+01
-3.611348788209245697e+01
-1.305871814773461494e+02
-6.872634665421735178e+01
-2.192473504722707389e+02
-8.066150633839818340e+01
-1.200486924973159830e+01
-2.808033591439286738e+02
-1.492054891924688036e+02
7.971872007536092042e+00
4.756231169722580887e+01
-3.987617535503446220e+00
4.530297040556803978e+01
-3.341981226689689777e+01
-4.922846980627080882e+01
6.091090896067488814e+01
5.672485852726566691e+00
-1.364997152349803855e+01
2.345171002325567144e+01
-4.517058592309524556e+01
4.121293074278824520e+00
1.779088278822892732e+01
-4.023409255080592573e+01
-6.203062841174418907e+01
3.385185897657402165e+01
-5.868292017568516172e+01
2.451651243286503146e+01
-2.414602858560706977e+01
3.384215195070751747e+00
-7.643375707462752189e+00
-3.866826073328627444e+01
1.017186362738240746e+01
4.139031110807568581e+01
5.590554259080084876e+01
4.090477254503882421e+01
3.542589558640401037e+00
9.256291355356879080e+00
-1.493243276838143174e+00
1.323577642593369319e+01
-2.851495123287008937e+00
2.869805455407121286e+00
-2.615978287253031453e+01
-2.785232873958355526e+01
-4.642566015500335652e-01
3.194868886906866479e+01
8.558776054625951701e+01
-1.465475102298586307e+01
-8.990116254056900402e+00
3.399947753084546775e-01
-1.265641287724979236e+01
2.884508018711298405e+01
-2.234580234673989025e+02
1.152147525857070463e+02
-4.434856961638178063e+01
2.971409730668256088e+00
-4.993178142803714081e+01
-1.301520076565260808e+02
-1.550106776822708810e+01
-4.218753332675095180e+01
2.241397713314125895e+01
-3.140802966738608859e+01
-2.746072371566830839e+01
-2.476433015396077053e+01
3.152766744811081168e+01
4.705741531903822761e+01
-7.376312231281670506e+01
-2.307048671474621813e+02
-6.303620115423633763e+01
-1.579631631702571326e+01
-6.706945412745788815e+01
-5.961686481257265768e+01
-8.669605727472847434e+01
-1.494874283938895019e+02
-3.113704807229072458e+01
3.978239476050121937e+01
-1.088482924674472372e+02
-2.763223128932817474e+01
-1.980249248015006174e+02
-1.878667538525107261e+01
3.963939981234091192e+00
9.131771244389310027e+01
7.362113936940616554e+00
8.121378676956155118e+00
4.180262644726177257e+01
-4.126366047478839505e+00
4.393597971783322009e+00
-9.696714444285063905e+00
3.365144280862717352e+01
6.616878516031979984e+01
-1.196786409558731776e+02
-2.110618912989921796e+02
-3.693778913836132460e+01
4.581080980350833443e-01
7.927657180363740963e+01
-2.368048463357484934e+01
-1.163793458616528298e+01
3.054293977019597861e+01
3.947074464989638898e+01
1.841549903869763227e+01
4.565951446648636392e+01
-3.804952919234523279e+00
5.978751903240478782e+00
4.998259829961339307e+01
3.205221406590203514e+01
-3.552795153012615970e+01
-1.527032914002537609e+02
-9.028201159276548537e+00
-2.212355702568204663e+01
3.088774965676967099e+01
-3.769063552602986533e+01
3.364378269741570904e+01
-2.748095743770434751e+01
-1.409372280990045567e+01
-9.059788688885612373e+01
-4.327342365054428797e+01
3.189761217872890597e+01
-2.040425627679501019e+01
-1.041368535741379731e+01
-1.627481219905995999e+02
-1.988797749488576301e+02
-9.925019266391899464e+00
9.343215048273009415e+01
-8.717514553543064437e+01
-2.307687590649214826e+01
-5.681850959807306367e+00
-3.341823460849072092e+01
-2.351042265646162477e+00
7.905882197231434816e+01
-1.234378700238889905e+02
-7.777562510780694538e+01
1.816712786327864038e+01
-1.884994317884734016e+01
4.447435757113598243e+01
6.618719520638712162e+00
-1.365637936076922472e+02
-3.573883945436134013e+01
-4.327988632917484324e+01
2.009928688119245521e+01
6.113500910624192386e+01
4.392370394136857215e+01
-6.793999057529671859e+01
1.063907009246584892e+02
-8.419429045350476315e+01
6.019799117101451458e+01
1.099752096366574818e+02
5.729779162949776605e+01
2.404266695871439197e+01
-2.267484769055269567e+01
-1.954565311409663764e+01
6.868794987107669670e+01
8.325130267002050743e+01
-9.107312573480204776e+01
-1.022484354697733977e+01
-3.889169035893304738e+01
-1.108564549451163828e+01
2.960346547517066540e+01
-4.876705169819148011e+01
-8.248052812721999771e+01
-5.674727927218654600e+00
7.173840372704898982e+01
4.302326497619992551e+01
-7.622445226146436426e+01
1.053419170562780351e+02
3.138270814865033032e+01
-1.218166021262214258e+02
-9.705580438476516747e+00
9.136088036355106112e+01
-2.532050264614042874e+02
-1.259993747175184176e+01
-2.803763291173950734e+00
7.160342275465699124e+00
2.674895183376372643e+01
8.316383463627091999e+01
-3.765934552237312971e+01
-1.585171364093941690e+02
-9.786814752472130863e+01
3.179645783277186410e+01
4.941236129172127534e+01
7.175449462536967360e+01
-2.055287795748395752e+02
2.953431875760424319e+01
-4.373120704810551729e+01
6.500628560810253020e+01
-2.295526385995675298e+02
-2.320599162856363762e+01
1.834488202210032881e+01
-1.114796028780380084e+02
3.352528167951834348e+01
-4.585041935106691824e+01
-4.662592351343280939e+01
-7.567157828867868830e+01
-2.025662022417727712e+02
-7.902324041020919232e+00
3.514041868519895218e+01
-8.980034264002654254e-01
4.852846206619146585e+01
-1.663439902633577674e+02
4.482098210463379218e+01
-6.030251366746121278e+01
3.543179457410900568e+00
1.102869460536466306e+02
5.438111037664118896e+01
-5.439444267689809465e+01
1.380452655103202630e+01
-2.586778080372128841e+01
2.122081374658080222e+00
1.029368496402283313e+02
-2.459352903896717635e+01
2.607798900557685684e+01
8.000778478226148138e+01
-1.638211295167733397e+02
-1.038911214224611967e+01
-2.898953224086267610e+01
-1.304015867375809989e+02
-1.241766041592754277e+00
-1.462232974863479740e+02
-5.316138937691661681e+00
9.884116001302197674e+01
1.932790636094553349e+01
-5.963144310349180444e+01
3.467946873579762723e+01
-2.414241921335361951e+01
-1.345022205321464241e+02
-3.507391475955988369e+01
-1.095869094487732696e+02
2.833369476069864845e+01
-8.044548776284827341e+00
4.721657457319139439e+00
2.188805684845419819e+01
-1.470769854251630022e+02
-1.534524098857721697e+01
-2.017945066296067864e+02
7.719112424254328175e+01
3.237735519911097981e-01
5.433839586005791489e+01
4.282738434884329592e+01
-1.661997447314307408e+01
2.111736558896078009e+01
5.962966528893565510e+01
1.019292448085843716e+01
-1.845899431380269107e+01
8.939426563622504318e+01
-7.283662928949438253e+01
-1.726331158417779932e+01
-1.579509789190223330e+02
8.184940916996616522e+01
5.406851514290664795e+01
-3.817444422743427879e+01
6.107218892420462453e+00
2.285448496559422438e+01
4.913221163799828162e+01
2.978527222727228363e+00
-1.891776968808133574e+02
-1.588260850357778331e+01
1.847358625766467810e+01
-7.708193604617808603e+01
-3.743599738237125507e+01
2.029621089255446975e+01
-6.408040039684452438e+01
5.352475026415888237e+01
8.530349542479304148e+01
2.819157395364129570e+01
1.202447476427799700e+01
2.220266957758705928e+01
-5.779325323576057372e+01
5.076252642880844235e+01
5.916170223789666949e+01
-3.227041400775065938e+01
4.165782241158069610e+01
-8.713019559603608855e+00
-3.017674557190551354e+01
1.144079180306815715e+02
-1.655522142420021225e+01
-4.638554577695438752e+01
-1.857226533867401130e+01
-1.206363962453541205e+02
4.587665464823494688e+01
8.376833937691480969e+01
-3.395138174471006209e+01
2.260893039225410917e+01
4.303719417195301844e+01
9.343489888184447523e+01
-1.248270850039737780e+02
6.632124755877669031e+00
-9.784188238469197074e+01
1.560326298968668368e+01
7.285666620778556535e+00
7.950673506205146168e+01
9.946140981906029310e+01
2.614933222219359266e+01
-9.209920794998197380e+00
2.450503896128537917e+01
-9.836679648606218507e+01
3.342877806628684567e+01
-3.649931663488250422e+01
4.086246436764236023e+01
-1.113202730399815721e+02
-3.994691657633377702e+01
-9.557588399959917069e+01
-4.060395447634402899e+01
8.252456316089755717e+01
-1.861307442372485070e+02
5.996402865948866179e+00
-1.771324026809911913e+02
7.608853284812342110e+01
-3.980702444641366355e+00
3.908226800030061554e+01
-1.777971226630042167e+01
-5.032646444906173855e+01
-1.183231147362843672e+01
-1.502232910935764494e+02
2.052569998452877087e+01
6.559295239516832510e+01
-6.501764313006432872e+01
-1.358174875308696983e+01
-7.041994513918425014e+00
5.962390091251748458e+01
4.646804344277477838e+01
3.969434140340606376e+01
2.545895180474758490e+01
4.805824587195493791e+01
-2.703137024269594235e+00
8.115648658500354884e+00
1.216033654791763894e+02
2.815523051551079448e+01
8.103185878041512069e+01
4.319499316722603766e+01
4.131732112982643912e+01
-1.077706736874661431e+01
-2.268889547951545183e+00
6.071073869673816858e+01
5.443475018661138165e+01
-2.929684760688414258e+01
4.646891344520867051e+00
6.378970062858741130e+00
-1.513047117097919170e+01
1.667118408629391979e+00
-3.785361100807165258e+00
-7.997230261466100387e+00
-1.641876151818152607e+01
-1.120920905552472249e+02
-7.688515538531083848e+01
4.198763101749860738e+01
-4.716754309356814190e+01
-2.747563967765536574e+01
7.232745137189414208e+01
-4.461473201980764713e+01
1.501531731541582815e+01
5.053748184094334306e+01
7.501151881684253908e+01
9.714057930945566000e+01
-1.669510205610414744e+01
-1.593801839346842257e+02
2.063286296420302790e+01
1.189015163439007381e+02
4.822428108189453866e+01
1.978192831737203505e+01
3.304300796400474383e+01
-7.439723181370038674e+01
-1.714797972087137055e+02
6.806849034714657876e+01
9.870194153360196765e+01
3.576429978572579671e+01
-4.359413565554858394e+01
-5.607348923251961992e+00
-4.611304950087543375e+00
-4.078337067410956251e+00
6.038665208849920418e+00
1.148477807359526537e+01
1.059317683909945629e+01
1.620430046230816501e+01
6.189573394269827844e+01
2.811812859746802928e+01
6.226575435823619387e+00
9.746343285550125302e-01
1.275283330953101313e+01
-2.990696534098805159e+01
2.065011042999080004e+01
9.687948399088429596e+01
9.420382689552776867e+01
-1.459245123702549307e+01
3.159886995881080907e+01
5.716173542510938432e+01
-5.560393372520096023e+00
5.990595403646430839e+01
-4.301909699375403306e+01
-3.545510732062517434e+01
-1.676198096154580242e+01
3.558357044025037652e+01
1.845070826961745070e+01
4.894504338813278821e+01
1.875411294732026590e+01
4.870080204547873848e+01
-9.418759204954804432e+01
7.966881017313249913e+01
1.331229619470204000e+02
8.954687696693312660e+00
2.644396952786549093e+01
1.159182664775704126e+02
-6.885576830032204043e+01
-4.327366562219567925e+01
9.507005749518594939e+01
8.877654462703075922e+01
-3.001781353338817837e+01
-1.653276703456367613e+01
-2.173203140109610558e+02
-2.285013228886190007e+01
-1.166587520699248159e+01
1.132802637358778242e+02
4.600684301222884187e+00
-1.129095782820512284e+01
-8.054253828131326998e+01
-2.160628041959074608e+01
1.210137200819836920e+02
4.257997648996769158e+01
3.252284843463056063e+01
7.547258642868845868e+01
5.913462613623013198e+01
2.555702080557141187e+02
1.006903377140961737e+02
-5.356719945112345727e+00
1.765329243836594060e+02
1.964172160134978640e+00
-3.079161631388538467e+01
-5.519983418069820402e+01
-8.725899116460860583e+00
9.886751753900753670e+01
6.638512763268832373e+01
9.861074200566548598e-01
-3.599692647919431465e+01
7.827268860445093424e+01
6.081459041840738422e+01
-1.286366567764133606e+01
-2.655398443440184337e+02
1.056037910878370667e+01
4.558564039175948324e+01
1.372124537688461032e+01
9.757724455139589281e+01
-5.771941532647510087e+01
1.195945492569379951e+02
5.130031558202555431e+01
1.075716384363882980e+02
1.491045489308849312e+02
2.249556210676513679e+00
9.904570138726855077e+01
-3.448771244350635357e+01
-4.669477301088107879e+00
9.088674608321251469e+01
-6.289932097258898125e+00
5.065099809396170372e+01
2.319629805228215957e+01
2.791670309277921547e+01
5.293754673570383318e+01
1.020966543099425223e+02
1.387214844413055914e+01
1.010653783565784636e+01
1.282339307370430106e+02
-3.589850166644106366e+01
3.402780669226547161e+01
1.427132147248144634e+02
1.085272042244383783e+01
9.407024379050500329e+01
4.489659691486320980e+01
1.023123386063862057e+02
6.742063046886426037e+01
-1.215475608461986781e+02
1.451098587397206074e+01
-3.781892064404388520e-01
-3.770071265426949481e+01
2.803748384380955372e+01
-8.585349623792950524e+00
-3.827933013740839385e+01
-2.209100635627097517e+02
1.431535184662284621e+01
-8.128496566843585924e+01
-2.016064290451962115e-01
1.294636491786325792e+02
5.653968710459905367e+01
8.352526717197605421e+00
6.274388643386942022e+00
1.468575051991426861e+01
1.088788579720598335e+02
2.842301928411427525e+01
3.316903514374681095e+01
-1.274588211512366911e+02
-7.793524298442268616e+01
7.786476243037860456e+01
6.464465445964995638e+01
-6.917414085170776161e+01
3.677594157657810570e+01
-1.525837068160723220e+01
5.882269347082740296e+00
4.266531852472954256e+01
-3.489980771535201143e+01
-8.389945097117947626e+01
1.008861848657878966e+02
4.083090149764188936e+00
-5.747576883433190886e+01
4.166624603304572361e+01
8.129058247331914799e+01
-1.890996909434295787e+02
8.255467376112386546e+01
3.903183545515486230e+01
-3.296957780746740241e+01
9.768590036436935975e+01
2.923783078745239550e+01
-3.716422721623722225e+01
2.791382625713616150e+01
1.063675350733959668e+01
-5.446485794648467049e+00
-1.562653254210185594e+02
-1.338113484807666396e+02
-1.059550521165430297e+02
8.527409261412464048e+01
-2.421020203751284328e+02
9.507568547876047660e+00
-2.524969645074818914e+00
4.092913132248196462e+01
9.117322368362042084e+01
1.697155736360014089e+01
3.991441883580949224e+01
6.604657006161519917e+01
7.215741111817271758e+01
2.682897984447642159e+01
3.375185586855252495e+01
-2.953256230539798821e+01
1.292715263880822363e+02
