-1.306911812969635776e+02
-2.804351790438270200e+02
-3.437631159518977029e+02
-2.081458728848886039e+02
-4.030147631787126556e+02
-3.333781219541390328e+02
-2.672248164426147241e+02
-5.386787882658257587e+01
-2.359367992548227733e+02
-8.690358058136999375e+01
-6.027828613546960241e+02
-2.502500839707688840e+01
-1.140964242807417719e+02
-3.155903199911833781e+02
-4.241532344328575732e+02
-4.364452552652186910e+02
-5.352886623394225296e+01
-2.086990817163324152e+02
-1.037178685410390102e+02
-1.287424844536501212e+02
-9.876076698471956661e+01
-3.464101998117746462e+02
-2.874712060481242588e+02
-1.955444127659116589e+02
-5.621937464827626627e+02
-3.066823179764114684e+02
-2.364490090513869518e+02
-9.320771725197664637e+01
-6.537853434601689173e+01
-3.376628096181390219e+02
-1.196380910421520696e+02
-3.877247297638498935e+02
-3.582335248736181939e+02
-2.509250214182491447e+02
-1.055233658531322760e+02
-4.375360673760771419e+02
-3.234400212981448703e+02
-3.714273236409413812e+02
-3.543563921028469963e+02
-2.788272142545639554e+01
-2.495359926194620073e+02
-1.539088094078632025e+02
-1.053824471311501014e+02
-3.207499505165773712e+02
-9.628665858403580557e+01
-1.045732148763693772e+02
-1.351200081561853494e+02
-7.678131191818408752e+01
-2.652048002832742668e+02
-3.786666189460750616e+02
-4.609545700334821845e+02
-3.919207971619444493e+02
-2.425834385209724076e+02
-4.373823433326947452e+02
-4.757795930966194078e+02
-1.593736441322007522e+02
-1.970773760892232644e+02
-9.517263946813724829e+01
-3.516603471641363967e+02
-7.072773179857465209e+01
-6.026188488250306818e+02
-5.494400559915983706e+01
-1.514511237251448961e+02
-1.356378926797339659e+02
-9.325539550734261240e+01
-2.786160511907770001e+02
-3.715475777115970573e+02
-1.415550654323221238e+02
-3.436949845868916213e+02
-7.763327691547033282e+01
-2.029916862279591214e+02
-4.765975818847751384e+02
-3.229738269965451991e+02
-4.011292654274265601e+01
-2.555374194568328221e+02
-5.825824946457640152e+01
-1.963819566950135140e+02
-1.050197145770748648e+02
-3.633338065829770471e+02
-2.563654819140720065e+01
-2.114344457813757572e+02
-7.189826906661792805e+01
-2.613474402593028572e+02
-5.907182150310897839e+01
-1.739575748966759363e+02
-2.142297996321868823e+02
-2.002016566939109339e+02
-1.174209293881830121e+02
-3.515136409856006594e+02
-1.567921145170884074e+02
-4.595564256812759254e+02
-5.504612718438340835e+01
-9.269404810998105404e+01
-2.349562455953282551e+02
-2.978742683920228274e+02
-1.234041462097974318e+02
-4.172442159005856297e+02
-1.187470330230000570e+01
-9.423692306609710556e+01
-2.916395606527785276e+02
-3.145658308575196429e+02
-3.334270117576792245e+02
-2.111218371341905709e+02
-5.035269809810572497e+02
-5.220968130255096185e+02
-1.863580616573419775e+02
-1.254779025514138766e+02
-3.100055686896939164e+02
-1.600448712916193301e+02
-1.312517480020605944e+02
-4.228198806802132594e+02
-3.331557879941723286e+02
-3.464465360255660471e+02
-3.290866605605602899e+02
-3.006054101947900108e+02
-4.647995342818699669e+02
-2.748804965195214436e+02
-1.395083103343361870e+02
-8.440061675808438224e+01
-3.263673132936484080e+02
-4.477510730943936323e+02
-7.066605050589635084e+01
-1.511480340595292091e+02
-2.594904255401243631e+02
-2.430719934045212369e+02
-4.105722225056500747e+02
-1.738675602669292743e+02
-2.909316571717808984e+02
-3.259668651455368718e+02
-2.434379670824794175e+02
-5.639074469586414580e+02
-1.256781847743567511e+02
-1.644347234803647098e+02
-2.622705264231664160e+02
-8.116318478282776994e+01
-3.548738363044903963e+02
-1.393705007548827552e+02
-3.926963223289446603e+01
-3.879431427108761454e+01
-5.715203403248089842e+01
-1.047392905406372279e+02
-1.459273625645282095e+02
-2.201546387552704118e+02
-6.691037987980294588e+01
-2.276513812364409262e+01
-7.669740777925414932e+01
-4.577409349540295835e+01
-4.041055699273362620e+02
-1.640390599361325599e+02
-2.612944966131938713e+02
-2.008856732075614389e+02
-2.379526605601051585e+02
-4.022096869042039202e+02
-3.641014181953602815e+02
-1.782649962832493316e+02
-2.165820088251388427e+02
-1.170078437448630950e+02
-8.180874974737380967e+01
-2.252812540006453332e+02
-2.691377165612482258e+02
-1.772289884087932137e+02
-3.360289470872858146e+02
-2.927857885524025505e+02
-2.721548465694747847e+02
-2.274267293528884011e+02
-3.493697919260318372e+02
-2.510804803921929818e+02
-7.633092632750916096e+01
-1.246173561894275252e+02
-1.383128857203766700e+02
-3.588743973961650795e+02
-1.813727118763666226e+02
-2.917231996634319557e+02
-3.854077629374428966e+02
-3.336425721669356790e+02
-2.009902534462295307e+02
-5.375801994622037938e+01
-1.413209675313486855e+02
-6.579542962796158179e+01
3.431537501022052083e+01
-1.251971436770965340e+02
-3.589816939256458284e+01
-7.223873135083960051e+01
-3.428302685249434489e+02
-2.899099121678231086e+02
-5.110672365284433738e+01
-9.724290847475585053e+01
-6.381685024485386748e+02
-3.449519320444950381e+02
-6.381724874718476030e+02
-2.985322895162520354e+02
-1.577904491740686126e+02
-2.784897921737698425e+02
-2.738121732124960772e+02
-1.763076544194184123e+02
-2.929237578896795640e+02
-4.112467070295321037e+02
-3.804851901874639566e+02
-4.476206688642839708e+02
-3.641104436336131016e+02
-1.419196540920116263e+02
-2.539621511751852267e+02
-3.101721794463704782e+02
-6.384304479678747413e+01
-9.324355134798774714e+01
-2.182490778429682052e+02
-9.330646008651352474e+01
-3.869555922953604181e+02
-2.278285811703142372e+02
-3.783660899460834912e+02
-8.571658904308989690e+01
-1.359740693101703641e+02
-3.626130316888052221e+02
-1.957704036021909531e+02
2.691596710290723138e+01
-5.362217453924549204e+01
-1.383056678019461572e+02
-5.811977238050274508e+01
-1.896654441125699009e+02
-1.931739799615232016e+02
-3.293219140683469277e+02
-1.996976106300215292e+02
-4.304928584235283324e+02
-8.742173885949462431e+01
-3.772384335497951042e+02
-1.549240858538492773e+02
-6.215725322987884738e+01
-2.283671091154690487e+02
-5.335474084824554666e+02
-6.899477477890576438e+01
-1.645604666086339876e+02
-1.127499258972166842e+02
-4.386514977954114443e+02
-1.783153155503753169e+02
-2.115421475170316796e+02
-3.369937293595920664e+02
-4.274591871682587225e+02
-5.792971851229428921e+02
-2.731264415222334492e+02
-4.821499482429036902e+02
-5.322820179183099043e+01
-6.859447236545584303e+01
-1.447515856746107090e+02
-4.188458392381265298e+02
-4.117145607038569324e+02
-2.413412574682237732e+02
-1.298091089980377433e+02
-2.099916905683750770e+02
-5.134458105748994683e+01
-2.396856040491126691e+02
-4.898742699958359026e+01
-3.189798371738067999e+02
-1.525037809207715611e+02
-2.857824868644240723e+02
-2.928485116357421703e+02
-1.129975205715233244e+02
-2.776918749116269964e+02
-4.053174119998038805e+02
-2.750296977113222852e+02
-4.813190249519842610e+02
-2.015615033676653525e+02
-6.739156243471522600e+01
-5.782113696018612359e+00
-3.039795448240055293e+02
-4.617581295386889906e+01
-4.339241844595177326e+02
-9.096190255600028252e+01
-1.951080279116255838e+02
-4.082968459153782987e+02
-4.496807714092628885e+02
-3.633790936702531553e+02
-1.409137598323036116e+02
-3.471149050888329839e+02
-2.648654168359200867e+02
-2.931213907415943822e+02
-1.824690700753535566e+02
-2.128243171113076073e+02
-1.621414892515309418e+02
-3.157401691515032098e+02
-2.952500797182203769e+02
-2.352451935432374341e+02
-2.320767534062037782e+02
-7.769233681388948298e+01
-3.780522983502722241e+02
-1.046861314734827744e+02
-3.876722636835348794e+02
-6.490386298277110200e+01
-2.989190839416883705e+02
-1.614954242799229291e+02
-7.871338387773172940e+01
-4.928784961962747388e+02
-1.377516184391936065e+02
-7.866144299283244834e+01
-1.228986344802991937e+02
-3.824775759210278352e+02
-3.243300854714101433e+02
-9.930768652096352866e+01
-2.155501563271508303e+02
-2.285739824553745336e+02
-6.997433228738744049e+01
-2.208719555218857806e+02
-8.539757127607428799e+01
-8.102671805355829804e+01
-9.714092169757928730e+01
-2.859859418499380013e+01
-4.744285855703394645e+02
-1.622082917802862596e+02
-1.338696767951648781e+02
-3.110074779658369266e+02
-4.568026601485329365e+02
-3.448484283555468721e+01
-9.226766521206064908e+01
-2.897278903107573456e+02
-1.552168375916143077e+02
-9.357849320857492614e+01
-2.363809679494482339e+02
-3.033917903544019055e+02
-2.096633115375556713e+02
-3.343978096581045065e+02
-3.730005960682835848e+02
-1.845302490436193921e+02
-1.207335840596326477e+02
-5.811301425013910205e+01
-5.000496128934740341e+02
-7.939137693706332755e+01
-1.491852153179988250e+02
-4.441790703468793708e+02
-1.174733897442890509e+02
-9.650990714011278726e+01
-2.647757965314279431e+02
-2.115820724146124121e+02
-7.775377985116426771e+01
-1.164888062144023877e+02
-5.417770817714454523e+01
-1.559554475943670013e+02
-3.349719240460946139e+02
-1.899718606520275443e+02
-2.246055944075480681e+01
-9.672448125040070011e+01
-2.909267276266425597e+02
-5.833069415094880128e+01
-1.527241468378957450e+02
-2.693343610727064288e+02
-1.046919885178059246e+02
-4.409229545081733477e+02
-9.509690713850454813e+01
-3.522934979346584896e+02
-1.378995781089237482e+02
-1.347019067691298062e+02
-3.588704889304883636e+02
-2.038620835420325363e+02
-8.308973377514111291e+01
-2.987702449592621861e+02
-1.895306629992745115e+02
-1.298104248649368344e+02
-1.330233837701175048e+02
-1.653479294796682098e+00
-2.609218107192644993e+02
-1.328405620570528356e+02
-3.439187696690177063e+02
-1.696556516057099202e+02
-1.476088138576718620e+02
-5.783861241086191285e+01
-5.291790145541617107e+01
-9.260343523166000068e+01
-3.107656163673059382e+02
-9.009174321115324346e+01
-1.126319964657913033e+02
-1.665438413332070127e+02
-1.575633646895377922e+02
-1.598012591160624538e+02
-3.521420400636062595e+02
-2.659551805178990094e+02
-8.424620516961181238e+01
-7.285885177713217331e+01
-1.206870205018529134e+02
-2.519836974675283443e+02
-2.706722356791594848e+02
-1.057339301222232564e+02
-2.591312517509695681e+02
-8.998682178486384942e+01
-2.677944985914545555e+02
-1.817579437763614294e+02
-5.337326984718722400e+01
-1.883450567714843373e+02
-1.066588297873076101e+02
-1.683027363045200104e+02
-3.005882983301440845e+02
-8.586682194106474242e+01
-4.600783717319305879e+02
-8.236839333553098186e+01
-8.962379796636022888e+01
-1.497494116153081336e+02
-2.579015112422283664e+02
-9.040233808028079920e+01
-3.541418908688062288e+02
-8.732602386308460041e+01
-8.904780625339569156e+01
-2.441921658775235642e+02
-3.075656426877980039e+02
-2.443410583813869721e+02
-1.824867664144921662e+02
-9.863283141105371499e+01
-7.513336487024761823e+01
-7.259976362785498338e+01
-5.603116682745366717e+01
-2.153800412467429055e+02
-1.546526553057538820e+02
-1.385613094914984913e+02
-1.117035504022879167e+02
-2.367566776325995193e+02
-1.264861138661623841e+02
-8.198524510914006669e+01
-3.211907707809338035e+02
-2.828326594221856567e+02
-1.603540143374836191e+02
-1.141483367902566215e+01
-1.278645375783825102e+02
-1.857439377246336676e+02
-2.735806758879232348e+02
-2.380948813163748810e+02
-2.966461665894109387e+02
-2.163328378881818992e+01
-1.479280495511433458e+02
-2.214829541783861941e+02
-7.174111399232515396e+01
-5.617710927897136486e+01
-1.373282398663128845e+02
-5.120098875725566501e+01
-4.552042997572976333e+02
-2.614714299352252738e+02
-1.309601143233736025e+02
-2.570687387044921479e+02
-3.620538312823720162e+02
-8.735573985696403554e+01
-2.983238966054278194e+02
-7.871505513957964695e+01
-9.752240323122356358e+01
-2.168036744427635654e+02
-9.103736857816181782e+01
-1.095942313988104360e+02
-7.022087670132670212e+01
-1.164443113653655928e+02
-4.237826265768737244e+02
-1.640088476140465730e+02
-3.536988144417495050e+01
-1.251177062996258087e+02
-2.447233950947626795e+02
-2.454599879900110579e+02
-1.238628228737397166e+02
-5.542615236387269562e+01
-1.711476126892765421e+02
-1.402184721753524741e+02
-6.428302466927320324e+01
-2.470431738734163787e+02
-1.629434567133706082e+02
-2.327171174667658420e+02
-1.406496713905966658e+02
-5.434601974701829619e+01
-3.094822506676753164e+02
-1.092492107580702765e+02
-1.099889634874067212e+02
-8.404062699466201991e+01
-3.951029062087346233e+01
-1.996113385383959553e+02
-2.279456684827957247e+02
-9.172484946608440737e+01
-3.070158597443510189e+02
-1.178172230147385733e+02
-1.174162571318821620e+02
-1.876612412566522892e+01
-1.111760129504151422e+02
-1.136511671776780474e+02
-3.513393961275445463e+02
-2.251157868249139256e+02
-1.074656865095534215e+02
-4.575132161130090367e+02
-5.387118018809601949e+01
-1.042185962699491455e+02
-3.214580403189870594e+00
-1.005209836737793268e+02
1.577010174784177821e+00
-8.164155123847363882e+01
-5.354037414692709973e+01
-2.539683384376519655e+02
-2.052611933905746469e+02
-9.900625093468859461e+01
-5.979545883559686104e+01
-1.102368115418580601e+02
-9.432797918086167499e+01
-2.828864966066735178e+02
-9.583720363736749448e+01
-4.823439623817075272e+01
-5.679002184835276523e+01
-1.447227639303925457e+02
-1.328381346709206241e+02
-8.289079922762071817e+01
-2.622795850780638602e+02
-1.207543088915135172e+02
-8.788342106011282340e+01
-1.115292046090175262e+02
-3.634865212697514494e+02
-9.693679101533403752e+01
-6.854597419545551418e+01
-1.053489582177441548e+02
-6.394512632071224800e+01
-1.776201003522064639e+02
-1.486995426960733653e+02
-1.094859448590266311e+02
-4.200870542334747029e+02
-2.802699088698588525e+01
-4.036491093594555650e+02
-1.157496710433578073e+02
-7.915960488891612101e+01
-1.643528697843058808e+02
-8.903621525958436678e+01
-1.759149534441144738e+02
-7.952771244001489492e+01
-3.829413791591711060e+02
-3.313271055458263845e+02
-1.256943865179325996e+02
-2.299195356156984360e+02
-1.193346854562529558e+02
-1.341091760654122993e+02
-2.803815954745422232e+02
-8.968372949318467136e+01
-2.609925676047968182e+02
-1.095485231089149636e+02
-3.489076273820535334e+02
-6.539898227314573376e+01
-3.728286814687962760e+02
-2.202983934127292969e+02
-6.091581866648982668e+01
-8.703747366086855664e+01
-1.888280395400354337e+02
-1.149540616501952570e+02
-1.006942692315255101e+02
-1.086052848840969602e+02
-2.296711159983852610e+02
-8.893454034168780709e+01
-1.073617427341572608e+02
-2.083154836733817774e+02
-1.108658842651874608e+02
-9.564031757661867061e+01
-7.952048135107160931e+01
-5.748792344694416556e+01
-8.952775347029296427e+01
-1.387721094889072901e+02
-4.109318429752452317e+01
-1.405246969646642583e+02
-7.287153509357486314e+01
-3.524627647877474601e+02
-2.220950622599038695e+02
-1.052603018129109387e+02
-1.589542406560750862e+02
-7.436644482218892449e+01
-1.891182810343200060e+02
-1.146845439513587621e+02
-2.261525853195282139e+02
-9.772390911444395556e+01
-6.953441748569329661e+01
-8.058309380080515893e+01
-6.187224598450301016e+01
-9.002842713113496131e+01
-1.144570848784824761e+02
-1.235116787660772815e+02
-4.195046796831594804e+01
-2.033597817513779660e+02
-2.225847182991635123e+02
-1.438904380312435762e+02
-9.712142573587591698e+01
-7.128258297648517328e+01
-1.619774920992234115e+02
-8.471065834299946573e+01
-2.771191861093895170e+01
-7.618406887401214078e+01
-5.815515885241844529e+01
-3.391613549505478886e+00
-1.377997551420050399e+02
-5.355508972122562739e+01
-9.313993618206677638e+01
-2.076039732539138072e+01
-1.302373674054909429e+02
-9.982271338765966107e+01
-8.509520809866086211e+01
-1.376711402403881266e+02
-1.032504607400153134e+02
-1.193424792431880661e+02
1.471291546638494196e+01
-1.012617976167313429e+02
-1.288570577524329508e+02
-1.344610594372689434e+02
-1.629368497374440778e+02
-7.583281289095776856e+01
-3.031420107399650306e+02
-2.098866357713579305e+02
-7.170114469489067233e+01
-3.259792942306415853e+01
-1.838825134037415978e+02
-2.060961942682200458e+02
-8.909802991461347688e+01
-1.302100725066475775e+02
-3.026602652929125270e+01
-1.148748676411592697e+02
-2.158251149157254929e+02
-8.464160851266676389e+01
-2.320627002235388545e+02
-5.733919348097644786e+01
-5.150186671361493040e+01
-1.699635617631510058e+02
-8.822950381094048566e+01
-5.879713445740927824e+01
-1.122128106700635897e+02
-5.421911480577618647e+01
-1.173260427930063088e+02
-1.058911202999614574e+02
-1.941391115084620083e+02
-4.359351807527945510e+01
-1.535644200921133802e+02
-3.490174018164626659e+02
-4.015691682020600410e+02
-2.070769591510111809e+02
-2.666808636409545556e+02
-1.803885162251054339e+02
-4.248139002458565017e+01
-3.693347198204801884e+01
-1.512102888383338382e+02
-2.147579357204684811e+02
-1.185352700309337024e+02
-9.520852408463153438e+01
-1.466543368135043579e+02
-1.141495092804210429e+02
-1.923244081660212714e+02
-1.121820488654018391e+02
-9.193289760085899331e+01
-3.333553286488208869e+02
-8.795432369935889483e+01
-3.740289303762698125e+01
-1.760654223929694240e+02
-1.016280278340266108e+02
-1.140699766569888141e+02
-5.469704959271030020e+01
-6.729233765713769344e+01
-1.814820680242006006e+02
-1.572561837429031755e+02
-7.655850510630241956e+01
-1.348420649457810043e+02
-7.731881116548501609e+01
-5.702532160357856839e+01
-8.656413657655997440e+01
-1.189954935218155896e+02
-1.795074510201067710e+02
-8.772848721078725021e+01
-6.402937873031510208e+01
-1.143014467785784802e+02
-1.165665724346014258e+02
-2.724652631596730430e+02
-7.319495016549385014e+01
-2.459881016622075549e+02
-6.141621127438480698e+01
-1.662741008417656587e+02
-7.177543090238478385e+01
-7.062594730338111049e+01
-1.227427882243224104e+02
-4.096472624402472462e+01
-1.002247731675660702e+02
-6.464859816355075850e+01
-6.501723054228432375e+01
-8.483860232657360712e+01
-7.021279619227445323e+01
-8.514328605756534785e+01
-3.499505273360898627e+01
-1.078751005946631665e+02
-6.598623700580171203e+01
-2.627154022718661963e+02
-3.233927665313542832e+01
-2.404416071321083734e+02
-9.491678667842715811e+01
-1.147287438079747517e+02
-9.809706286637315031e+01
-7.382754760130586646e+01
2.473281157892728288e-01
-6.528848183887387790e+01
-1.826363720460306865e+02
-7.641685384720015861e+01
-5.226987107214312545e+01
-1.067936264552623840e+02
-6.355670796279973445e+01
-9.158909764561556699e+00
-9.269155563773418294e+01
-1.951274882257032175e+02
-2.401078439709943950e+02
-1.309379622707400870e+02
-4.613103528856632352e+01
-5.942403541486916652e+01
-6.069804600243113413e+01
-3.540534566838771866e+02
-1.375420731242564614e+02
-7.641706181771115780e+01
-2.371727010351558818e+02
-1.108996969788316278e+02
-1.052711062515591749e+02
-1.127030052673496812e+02
-3.965790007688942609e+01
-1.490036310297896875e+02
-8.453514980916338573e+01
-7.804926904126938325e+01
-3.797367019132774857e+01
-2.176260521384710387e+02
-8.225629817845229752e+01
-3.069465497968288901e+02
-9.810926353812169509e+01
-1.243451200249430855e+02
-1.466232587084080876e+02
-2.078331523555185356e+02
-7.849416751228595501e+01
-1.475032522447739041e+02
-3.072624786721520422e+02
-3.425628142156270428e+02
-1.183016805313147017e+02
-1.858063905625667758e+02
-6.269618422662290413e+01
-9.159194349179986716e+01
-2.165866799623532870e+02
-3.111293012098585677e+02
-4.285281522094080486e+01
-6.964357806213442359e+01
-1.105530909976830998e+02
-7.761163765057213482e+01
-1.493120858923731475e+02
-9.521017010143667392e+01
-9.455185647328411847e+01
-4.622678421812707370e+02
-1.046613186260148893e+02
-1.114574558589423106e+02
-3.418099978393178162e+01
-2.668324874394825770e+02
-2.816048686283323264e+02
-1.251127103483221958e+02
-1.825612685525933898e+02
-5.307928034002462425e+01
-8.067324145411004110e+01
-2.174950952836370277e+02
-2.926655342983556238e+02
-1.043106525469416823e+02
-6.706188238322117456e+01
-7.966180298527424952e+01
-2.242172036535287134e+02
-2.802439588012116474e+02
-1.122313407675896855e+02
-1.071547251402738823e+02
-1.862858904062414638e+02
-9.946272214770034736e+01
-8.405711796832740390e+01
-1.027307434266107293e+02
-1.868547501920473906e+02
-3.047480081322968317e+02
-8.517729279455332403e+01
-8.594113075065546070e+01
-9.054838808362937641e+01
-6.924631963100014787e+01
-4.697227551113118693e+01
-7.677365400037214727e+01
-3.578229609258673918e+02
-1.111995027936303444e+02
-8.245779393778170174e+01
-7.228790276575662688e+01
-3.754539958855455239e+01
-2.043439155858312688e+02
-1.203923473809398814e+02
-6.071591110657914925e+01
-2.557120908333713771e+02
-2.405714676268488006e+01
-3.059611309574597158e+02
-3.338459155269284793e+02
-1.733996023480096369e+02
-2.028319677592460266e+02
-1.005097091155291480e+02
-4.106514104873626536e+01
-4.567376200295709765e+01
-3.527058150332818798e+01
-1.172752532381443586e+02
-1.529174230075541914e+02
-3.397295735064046767e+02
-3.447031301472409837e+01
-1.037282280944284594e+02
-9.937264658696702213e+01
-8.164355328584761651e+01
-1.747628186594101862e+02
-1.190737261071258075e+02
-9.317279187980062716e+01
-7.633497245734172054e+01
-4.877535247944169328e+01
-4.156238966883200874e+02
-5.742612854768709241e+01
-6.120280210396956022e+01
-2.951737286171518804e+02
-7.663179086499856396e+01
-9.052994443942870362e+01
-5.326330493188987703e+01
-1.246502160386275193e+02
-2.201205396065548143e+02
-9.153780570888790180e+01
-2.107774087680153627e+02
-1.132835011383451302e+02
-4.249922709071383764e+01
-9.086437004510572990e+01
-3.694447167459492931e+01
-1.116861605854022912e+02
-7.309011492238659002e+01
-2.358527034560734705e+02
-1.066256496902772568e+02
-1.106156105419946130e+02
-9.450198489103750887e+01
-6.240111517659239837e+01
-1.851881627674038953e+02
-2.540838209893651936e+02
-1.233251023956235599e+02
-3.293227617535343370e+02
-1.227095473274582247e+02
-2.550006836490027240e+02
-7.856658481492306123e+01
-1.047716115036693481e+02
-1.669916705075056598e+02
-2.822178681532323026e+02
-2.481872939572128871e+02
-1.067193232865825792e+02
-4.115414921256558500e+01
-9.596098180093167684e+01
-2.840142435982480151e+01
-5.275782303308374566e+01
-1.873791189342266534e+02
-1.598317172820701160e+01
-6.463978364454732173e+01
-8.849760761095978978e+01
-7.026376258977253997e+01
-1.172329240818221763e+02
-1.844136915270315171e+02
-9.137878108826875234e+01
-1.082490188068297385e+02
-1.392307434026342605e+02
-5.560704662975032875e+01
-4.596741524614650132e+01
-8.043287689025923726e+01
-9.565165209314636741e+01
-7.020971117378384463e+01
-7.895638604491387014e+01
-9.901133008664449164e+01
-2.923469909084773235e+02
-1.286059746781240278e+02
-6.023750667611683696e+01
-2.339960228563195415e+02
-1.424703986850512649e+02
-1.174034811336847355e+02
-1.131789442933344105e+02
-1.602468568482159412e+02
-2.118027317887938921e+02
-1.381043645410167642e+02
-3.163563524536721729e+02
-7.251130498106044797e+01
-1.073320356144951120e+02
-1.152209919624513645e+02
-6.241671619113810010e+01
-6.415985053044032327e+01
-1.018901297448954750e+02
-1.125668964308963353e+02
2.003382997469535098e+01
-4.761007446577056612e+01
-1.102547152626458313e+02
-5.447009022006997014e+01
-1.824850272053055278e+01
-1.624905810996453113e+02
2.289282208987599176e+01
-2.875137620756569277e+02
-1.320085156199808409e+02
-8.972833225429049264e+01
-1.856546981241319827e+01
-7.565175555449084754e+01
-6.785930017691829619e+01
-2.218012995050570453e+02
-6.158834239893991480e+01
-5.527512557611339616e+01
-9.210252753710689433e+01
-5.005750515980231086e+01
-1.258566524579468648e+02
-8.762018015402294679e+01
-7.937344607654091533e+01
-1.034393907087513611e+02
-2.225456095708354951e+02
-2.427814402176150281e+02
-1.126919793431652437e+02
-2.586501244884724429e+02
-1.235577299205330633e+02
-5.050874610743208848e+01
-3.610740185208377397e+02
-2.264739466958749290e+02
-1.841257630572206381e+02
-2.948147948760084773e+02
-4.013040173900001406e+01
1.310972984041990230e+01
-6.659275221350577567e+01
-3.356139485809951850e+01
-1.070403448016562038e+02
-1.242141542744382008e+02
-1.058991305732162118e+02
-4.156722453730095168e+01
-6.860420770613770003e+01
-1.111277349241575934e+02
-5.438716439979644690e+01
-4.120169692415186802e+01
-1.140454365791277098e+02
-3.015876943686504319e+02
-2.725573916575477256e+02
-1.156332188565177148e+02
-1.621376422852805490e+02
-1.512775489979017607e+02
-6.048151180565552210e+01
-3.473287774785792692e+01
-2.444521026526557250e+01
-4.198608747425942056e+01
-1.688330424970516219e+02
-6.009821547376354545e+01
-2.046899485561286838e+02
-9.772534628045416127e+01
-3.807822615685019230e+01
-7.017569835733030459e+01
-1.752610933700665328e+02
-4.875235585942271541e+02
-2.226361861490496494e+02
-9.387839724537843722e+01
-4.616489186451241977e+01
2.194373892813918303e+01
-3.285327408575578829e+02
-2.134116836587438115e+02
-1.089290664307842746e+02
-3.967779916223324932e+01
-6.189611468710536712e+01
-7.645580215264763524e+01
-4.008539981468265978e+01
-1.036325114190757972e+02
-3.175332682776182764e+02
-1.988418555292835777e+01
-2.519155237334383344e+02
-1.686145638073609234e+02
-2.037701291044961067e+02
-1.808642830805843005e+02
-3.304959118238281235e+01
-9.568702825241172150e+01
-8.140710395586054915e+01
-2.686865814408081121e+01
-2.798635926187071163e+02
-5.762568194091749518e+01
-1.264994482297746714e+02
-2.055845389647039099e+02
-1.643853075626424811e+02
-3.702323225604228014e+02
-2.569729969916747336e+02
-3.842873605463731934e+01
-3.608466450617473242e+01
-1.651110250488528663e+00
-1.658599090333854065e+01
-2.563282833527719049e+02
-1.278544969196692165e+02
-5.070744573528034493e+01
-9.125641606933245953e+01
-8.782152065498858917e+01
-5.769824579307167767e+01
-1.527529622630073902e+02
-1.270809530236209781e+02
-1.458371114799533075e+00
-9.055812310662233244e+01
-1.357363096841747847e+02
-3.887769257035586890e+01
-2.186440853129724928e+02
-1.802062211870215833e+02
-1.067122313546690435e+02
-1.079014751743743261e+02
-1.770763241293601027e+02
-8.249570120080082347e+01
-8.514352999021716073e+01
-9.733445196616551698e+01
-2.005160196275119802e+02
-1.443902336045483707e+02
-2.561181869919762448e+02
-6.276310022439696468e+01
-2.852137280431314821e+02
-6.682325522970309351e+01
-6.722239570339412751e+01
-1.357553425560851963e+02
-1.055778082950097030e+02
-4.697587018284194471e+01
-6.328354891552809391e+01
-1.783675327496119110e+02
-1.982202669910262500e+02
-6.505893306476055216e+01
-8.856063917536209829e+01
-2.285313461126650054e+02
-8.369531683690524915e+00
-9.216964359541815099e+01
-2.910727013233507705e+02
-2.253910818665231375e+01
-4.058780828200599444e+01
-5.423742245013079355e+01
-1.285978081592866147e+02
-2.542670690247822165e+02
-9.342497368965899796e+01
-4.488905018234679289e+01
-1.855531112695269087e+02
-3.245348014617352419e+02
-8.246255596534084020e+00
-1.106984942019928297e+02
-9.131825501355608310e+01
-9.624753739839722755e+01
-8.386753927846021384e+01
-1.309052271583753679e+02
-2.280292106255111548e+02
-8.036770407748738876e+01
-2.406547996731538319e+01
-2.416482674917074576e+02
-9.698064455040244525e+01
-1.676929755797624466e+02
-6.737832975972571603e+01
-3.980234036139155762e+01
-4.900014786589934488e+02
-1.473723475793335638e+02
-5.465821873125597108e+01
-7.388791872208598477e+01
-4.437505165173513433e+02
-1.574876223566140254e+02
-8.936444067772877986e+01
-1.213317692544826656e+02
-2.347459597289389990e+02
-1.159501947504507768e+02
-4.721505594890052748e+01
-2.756858485924941533e+02
5.846830196268577851e+01
-1.879888035538925237e+02
-1.194497710752271473e+02
-1.042280949654476103e+02
-1.114406053109499197e+02
-1.192324832490081263e+02
-1.532576117591957541e+02
-1.210791653616642805e+02
-2.070791097431929302e+02
-6.005998856470526448e+01
-4.484721224493851821e+01
-1.525624929029636689e+02
-9.369336600548294314e+01
-8.644657550555461967e+01
-1.662704259067511146e+02
-1.616183467501141706e+02
-3.042404015934010886e+01
-3.339617224624482787e+02
-1.969699856615164890e+02
-9.396259740176063247e+01
-1.868116071702668535e+02
-2.139368836915112126e+01
-3.076568386039174356e+02
-1.855333145404268578e+02
-7.725299668689540056e+01
-6.714268083652966368e+01
-7.349804035012215309e+01
-1.304485510377567721e+02
-7.648776535047431935e+01
-8.759143978331798053e+01
-1.343278351115432940e+02
-5.362697248280854012e+01
-1.544865225678167349e+02
-2.415008975663711794e+02
-2.639270110848825084e+02
-5.188047580112643686e+01
-2.173672920196381710e+02
-3.842574530726644753e+02
-1.318592559686513255e+01
-1.357650085644424394e+02
-2.248553361867176363e+02
-9.394754294141819173e+01
-2.356231363355811652e+02
-7.672013499449278129e+00
-4.686047690364636082e+02
-6.782951301540865074e+01
-2.282274510553964717e+02
-1.048180328691436785e+02
-7.860225099143221428e+01
-2.914880024739184137e+02
-8.245094080898076072e+01
-4.030751293779068192e+02
-1.393195326955158748e+02
-3.484875214045680991e+01
-1.454611191619603687e+02
-2.585771011543457121e+01
-1.397788185046964884e+02
-3.733465496037246822e+01
-1.223816757543255420e+02
-3.140871154615348928e+02
-5.910451031572224423e+01
-2.205667636291406666e+02
-4.797333281613512668e+01
-2.028640258819714290e+02
-4.578781872872627901e+01
-4.843862612001038315e+01
-2.842498682964816226e+02
-9.451276548418050538e+01
-7.671539391202949787e+01
-1.094028634593227025e+02
-9.854336064456211375e+01
-9.917619198823688009e+01
-1.259326580061872960e+02
-4.265835118104888579e+01
-1.868768183106149650e+01
-6.068112161983417252e+01
-7.433912202088262688e+01
-1.407551607271122691e+02
-9.175038968932111061e+01
-1.516638647891361984e+02
-9.684301430144206790e+01
-2.531566766141306459e+02
-3.013806028958103980e+02
-2.161699568647196088e+02
-3.114680147963716763e+02
-1.230528878108275848e+02
-2.541705277128602063e+02
-2.113947050246491699e+02
-3.311776184322823724e+01
-1.135357258509895502e+02
-1.658046138361484054e+02
-1.832684314883549064e+02
-4.327556029686961381e+01
-2.027380315264329909e+02
-2.608966423271547797e+02
-1.043904754807654172e+02
-1.871700398634076805e+02
-1.996322361944328918e+02
-8.004105946560098062e+01
-3.740655971233331911e+01
-3.350320156046734041e+02
-2.431855541439155104e+02
-2.046664719306261588e+02
-6.700438299181334401e+01
-1.011696232834716795e+02
-4.329313169872104083e+01
-2.762252175651512971e+02
-1.041857268502706120e+02
-1.561589160157218146e+02
-5.051770595493135119e+01
-5.927695967786671360e+01
-7.775884197221023442e+01
-7.284466488505162829e+01
-3.537876046825446963e+01
-3.621951342401682155e+02
-5.234998188043037004e+01
-2.289968899517079137e+01
-1.677372579608640422e+02
-5.842705790733724314e+01
-1.315643305705334569e+02
-2.105156283098675942e+02
-2.632201161740631505e+02
-2.516262951245177248e+02
-2.421202741318325025e+01
-1.878561883920899049e+02
-1.631457374269399452e+02
-2.317786107664886401e+02
-1.273754726128105119e+02
-3.172166991893683985e+01
-1.189429202609095455e+02
-3.893058707947589170e+01
-6.542356122237387694e+01
-2.302895090108561362e+02
-1.919144838596160412e+02
-1.210484842687442040e+02
-1.570794322137150516e+02
-6.365602782722984898e+01
-2.528301768950688881e+02
-8.784931814374722592e+01
-1.404555726798691353e+02
-1.914830921953735015e+02
-7.339691595437381011e+01
-1.175757334285547273e+02
-1.666440784293585011e+02
-1.001591338710690593e+02
-1.778186079923399916e+02
-2.887982944596467405e+01
-1.356999177281975051e+02
-2.574539473314915767e+02
-7.463526852669689049e+01
-8.831740481065872928e+01
-3.062155053929247117e+01
-2.048913611750000427e+02
-3.029541450231493513e+02
-1.209922611388899867e+02
-1.905412051070611028e+02
-2.067629580834735634e+02
-6.651655650007472786e+01
-5.624416507778070695e+01
-1.877433666285138543e+02
-1.116654103265715605e+02
-2.820644070641432677e+01
-2.881445784118514553e+01
-7.682041586604225358e+01
-2.550027953908873712e+02
-2.238043329496434239e+02
-2.745481446340480716e+02
-8.068188040371353509e+01
-1.314205555133925145e+02
-1.463197646839672927e+02
-8.625137405580423433e+01
-4.510193490552381945e+00
-8.620369972944820347e+01
-3.985157896426152320e+02
-9.796249189176138827e+01
-1.461591515158876859e+02
-5.949766236050328416e+01
-8.645705694494094473e+01
-1.044768859110746178e+02
-1.585376667460357112e+02
-1.441388336036685018e+02
-2.571175701670397302e+02
-1.365040214288715106e+02
-9.151788685276120816e+01
-6.669892404744818748e+01
-8.877442650746087338e+01
-2.911204459809474656e+02
-1.154457418555671779e+02
-2.856130959117912198e+02
-2.021466934025175988e+01
-1.057220469913448397e+02
-6.881056109158322442e+01
-8.504287359376488098e+01
-3.311957194187332902e+02
-1.212741597497748387e+02
-3.080515283629559065e+01
-6.822632377338163678e+01
-3.762080582484836668e+02
-4.385027219958967066e+02
-3.165930227319714163e+01
-2.940968708218140364e+02
-1.650761332111732713e+02
-6.038916951126579988e+02
-8.490048066727517551e+01
-2.206069766595841486e+02
-5.236276734498519403e+01
-3.556282869473965320e+02
-7.348749269666416239e+01
-6.393730843012627929e+01
-1.218291763166368327e+02
-2.236154555741215120e+02
-9.994049188722958377e+01
-1.136961481812714965e+02
-7.444330027878621081e+01
-3.943878357218895303e+01
-9.495727082809439423e+01
-8.155867165509964423e+01
-2.282334214927689686e+02
-2.633381293465260455e+02
-5.292300132198652136e+02
-1.941490765003029253e+02
-1.242344998943691508e+02
-1.303804761957825065e+02
-2.626011137594552736e+01
-1.243910894820152606e+02
-1.362236292276879226e+02
-1.275544211125819771e+02
-3.616189545012022677e+01
-1.034984722834944648e+02
-2.795935202775461335e+02
-1.249261611947863742e+02
-7.024487429915858172e+01
-1.361781037586344212e+02
-2.599831898107355528e+02
-2.236257294528799093e+02
-4.629390265693471207e+01
-6.736477029782884074e+01
-5.590508090962533316e+01
-1.501272987694827066e+02
-2.028332420203992115e+01
-8.089491018213924178e+01
-8.089483784054928606e+01
-6.833051753934400097e+01
-9.698922032737579002e+01
-1.190580676520027765e+02
-1.226325630589813898e+02
-1.604920632433144192e+02
-6.847088764279669704e+01
-3.060782996110650345e+01
-1.960995764087448947e+02
-1.201198264278203851e+02
-2.186857885587921260e+02
-1.368308231845738874e+02
-2.483245554857491584e+02
-2.357891063504589511e+02
-2.753050712485801910e+01
-6.169978798269050202e+01
-3.339056883616486857e+02
-2.236577615650478492e+02
-5.825011622006299206e+01
-1.079728758167168650e+02
-2.013641999432083765e+02
-2.390260822522611761e+01
-1.596812930089508882e+02
-7.796259318289254736e+01
-1.126493664920226081e+02
-8.708011283035853012e+01
8.848256972791649844e+01
-1.374526226928832671e+02
-8.665011768779481827e+01
-1.006939297860293863e+02
-1.329983172374030005e+02
-2.406070901225508862e+01
-2.702618138630927547e+01
-1.130322465504380176e+02
-6.145170929250662084e+01
-6.076766565482409277e+01
-2.282082520780897710e+02
-9.614381441131787653e+01
-1.108251613549093975e+02
-5.820619300693385867e+01
-3.068491856284120445e+01
-1.030514276129126188e+02
-1.052191580838211422e+02
-6.220534769959854060e+01
-2.191692084363978665e+01
-2.142863465813838957e+02
-1.028941833745694368e+02
-2.902895490433922987e+02
-9.300674090042261355e+01
2.239760674148612907e+01
-2.236936028906050637e+02
-5.047782923936031096e+01
-1.511602589818698732e+02
-5.422382094297133648e+01
-2.339710788985211138e+02
-1.243535201482072807e+02
-8.929484328179317743e+01
-1.280363857514575443e+02
-8.869571265209347644e+01
-2.703142348645958748e+01
-1.178754957557651295e+02
-1.625622595964023560e+02
-2.513085468114922776e+02
-3.585213307529957092e+02
-8.256403861149811974e+01
-6.243688995850144607e+01
-7.640114079505764266e+00
-7.297704913109973290e+01
-6.286888234467947711e+01
-2.439166356537339198e+01
-7.664017761687733810e+01
-8.264517137394838642e+01
-1.051210703952578740e+01
-2.305697469850425136e+02
-6.811117411924904275e+01
-7.291670301523988940e+01
-1.324632346627514607e+02
-5.643484478255708581e+01
-2.561297502389990086e+02
-8.784114049119150991e+01
-2.455490423951322327e+02
-5.750339325224353360e+01
-7.737273751849980385e+01
-1.969922981561800839e+02
-2.325794198931291987e+02
-5.969259571619940630e+01
-1.814368391573856059e+02
-5.024523769942133811e+01
-6.685502565791701102e+01
-1.476339419414076701e+02
1.652972916290372041e+01
-1.023784648371590436e+02
-6.675209803086019633e+01
-2.122051824141452414e+01
-2.016508433900512500e+02
-1.206756490806976103e+02
-9.113497608106881387e+01
-1.374871320785275088e+02
-7.616075943570452011e+01
-3.128090402921882287e+02
-2.520588042651240528e+02
-1.795295320637854957e+02
-1.865847215150119496e+02
-5.724920359086278410e+01
-1.253006396528775639e+02
-5.007178885650404254e+01
-1.616160318581349600e+02
-1.967029209104251777e+02
-2.440798606078116109e+02
-7.427146365473024048e+01
-1.535391271107981765e+02
-4.684916819859445525e+01
-6.352216675836919535e+01
-5.957328685631154030e+01
-1.054408728490234353e+02
-7.987892150135456859e+01
-1.977938338734204535e+02
-8.895406449769382107e+00
-5.014175731109477141e+01
-9.038084579625397907e+01
-1.439590674746693537e+02
-8.840432933627282353e+01
-1.688998142256385222e+02
-2.087304564566349541e+02
-1.083296917381024258e+02
-1.705701626468136851e+02
-5.429730574597196835e+01
-5.342708773313016479e+01
-1.066504521943464852e+02
-7.682111280909316520e+01
-1.263365000780075889e+02
-2.530319023618803840e+02
-8.057154607406977220e+01
-7.977177188869848123e+01
-8.760583636871254498e+01
-4.503667376436779080e+01
-8.155887678477921554e+01
-9.214795733822766977e+01
-1.485600006025296125e+02
-8.343758903394316917e+01
-2.422086383554631368e+02
-7.585486172192150889e+01
-1.183069160531066473e+02
-8.174068635200362110e+01
-7.617520685107822942e+01
-1.001358312297728332e+02
-1.398090472204395098e+02
-1.270421454292769710e+02
-8.437683429817664660e+01
-2.193709601383528991e+02
-1.272110979785409768e+02
-1.316452274859926490e+02
-8.271102950174059742e+01
-1.331666360691064028e+02
-2.213800650751971375e+02
-4.844818166570732387e+01
-6.181927463748950657e+01
-3.339766641974341042e+02
-1.001249426228094421e+02
-9.641568482445303800e+01
-2.400746854412678033e+01
-5.869743381169091379e+01
-1.239476829344211239e+02
-1.749719714214643318e+01
-1.004608180547951406e+02
-3.367554005306493536e+01
-6.331702021836200345e+01
-6.895888175948316245e+01
-3.948505294117958186e+01
-1.035848055390311941e+02
-1.140590312980593382e+02
-9.963344043179876053e+01
-1.300787879189261105e+02
-6.784229592145692322e+01
-1.721165955669830510e+02
-3.004850806115356932e+02
-7.308001441770491624e+01
-7.788630180899012601e+01
-1.004609264073030062e+02
-8.986566709797050123e+01
-6.111203457818764662e+01
-4.147887710636990732e+01
-1.014337338846766414e+02
-5.341276611740735802e+01
-1.034833794355571968e+02
-3.020214000963663636e+01
-1.141872260844870084e+02
-4.816412169195292137e+01
-1.023093998589271365e+02
-1.041723981674007007e+02
-1.741259303883801977e+02
-1.339276412205810516e+02
-8.983549982877536877e+01
-2.868386345705842473e+02
-2.220159964319304891e+02
-2.210789837669001372e+02
-8.520647230455109877e+01
-9.760569792678886358e+01
-7.804088240834718704e+01
-4.600043533950375263e+01
-5.506501710834015029e+01
-2.365765593934674769e+02
-1.259602820362493674e+02
-5.272708444065696654e+01
-6.059955072427786860e+01
-1.421474701375210827e+02
-7.508767208550403893e+01
-7.527118237978926629e+01
-1.162970097951584592e+02
-1.512455923542795233e+01
-5.748258448121591613e+01
-7.678867281643098863e+01
-7.221362723847879295e+01
-5.132414373996711277e+01
-8.876466325712564753e+01
-1.543417504933307782e+02
-2.511457076946791744e+01
-4.882962631475439963e+01
-1.138848961786786163e+02
-7.528358939842360087e+01
-8.512340146954836939e+01
-1.522286809345797280e+02
-9.125176709004284703e+01
-9.380940299613502020e+01
-1.838175223402380141e+02
-1.796242812347342692e+02
-1.824929325248008922e+02
-4.116038917415077236e+01
-1.677763584111413309e+02
-1.246187018110316700e+02
-5.780666719944652243e+01
-7.495163815322169398e+01
-1.062296943246019651e+02
-6.622958131924858094e+01
-9.286417844448436654e+00
-1.378429546103525922e+02
-1.032777731905602820e+02
-1.078340376354605752e+02
-1.605034115517412658e+02
-4.460507919694158119e+01
-6.254386112005720122e+01
-1.073162842479427184e+02
-1.342061710818685469e+02
-8.557205219530140994e+01
-1.801866463052642757e+02
-2.650070725409306078e+02
-7.967959022382413536e+01
-9.978601191040708329e+01
-9.959066257015355461e+01
-8.884209688398880189e+01
-1.519562236874213283e+02
-3.716388535003322602e+01
-7.118421175511528531e+01
-1.003746686477973782e+02
-5.498227272628353290e+01
-1.862436604198918531e+02
-2.261328778452489985e+02
-9.352363492187744498e+01
-7.719258314638685192e+01
-1.430733916557929319e+02
-7.655993427172022336e+01
-3.404210209194310721e+01
-4.697007457919691120e+01
-1.620999165830705238e+02
-1.128182714913701972e+02
-3.028810669055305027e+01
-1.531690439453926444e+01
-6.063690072258706465e+01
-9.096245896348372639e+01
-1.077646172590817457e+02
-1.582832948224544225e+02
-6.679477340143068886e+01
-1.460177325800749770e+02
-3.796480820615320795e+01
-5.180056502602217705e+01
-6.499348149403616048e+01
-2.071112784283681663e+02
-2.981515036086211978e+01
-3.064204261123447282e+01
-7.091891882006009951e+01
-7.480300962911594809e+01
-9.220167061680503195e+01
-6.030236899738282119e+01
-1.511818713098195985e+02
-4.112595953765176660e+01
-5.777781177128990464e+01
-1.248601923028138572e+02
-4.869261312475016013e+01
-1.403517032203476447e+02
-1.561913536114396948e+02
-9.127172503889660504e+01
-2.894268312904563345e+02
-2.134773741751145621e+02
-6.445320303989620925e+01
-4.473872997854230960e+01
-2.663399184781668509e+02
-3.862301468952995265e+01
-1.258149188862203829e+02
-9.678016986278609579e+01
-6.196344491683944966e+01
-3.450072048814512016e+01
-7.543194350081914479e+01
-2.866892635758004815e+01
-1.223520259172724991e+02
-1.847656856380732222e+02
-1.749018783617076167e+01
-1.424837900093369285e+02
-2.046250851025066027e+02
-1.209781855912349613e+02
-1.148994511494528865e+02
-1.692348680932211096e+02
-9.693469609867484849e+01
-1.062313426439024511e+02
-1.057422843703052280e+02
-6.287932354919919220e+01
-1.164833835614290507e+02
-8.251198459755312342e+01
-1.895565352539712762e+02
-2.113773076335623955e+02
-4.636139762859458102e+01
-3.131185750738659124e+01
-8.264359235786014324e+01
-1.140890975374836245e+02
-9.513074384188034571e+01
-7.051210323175780559e+01
-6.234281814318314474e+01
-1.237110711428815080e+02
-4.992893565443199577e+01
-1.977926093423880616e+01
-1.351844790272895125e+02
-4.632291408960880119e+01
-6.510408345684004416e+01
-2.815910616820133328e+01
-1.645468268993946026e+02
-8.716944723561879016e+01
-2.059361380183608503e+02
-6.709767877509432310e+01
-1.748805508378701177e+02
-9.417645596774973171e+01
-1.005730223115029389e+02
-1.065732373035279750e+02
-7.310208738203668588e+01
-1.118494279415962325e+02
-4.363267500677763167e+01
-1.481385485703889344e+02
-9.106478857509253544e+01
-3.260584775212484487e+01
-1.422636580341605850e+02
-7.493921544383285038e+01
-1.016474197507090054e+02
-5.261786891405273536e+01
-2.622413216456966438e+02
-1.997798517501254878e+02
-1.416985390655031836e+02
-3.730249426124326817e+01
-6.573952431550841879e+01
-7.439749343501694057e+01
-2.437420586449209736e+01
-1.324813588077226143e+02
-1.448279756570631776e+02
-9.209540861171551285e+01
-1.523324904828135971e+02
-3.087872743493986150e+01
-8.269592310510407174e+01
-1.294043040317112911e+02
-2.310535857341960764e+02
-9.447197357135691220e+01
-1.934901352575645603e+02
-6.140763033612048361e+01
-1.531819927061582689e+02
-7.904176358460017582e+01
-1.674942647885819724e+02
-2.144175039845432025e+02
-1.479838131078396941e+02
-1.940480232971405599e+02
-6.228322341852072697e+01
-1.600841816960986534e+02
-5.289154719974662555e+01
-1.097091651244483899e+02
-1.211121329822386485e+02
-1.541647052409426522e+02
-1.572219327504316198e+02
-1.441337877202071240e+02
-1.303370176841819159e+02
-6.338525201319171742e+00
-1.665581915055506101e+02
-3.953211563751059998e+01
-1.722369025815323766e+02
-5.791338787649808495e+01
1.242481596635923324e+01
-1.001468997301120112e+02
-8.126070648049255851e+01
-1.149730739943558433e+02
-4.509566857355748937e+01
-4.992325243903975718e+01
-3.346665811025388848e+01
-2.100176939301796892e+02
-1.488243941968766251e+02
-1.616120400947590952e+02
-3.367684549121136683e+01
-1.147134491180969462e+02
-1.596991104989120913e+02
-1.068186686917178605e+02
-8.443185702815073057e+01
-1.583376382858363911e+02
-1.470616841866828963e+02
-1.335274789978901708e+02
-1.896356361624576152e+02
-1.697191899065279586e+02
-3.134632883220172062e+01
-1.907667573211103900e+02
-1.630582768969212850e+02
-1.318911604655774852e+02
-7.283393280554764715e+01
-3.130962547155789366e+01
-1.933410537254728467e+01
-1.688863485773462685e+02
-2.000383654640938857e+02
-3.136928147142683088e+02
-2.067354348611518446e+02
-1.352136185103869366e+02
-2.060097924958101885e+02
-1.147144421371428962e+02
-1.742199971520175836e+02
-7.092171921517586952e+01
-1.712195168068592181e+02
-1.356449771122700554e+02
-9.778635853038174730e+01
-2.867885799028048268e+02
-1.568239097745554602e+02
1.612792427188210809e+00
-1.013387408446184139e+02
-1.766950989909975078e+02
-1.478294951331751577e+02
-4.370968805614322861e+01
-8.856471539786718949e+01
-2.663385127697371786e+02
-1.953270642537387403e+02
-5.734839793111298434e+01
-1.123206817052611939e+02
-1.849163166190893435e+02
-1.252500151852999437e+02
-1.395077550458888993e+02
-2.005011802947589103e+02
-3.222612087423192406e+01
-1.518728504409865820e+02
-1.880988036063208142e+02
-1.571833975114632267e+02
-1.457197428330973139e+02
-2.411468063328680955e+01
-1.402171788102297967e+02
-1.709661086845030695e+02
-1.979949868019062933e+02
-1.646042241514699924e+02
-1.765859096008945528e+02
-1.572335548204516442e+02
-1.963167244911732041e+02
-1.074940092212354443e+02
-3.232303628742792512e+02
-2.289011444516535221e+02
-9.226447275478388121e+01
-1.740907631403255493e+02
-3.873666612592744940e+01
-9.108833980661798080e+01
-2.006948671243114291e+02
-2.191485203716510455e+01
-1.822141977474104806e+02
-1.798258407451302219e+02
-7.944775894609122702e+00
-1.644893344188400306e+02
-4.424159082630024642e+01
-1.594493392516039876e+02
-2.294049265350666360e+02
-4.237472356469189094e+01
-2.317872584118814814e+02
-7.517690020620099745e+01
-2.623811535826533827e+02
-2.329819204386546971e+02
-1.950864955654236041e+02
-1.518592415256820516e+02
-1.026942909043806083e+02
-2.206486702771219655e+02
-7.690708633559489726e+01
-1.902075654150279433e+02
-1.374175591542004327e+02
-3.454446325192796508e+01
-1.399030378673508608e+02
-1.946392548608250479e+02
-1.663422841072118956e+02
-2.626974740594288278e+02
-9.314059014924848157e+01
-6.928010376106462331e+01
-1.557829022698669235e+02
-2.114880994078871197e+02
-1.427127351823233425e+02
2.622570874479248459e+01
-1.885098779880592588e+02
-9.579469701009432470e+01
-7.017501976231272920e+00
-1.971023013283089256e+02
-1.228147929821289637e+02
-1.562084338428163335e+02
-2.903331139981473825e+02
-2.633804178673001388e+02
-1.883859853846327610e+02
-7.366231788820599036e+01
-7.289774682837960995e+01
-2.231341874765297746e+02
-4.204727007059386779e+01
-1.493400780308944604e+02
-5.549280579573191829e+01
-1.727770060783343240e+02
-1.799972809148006831e+02
-1.478659896303849450e+02
-3.343205720667268110e+02
-2.373813883697292511e+02
-1.896489492886831272e+02
-9.332915090297190375e+01
-1.824325476079527562e+02
-2.335963045121007156e+02
-9.399155352015144160e+01
-5.440490047111271110e+01
-1.029812355896810203e+02
-1.796827585501965814e+02
-9.042731162117372889e+01
-1.966949742917079220e+02
-2.383672255609599233e+01
-1.617585664340208496e+02
-2.220678708247847624e+02
-6.060203055288633323e+01
6.919952905818000488e+01
-1.470667421853473513e+02
-2.306495525901426902e+02
-3.651122716097993361e+02
-1.024849189147309971e+02
-1.742435968002818640e+02
-1.519746220133964982e+02
-8.867878111663117124e+00
-6.894995250708029744e+01
-1.483872696642071105e+02
-6.682161707763603431e+01
-2.033043638123394317e+02
-1.816799017249320514e+02
-1.278182705847300156e+02
-4.354432066778122135e+01
-2.772665512885681665e+02
-1.593018292929386917e+02
-8.813932431300872850e+01
-9.845967010739484238e+01
-2.420798274054602359e+02
-3.795928448385146936e+01
-3.050371647622163209e+02
-1.938539770797092956e+02
-1.858624002122683976e+02
1.531042776550722273e+01
-2.281892520733503602e+02
-3.194249451584083488e+01
-1.966202705714854915e+02
-9.402295273256642361e+01
-1.451777864871311294e+02
-1.708680340684876455e+02
-2.092789110212816581e+02
-7.588322615795813419e+01
-5.718187342177188981e+01
-2.247200921956394950e+02
-1.745535715296205694e+02
-1.634108664028630074e+02
-2.546106954462821648e+02
-1.288564599535496882e+02
-1.902031285517196864e+02
-2.055448533188437068e+02
-1.864599758620266243e+02
-1.327837126539155292e+02
-8.136019897388756306e+01
-7.286525001773790677e+01
-4.663629121778095055e+01
-1.485339867884468958e+02
-1.938371003819842713e+02
-1.840692003184135785e+02
-1.902629104316710880e+02
-1.697207908654156086e+02
-2.182773404756340483e+02
1.354686876610495005e+01
-1.127729033157143448e+02
-1.789140005803239433e+02
-1.732315850501219074e+02
-1.879288712091855302e+02
-2.228732701747205454e+02
-1.710372766201063541e+02
-1.855120361393922792e+02
-8.641000236445722749e+01
-1.604917577732245491e+02
-1.837789756293126970e+02
-2.085266448113210345e+02
-2.096837128008281184e+02
-5.243827771682825301e+01
-1.758111425599119571e+02
-1.602213631940283562e+02
-1.356466931474364515e+02
-1.429292101662441326e+02
-1.314583504186197160e+02
-1.905044404154013478e+02
-1.718789908404513085e+02
-2.043146855194970613e+02
-9.260118941469954734e+01
-3.088683683088049747e+02
-2.068904698937831199e+01
-1.151217057767834859e+02
-2.547637391700519061e+01
-1.329462621501797628e+02
-7.708085889176535943e+01
-1.511829347773239078e+02
3.939342217602037977e+01
-3.077413541500875738e+01
-1.075043714471222245e+02
-1.721056373138476658e+01
-2.738680897324453554e+02
-1.388950975168717150e+02
-2.289849477288713331e+01
-5.131874465049978085e+01
-8.621509450365100236e+01
2.714159934927891982e+00
-3.054054380091230314e+01
-7.913355063605295925e+01
-1.321373537563844138e+02
-2.761677403252622298e+02
-1.051618331736887626e+02
-1.264504627359300883e+02
-2.017279221216206224e+02
-3.522985047229108204e+02
-1.537957810576662041e+02
-1.482542618251013664e+02
4.096938545839580570e+01
-1.686117295043418380e+02
-1.601180748808768612e+02
-6.023648529469912205e+01
-2.645125890857256081e+02
-1.710904524670946785e+02
-2.368059798554417341e+02
-6.812591424064950729e+01
-1.318768344833686683e+02
-2.185195301312404581e+00
-1.852019605787737078e+02
-4.038360914852680139e+01
2.947817120881140340e+00
-5.094856488792949278e+01
-1.256152159880679022e+02
-1.544653845140096848e+02
-1.824206981601575990e+02
-9.044412379856211714e+00
-1.056521317154921178e+02
-1.509093368793643606e+02
-1.670254897590865539e+01
-1.087053041693193620e+02
-5.214014213119328645e+01
-1.872357123243756121e+02
-1.058397709409058223e+02
-1.019886411585442545e+02
-2.087533971870568621e+02
-9.000803681559870029e+01
-1.721628184587554529e+02
-1.670255766990288180e+02
-1.906586077319224160e+02
-1.269757826753723577e+02
-1.677426864815873273e+02
-6.172532220787218193e+01
-8.906357145375736195e+01
-3.551381440588872351e+01
-1.190080670258097086e+02
-1.557971665323853472e+02
-1.672144961220090238e+02
-2.356868980875718478e+01
-1.291493982519060069e+02
-8.692736110969943297e+01
-1.379068264646075477e+02
-3.660521955590514409e+01
-2.112640596759247842e+02
-5.258660616234047325e+01
-1.156730336748128423e+02
-1.942346236647326236e+02
-1.047525123868489487e+02
-1.059198656227901552e+02
-4.394409400876628524e+01
-4.585138076066274238e+01
-1.145063934994475119e+02
-1.554211912685107109e+02
-1.240634715565205823e+02
-1.097253635630818565e+02
-8.153964364445607771e+01
-6.341444687948639114e+01
-2.126613842026742986e+02
-9.339099665534601513e+01
-2.042740959732082047e+02
-5.778007311754531372e+01
-7.288143764985503026e+01
-7.936781479100640979e+01
-5.283464648312734369e+01
-6.207575319538587877e+01
4.639966516871646718e+01
-1.805453694175251940e+02
-2.448459594590501638e+02
-1.686219590392806253e+02
-1.340070013436012459e+02
-9.114964733398778662e+01
-1.674350889569114997e+01
-1.333681169874298007e+02
-8.151693942677449911e+01
-3.531442599187808185e+01
3.964104095446941756e+00
-9.779216680511123627e+01
-6.790727210459890273e+01
-1.487535548316535881e+02
8.046972115956378957e-01
-4.442723705730162465e+01
-1.893781191136282587e+02
-1.010614031020585060e+02
-1.810446860878357143e+02
-2.238826123290435817e+02
-1.672786462388397126e+02
-1.597429225491004559e+02
-1.770298948293129797e+02
-1.921328119874472691e+02
3.432679104541728066e+01
-9.289169232798970199e+01
-7.263486587019697538e+01
-1.696223087956901452e+02
8.352090121521428046e+00
-3.733509313742121094e+01
-1.335139119177981684e+02
-1.528462991393692221e+02
-8.660308348952192148e+01
-2.432539038207348767e+02
-5.996217245469526347e+01
4.287160395219943609e+01
-1.590626386770312592e+02
-1.387011519752943229e+02
-1.380309910459744742e+02
-1.814648085235061785e+02
-1.923849460209188464e+02
1.695898700017366423e+01
-2.212515615609864312e+02
-1.397391712936069155e+02
-8.490971856491808012e+01
-6.985917700825683596e+01
-1.607805410173283178e+02
-1.321523395553283535e+02
1.534929027176441707e+01
-2.604364002760598851e+02
-3.123100824736279719e+02
-5.649038663848220665e+01
-8.243878366949377323e+01
-1.783998132982477500e+02
1.172620679242537278e+01
-1.174184586027434989e+02
-1.357254614155700096e+02
-1.768682541837338817e+02
-2.230098038656845461e+01
-1.748902142093111536e+02
-8.484086792646253627e+01
-1.193530705253335498e+02
-1.099189840851577173e+02
-1.752251185830143072e+02
-1.067689414880042307e+02
-7.868318730682844375e+01
-1.874285773617218638e+02
-2.924053533446038955e+01
-1.391783776148382117e+02
-7.511824968779920653e+01
-1.681641564109858109e+02
-1.615814835488538677e+02
-1.478270415315160164e+02
-1.107124509980107803e+02
-8.387851167496864946e+01
-2.902897276949133243e+00
-2.443503031760945987e+01
-1.012986398759561126e+02
-1.209724511911285134e+02
-1.093016260034950733e+02
-1.397736270598165618e+02
-6.039220676421697931e+01
1.420699737273963592e+01
-8.573711063144469335e+01
1.258482234392259613e+01
-1.488554277351113342e+02
-9.779815231962111000e+01
-1.822778258265663283e+02
-1.172721718437436635e+02
-1.062035526384849220e+02
-1.758201681893038426e+02
-1.483791041891065277e+02
-5.455640174295731981e+01
-4.989919124918443316e+01
-1.479484871040438918e+02
-7.316585522549891607e+01
-1.953671802513634361e+02
-2.664746033130065257e+02
-1.275556266963086500e+02
-1.899331437550571025e+02
-1.492209215123602917e+02
-9.837327837771252348e+01
-3.286271366768067992e+02
-8.110039001151511684e+01
-1.195649237375653655e+02
-1.397258566183933510e+02
-1.487340994638920790e+02
-1.721056279634959481e+02
-1.927248468829761237e+02
-1.485148360202750837e+02
-2.020489880440364061e+01
-1.837373463607775648e+00
-1.637606430223719087e+02
-2.040409159022550796e+02
-5.527323187759054690e+01
-9.838343118319640723e+01
-3.700672665792185967e+01
-2.303247153560900529e+02
-7.828506879045352207e+01
-1.058265688632499888e+02
-1.056541025197394674e+02
-9.461959332016272128e+01
-1.175866292401173752e+02
-8.842370454523741330e+01
-1.682551267462638407e+02
-1.417048846611126578e+01
-1.450653390436993959e+02
-2.080243964433613542e+02
-7.820632784003738891e+01
-1.216462911815709731e+02
-1.167089788448075893e+02
-2.597524816773341172e+01
-1.243831267864446346e+02
-1.495479060799016224e+02
-1.006225683580758670e+02
-1.280412719794029783e+02
-2.034153079478510620e+02
4.933990052139601801e+01
-1.543142478863734084e+02
-1.441220180167157707e+02
-5.784812804015555798e+01
-1.680517750216932313e+02
-1.557129827041136423e+02
-1.170422298476248102e+02
7.171121031439724902e+00
2.756412793119523030e+01
-2.804564803677229747e+02
-2.064055438550512918e+02
-1.771667922573913643e+02
-2.106739269572294688e+02
-1.257402941257220448e+02
-1.495036686713510221e+01
-1.089660433987412773e+02
9.914951400156695627e+00
-1.077987269600209288e+02
-1.704561212384549549e+02
-1.772524129474554115e+02
1.503819630292099419e+00
-2.051660998516583732e+02
-8.675610366323594747e+01
-2.189882756012658547e+02
-1.004892450829328396e+02
-2.676675652099707747e+01
-3.571218731519562084e+01
-1.827499834146049693e+02
-1.207762345903611276e+02
-1.057525136562389179e+02
-1.739124777190529016e+02
-1.029606009830371534e+02
-1.765369252746781399e+02
1.250331714390034676e+01
-1.326777839038327897e+02
-6.227653784576153839e+01
-1.595309185329560364e+02
-1.040522398433004980e+02
-1.363880571585476389e+02
-6.729465590918465523e+01
-1.051543630851989803e+02
-1.274572346915982166e+02
-1.365652659388524057e+02
-1.502650436980140682e+02
-2.364787233668968724e+02
-1.752798003950722432e+02
1.864035494105493740e+00
-1.581248354683156947e+02
-2.365184511158940097e+02
-1.845193565276489949e+02
-1.192874099448046650e+02
-1.214745249785740242e+02
-1.205495406165851193e+02
-1.199385147235568638e+02
-1.392099912343570054e+02
-5.243940375770376505e+01
-2.311078239889000940e+01
-8.593063075158565312e+01
-1.789460127764857589e+02
-4.049019174028649104e+01
-7.155638887143041416e+01
-1.390811760645385107e+02
-1.559370748365945474e+02
-1.658902023462532611e+02
-1.213480112312089858e+02
-5.040152175158716119e+01
-2.803067957230518346e+02
2.825548384262052082e+01
-1.123971764071020232e+02
-1.665605444940464963e+02
-1.228497680272510877e+02
-5.477934127952337917e+01
-3.476014666798193957e+02
-8.762675633312552748e+01
-5.141788507205965431e+01
-1.572122683712369167e+02
-1.148979232231361323e+02
-4.045119480043115345e+01
-1.362651509802369958e+02
-1.420544051145338926e+02
-1.424601291097044680e+02
-9.403061267751796493e+01
-2.042072042716927172e+02
-1.137278385143033432e+02
-9.399672878392227915e+01
-1.352866656247433639e+02
-1.141920131689833227e+02
-1.091665773052680919e+02
-1.116287150732728577e+02
-1.506475284541677695e+02
-8.872053662888646386e+01
-1.622849402532437750e+02
-1.050415445373157439e+02
-1.063771417713688976e+02
-1.545140131793770593e+02
-1.479507629863408056e+02
-5.921957699180782697e+01
-1.625851824669270513e+02
-3.692948468006820661e+01
-1.230809977092930012e+02
-1.192620995165502933e+02
-1.815570380146937737e+02
-5.793664376630195534e+01
-5.094748632568551727e+01
-2.408837769311082297e+02
-2.889749136326456380e+01
-1.431666739313829737e+02
-1.992490512552998325e+02
-9.549427076458869124e+00
-1.189875887364435272e+02
-7.240260481400119374e+01
-1.081973028442189815e+02
-1.783640248001941586e+02
3.073368063057756672e+01
-6.824818610518391893e+01
-1.107199759193875224e+02
-1.108563504219249864e+02
-9.946072629472826065e+01
-7.150226011451157149e+01
-1.682875817548974737e+02
-7.544296403095285086e+01
-7.710228647587101136e+01
-1.098677653721803154e+02
-1.131415323269726230e+02
-8.506111273058934330e+00
-7.782578531688670864e+01
-1.809834906284071110e+01
-8.357081127909891904e+01
-2.676080115449450147e+01
-1.703829642538551639e+02
-4.691211538676576254e+01
-6.311960524456993937e+01
-7.516692937039096023e+01
-3.537817663551157921e+01
-1.925951199353968377e+02
-3.293410685575608454e+00
-1.588961684241512842e+02
-1.198740593629888167e+02
-8.609051725186105841e+01
-1.733563832613168643e+02
-8.226196411657383578e+01
-6.580558175860885228e+01
-1.742195385268562404e+02
-1.287712796670271587e+01
-1.583166975834453183e+02
-1.438484336443356426e+02
-1.100148775147447253e+02
-1.032685397465654233e+02
-7.631286493189332987e+01
-1.336115589969568589e+02
-6.245442332425318455e+01
-1.135906000147658546e+02
-1.883759003408083572e+02
-1.313571296517108635e+02
-7.361124283667405166e+01
-4.653500344786368714e+01
-1.847890037037458910e+01
-9.762253258071119433e+01
-8.039566557044859962e+01
-3.551618154829678531e+01
-1.546563501902806479e+02
-1.529593330946529193e+02
-1.668372292729128219e+02
-1.374139310909676226e+02
-2.847416844434056884e+02
-8.816712281440307208e+01
-7.270391283614365818e+01
-1.170669199060624805e+02
-5.011003096459308637e+01
-1.207866786697997270e+02
-6.759371363561595558e+01
-2.945350910166998233e+02
-1.862251131544207112e+02
-4.096205642320738605e+01
-6.092608643916909728e+01
-3.389842924561081361e+01
-9.214164956494305159e+01
-7.975929233467937252e+01
-3.039322882861695518e+01
-1.097720500561477053e+02
-1.075952072433603348e+02
-6.101783842586169015e+01
-2.781317425548995459e+01
-4.369443979342617013e+01
-5.145378630651342178e+01
-9.527039223546883306e+01
-1.001611581916929481e+02
-7.408480983431329037e+01
-2.372655013895434308e+02
-1.173182511698142889e+02
-1.808291437906136707e+02
-8.781376867641857586e+01
-1.269191655087136894e+01
-4.014826740575104225e+01
-8.033195264280610104e+01
-3.919296167435356892e+01
-1.779703429293220438e+02
-1.620431115964003084e+02
-1.456114221554840071e+02
-8.539946465984394308e+01
-1.929348271116150499e+02
-8.524393264369865619e+01
-4.707846039548837780e+01
-8.631705676937636440e+01
-2.225050280805888860e+02
-1.174184506723050134e+02
-5.650898248435743199e+01
-9.357804583302554136e+01
-1.155597107230173748e+02
-8.837585691027037171e+01
-8.059173284356045031e+01
-4.151704048767239641e+01
-4.740451751356289378e+01
-1.295851350919467109e+02
-2.332520557811330946e+02
-6.560548370580525557e+01
-1.729075190401582631e+02
-5.388031265637305012e+01
-1.668073268187463327e+02
-4.180249456083477355e+01
-8.641595451213945012e+01
1.485342428003080784e+01
1.480027549093468053e+01
-3.268981010240654541e+02
-1.840933415791525647e+02
-4.998011344005419687e-01
-1.831354880251198551e+02
-1.402930763304138111e+02
-3.362839245395042553e+01
-1.441047345323750903e+02
2.742998926568074580e+01
-8.042157850917112683e+01
-5.402161354676271543e+01
-9.478926736269457365e+01
-3.755358894078813137e+01
-4.726538098766190643e+01
-6.774255666054241942e+01
-1.056648520110714173e+01
-6.248438695188087877e+01
-6.816782444943602570e+01
2.151439615524382987e+01
-3.538455530667269588e+00
-4.581514661304580471e+01
-4.966798351370169939e+01
-6.583081437464269925e+01
-3.685068878473646237e+01
-2.138916038371574473e+02
-9.388964074859219977e+01
-2.423668409552958281e+01
-1.220917489574633663e+02
-9.438493152402938335e+01
-3.170994200773118621e+01
-1.225953249952937085e+02
-2.457706139039698598e+02
-2.672487958848836342e+02
-1.307213219098845798e+02
-5.695309273034020947e+01
-1.534961805661731944e+02
3.195195748624968246e+00
-2.144472255938396188e+00
-6.908852344316619565e+01
-3.054496889160286628e+02
-2.886572750642827145e+01
-1.217367763127311093e+02
-3.780335545033575073e+01
-1.986585131169964598e+02
-7.282687329210654070e+01
-1.478311091233536558e+02
-6.710237229249983670e+01
-4.649937772251707457e+01
-6.956798109722686263e+01
-7.909665785836018870e+01
-3.899003439825031592e+01
-2.166812137729493770e+02
-5.673183410787559211e+01
-5.808645274119102453e+01
-6.166961828016708580e+01
-1.873310499923100849e+02
-9.404029347618474333e+01
7.742106900782388834e+00
-8.186185849567785056e+01
-2.420326578573447307e+02
-8.599293484515624186e+01
-3.628251014699240784e+01
-1.666116015504480856e+02
-6.205688947135068645e+01
-1.303570160485398048e+02
1.103087553535586096e+01
-5.681543417352931158e+01
-7.220067714882314647e+01
-5.169034972597821564e+01
-1.221754576497646525e+02
-2.936201421917561447e+02
-1.290617805566332663e+02
-7.633731229380475725e+01
-2.654515329023117829e+02
-2.512978870497278194e+00
-4.267842611995801860e+01
-7.184662070679179635e+01
-2.120711448809910848e+01
-6.510654595270176515e+01
-1.755954110857326782e+02
-1.142608796396290955e+02
-9.631441903760153878e+01
-8.810927311184536848e+01
-1.985805826390721336e+02
5.900736841335245941e+01
-1.588209686480431060e+02
-1.290171138766861816e+02
-1.835919253530153696e+02
-1.885670935185269173e+02
-1.110064784483804488e+02
-5.758874924203108492e+01
-8.810610951460262186e+01
-3.883659495787541687e+02
-4.696634539723594060e+01
-9.671908073806982031e+01
-2.114103850909371829e+01
-1.999124374597413976e+02
-7.482775191687670713e+01
-4.342100977792897254e+01
-2.372354132906740745e+02
-2.969845607160074223e+02
-6.600118505956673687e+01
-9.276573793513071564e+01
-2.363131715865441436e+02
-1.008690195556501266e+02
-9.765731762935519100e+01
-8.971750371363440024e+01
-8.610022708486521026e+01
-2.802809533563938089e+02
-7.204630478889339429e+01
-8.598691184553129574e+01
-5.281695060994939439e+01
-8.401343744006675252e+01
-7.776808790629941370e+01
-6.009218872421269708e+01
-1.994018432122856836e+02
-3.081940593578191567e+01
-3.861220562040563209e+01
-2.616529400866949118e+01
-1.208255294936089399e+02
-9.539557772783759049e+01
2.995198333400352908e+00
-9.477602142865255530e+01
-5.827123583921236616e+01
-9.138119244473068647e+01
-5.884293122444626789e+01
3.013785528650458900e+00
-2.246086990388189975e+02
-5.598536454829290676e+01
-1.076889643610108180e+02
-5.150256975268624160e+01
-9.750035801891186793e+01
-1.466644544236318666e+02
-1.421106853038284044e+02
-2.773529683788893294e+02
-1.491168720877761302e+02
2.221790953553252734e+00
-1.244971859915818158e+02
-1.192748940912235440e+02
-1.636283434660160765e+02
-1.237041568278363570e+02
-2.289941641204553093e+02
-6.769443339256835657e+01
-2.243573562370879131e+02
-1.567386208230538500e+02
-2.878125502395822650e+02
-6.170360957510865063e+01
-8.299318635054079607e+01
-6.109892964116122727e+01
-9.980488174484152353e+01
-1.695028332925627410e+02
-1.122439134423296849e+02
-1.692670710711799416e+02
-8.244116683152978453e+01
-1.835835630733839992e+02
-6.131002936263712400e+01
-1.045562708696106853e+02
-1.113015167989976959e+02
-8.979020357407043207e+01
-2.053250636471278483e+02
-2.859993730845695836e+02
-6.471375476965158668e+01
-1.137339988001053683e+02
-3.195679834858452750e+01
-1.369902033023019214e+02
-1.342315624259951505e+02
-7.710488045626122755e+01
