-4.568467395691563411e+02
-1.229132125764453747e+02
-7.559330270968739569e+02
-6.749501465277414809e+02
-8.091283912009755568e+02
-6.257575176517237878e+02
-5.692312357035006016e+02
-5.215164963834924947e+02
-4.888997586400095088e+02
-6.389214701479186260e+02
-4.381108505093811800e+02
-4.263119454060445150e+02
-5.085388178816531877e+02
-5.181638560745259383e+02
-2.431263169690279256e+02
-2.280009750202912926e+02
-2.763789836089779328e+02
-4.947833173599321981e+02
-5.196008501848131118e+02
-3.920885913123012756e+01
-2.403053812433255132e+02
-2.869340958996742756e+02
-1.456630739070949687e+02
-9.560498300890050416e+01
-7.184086529777340502e+01
-5.234226820042899675e+01
-6.953408520846778629e+01
-1.232619735079344565e+02
-5.784240053300474926e+01
-1.384591700541247405e+02
-7.604011056511676259e+01
-9.090311346852917040e+01
-6.676340285230260463e+01
-8.340656214176917160e+01
-8.073152497341081357e+01
-1.240327660830193679e+02
-1.195362255446056565e+02
-8.255710913183339983e+01
-4.091192147898794218e+01
-1.200511212194500104e+02
-3.877741213199611821e+02
-2.495921729895254373e+02
-1.306117914116321685e+02
-1.092721444413908927e+02
-2.172428809508533050e+02
-4.459542004117944458e+01
-1.388236100947219711e+02
-1.489406480561536910e+02
-1.118832910969500105e+01
-1.463022516865129887e+02
-1.715581232474322917e+02
-2.818026974103653970e+02
-4.742288817017039548e+01
-1.986642709115832872e+01
-8.350856806537882449e+01
-1.201033004260737869e+02
-2.377206825088899222e+01
-1.458981772475312368e+02
-2.652764617842362327e+01
-7.403804405077126205e+01
-2.386424819979130518e+01
-2.018772660761349584e+02
-2.870660643235281384e+01
2.598161663742524752e+01
-5.092287780708765155e+01
-2.665701951818320481e+01
-5.603115364174726665e+01
8.557846710125950551e+00
-2.858440975779804205e+01
-1.255654662457006410e+01
2.223625333366382684e+00
-1.237653663192751310e+02
-9.337095863718043631e+01
-1.700400595599366511e+02
8.787334835300743663e+00
-1.109581619717778267e+02
-9.622284751858073548e+01
-2.960798294084921167e+01
-5.333140033196839624e+01
-1.535907280603987601e+01
-1.389861569115125803e+02
-1.132744046008843100e+02
-2.593787222857700669e+01
-1.864225047317655992e+01
-3.000541265384104861e+01
-2.275541325460677626e+02
-3.287925031797676922e+01
-2.159227316778722070e+02
-6.246702628093332521e+01
-9.785836128061782802e+01
1.417883653017764800e+01
-1.170471147869795914e+01
8.235252675571587133e-01
-1.388342546728883065e+01
-2.014213586413330290e+02
-4.652965126918778793e+01
-2.654321506181477730e+01
-1.020766387819818561e+02
-6.675122813208599837e+01
-7.580859916213476879e+01
-4.467554969609243187e+01
-7.986654298312568301e+01
-2.312707017303638963e+02
-4.882166193068478037e+02
-1.896367137745749858e+02
-2.829294638548674357e+02
-1.301884760145488826e+02
-3.327880830357325976e+02
-2.710935516711969058e+02
-1.997697126772590366e+02
-9.596236387304611526e+01
-1.077215373442877961e+02
-2.354928305756748728e+02
-1.002679191862512909e+02
-1.227311691230593880e+02
-6.451319278785990718e+01
-5.275242424117798237e+02
-1.905530497336065707e+02
-7.017900985614464560e+01
-7.037318776234347695e+01
-2.222524407850730199e+02
-4.068408299571015050e+02
-6.072777783736157744e+02
-3.624362233735045606e+02
-3.883189932969822280e+02
-4.574952202012387943e+02
-4.090359439166039124e+02
-2.968464876398101069e+02
-2.285594716542858009e+02
-3.567290376700303796e+02
-1.792882632047347329e+02
-8.070755070714349699e+01
-1.642465301605278327e+01
-2.040699843248198135e+02
-1.884487423489127877e+02
-1.672688561698192871e+02
-2.366140320977922897e+02
-1.562232665497780602e+02
-8.677316747522450413e+00
-1.584100452066112439e+02
-8.529874917854992589e+01
-1.267062334294678578e+02
-1.196210636159615426e+01
-4.302136703364173798e+01
-1.850960666127961218e+01
-2.832454625355214084e-01
-8.110819445052013066e+01
-4.552767911202187179e+01
-2.544716253441160347e+01
-2.912626973938685282e+01
-3.407713626663642117e+02
-9.199085172285774092e+01
-2.311785801221385839e+01
-8.892010606043190535e+01
-5.453585278179477136e+00
-2.308367733850009245e+02
-1.916738016803869868e+02
-1.556990821188280734e+02
-1.289727053018749530e+02
-1.487893332615015822e+02
-1.490366062516772558e+02
9.112677044734341791e+01
-6.315049091234471490e+01
-5.399583076665388859e+01
-1.408320199378017890e+01
-1.149713396894045161e+02
-1.128707364803478299e+02
-1.214846156959817165e+02
-1.167458928514843848e+02
-1.291194195957717739e+02
-2.359243597523528422e+02
-8.812390514608861736e+01
-3.144856420802476293e+01
1.184514654737514121e+02
1.444494168512690919e+02
7.535045254010961457e+01
-4.595641492478534929e+00
3.802760219155943844e+01
-8.357161838543461840e+01
-6.836106742691195848e+01
-7.439707247042838389e+01
-2.773338677420817078e+01
1.670446886699116362e+01
-8.577460607303996198e+01
2.524335597734548742e+00
-5.369234474328342799e+01
-9.222431641523144208e+00
-2.662900360504047512e+02
-1.508009937365818018e+02
1.088604687317625164e+01
7.956939871215354287e+01
8.356368301133841214e+00
8.285538341527400519e+01
-3.807107800918522003e+02
-4.502029938385444439e+02
2.291221972924425643e+01
-3.946422438918132514e+01
-5.753149623517391120e+01
-2.167391463992235145e+01
-7.403880182522216913e+00
-9.957501961091801945e+01
2.182624435355165460e+01
-7.267194664485712963e+01
-2.262916160815407096e+01
-3.726176310154043847e+01
-3.330423910605149729e+01
-3.671800458899744513e+01
-3.277105305468954555e+01
-1.154072986628500672e+02
-1.011410483973780003e+02
-8.442878367893518998e+01
-1.244900111305322952e+02
-4.663023748674411451e+01
-1.895998785346525892e+02
-1.763933514590434584e+02
-1.560724501200882628e+02
-1.580387082390910791e+02
-1.367056068143578500e+02
-1.099142941035975269e+02
-1.487362762413618782e+02
-1.607577546394215346e+02
-1.350434016663122065e+02
-1.151012216380163693e+02
-1.605658941132591622e+02
-1.211102008409337394e+01
-1.744890501661817268e+02
5.536475761991326294e+01
-8.817672392335583709e+01
-2.844503992792318741e+02
-7.920107851647716757e+01
-1.107630586311178718e+02
-4.640477825685225355e+01
-1.784979341871164706e+02
-1.369218651654576604e+02
-2.320758060798417830e+02
-1.635613896565384948e+02
-1.354939599961602426e+02
-1.546330198426365428e+02
-4.555365961596814373e+02
-3.175449736259740803e+02
-2.733138786125790602e+02
-3.068217252485213749e+02
-2.733761723441049298e+02
-2.965304635347206386e+02
-1.927669586702492097e+02
-2.878090282159929529e+02
-2.540438732401395612e+02
-2.434628598167559232e+02
-3.250446193237358443e+02
-3.055492728104417210e+02
-3.712607259519763829e+02
-4.866035642171715381e+01
-3.170753134816636702e+02
-2.969584315843151217e+02
-3.156403034045790719e+02
-2.160286162413438547e+02
-1.384955226053733384e+02
-2.923990595956240668e+02
-2.773307150739138933e+02
-3.501035351029889853e+02
-2.090400463108216513e+02
-3.287651712793810930e+02
-3.592983317276440971e+02
-2.429874648335599545e+02
-2.581279130820312844e+02
-2.419774195484535255e+02
-4.277796370186254080e+02
-3.743964410698271195e+02
-2.750060438598526389e+02
-2.507170687223840559e+02
-2.127072025701689313e+02
-2.118760204096755047e+02
-1.625062227373892938e+02
-2.023607720100486063e+02
-2.224000880377744807e+02
-1.622313666770820646e+02
-2.098664200760121616e+02
-4.699540641270460810e+02
-3.375943845062079163e+01
-8.897912615512984758e+01
-1.589080781516765910e+02
-1.198337098340242477e+02
-1.360335576676726532e+01
-1.099440683865761912e+02
-2.148664239801027520e+01
-1.265832412551379775e+02
-2.304627018150294759e+01
-1.925625727900692823e+02
-1.179788725551829174e+02
-1.670252256725216284e+02
-9.086946231119736694e+01
-6.991689529158622918e+01
-7.886953205098782860e+01
-1.706933076643286995e+02
-6.264114943731070184e+01
-1.268388805905873369e+02
-1.087480459522979004e+02
-9.970136315823329198e+01
-2.140599004114465345e+02
-9.725601247143139005e+01
-1.028754186167653870e+02
-1.289106702040339769e+02
-1.182201696524377610e+02
-1.489458425332029492e+02
-4.778661535227138302e+01
-6.307027680310548590e+01
-6.850107210394739354e+01
-7.576505597771324574e+01
-2.972680505033306417e+02
-4.918314976118929849e+01
4.152197923289278947e+00
-1.130964961591294866e+02
-1.825446790858708255e+02
-1.648981488439416978e+02
-2.101474503149439101e+02
-2.207442817345572053e+02
-1.359139913487144327e+02
-2.290265382243700003e+02
-1.766944491896508111e+02
-8.444690130912732684e+01
-6.070724299264242063e+01
-1.827628368691751177e+02
-9.561545963327431252e+01
-2.990792596188841799e+02
-1.066500020452574233e+02
-3.310903863841914472e+02
-3.059925427907515996e+02
-3.062589349016069491e+02
-1.816792652784075415e+02
-1.683836071217711492e+02
-1.088171573824994027e+02
-2.007757055515217814e+01
-3.499917617932084113e+01
-2.121619798629230331e+02
-4.356752704620314489e+02
-3.385831260176830142e+02
-3.209988498767166902e+02
1.713011674422699571e+01
-4.619276031869812869e+02
-4.830757596861525371e+02
-1.811072724053211118e+02
-5.057410900294649423e+02
-3.756582393662080790e+02
-3.335376404622832638e+02
-2.044754662506750833e+02
-2.664966182424979024e+02
-2.900392403153704777e+02
-1.991380458933474813e+02
-2.220713485229880746e+02
-9.293853335079070632e+01
-1.967999467169274226e+02
-1.207615691471438168e+02
-1.543686027288084404e+02
-2.246786176201887315e+02
-1.916491245648381323e+02
-2.449054075612008035e+02
-4.476652316618128680e+02
-2.462836435367634635e+02
-2.542734606523271736e+02
-3.128265134773448608e+02
-3.418481985416158295e+02
-4.482634043466406411e+02
-3.895720587759760178e+02
-2.913264749956705373e+02
-2.422483545757693548e+02
5.121528658689584290e+01
-2.476777821012937864e+02
-1.617246604232154823e+02
-9.431444837949908333e+01
-1.568617235794104090e+02
-4.288756107996552203e+01
-4.726592414213354232e+01
-2.955034612472843492e+02
-1.993953282894579218e+02
-1.708180276755416855e+02
-1.061842262352470527e+02
-1.719013251105077984e+02
-1.680091832196804376e+02
-3.075872291284885023e+02
-1.810202189783293250e+02
-2.135800612922345181e+02
-9.857860756319803386e+01
-2.773742011438210966e+02
-5.315514703268918595e+01
-1.701654383640422168e+02
-1.437830954554256948e+02
-6.600152371964999531e+01
-1.502701599327878057e+02
-1.349564647926852672e+02
-1.814128852740157072e+02
-1.887046764911519290e+02
-1.074277662503701691e+02
-1.327545643960340556e+02
-1.618559492356100122e+02
-3.698894546923275470e+02
-8.934085486555065927e+02
-3.559715083805331233e+02
-4.553059759923553997e+02
-8.370049068129290504e+00
-1.516977957459702111e+02
-3.562332901164052146e+01
-1.964792879727675654e+02
-9.566268759100910302e+01
-1.110906901760499181e+02
-8.667794747510019704e+01
-3.408410977443118099e+02
-1.043866577430049603e+02
-8.714533408858629571e+01
-1.083302763003237033e+02
2.274570155853733411e+01
-7.772491423211096162e+01
-1.951516454440642292e+02
-1.091843281021809275e+01
-2.621646586526355804e+02
-6.095336739968760043e+01
-2.775822448114818641e+01
-1.335484475089071168e+02
-6.547461554783582471e+01
-1.304830765824706305e+02
-1.182223342233744603e+02
-1.852260537891627479e+01
-3.632312137923966588e+01
-4.670628913978617902e+00
-1.564797123266592394e+02
-1.308088834990734313e+02
-1.755766157166174821e+02
-1.523656053220142326e+02
-1.537362097959123730e+02
-5.055259776076238865e+01
-1.256835455075928678e+02
-1.600399118377169145e+02
-3.323112979199330539e+02
-1.167283397405277725e+02
-6.449542384705102904e+01
-9.017939214187967423e+01
-8.419003726891979511e+01
-2.055692265712207814e+02
-3.514124314181655251e+01
-7.298402477607944547e+02
-6.190748180025593683e+02
-5.382820870266364182e+02
1.340859656601250549e+01
-5.204878043419707865e+02
-1.754852637839729255e+02
-9.396922139155621778e+01
-2.483916938023542968e+02
-3.843088853174684232e+02
-1.129407952541022837e+02
-1.357890503118817378e+02
-8.021912722464576007e+01
-1.369035405982705811e+02
-1.261322764920439568e+02
3.151764118023154282e+01
-1.587985809510279367e+01
-5.240218062034779223e+01
-5.757486671959965463e+01
-2.973566083057717435e+01
-8.328427475543841751e+01
-3.268029171336161554e+00
-2.584604655597073588e+02
-2.435314718965108227e+02
-1.337224657345932854e+01
-4.209113657947563780e+01
-1.304752691328333469e+02
-1.462794074511726308e+02
-3.028557123790072581e+01
-1.046256190188363604e+02
3.676334198413509391e+00
-1.014205980894514880e+02
-1.081334272693463276e+02
-8.552812354591682720e+01
-1.393080770278518514e+02
5.917121924365574159e+00
1.344565550801958409e+02
-3.769915452885894638e+02
-2.959936221330602848e+02
-2.270535347302199369e+01
-6.213354413702322177e+01
-1.179410800322414019e+02
-5.341033955193836391e+01
-3.089020739019507289e+01
-9.947588802579291212e+01
1.990770177994737651e+02
1.056565485987785280e+02
2.096551049716828174e+01
-1.764427937459403211e+02
-4.188207320634612074e+01
-1.501108153516971413e+02
-1.630180358380897587e+02
-6.524488410360189050e+01
-2.898669157916992845e+01
-9.289408389940251709e+01
-4.979844479561829758e+02
-1.320449653656207261e+02
-1.671089836391640233e+02
-6.002336874776420927e+02
-4.127873591621429341e+02
-1.390030470034889163e+02
-3.862632360731211634e+02
-3.447846554330802604e+01
-4.599753499368339362e+02
-5.014750061382924287e+02
-4.808266784731195571e+02
-3.079777303653686999e+02
-2.813711816275824731e+02
-3.886299400540021907e+02
-2.000058318289392787e+02
-3.086479404076416131e+02
-1.727498596743607777e+02
-4.952138666486658281e+01
-2.227624572467840665e+02
-9.526090678868449402e+01
-2.036172421677974853e+02
-9.129606974302228650e+01
-3.178712086496962286e+01
-1.101164527901766377e+02
-1.650876158197033874e+02
-1.878029970483108855e+02
-1.478391381184318334e+02
-1.456557255428753592e+02
-1.827767966180912538e+02
-1.919471475286517261e+02
-1.600701876711820262e+02
-1.315306750383012115e+02
-1.046711875634405402e+02
-6.832984093220471777e+01
-1.007794939799050553e+02
-2.778403544020897016e+02
-8.627446291877009799e+01
-2.356987655568436821e+02
-2.982924169561766803e+02
-1.351266481821730565e+02
-2.217563585216617525e+02
-1.652492689642457435e+02
-5.855330646116750870e+01
-1.813967952528138312e+02
-1.093658505437087882e+02
-1.443274611123551097e+02
-1.571044227679447545e+02
-8.637200442817118073e+01
-1.747053682540097839e+02
-1.625035727203582496e+02
-1.334889628169442517e+02
-5.561718014878189820e+01
-5.622642798914607454e+01
-1.139415011222137508e+02
-7.301460875955643814e+01
-5.577853300769616141e+01
-4.648304037363821806e+01
-1.693126773198747514e+01
-8.128271099074059691e+01
-2.851352519383938215e+02
1.152931949323917138e+01
-1.165782869279124156e+02
-7.614068935803521754e+01
-4.079997348380861695e+02
-3.669434242434433600e+02
-1.344032078624531437e+02
-3.655443368688323744e+02
-4.877324962115697531e+02
-3.805908288859729964e+02
-3.827393355144629936e+02
-6.119833555941003169e+02
-6.040750470193850106e+02
-3.220317910201545146e+02
-5.644124477001957274e+01
-7.635232085232540555e+01
-1.579015766771174611e+01
-1.693925161207547490e+02
-2.860289818893400593e+02
-1.273628856656056172e+02
-1.527115462182511578e+02
-1.778300157258118759e+02
-1.420262912565442264e+02
-1.709473877152745729e+02
-1.876612835855722778e+02
-1.441711521801666436e+02
-6.903056763213534168e+02
-5.524901445159596278e+02
-1.148298372659745326e+02
-1.163958640141591161e+02
-1.754553082240618096e+02
-3.191761308327768347e+02
-1.594057192568128301e+02
-4.187626451685254381e+01
-7.026586360606543735e+01
-4.032831555944619595e+01
-1.949264632431249424e+02
8.291789292642578246e+00
-2.224108772142416797e+02
3.742871250093695146e+00
-2.644813978593394950e+02
-1.156214575823830302e+02
-8.950996784357764113e+01
-1.022738148130030424e+02
-1.980759985156469156e+02
-6.029766167911061814e+01
-4.385737736718680679e+01
8.009105302582794650e+01
2.116222002510349398e+01
2.516588077460415107e+01
-2.025890792730211842e+02
1.599197816758226942e+01
-1.411102269386297614e+01
1.892016207491722168e+00
-4.055539958721718818e+01
-6.559267845144124465e+01
-7.605153788968542017e+01
-7.817928472327788825e+01
-3.190909905215858089e+02
-2.102458126733740755e+02
-2.341464913115223681e+02
-2.429969636246656535e+02
-1.788926390771477486e+02
-1.597125913702760727e+02
-1.633468216371123560e+02
-3.702751868308018288e+02
-3.068875306079851271e+02
-3.165515981276281536e+02
-2.964116517266977553e+02
-3.207464530500130877e+02
-2.182426371842091157e+02
-2.042137507091746613e+02
-1.789208957021187985e+02
-1.140254035219115565e+02
-2.001560740339614313e+02
-2.802747194833798403e+02
-7.109204839842304580e+01
-2.643898650621485444e+02
-1.949361245296063316e+02
-8.925009213401635577e+01
-1.080191406302172084e+02
-7.734753849486760657e+01
-6.894296730373744708e+01
-1.002529665819611182e+02
-1.845139843658241716e+02
-1.261209781592416164e+02
-4.935192775540340904e+01
-3.264323581368837495e+02
-2.232921084505137230e+02
-7.291987612994914514e+01
-2.964975032903133183e+02
-1.285950118112824896e+02
-2.601170522080881256e+02
-7.090596958236045566e+01
-1.207661077363877524e+02
-8.548265359457488444e+01
-1.280308560846091268e+02
-1.977220522114319010e+02
-3.503216921338133716e+01
-7.128563342461116292e+01
-9.824643242776970453e+01
-6.751842440889971897e+01
-7.335012382584164925e+01
-5.654817939649893077e+01
-6.677985070930448330e+01
-1.865724713352788910e+02
-6.297863688515257508e+01
-9.972962411623802836e+01
-7.522248918402749496e+01
-9.027986918503333413e+01
-6.080343506443536938e+01
6.316554298217482710e+00
-3.312666502338235119e+01
-1.565395406000798673e+01
-6.548154426580407517e+01
-9.378930101039227907e+01
-4.393370654881906034e+01
-1.521615417690608751e+02
-1.039157870920344351e+02
-1.429663458954902922e+02
-3.700187578757237361e+00
1.902304615261476783e+01
-9.209330241821263030e+01
-5.625121893615914104e+01
-1.226976424938070380e+02
-1.036169310532551009e+02
-1.719163327778340431e+02
-4.735247106763315372e+01
-4.211504648315472537e+02
-8.329428910265048103e+01
-3.851748405416690844e+02
-4.417121522137293255e+02
-2.109417797671975165e+02
-1.715436874717011335e+02
-3.988708603903269250e+02
-3.002526042908281738e+02
-5.915419990675996331e+01
-3.074160953177821511e+02
-8.392681320465563033e+01
-1.480503471648198399e+02
-5.733192560603027488e+01
-7.034044966627170936e+01
-6.201703063378471370e+01
-3.756252150007941992e+00
-9.085466770482602783e+01
-2.998157230660800820e+01
-6.937074534545511995e+01
-8.270214572674305487e+01
-4.952895858909375448e+01
-1.055029381666633981e+02
-8.978331182123604037e+01
-7.251622450002707865e+01
-1.211229056521115410e+02
-5.333593367967895915e+01
-9.370825608610793722e+01
-1.015549791043570963e+03
-9.704328077029117594e+02
-5.687739342777645390e+01
-1.408518950528448670e+02
-6.455243529880152664e+01
-2.553028948919763366e+02
-1.584915534314526440e+02
-2.352018781115924924e+02
-1.514661084527184016e+02
-1.613763638162809002e+02
-1.715393389184498574e+02
-1.427219672993044526e+02
-1.155595314363723958e+02
-1.172619133286265054e+02
-1.149351657552947330e+02
-9.758964871135268027e+01
-8.156185683853779267e+01
-1.306357510517647995e+02
-1.269945531956684306e+02
-7.419176824644924295e+01
-1.422643108647257861e+02
-4.610565677474074278e+02
-1.268691090311284171e+02
-1.349394232707373931e+02
-2.191453527542567770e+02
-9.580600101286977122e+01
-2.238438364926154804e+02
-2.407311389511660593e+02
-2.263797378256526827e+02
-1.877736673414303255e+02
-2.460569318236069307e+02
-1.583325616733659729e+02
-1.442651020226565777e+02
-7.893243506767754525e+01
-9.756264912673918843e+01
-1.731902961543141828e+01
4.418212824725023857e+00
-8.175739871656179503e+01
-1.161474293461979670e+02
-1.419082624847114573e+02
-7.071720189891244956e+01
-9.281613810490121352e+01
-9.245823719251471573e+01
1.989348535108217675e+01
-4.496680808041850952e+01
-1.003394191200821517e+01
-2.275333388440398608e+01
1.525735234302928234e+01
-1.536957319878152761e-01
-2.361839478043038199e+01
-4.100915335421412067e+01
-4.972030027370462335e+01
-9.407414457605783875e-02
-4.177276125642984539e+01
-1.150359017355590510e+02
-9.043001644161265062e+01
-1.592698511265699892e+02
-3.738402958951003825e+02
-7.259059522098132788e+01
-6.675970087080561655e+01
-5.134841950570500302e+01
-3.741982477642963545e+01
-6.658497756632799280e+01
-1.583390691856283716e+01
-6.226966594922816967e+01
-2.759439162385469331e+02
-1.783747377925813566e+02
-2.506021558140235186e+02
-1.565188324030516753e+02
-3.120450026867388260e+02
-3.164362171307968765e+02
-1.955408107017314023e+02
-1.702052911712076195e+02
-1.120811759835105335e+02
-2.141806431639560628e+02
-2.234037488697714764e+02
-1.175799448003641317e+02
-1.008915653865217195e+02
-2.591256030636188257e+02
-1.645985987149497873e+02
-2.804630807250705402e+02
-6.420255137474450180e+01
-8.531599569167954655e+01
-2.092046232343181700e+01
-5.350002782569735871e+01
-9.122093702043379437e+01
-1.216938760241827850e+02
-1.974375097496228193e+01
-6.304876700150943947e+01
-1.222867400705745666e+02
-1.054404747061454941e+02
-1.382168449741266727e+02
-1.201792686122153100e+02
-1.148135730796288811e+02
-6.897664492218233079e+01
-6.377046896510609741e+01
-1.522981806859057770e+02
-1.999805790911457848e+02
-4.439731001350859856e+02
-6.601507036071932077e+01
-8.590744789948975324e+01
-3.821823433104517562e+02
-1.250207175204364773e+01
-1.014787421605003601e+02
-2.355307151521714673e+02
-2.608643472747372698e+02
-3.049965747440389237e+02
-1.078976203015644018e+02
-2.731050141145344696e+02
-1.380502289634694080e+02
-1.312243364966654156e+02
-1.386190651137343082e+02
-1.022333341900826582e+02
-1.139867237351848672e+02
-2.171592952314782679e+02
-1.205986991756206805e+01
-2.110088429034298656e+02
-2.678858461597423002e+01
-1.877028599073306339e+02
-5.705917639231431338e+01
-9.334053828636554329e+01
-8.641761354691340102e+01
-1.456100887377996287e+02
-6.065920070592632385e+01
-1.595911355232036613e+02
-1.045273691810286323e+02
-1.101914988282544243e+02
-1.398743100554714545e+02
-1.215280176597110540e+02
-1.598762786585978688e+02
-9.615740688557927740e+01
-1.055082370213705758e+02
-1.344131349274761646e+02
-8.441487599383054885e+01
-7.280316012603184106e+01
-4.560180651207398483e+01
-1.457096112175084954e+02
-1.997336542235145487e+02
-2.357938449766402300e+02
-9.449781135288009182e+01
-2.886983479985715917e+02
-9.762853763112903493e+01
-1.567823859695853344e+02
-1.387322519996255323e+02
-1.816371952710334483e+02
-1.623364378486642181e+02
-1.287567943199548495e+02
-1.817164594755089979e+02
-2.612952095708022853e+02
-1.412616299780281395e+02
-2.628676425991571932e+02
-2.997138820903968508e+02
-2.012042666864498699e+02
-1.064510815298571487e+02
-1.277696839878594659e+02
-9.783218191310999146e+01
-1.366277684321560173e+02
-7.541984025552041260e+01
-9.651643450543420499e+01
-1.545335842048880863e+02
-1.775308649734047890e+02
-1.705467522784574044e+02
-1.354549100157971679e+02
-1.575121777394606397e+02
-8.654767481040018140e+01
-5.023422423458766417e+01
-4.398405036521405691e+02
-2.210410946614965439e+02
-1.460122863874766495e+02
-1.056088109645969411e+02
-1.011972052818730248e+02
-1.491342663801033837e+02
-1.797313175063389394e+02
-1.845283518617318350e+02
-2.279748277226696587e+02
-4.484611178708277635e+01
-1.110808922975340920e+02
-1.638561300080674243e+02
-3.354027786918811671e+02
-1.325539205756828949e+02
-6.109746760192534509e+01
-7.108792204568620718e+02
-6.357341136297666253e+02
-5.997512521636097063e+02
-7.716399056728066626e+02
-1.037498779511293833e+03
-1.797469773363110335e+02
-6.242258113063666087e+02
-7.366066918777879664e+02
-7.785597461436412914e+02
-7.518897588118176145e+02
-5.067385439817061297e+02
-1.485029505842092874e+02
-2.695700911539170193e+02
-1.088560122742752441e+02
-7.334086978666060475e+01
-1.226258485160924039e+02
-6.628474198834611286e+01
-1.090094628551941298e+02
-1.548655686359012975e+02
-1.312938303591112970e+02
-3.609165137915015009e+01
-1.227811012934779455e+02
-9.097791955072665360e+01
-1.312110605098330325e+02
-9.301198987779669380e+01
-2.671923230417606305e+02
-2.534425701970054661e+02
-9.985429099414342602e+01
-8.897638768658299568e+01
-4.582920344062055307e+01
-1.035886901633185033e+02
-1.984079096932819652e+02
-1.495245988023032737e+02
-1.075297343233610547e+02
-9.810961423300365425e+01
-7.242520375800319243e+01
-7.437842114331185712e+02
-1.495521172875807281e+02
1.386675267449391242e+02
-2.344545734813642639e+02
-2.201366383279055867e+02
-1.453825046013777751e+02
-1.701549736036526213e+02
-1.541521047297680411e+02
-2.109297414691368147e+02
-2.936163919726450899e+02
-2.900518972148740886e+02
-1.740401156088815640e+02
-2.468334216950896405e+02
-2.754311211472278274e+02
-9.804367589155367568e+01
-1.982366761869847380e+02
-2.610609583035649166e+02
-1.915269169894902177e+02
-2.380524579459270740e+02
-1.112969426444302457e+02
-2.089616418972819645e+02
-1.516873495544510888e+02
-1.117719893329242495e+02
-1.041577190561095563e+02
-1.642252949837266840e+02
-1.506078775505855560e+02
-1.750774220223526356e+02
-2.606718912517282547e+02
-3.042835036364788266e+02
-1.692169744985530713e+02
-2.150791902526571846e+02
-1.930524869298821216e+02
-2.148586131860849662e+02
-1.858076524014855977e+02
-2.351233815496418345e+02
-2.001969737487704037e+02
-1.930609347263820439e+02
-1.684255795668337896e+02
-1.592246244547685308e+02
-1.616593147317862247e+02
-1.605425528246097429e+02
-1.634271295171898544e+02
-1.420379641333622942e+02
-3.194937734408709957e+02
9.861281395602898669e+01
-8.545578073012823950e+01
-3.526224196529988149e+02
1.341496251184182711e+02
-3.452382525527832513e+02
1.828479619353078647e+02
-1.275558997238803727e+01
-1.981910604187580986e+02
-2.188851223410408693e+02
-3.492771349072764906e+02
-4.380117295922973852e+01
-3.619889601531243102e+02
-2.177726551182448134e+02
2.551459376029950477e+01
-2.648422136696038933e+02
-2.318983336951943670e+02
-2.237314730803778104e+02
-8.639353099452071660e+01
-3.330694393175172081e+02
-4.481264546839067293e+02
-2.991232395191599380e+02
-2.132885015873703196e+02
-2.684501761814593692e+02
-3.935970344862407160e+02
1.995685543718807082e+02
1.843755383088785038e+02
-7.543152499401446676e+01
-4.784371307723717592e+01
-9.208124834501900580e+01
-2.666581720249450882e+01
-1.953022991391191567e+02
-1.329256189110538457e+02
-1.044535239223911702e+02
-9.989103019519841098e+01
-1.099689431504842503e+02
-1.160825679643251647e+02
-4.238287902373678406e+01
-1.218368168553383981e+02
-1.124820296560856292e+02
-8.286384136133916911e+01
-2.808772965208478922e+02
-6.938602461758961226e+01
-3.090815310577523292e+02
-9.571205925347564403e+01
-8.813896767924333631e+01
-8.741455199461336179e+01
-9.336024563070743909e+01
-5.258746146571522928e+01
-4.181308608836417307e+01
-4.388948286305463142e+01
-1.462518475909806739e+02
-9.737871950841514490e+01
-1.421865318325327223e+02
-8.359937690794176035e+01
-7.101012652896798727e+01
-6.721623185878851992e+00
-1.883017574621626977e+01
-9.796405299373876119e+01
-1.181464461846570799e+02
-2.609586600341113467e+02
-4.418014559728425183e+02
-1.199324384060348905e+02
-5.748022049394328548e+01
-8.095355503529138730e+01
-7.339449501105296747e+01
-1.024236970519848171e+02
-1.514887981129626269e+02
-1.660214392520949218e+02
-1.101261297797842929e+02
-1.171155558114770088e+02
-5.047379701528384999e+01
-1.506781720417529016e+02
-1.592855866889843526e+02
-2.698479085972486473e+02
-1.193019022025778497e+02
-1.518259615805321232e+02
-1.342000603868615372e+02
-1.514469260612563346e+02
-1.071567629867814873e+02
-1.655312469360752061e+02
-1.164208868565892487e+02
-1.079805108039385857e+02
-1.712473000330570017e+02
-5.642425878506189747e+02
-1.269383729136433345e+02
-1.092322999724041637e+02
-1.318941650582445959e+02
-1.591285149927937823e+02
-1.368860916535997490e+02
-1.849010183573088852e+02
-1.549693582340332512e+02
-1.937891548202837839e+02
-1.480496883183989780e+02
-1.644394358849280593e+02
-1.350624384951976822e+02
-1.391766801719970488e+02
-1.478310067690872245e+02
-1.669767026251938375e+02
-3.316622683987727100e+02
-2.752368455401982033e+02
-1.526708376837040078e+02
-1.659143407838189432e+02
-1.611001445433005586e+02
-1.678403026845224417e+02
-1.394616902255903028e+02
-1.120092341987051014e+02
1.062531691307191579e+02
-1.925691177093112003e+02
-1.625764550670236588e+02
-1.124425817413843163e+02
-1.514996777820604734e+02
-2.038954154545307347e+02
-1.923408144508616715e+02
-1.591030832813655422e+02
-1.765648394387267786e+02
-1.458643111795231562e+02
-1.705217392745599341e+02
-2.465426059994820207e+02
-9.331925753613082009e+01
-9.848594418317068744e+01
-4.059661466991940983e+02
-1.097462645280169937e+02
-1.687360593351050966e+02
-1.489115191297808849e+02
-1.360220837945017252e+02
-5.533219749726488317e+02
-5.155024974296279652e+02
-2.340303442183705442e+02
-3.363854090980699993e+02
-5.706620484583536381e+02
-1.037272079391299940e+03
-5.229899930750270869e+02
-4.091422237784242952e+02
-4.628499187908415706e+02
-2.883155143462571459e+02
-2.045535328886359139e+02
-1.988372913022828925e+01
-7.677518651056132626e+01
-1.378267471613849580e+02
-1.036672186000714788e+02
-2.828327127627555910e+02
-2.962320319804265409e+02
-3.180461852286678663e+02
-2.847599779241193119e+02
-2.775318534144488467e+02
-2.311894516533403134e+02
-2.067027129727812849e+02
-2.183385374923956022e+02
-3.279211967257193692e+02
-3.779060693425008139e+02
-6.498589574610392674e+02
-5.293168263444417789e+02
-6.140449615970255763e+02
-4.279195666522524562e+02
-4.916911940685607192e+02
-3.017372251169041988e+02
-1.774716740357686717e+02
-4.098862367658401809e+02
-1.841368497073962658e+02
-1.958930373971959966e+02
-1.852254238851834884e+02
-2.077033718112139411e+02
-3.018410869331092385e+02
-2.510539894865443387e+02
-2.343795804262307740e+02
-1.759253806797335073e+02
-1.830623434423067124e+02
-4.412907456147272711e+01
-2.539465123485240383e+02
-2.040170388413419005e+02
-2.703981128984295310e+02
-2.125588495094705195e+02
-2.770867777390794799e+02
-2.053322161950597717e+02
-3.482686882951727512e+02
-3.141566953492483663e+02
-3.360583783803382403e+02
-2.510387569722731769e+02
-3.460995854471154871e+02
-2.470637146100811776e+01
-1.935557732383355187e+02
-1.403915689245393992e+02
-1.233202114456352660e+02
-2.540262488825306093e+02
-3.220281193691980661e+02
-3.475365486291266279e+02
-2.486192140897864817e+02
-1.219657119687397682e+02
-2.332072430324701884e+02
-1.507499249879809895e+02
-1.845531760447860279e+02
-1.825784319652194085e+02
-1.721387047075982935e+02
-2.545612339360825445e+02
-1.763254837034558022e+02
-1.902383723672880933e+02
-8.896894259830435203e+01
-1.482483985999509741e+02
-1.339460602253384423e+02
1.526926909845402633e+02
8.634904054903796577e+01
-6.202925549196653066e+01
-1.250746180812070918e+02
-1.027549732520328263e+02
-7.009525337933834521e+01
-5.093596790051034162e+01
1.653032839680493566e+02
-8.194319953687276836e+01
-2.569503799389414098e+02
-3.481902095775903945e+02
-7.095224945936843142e+01
-7.286218577275401742e+01
-6.478101710135963742e+01
-8.300749413129621246e+01
-8.717639860866771073e+01
-3.262979062378983741e+01
-7.749589943578689599e+01
-5.591144345407732885e+01
-5.796752260558665881e+01
-1.678232558226275160e+02
1.675160415977974822e+02
1.431768476584605878e+02
1.370704337061249305e+02
-7.947410325164409528e+01
-8.225218628282713951e+01
-1.034759116474542537e+02
-3.228269206177145634e+01
-1.030844213564251675e+02
-1.591176150070971573e+02
-1.000330475520188429e+02
-7.695844151930356247e+01
-8.378046677165708900e+01
-1.590413109326847803e+02
-9.597336563328366310e+01
-9.550508351519169992e+01
-8.095287940271015259e+01
-1.043532173296672454e+02
-1.350236263754292168e+02
-1.692206222927717647e+02
-8.034594335180440794e+01
-2.644291410503800535e+02
-3.392435355753847261e+02
-3.368423499201282425e+02
-2.140214561505188158e+02
-2.940813293928412619e+01
-7.685061088848726740e+01
-2.959718200979154545e+01
-5.492242505078579740e+01
-7.351749922867382736e+01
-4.228909768465672983e+02
-6.037405821918368929e+02
-3.638229329168424329e+02
-2.943232700014442003e+02
-2.300326582987923132e+02
-2.704361145236439370e+02
-2.469544805051288847e+02
-2.183669417739221785e+02
-1.808498271816745842e+02
-1.537477933675050110e+02
-1.471730456457487435e+02
-1.519886063324747738e+02
-2.019739580420788911e+02
-9.803644765493338298e+01
-1.273868700297074668e+02
-1.694468579976572187e+02
-8.421615128848631571e+01
-1.432431029596999110e+02
-1.228564080949342099e+02
-6.904301816909472223e+01
-6.068911170542008904e+01
-3.319290937432883766e+02
-3.073509905001980087e+02
-1.767705784657795789e+02
-2.974436647453076148e+02
-1.639127688845290152e+02
-3.419029049915480982e+02
-4.156922716515072125e+02
-4.410778405346021032e+02
-1.842369664126929365e+02
-1.203887763684147245e+02
-1.513698553465508780e+02
-1.546639725345004308e+02
-2.009853435693705705e+02
-1.845544586370249363e+02
-1.305149136138623476e+02
-1.110303319959404433e+02
-1.121402757422662972e+02
-1.214885862417195739e+02
-1.750212632526008179e+02
-8.262817193298188556e+01
-5.531841392790607159e+01
-9.353511801540295778e+01
-4.164367620623187349e+02
-2.568846297799846070e+02
-2.227359641655486371e+02
-1.820050362311362733e+02
-1.890585668059756017e+02
-1.307097068120175720e+02
-7.911189190947982297e+01
-1.577701649115666100e+02
-1.204256439585256544e+02
-1.191905502498821647e+02
-1.541333648810629029e+02
-5.801736719206890314e+01
-3.150105806720720025e+01
-3.368179930346483530e+01
-4.288880136469970239e+00
-2.133294267808986433e+02
-2.921106289525885131e+02
7.978064572825672940e+00
-1.388819542996214125e+02
-4.360156700255863882e+01
-1.810043048464923459e+02
-1.922992331693931334e+01
-4.397185498944489979e+01
8.074749476772595358e+00
-3.169611707238895804e+01
-2.221599599078983260e+02
-2.320379685107764658e+02
-2.161474265513827220e+02
-9.603929175689870590e+00
-2.236751362221211252e+02
-2.022072884276014406e+02
-1.515842657007795253e+02
-1.851761213904415513e+02
-2.088984681330713613e+02
-1.480257582559254104e+02
-1.784816636102868017e+02
-1.391068253602271056e+02
-2.380601565357642073e+02
-2.114710784410584665e+01
-1.971871772017939861e+02
-1.804481950446931933e+02
-1.922092769285526970e+02
-2.231752460580294155e+02
-1.874724745691730163e+02
-1.758025104646216050e+02
-1.468932786455599455e+02
-1.534333036822495444e+02
-1.466205326564697202e+02
-1.207523910155214679e+02
-1.332103517038985103e+02
-1.392313096490805719e+02
-2.204122529648148543e+02
-1.745787058163840584e+02
-1.387649563510916551e+02
-9.914939007508883151e+01
-8.678728259489484742e+01
-1.605327378211909775e+02
-2.672950648756116152e+02
-1.544053190644220876e+02
-3.414848562255864408e+02
-5.756917766241601839e+02
-1.437995335025490817e+02
-1.433306198777393661e+02
-2.791348179509724901e+02
-1.384342889207626115e+02
-1.781037837513601687e+02
-1.788056305994677473e+02
-2.211954201137091331e+02
-1.959139900959942793e+02
-1.858747126990541858e+02
-2.362635599746380137e+02
-4.391794096097136162e+02
-3.077189950439494623e+02
-3.217399070251966577e+02
-9.235919013004908606e+01
-2.922533773168623270e+02
-1.882103683797957672e+02
-1.233797238597476280e+02
-7.485280456216180767e+01
-1.013780192263120910e+02
-1.505603135957579752e+02
-1.355170458648659633e+02
-1.755006252557004132e+02
-1.867023852877678394e+02
-2.243945864298634092e+02
-1.057472641521135870e+02
-1.085506253425298553e+02
-5.952205972591121963e+01
-3.409734317865016919e+02
-4.208044644220461095e+01
-8.725616368970042913e+01
-9.161277090992503247e+01
-1.047335301483423962e+02
-7.959545806984712613e+01
-1.663579853742950831e+02
-2.799433517478453268e+02
-3.605695941370057653e+02
-1.572990896226820325e+02
-2.139920679338698903e+02
-1.121744317731376412e+02
-2.148448511686571010e+02
-2.940703089032080015e+02
-9.749485722575838054e+01
-6.830402341504982644e+01
-2.711446782544298344e+02
-6.197019213040425001e+01
-6.120275342360427828e+01
-9.057956268064677374e+01
-5.342586719819412622e+01
-4.144384509705623998e+01
-7.962469699517900779e+01
-6.931711515651379329e+01
-3.414463334823746976e+01
-2.878684007023636013e+02
-3.048346840172138741e+02
-1.249468935991729666e+02
-1.635164259418764345e+02
-3.226790554968101787e+01
-5.403612484466999177e+01
-5.541889958856323517e+01
-1.091672568852366112e+02
-1.415133648849069914e+02
-7.643526457949172936e+01
-9.860009430528124597e+01
-1.447824033458389579e+02
-1.627708834263836479e+02
-1.564939866510125910e+02
-6.487855481275634872e+01
-6.950308802110784256e+01
-7.827691905170796360e+01
-1.842527400069657801e+02
-3.074324715181662668e+02
-1.606392305470226916e+02
-2.086411511371939582e+02
-2.313841460678367810e+02
-1.294194852708543237e+02
-1.179209632511941095e+02
-1.544431486939867568e+02
-9.006247007945546557e+01
-7.974178288219644628e+01
-1.632166218134663609e+02
-1.177039882197753400e+02
-1.379784180951341739e+02
-1.002481885606091510e+02
-8.064954421483537317e+01
-1.014394693338703348e+02
-1.590774049847801450e+02
-9.882238703996858931e+01
-7.464729919867086494e+01
-9.948980293935227337e+01
-1.343833836087439693e+02
-1.552569048506409786e+02
-1.348140033308161492e+02
-6.194515953324909674e+01
-1.457225088654798526e+02
-1.410237162393984249e+02
-2.282131959842732556e+02
-2.059009684709573378e+02
-2.778487061305606858e+02
-1.029665280494433262e+02
-9.398624331045358815e+01
-5.077560163011710159e+01
-3.401325912982221666e+01
-8.618035808029030420e+01
-1.222074739348916381e+02
-1.351462008562368737e+02
-9.059782858889305146e+01
-7.582015038096395187e+01
-1.081477048638139991e+02
-1.190119240463067882e+02
-2.149775885323764157e+02
-1.091096185691466189e+02
-1.101133922616819945e+02
-1.548501419479079289e+02
-1.428501278550681093e+02
-1.473048768705085649e+02
-1.730349081533097149e+02
-9.969480447586509797e+01
-8.905049935896022362e+01
-1.146495474745556464e+02
-1.651079049121579487e+02
-1.565873341615001948e+02
-1.340698787253988371e+02
-1.438702158209305253e+02
-1.628504986404286683e+02
-1.093134021812696659e+02
-1.687882568710465421e+02
-2.028600970413893378e+02
-2.180162365824083395e+02
-2.702782206997553658e+02
-2.599040903828273485e+02
-1.252534030170051551e+02
-2.067131646909813867e+02
-2.047844236517550769e+02
-1.078998137043650019e+02
-1.864407712132083077e+02
-1.328305289728062917e+02
-1.998671829066637429e+02
-1.747502835048224483e+02
-1.259340692186589479e+02
-1.719068934761581886e+02
-7.692679016279973325e+01
-1.496850662715967246e+02
-1.460576183848859273e+02
-6.117779561077826145e+01
-1.902075841961860760e+02
-3.356500628947333098e+02
-1.248922594891300832e+02
-2.187965764648224649e+02
-1.576841605182666228e+02
-2.339927273054815373e+02
-6.547687094516561501e+01
-2.862843233077180685e+02
-1.314671829155015530e+02
-6.903521881563210627e+01
-1.735179394575960714e+02
-1.457405628455055648e+03
-3.008164328027032184e+02
-2.699767826938634130e+02
-2.533822937383549458e+02
-3.447858835948918568e+02
-4.089922239672416708e+02
-4.840177747672499322e+02
-4.695917258881929115e+02
-4.384147112986213983e+02
-1.108090596168341477e+02
-1.516834280250907909e+02
-2.221996955217639993e+02
-4.568181309670357848e+01
-3.721093152115049207e+01
4.500228636424793649e+00
8.801236104673452587e+01
-6.971236706071219658e+01
-1.676128854691507399e+02
-2.474739718538868090e+02
-2.146765176722851436e+02
-6.127089047204074745e+01
-8.154715732065490386e+01
-1.883814128509957868e+02
-4.722882129225894232e+00
-1.135168793938081819e+02
-9.158607724119016780e+01
-3.491946655469921268e+01
-7.841578290317019651e+01
-6.767277872418455331e+01
-3.177096051309970903e+01
-8.316932294020139693e+01
-3.077769763735183233e+02
-3.145761481198381944e+02
-3.694859020863222554e+02
-1.914230569185814943e+02
-4.323097650465662127e+02
-8.727849249507309537e+01
-1.260999751835284428e+02
-4.995042877599875908e+01
-8.630229746887937381e+01
-1.172221843418182914e+02
-6.007774102257625515e+01
-1.679054916537185704e+02
-3.855094715577995856e+01
-5.269720123110103316e+01
-6.587361943997940728e+00
-5.083302693239830461e+01
-9.938092054850002910e+01
-4.706251370395164457e+01
-1.302488620292510006e+02
-2.613853980010832174e+02
-2.053786294590908881e+02
-2.941267504620651607e+02
-2.020897577215808099e+02
-1.858204880864733184e+02
-3.956216222345711344e+02
-4.039927656810571079e+02
-1.473250056461613724e+02
-1.015531127681661587e+02
-1.139607380397506802e+02
-1.421264927867799770e+02
-2.847717172116678057e+02
-2.696643307107464125e+02
-2.284988140488550528e+02
-2.474564811926482832e+02
-3.117232133354084453e+02
-3.167128044042366355e+02
-4.161515587384304808e+02
-3.278653471699971078e+02
-4.090688187678991881e+02
-4.064179662536321302e+02
-3.904176600804862574e+02
-4.083580123326231046e+02
-3.094386517041367597e+02
-3.045152327523754821e+02
-1.768348868628992250e+02
-4.008581377999497590e+02
-3.727148854460636471e+02
-3.709573270322244412e+02
-5.000857752353634851e+02
-3.144771152114667530e+02
-1.599318718655454745e+02
-2.165706161769103346e+02
-1.997080895276667150e+02
-2.307357290154871521e+02
-2.132074236037059904e+02
-1.846484224898089792e+02
-1.292269363638675372e+02
-1.531086881880795261e+02
1.565883271157752290e+02
-1.823063465875862903e+02
-1.932094585153136848e+02
-2.432909302239985436e+02
-1.907057387297471109e+02
-1.976726104181239521e+02
-2.096643458949505998e+02
1.729592644766334502e+02
8.253430538389702065e+01
1.746077441526004463e+02
-1.497058150221644723e+02
-9.145197902904720877e+01
2.440536164576800502e+02
-1.844628430458473645e+02
1.087367834500772688e+02
1.258282103141748252e+02
-1.790067082531068365e+02
-2.015622544355445314e+02
-1.216045805038179708e+02
1.462768283801661653e+02
-1.886542175351062838e+02
9.683252138294069766e+01
-2.424881603323602164e+01
-5.677985273447460912e+01
2.455603063529435701e+02
4.537825600998950648e+01
2.246862320374337969e+02
6.971261469617246576e+01
6.359698047706226021e+01
1.290167548325480880e+02
-3.664686186937061763e+01
-3.318239038994782675e+01
-6.633215756152425513e+01
-1.396492611508365940e+02
-1.201091982610532227e+02
-6.314473239234973789e+01
-1.667251074981080592e+02
-1.118220473026701001e+02
-1.165057917852665383e+02
-1.776799026255349361e+02
-1.163940539225515778e+02
-2.362226736694643847e+01
-4.482509880782000522e+01
-5.565961862649683844e+00
-6.076401326321803253e+01
-8.435542463708384275e+01
-2.379397521553297565e+02
-1.202898004867565049e+02
-1.121591679527274579e+02
-1.037732511570124529e+02
-1.190313784638627084e+02
-1.585645078187140200e+02
-1.795950835688542497e+02
-1.379424343115185820e+02
-2.071661942486247767e+02
-1.910357439239634232e+02
-1.605565392425978644e+02
-1.675715589575611659e+02
-2.443773282046589372e+02
-2.106539451943203574e+02
-1.884630097234781942e+02
-2.160981813834200693e+02
-2.031856529621721847e+02
-4.622716332811417317e+01
-3.769842850346684759e+00
-3.422648660807256249e+01
-1.251171953293886219e+02
-1.161285475087631980e+01
-3.532133868765416196e+01
-7.497696731166352890e+01
-6.448220447286828971e+01
-7.990303190383775700e+01
-2.021675817479318837e+01
2.102569786532664509e+01
-7.444129750654448685e+01
2.225648703438733946e+02
4.732620336600590605e+01
6.164195996681620215e+01
3.628359772569522335e+01
-1.649059987168342047e+02
-7.856938445669618432e+01
-1.040259025920671263e+02
-1.298127619268908575e+02
-9.917618449557852500e+01
-1.283615613233122588e+02
-9.914649765284082150e+01
-1.596697824983951932e+02
-2.005255547538067447e+02
-2.324657512966288095e+02
-2.160523156491126997e+02
-1.788827269723074949e+02
-9.899926090789890054e+01
-1.183885610533117472e+02
-1.163519615830285545e+02
-1.022856396976444131e+02
-9.709274053050735631e+01
-1.082982503427451633e+02
-1.007617938457648421e+02
-7.099026759122682506e+01
-1.017169213575715929e+02
-9.521188869081098005e+01
-1.369873633465070952e+02
-6.823223659844423139e+01
-5.614379409783745700e+01
-1.269988040773366720e+02
-2.839983398336749474e+02
-5.628937254025009906e+02
-8.062268899958455677e+02
-4.930840177026199171e+02
-7.823910237912728007e+02
-2.195944998502151577e+02
-1.866367913012961139e+02
-1.453015923338169273e+02
-2.311933440738793024e+02
-1.322272710465009027e+02
-2.441666611409763163e+02
-1.745310773450096349e+02
-2.544061093114667926e+02
-1.450012845961565517e+02
-5.232065975863999086e+01
-1.207886558961269117e+02
-1.827211375900202484e+02
-3.868224444885839262e+02
-1.426443103531208294e+02
-1.572578979054906085e+02
1.475816528457293941e+01
-8.670166093258931994e+01
1.267345537797186523e+02
-1.327322872043034181e+02
-1.121409579707527655e+02
9.983797340136575826e+00
-5.837450697332381111e+01
-2.293305308102610240e+02
-6.330673423937373201e+01
2.107907209076875006e+02
-2.821696019515524654e+02
-3.527179424546148425e+02
-5.715344042747319975e+01
-6.451929604388449491e+01
-2.279200547742590288e+02
-2.030236917410579736e+02
-1.633616451062896431e+02
-1.704338714594424573e+02
-2.006730445133317744e+02
-2.561928802010627351e+02
-1.903913021943016020e+02
-2.680112677737240006e+02
-2.117638116561169852e+02
-2.684531718783392762e+02
-2.629581878763342502e+02
-2.447376930195322018e+02
-3.483297434446402576e+02
-2.786789521954026441e+02
-3.953993917751677145e+02
-2.166401214725663351e+02
-2.778871539856794470e+02
-2.192810265289843414e+02
-4.444321308184644295e+02
-3.561054070686721502e+02
-4.472893483173936602e+02
-3.735083963024467835e+02
-3.029871630081786407e+02
-2.157609280233896811e+02
-3.741095360204340636e+02
-3.063152056986567118e+02
-3.971705903822804657e+02
-1.037972679425053286e+02
-2.422350909153124121e+02
-1.311244799627856992e+02
-2.197060970394755941e+02
-2.315630416091836707e+02
-1.784472663985290524e+02
-1.714818660244453099e+02
-2.217952712376997511e+02
-2.174568080087878741e+02
-1.556215408828460340e+02
-1.810289801208531060e+02
-2.207598490553266970e+02
-1.834174373301797800e+02
-1.824061002925432717e+02
-1.947464317824056934e+02
-1.946199793319627531e+02
-1.519701692289951040e+02
-1.340569337227708502e+02
-1.581798311801360910e+02
-1.025202714884252515e+02
-1.028694785330002190e+02
-1.065181863274270029e+02
-4.573853198329313585e+01
2.402434784785776856e+01
-2.813941945388577892e+01
2.424313719624894645e+02
-1.375916172079294029e+02
-2.362153447037218257e+01
-1.644884565931689906e+02
-2.135345528655051908e+02
-1.777095560434300978e+02
-1.789136416283608639e+02
-1.420578999488330965e+02
-1.531363326511842047e+02
-1.802425523618344414e+02
-1.417477039719044285e+02
-2.065645926177325578e+02
-2.247464326139222806e+02
-2.160300238733758533e+02
-1.664368577465886005e+02
-5.367719739746295460e+01
-2.572618864365026070e+02
-2.900491904827189842e+02
-1.688798064010641156e+02
-2.743531030946037390e+02
-4.044817325345599102e+01
-1.415260939279997388e+01
4.234879931852049140e+00
-1.410498189303515915e+01
-1.650951028488739780e+02
-4.942493277794739015e+00
-1.037658936287714937e+02
-7.058219118264145209e+01
-1.883980164319085304e+01
-1.701799433684130918e+02
-3.865987312204620707e+01
-8.043640344752162719e+00
-3.283454698786252379e+01
-1.576581782524624771e+02
-6.958572246322033550e+01
-7.282331506230060825e+01
-2.415417902625807756e+01
-2.080050213728726760e+01
-8.869940542541088746e+01
-5.732660873247950661e+01
-5.463684362458851496e+01
-9.371207314900634344e+01
-6.746977044528784972e+01
-7.943818441970579158e+01
-9.741774065508263902e+01
-1.051342729430796226e+02
-1.121282872133927384e+02
-4.652086993248448721e+01
-1.071217829196561127e+02
-1.097452939320405676e+02
-7.696520938805356593e+01
-6.222320799041042960e+01
-1.045159370400530747e+02
-3.450817023116070459e+01
1.223286252580701188e+02
4.568877945669555629e+00
-1.153276239220467971e+02
-2.176986747726415388e+02
-7.713539536588787371e+01
-1.408113713020846944e+02
-1.195927445002932927e+02
-1.329080031998713878e+02
-1.201696078186247405e+02
-1.846162802466109554e+01
7.678813986365113919e+00
1.213928635456834968e+02
4.576557520037596305e+01
2.274315448475725248e+02
3.748568593455374298e+00
4.926056252934895952e+01
2.499599376497768901e+02
-7.274718580839366666e+01
-5.120103090213392960e+01
-1.399605735021163468e+02
-8.906002220972493433e+01
-8.811779039827425208e+01
-4.721004754549987581e+01
-1.615852640738516754e+02
-2.294243072232204383e+01
-4.985918093723230271e+01
-1.044833528382436043e+02
-1.395983437871084618e+02
-7.505450007669635681e+01
-2.478380435485465796e+02
-3.575589694350049399e+02
-2.454796377002751058e+02
-2.465175342853590053e+02
-8.001375266486131466e+01
-1.064091099781459917e+02
-1.188143630191679989e+02
-1.622112715596416024e+02
-1.113241872600102198e+02
-1.314183605773014563e+02
-1.799429077862115491e+02
-1.111841827038230122e+02
1.693126271819795647e+01
-2.242475754195334900e+02
-2.274862830280325454e+01
-2.546927472554537530e+01
-2.012682939508982258e+02
-1.291571432174773690e+02
-1.627624446939574625e+02
-1.504655005891692099e+00
-1.529449947072485543e+02
-5.600536192961483550e+01
-2.426921734578066037e+01
-1.313895379889451647e+02
-4.411645162647269558e+01
-5.751152484500176598e+01
1.588204896632423697e+02
-9.257628640149327737e+01
2.050032344707600203e+02
-7.765004560986021431e+01
1.523122566746846474e+02
9.264967839225991497e+01
-4.209386632304304499e+01
-1.943811208540336395e+02
-2.256433590030786149e+02
1.903709409933895813e+02
1.836645799967794233e+02
2.489996032457482613e+02
1.931486098878365851e+02
-1.170854364499058562e+02
-3.045799087005667616e+01
1.802256093094477478e+02
-1.461844968077690510e+02
-1.190071915838863674e+02
-1.374356673851289941e+02
-1.147864456944924854e+02
-1.462483381885888889e+01
-8.817325250552850946e+01
1.932325665904210155e+02
3.630113102777533385e+01
1.448906697963735724e+00
2.048254661932727458e+02
-3.719406270200921227e+01
1.980632955539803390e+02
2.142725947935041404e+02
9.100893524091688391e+00
-1.284962608684684824e+02
-7.031661832116445510e+01
1.997162936403684625e+02
-2.353712712342561986e+02
-4.163816000970945765e+02
-2.379418674069366375e+02
-5.337966752920133331e+02
-4.063240081742574148e+02
-9.192174772504181135e+01
-7.492887909216064202e+01
3.627877863336272668e+01
1.643619189825187163e+02
-2.652764219034692132e+02
-8.267460114426722839e+01
-8.291445209812387418e+01
-3.633780171808404447e+01
-1.528314039891897949e+02
-9.684961514837587515e+01
-1.391026369974939314e+02
-2.339689991405253977e+01
-8.589803562443766793e+01
-1.660502936262593039e+02
-9.291656345896072366e+01
-4.907933343120993896e+01
-1.474086055117203102e+02
-1.321985733020338216e+02
-3.044619681546637935e+02
-2.975260913284972162e+02
-2.819299354985202513e+02
-3.979476695617539690e+02
-4.016058968252456225e+02
-3.503780897078101475e+02
-3.424177378447964202e+02
-3.289440791940405688e+02
-3.577241451257220319e+02
-4.824952295667245608e+02
-3.045667518583146602e+02
-2.680632779002165194e+02
-2.329219167255074296e+02
-1.596914054760086970e+02
-1.833293364523607352e+02
1.000475124361375521e+02
-1.198930214011246562e+02
1.218842395127032461e+02
4.617236607777468294e+01
1.197812750155374886e+02
1.986297718385141309e+01
-2.817801093284208491e+02
4.428060302679548954e+01
-4.074938645415002725e+01
-1.730635119166268510e+02
-1.424069291605973433e+02
-2.635707768800003237e+01
-1.676249879573978774e+02
-1.738013065014983454e+02
-3.456341670777577235e+01
1.336935507353368280e+02
-1.180111132490796422e+01
-1.922957841383068001e+01
-1.103413125303234210e-01
1.369865788269960660e+01
2.455662767900925587e+02
1.968317185586939218e+02
-5.118571854637505680e+01
-2.111947290701911584e+01
3.441702527682238610e+01
-9.993038163109460470e+00
-3.823941507160984088e+01
-2.019508779885725858e+00
-2.708497932987799572e+01
-2.906659015503049659e+01
3.664605657467444644e+01
-2.678449480574185770e+01
-1.785578836170277839e+01
-3.561561466687605559e+01
2.798564676639731488e+02
-1.176736252061598975e+01
-1.781346367134207753e+01
2.134391342215962482e+02
-6.691193382658069311e+01
-5.894489796339187393e+01
2.056482735282771728e+02
-8.123935726462258344e+01
-5.934463119339302040e+01
-1.958929008013958537e+02
1.290261270581287363e+02
-2.327928381740420036e+02
-2.468263328713800604e+02
1.146417105038430719e+02
-8.690741164068160174e+01
1.855434378973978369e+02
1.318136486592655672e+02
-8.104961451287913121e+01
1.320127408708916406e+01
-9.645202987561347641e+01
-2.412153852099890230e+02
-2.102013640033905801e+02
-1.401449312806152250e+02
-1.097124460198993035e+02
-6.414719378035451314e+01
-1.065713873653363635e+02
-1.110962979745477810e+02
-1.015357795165355128e+02
1.473848291986355719e+01
-6.995740952050958583e+01
-6.951702841248436471e+01
-2.273605888616571349e+02
-9.539824908375202028e+01
-2.143603136798198818e+02
-5.594501773424512692e+01
-1.337897020841719495e+02
-3.638331559709340013e+01
-7.633005720235523484e+01
-1.399420328996663159e+02
-4.221983470004892638e+02
-3.115312033827675577e+02
-1.041038836484720377e+03
-2.916410729626194552e+03
-4.521852729313947748e+03
-3.608254782991133652e+03
-8.195298129128957498e+02
-3.742680676615634070e+02
-1.416299777987852394e+03
-4.627581466395988059e+02
-3.277418981836328840e+02
-2.901110139496033185e+02
-2.181205103882123240e+02
-2.609925139860288255e+02
-3.244396236428199245e+02
-3.802263493204088149e+02
-1.686208064924983319e+02
-2.257429815149961030e+02
-5.184195096093612847e+02
-4.890032813365054949e+02
-3.966272815255783826e+02
-3.825328746269011049e+02
-4.523020151942349116e+02
-4.709010602042660594e+02
-2.443388990638802909e+02
-3.064241254851465328e+02
-2.667396859247311340e+02
-2.789450504318749609e+02
-2.428400308646681367e+02
-2.112906976726507366e+02
-3.208377828512594760e+02
-1.798447131358245201e+02
-1.761320926394162427e+02
-1.460149155550779483e+02
2.282431690357115599e+02
1.550772979208212803e+02
2.123233312390470928e+02
-3.790509594649336123e-01
-1.197396585994741613e+01
1.504461536258233423e+02
8.600889021891839548e+01
-1.373207451405617121e+02
-1.124298648824182436e+02
-1.070819410183338647e+02
-1.045718713708379113e+02
1.843296070416380417e+02
-4.171110885950722604e+02
-1.427279985985559279e+02
-1.125209147658167694e+02
-1.515212144766626352e+02
-3.622301834953797766e+02
-1.535310575869803245e+02
-1.432222529511046503e+02
-1.303359263522343667e+02
-1.869834372088426448e+02
-1.600387677234986370e+02
-1.838898650092087337e+02
-1.491775863769959756e+02
-8.129068893740792134e+01
-6.474540161846465480e+01
-3.394314716698039547e+01
-1.007784036536435792e+02
-2.433297169086897895e+02
-1.507210525782672903e+02
-4.902488789271397707e+01
-7.413508527878555299e+01
-9.610529792095611867e+01
-1.767110789555585200e+02
-3.510824403842178754e+02
-1.096200595224307932e+02
-3.879046403623377728e+02
-3.564349891972987621e+02
-3.400001621738947506e+02
-4.184061093025440528e+02
-4.887295043308034224e+02
-1.185210584849362903e+02
-1.445104555458186724e+02
-9.086794386667548906e+01
1.658092376342814305e+02
4.304867800854910342e+01
1.655233289539015686e+02
5.590404096059199901e+01
1.039741530757534633e+02
1.359259181871629210e+02
-3.414512824342831721e+01
3.875428382288727391e+01
2.546173851209408667e+01
5.832141601014983223e+01
1.754815758675490827e+02
-2.102684581267794499e+02
-1.460016658038467767e+02
-1.672120163648886830e+02
-9.961078646817310300e+01
-1.088916285706028191e+02
-4.477989025626736179e+02
-4.275435619232644626e+02
-1.080800434792945879e+02
-7.348436497212358631e+01
-8.010949056615108077e+01
-1.209991621636397525e+02
-6.533476909078981976e+01
2.930640893045448365e+02
2.884821469512962153e+02
1.805224596522696743e+02
-2.459008511651566096e+02
-2.599424692265516796e+02
-3.027999463567095972e+01
5.962564410080193511e+01
-2.207470637175009074e+02
-7.905327656347508025e+01
-5.755727022066048448e+01
-9.084683176490230494e+00
-5.405920577894772094e+01
1.790677197100194462e-01
2.230210647520823386e+02
-5.008415956347712950e+01
-2.204942579605946662e+01
9.652104407957978083e+00
-1.682581465718844811e+02
-4.830521406182035093e+01
-5.168400120747028836e+01
-5.763750615500430996e+01
3.264170111205203284e+01
5.024047652733248981e+01
-8.484910916919386636e+01
-5.850453817234162557e+01
-8.250299792630656270e+01
-8.720030107190790147e+01
-6.958286922605313407e+01
-7.609013947324558558e+01
-6.807832050493699683e+01
-3.714271845864509913e+01
-1.710583482953034604e+02
-3.337224483774321016e+02
-5.155088763056103289e+02
-3.231100126263346510e+02
-3.232033047413430040e+02
-3.869640155459958919e+02
-3.933305489590800903e+02
-2.889396566587798247e+02
-3.507213482825516166e+02
-2.834826823091646588e+02
-2.666689578594640011e+02
-2.651962903458153278e+02
-3.205857682261355421e+02
-2.183980061086674596e+02
-1.476335297719829214e+02
-2.560830367731643946e+02
-1.662343613105488487e+02
-2.350466473971906396e+02
-2.365357096285175658e+02
-1.751850297803753449e+02
-2.783418956649406937e+02
-3.262541406238908053e+02
-4.103258908276095553e+02
-6.518138076313454121e+01
1.379136159461449722e+02
-1.754758683975681777e+01
-4.313077465188388260e+01
-5.991747984906581337e+01
-1.333733722576440073e+02
-1.286910547141351344e+02
-9.129823934635993510e+00
-3.700937393541980214e+01
-4.081601581859885641e+01
-3.108893559011264074e+00
-5.694136841596990450e+01
-3.174066444232055062e+01
-5.552027008493006122e+01
-5.436460819097477071e+01
-5.421366058479451056e+01
-3.028882314795662012e+01
-7.892349191998005153e+01
-2.500712535246148605e+01
1.691928486984892288e+01
-5.237723793050954413e+01
-1.842646472806076474e+01
-1.599103319569593395e+01
1.485152926936578410e+00
2.808776901984762731e+02
1.459781488141461239e+02
-2.449830986716850703e+02
-1.915295995057307152e+02
-1.372109756741309354e+02
-1.899641745395696262e+02
-1.718871855802163395e+02
-1.480848797740178497e+02
-1.410629589555299219e+02
-2.004910029390103716e+02
-3.122673608297648116e+02
-3.004990906973158644e+02
-3.114807133803498118e+02
-1.877412873030166907e+02
-1.999775701792322025e+02
-1.513509436396651608e+02
8.373888175143638080e+01
-5.867500543318517714e+01
-1.824183602060770681e+02
-9.740137686287916097e+01
-1.175332357656031235e+02
-1.190254381203521774e+02
-8.144667188138511449e+01
-1.134417249536079737e+02
-1.500225072628886096e+02
-1.400973658502444437e+02
-4.844423061771456673e+01
-9.603474405815070725e+01
-1.401344825302552124e+02
-6.512281944661086186e+01
-9.579371481815609002e+01
-1.416685290787191320e+02
-1.995139991167052358e+02
-7.723965679546972751e+01
-5.297837503055663433e+01
9.103004721023548029e+01
-7.005126901307460230e+01
-6.619161188921005134e+01
-1.086079763834500653e+02
-1.620064618045331031e+02
-1.521870544915545906e+02
-1.367551764774062519e+02
-1.945742351320091075e+02
-1.232903027836636625e+02
-1.605346447237681389e+02
-1.416079000120292903e+02
-1.317800438193127945e+02
-1.261141179207738219e+02
-1.314485579080941875e+02
-1.249602378665802576e+02
-1.935318166007028537e+02
-1.602758756685154253e+02
-1.638405577541123250e+02
-1.572904829402696976e+02
-1.581076209120760723e+02
-1.557860186564647904e+02
-1.477891598971631311e+02
-1.632738784701687109e+02
-1.443533639336267242e+02
-1.318545069660025035e+02
-1.219041943523132403e+02
-1.998936533234012813e+02
-7.052354045567071239e+01
-6.593642568187831898e+01
-8.793284501387408625e+01
-1.161248192645709167e+02
-2.222450963866529037e+02
-1.869370192880915340e+02
-2.427893882561752150e+02
-1.976988237065839371e+02
-2.239535557003418944e+02
-2.099660398944700432e+02
-1.303396428669580018e+02
-1.966924065524672187e+02
-1.597470467416983411e+02
-1.910058733737144792e+02
-2.053752591961775238e+02
-1.299985492220766332e+02
-1.204241744938858574e+02
-2.081498676845549767e+02
-1.857567867605452534e+02
-9.435107986624176135e+01
1.581697215904582379e+02
1.523948333438643488e+02
-3.349804739857019342e+01
-9.870547297400842979e+01
-7.767896294447365335e+01
-6.785021478850561039e+01
-1.154858098839094680e+02
-1.086326385926476092e+02
-7.374344134141978202e+01
-8.538379261002170040e+01
-2.786919739957724573e+02
-2.443323244425720873e+02
-3.985739428824149400e+02
-2.822814821512875483e+01
-1.443268796070845212e+02
-1.103479643813859212e+02
-1.268316380386712154e+02
-1.927661403911484115e+02
-1.431217426356989790e+02
-1.012394910290178558e+02
-1.833152206605113292e+02
-8.377745041930769787e+01
-2.684425474067744517e+02
3.351000601762709152e+01
-3.070263257980354865e+02
-3.173837076173342666e+02
-3.489260094261605900e+02
-2.733336869985643034e+02
-3.246875326604813949e+02
-3.216681030260566558e+02
-3.354667934636770497e+02
-3.332715679325995097e+02
-3.585970636538750682e+02
-3.335097863601583867e+02
-2.714149841023071303e+02
-1.305243093525373865e+01
-2.304039231351644332e+02
9.343418628111137991e+00
3.375349446797417841e+01
-2.188399337517115839e+01
-9.900143860252534012e+01
-2.098514140515233066e+02
2.422565168595092757e+02
-3.282727101508723422e+01
-6.105541986387837738e+01
-9.620280571012513349e+01
-1.118431858712961997e+02
-1.268528905508862152e+02
-1.898206057629683130e+01
-2.620007096398617819e+01
-1.126730792020639313e+02
1.480115732554178010e+01
1.075181966352707263e+01
-1.151493380342464121e+02
4.894129871162235190e+00
-1.167089820141185328e+02
-2.645253263344814343e+01
-1.280770714037101641e+02
-9.155126917580992085e+01
3.430312934544443237e+01
-7.701897302630007403e+01
-6.835239312310631021e+01
-5.299307956105179329e+01
-4.102827547147986564e+01
-1.925768388157368918e+02
-8.897289124129709137e+01
-7.802010768272693042e+01
-3.271649377990792118e+02
1.423214727761674965e+02
-1.866837122939726328e+02
-1.776054200979984898e+02
-1.438744430059654462e+02
-1.282777105037165484e+02
-1.628837251411074192e+02
-1.764901806047723198e+02
-1.249958579297313292e+02
-1.392676757075834360e+02
-1.794629259258946661e+02
-1.463277522245755335e+02
-1.591736091762073499e+02
-1.530531037842265789e+02
-1.679031997803075171e+02
-1.979957566634842010e+02
-1.660346608836088649e+02
-1.098852533649890120e+02
-1.814744168982361714e+02
-2.172869109797038618e+02
-4.646443463193814409e+02
-2.511723639842566627e+02
-3.855582765215789323e+02
-2.806981716043970891e+02
-3.333698526211599074e+02
-3.805301893494710725e+02
-3.439315155124699004e+02
-3.375053678850015331e+02
-4.125359458449289605e+02
-4.161953358492978055e+02
-4.246829277232190520e+02
-4.231364737918128185e+02
-4.645885479367568109e+02
-3.656640921836265647e+02
-2.858022821402428235e+02
-3.323218882212460699e+02
-1.888745731137026951e+02
-1.181370319315025199e+02
-1.532144227743262093e+02
-2.046664362631751715e+02
-1.913637544672023694e+02
-1.617598293865596304e+02
-2.001563621106990638e+02
-1.364536239917581497e+02
-1.598897168379369305e+02
-6.233088401940154455e+01
-5.365661803031208166e+01
-1.070672960807380036e+02
-6.668319626346556106e+01
-1.215046842921610732e+02
-2.197130964947586165e+02
-8.402430513788561939e+01
7.647731161892806995e+01
-2.024408084691359591e+02
-3.960631960558290388e+01
5.054552904302147454e+01
-1.208694143314411065e+02
-3.596374542858730194e+01
-5.612202292376428403e+01
-3.867455297079209942e+01
-3.006386853991134345e+01
-7.760144493823536038e+01
-5.567407789575549515e+01
-2.115118841937533389e+01
-5.703537730555837015e+00
-6.132392976199374601e+01
-3.105898004568093995e+01
-7.687006881730093255e+01
-7.376199654064285482e+01
-6.486158838007804661e+01
-8.879430865306073883e+01
-5.510989165809434809e+01
-8.316785868589741426e+01
-7.189753412948147115e+01
-5.658374149940795661e+01
3.223325847087888718e+01
-6.855167565108531846e+01
-1.548254819355428147e+01
-5.788313843496204214e+01
-1.612391599203462249e+02
-1.828717195029825007e+02
-1.698052763233861810e+02
-1.939125679706660321e+02
-1.970274703735767048e+02
-2.237302788738078050e+02
-2.845829028407508758e+02
-8.565903721041745200e+01
-2.094339356125014362e+01
-3.986444594792120455e+01
-6.687106033358887203e+01
-9.859329159122339092e+01
-3.700875833402273685e+01
-5.843668161180148246e+01
-6.612798565676880003e+01
-2.811667753823955351e+01
-2.856557301304166430e+01
-6.873375800000349045e+01
-1.745211977421446647e+01
-1.070260447600360720e+02
-1.389946333074011875e+02
-2.266279365298241828e+02
-1.888473318989369147e+02
-1.435242774429712540e+02
-9.976611289219536616e+01
3.582444092811343239e+01
-9.774236656700593073e+01
-7.369785450566251939e+01
1.442103678367948305e+02
2.303999830129590407e+02
-1.136373869655150202e+02
-9.364392592985299757e+01
-1.783724036986168926e+02
-1.351653202413009183e+02
2.176427153070810050e+02
2.240194364929022868e+02
2.611630726188238896e+02
-5.358316721728150611e+01
-5.313423421614511000e+01
-6.668790197546795184e+01
-2.201961855321147965e+00
-1.850847571157112270e+01
3.789417964945833006e+01
-1.144220320974108347e+02
-6.996252068218949205e+01
-7.408530313273740830e+01
-8.769793427035460809e+01
-4.125207644447129951e+01
-8.187048571802854724e+01
-3.289997323584304922e+02
-7.705980798240202034e+01
-1.500792064767453553e+02
-5.237450199064787881e+01
-8.315373579508420221e+01
-8.206624214349899660e+01
-7.180116252260216925e+01
-5.446524305328104987e+01
-1.294498662915143825e+02
-3.525955770770819413e+02
-2.918160594359674178e+02
-3.236329872695084759e+02
-3.932591322680732446e+02
-9.593088353168062099e+01
-5.232634745848724123e+01
-1.087598081052724268e+02
-1.021717173545270612e+02
-2.887173524685460535e+01
-3.526723054677664493e+01
-7.253785742665169778e+01
-4.980149852619992146e+01
-4.419142936856572135e+01
-5.202179675985317431e+01
-8.794481544631152303e+01
-9.353743478755282581e+01
-1.763355647612258963e+02
-1.346846802825209295e+02
-9.432319087792477319e+01
-1.301901156657204126e+02
-8.935386465415651003e+01
-1.296941440502286298e+02
-1.316321957224607502e+02
-7.883284823677487907e+01
-1.433432848139933924e+02
-8.447187566017990434e+01
-8.176141273944941190e+01
