-1.096922256324209428e+02
-1.361020056726077883e+02
-3.999089290768912974e+02
-1.671086566187280766e+02
-2.703686703669717986e+02
-3.164328984390393202e+02
-6.787883498247159650e+02
-5.692777562016499360e+02
-5.749869994608670822e+02
-3.726257937728842649e+02
-5.595972721987143359e+02
4.997186380961638363e+00
-2.325442793002147255e+02
-1.303285848711485926e+02
-1.589047413118989880e+02
-1.786563564567985054e+02
-2.280916720531748751e+02
-1.124789497498461799e+02
-2.334521787052867410e+02
-1.062416818317337572e+02
3.647254071119078844e+01
-2.252819238551045942e+02
-1.252835172508515740e+02
-1.352996857197080658e+02
-1.334510902633726062e+02
-1.843908579139234121e+02
-2.044439805015219918e+02
-2.055672583671748725e+02
-2.280946022408816702e+02
-8.598998992949582032e+01
-9.164504734905010253e+01
-7.557065380432412383e+01
-1.339215818916512433e+02
-9.390373873751357792e+00
-1.169796426332333112e+02
-3.126632646382361713e+01
-9.781525592963186000e+01
3.923675767269565995e+01
-1.561154505015553866e+02
-3.620296203867495421e+01
-7.248267836139235953e+01
7.179847680953554345e+01
-9.426556946021803185e+01
5.114356047489837920e+01
-7.854090820670982964e+00
-7.326263405959740282e+01
-1.976692334943555522e+02
-2.676215435415136881e+02
-2.697820321591846096e+02
-2.285641741409719430e+02
-2.101228156467240069e+02
-2.203183478877185166e+02
-7.044078666243996167e+01
-1.615425336877231928e+02
-1.616825124489409973e+02
-6.028445632050333813e+01
-1.162926584681600843e+02
-3.090456449255422200e+01
-1.900948113234320545e+02
-2.668749625485462929e+01
-2.122129987873621459e+01
-2.615055971224919062e+02
-1.827735948959341528e+01
-4.260358714315697348e+00
5.435975977840782747e+01
-8.018091830402374498e+00
-4.714908503469772683e+01
-3.023242587292162398e+01
-6.411682712170276943e+01
8.867823521819248356e+01
5.554525369833569215e+01
5.589402718011943705e+01
-3.953901521847993905e+01
-1.234143392567785114e+01
-4.798717469851067818e+01
-4.435359291661216474e+01
-2.847489902568666409e+01
-5.892848192304943922e+01
-4.775745946787649387e+01
-1.217946709759835855e+01
-2.082070816961532955e+01
-2.116502045154103939e+01
4.278774054794629933e+01
-1.362095186593538187e+01
-4.815104852200884977e+01
2.869921586600810315e+01
2.886005936849258546e+00
-7.987089147765971120e+01
-1.090226496386415249e+02
-3.200525233288907145e+01
-1.111426048192186613e+02
-6.504324585757153443e+01
-6.011686735728878261e+01
-5.090843767290803612e+01
2.415340284101006318e+00
-9.025806326414584646e+01
-1.229773843124486490e+02
-1.028055335872540752e+02
-1.349315864494836887e+02
1.627981180811786999e+01
-8.649910003401623726e+01
-1.933277573537143610e+02
-4.291174512275814124e+01
-1.367383397083400496e+02
-1.115800390235639981e+02
-1.896483730589446850e+02
-2.069070311731223342e+02
-5.583659090873396735e+01
-6.432911803113842097e+01
-8.293532875857185616e+01
-2.374801516556742627e+02
-2.583507101251902895e+02
-1.719037363005357975e+02
-1.105957982309178504e+02
-1.492192071811236929e+02
-5.765689416053581340e+01
-4.214368640688581991e+01
-2.612537589415972406e+01
-6.009651371385616159e+01
-7.377699365148437494e+01
-2.998431958563310218e+02
-7.339617604658435823e+01
-8.132861226722033621e+01
-9.735343935595059861e+01
-9.748223642059500094e+01
-8.655710713947883050e+01
-9.373473064292392110e+01
-1.016019276701290579e+02
-3.423066171091412002e+01
-3.981895737364778398e+01
-6.005209432702032046e+01
-2.276430363593178186e+01
-5.567276105405347408e+01
-9.526205956925296903e+01
-2.593718044527816247e+01
-7.565346047147590980e+01
-7.103354206181589348e+01
-8.692888772339185266e+01
-1.135303984662550647e+02
-1.408080409531537498e+02
-1.035411884617925580e+02
1.636122613808887039e+01
-2.007313350007701729e+02
-2.137863192522356925e+01
-2.736140724589064988e+01
-3.680318845413175666e+01
-2.311998438992651117e+01
-1.152664575391295330e+02
-9.652605702920369879e+01
-7.699166660361653669e+01
-1.621824599270544240e+02
-1.160675287634332733e+02
-1.011348441916117764e+02
-8.482901107546135222e+01
-2.802778936201447380e+01
-1.786943116489391059e+02
-7.595067967578292212e+01
-2.044366112514295963e+01
-1.062855128628986705e+02
-3.359767852287971834e+01
-6.247163976634915628e+00
-3.642959270792956517e+01
-7.438932383404543103e+00
1.960973043293262208e+01
-3.068754146132818406e+01
-2.575815112141906411e+02
-1.052028048933316917e+01
-3.188496420303638956e+01
-1.112314483861751313e+02
6.467151882477833169e+01
4.935824315575455756e+01
-1.796609147779225566e+02
1.204246676718055085e+02
1.172877010152655828e+02
3.901268478180140420e+01
1.339089868399111936e+02
-1.069790805704448928e+02
-3.668428485822082052e+01
2.982761727848865618e+01
-7.815677096845077187e+01
-1.921449020231750353e+02
8.301828981624503001e+01
4.242459202902068682e+01
-9.181985566944610433e-01
1.708751710512277810e+01
-5.810361751550837539e+01
-4.151227046140744648e+01
-2.656695684950820535e+00
-6.772781876690459057e+00
-1.342360090019693253e+01
-4.661009118212624003e+01
-3.798245121605256713e+01
-4.376263002139170055e+01
-1.656367667010276890e+01
4.822773458646656763e+01
1.780261439750671926e+01
8.365572061558439998e+01
4.963539604119010562e+01
-9.580739053540538563e+00
7.156082498014799853e+01
-2.369442380096555212e+01
-3.939699676975941856e+01
6.183985015459265355e+01
1.145798191777649606e+02
1.024598383060994564e+02
1.281305127598493243e+01
7.636041574691725486e+01
-5.256038095605669724e+01
9.757783288896258966e+01
-6.287608626177130589e+01
-4.977674599728430849e+00
-3.081288182960787481e+01
7.644293018067739354e+01
1.075335593142801400e+02
-1.261300601625272577e+02
-2.010319818555257143e+02
1.056252373538291351e+02
-3.091071011915445297e+02
-2.597255360511026652e+02
-1.692523463898875491e+02
-1.127998435870392058e+02
-2.741641419160585258e+01
1.279009420170088447e+02
1.171552490484587565e+02
1.454147065687321572e+02
-1.736080131864730447e+01
-1.648455377873822272e+02
1.197983491274246717e+02
3.360542661544508292e+01
1.410301140491741307e+02
1.030621693300113861e+02
-3.263773276450424987e+01
2.147805356751878207e+02
1.623185222023565188e+02
-2.237967851930211793e+01
9.159326393546905365e+01
-9.034097574671051234e+00
1.483680152355194082e+02
1.149427962279898026e+02
9.150122932544437049e+01
-1.632111034071532458e+02
-1.042653246151818678e+02
-1.057173172010076598e+02
-5.183758819481590052e+01
-3.273371372155118308e+01
-1.619091582794008843e+01
-2.192682215113929090e+01
1.269940418709146712e+02
2.326493629963624699e+01
1.466011692644459572e+02
2.262068339731605704e+01
6.460823056729984160e+01
6.415911782633018845e+01
1.538491292675970215e+02
-2.810784434637320928e+01
-5.411782640776484854e+00
-6.399809535448747511e+01
-1.127661452267353326e+02
-2.897849561802087237e+01
-7.521121506514072053e+01
-7.200044508872092308e+01
-9.145987450532439311e+01
-2.255766551440295231e+01
-9.540819889684436816e+01
8.127449383922532888e+01
-1.056611806397237103e+02
1.194379341390763329e+02
1.760653841935514379e+02
1.086958936914057006e+02
1.310026441398451595e+02
1.343875332069553394e+02
-4.018524956923232594e+01
1.638763566580067277e+02
-1.698109176403717413e+01
1.475780182808578331e+02
1.684131322764398533e+02
9.548010345686174105e+01
-3.096989544478385881e+01
3.340933002801293128e+00
-3.277177281585518642e+01
9.695121704431728915e+01
-1.873666130831437613e+02
1.029326210144147211e+02
1.926950973798420819e+01
1.054741428537557937e+02
1.277334221105277550e+02
1.300693557218240244e+02
1.256298060681264701e+02
1.231166367595448037e+02
1.227877882607049003e+02
1.069450716356399198e+02
1.364732735569562578e+02
1.116257901938868287e+02
1.675349998019417228e+02
1.364473369444550599e+02
1.458516621869822529e+02
-4.043047915111143809e+00
1.276518565003240582e+02
1.518622785163182698e+02
1.481649660619617919e+02
5.354951314759506431e+01
1.462961638324464957e+02
-1.731390703892282090e+01
-5.547519323349797560e+01
-9.835639002078025328e+00
-1.457948175346814423e+01
-3.251052707081882431e+00
-8.156888720676333548e+01
-3.997192018409636916e+01
-2.633572374832115770e+01
-3.759305167916914314e+01
1.503556054380547664e+02
7.092799231719865816e+00
1.081386945475351951e+02
1.172324886391637051e+02
1.785981380553749887e+02
-1.504012873579263498e+01
1.965116072858838265e+02
3.414473047256748828e+00
8.158861404801909600e+01
9.953291478947674875e+01
9.820844091886699800e+01
-1.698652252080663061e+00
1.057438266745837865e+02
-1.768861398685613295e+01
-3.289603770983291753e+01
-2.902325804673557741e+01
-3.798022956711678688e+01
9.186850390992754001e+01
-2.371053165914554484e+01
-8.809633175648089676e+00
7.778745540075648535e+01
5.933240444531120517e+01
7.246839166972135615e+01
1.257613688031415080e+02
1.355205606764353377e+02
1.155313054190066282e+02
3.437345162199997617e+01
9.020458060098894748e+01
-4.279443037151248745e+02
2.233818734256655603e+01
-4.760253739379354556e+02
-3.273606404796793186e+02
-3.153859855779448935e+02
-1.814369170046401223e+02
8.141156705457195386e+00
2.128154385554039507e+01
5.915933814064936058e+01
1.556696160916407052e+02
-3.310508241694772380e+01
-1.424498363083010588e+01
-5.310481510469178090e+01
4.759541667175363955e+01
-1.234800475847720236e+01
-1.268405202274718420e+02
-9.880548842285404021e+01
-1.076572322941154169e+02
-2.746955201461311731e+02
-6.437855716994945965e+01
-1.453699530928629429e+02
-2.945132907313762871e+00
-1.391878645988535936e+02
-6.296484193386196182e+01
-1.036365274739726630e+02
1.907949237382715069e+01
-4.350653222975563494e+01
1.277314076581524205e+02
-3.898284746611990670e+01
-4.007443155977107807e+01
-3.132300524085162863e+01
2.291831320378888037e+01
5.392184342556248566e+00
8.276577671733926422e+01
-2.565863762039666085e+01
1.006573183333249517e+02
1.244845470825690086e+02
1.317161421069372693e+02
1.251234476375062741e+02
1.375339283182223369e+02
1.235453242683153974e+02
1.148760061284820750e+02
-1.289754515507971462e+02
8.804957226342749266e+01
1.343211339079670097e+02
9.873739388034380227e+00
1.201822271644847717e+02
6.302137866836453384e+01
1.085678826520321110e+02
-1.953695966681087270e+02
1.310027421085666219e+02
1.038078710660551707e+02
1.206056077880027573e+02
-1.296681252924994396e+02
9.403883532952849578e+01
3.442118139530369803e+01
1.249898902094004001e+02
9.535932070805928618e+01
-5.523143688060449819e+01
5.966569147281781227e+01
3.182701944741850753e+01
-7.205387133815469269e+01
-8.246770177209614872e+01
-4.195481949210463313e+01
-2.754756732662173135e+01
4.522338749723452622e+01
-7.654090951096613082e+01
2.908637841544834757e+01
-1.353926097520385383e+02
-1.288663945255256351e+02
-2.412855854020988602e+02
-9.479734830615817032e+01
-5.801035438978047409e+01
-1.972866934497053748e+01
8.802529939707746109e+01
1.140417333703436071e+02
1.226223588930367470e+01
2.778825694972973892e+01
1.877374996421483644e+01
5.068090557084966719e+01
7.085734688684613047e+01
1.281461909188205084e+02
-4.257648392361175382e+01
-3.164297088806573299e+01
-1.727101558570494433e+02
-1.287941241168986437e+02
-1.418165459972488236e+02
-2.086702415287664110e+02
5.886322029563110902e+01
-1.821360019716483407e+02
-1.010966841789902446e+02
1.257155351629923388e+02
-6.776496908024574850e+01
-9.544695024196259681e+01
-1.137769398218343326e+02
7.528951914258966838e+01
-1.845205846229161750e+01
2.262580431752402319e+02
3.062606645494548729e+01
-3.143926241349717543e+00
7.689405193381267622e+01
-7.612836823647117512e+01
-1.006162457806793498e+01
-1.253268601422525990e+02
-5.928472929794363466e+01
-6.406420888900956356e+01
4.208787481684930754e+01
-1.807195603807201678e+00
-3.047667462227483171e+01
-3.943403371653158018e+01
-2.649240716129944673e+01
2.277961182427647913e+01
-4.138928946646116458e+01
-1.365436695688496798e+02
-3.461013100607917181e+01
-2.129405462491124013e+02
-9.065824807574745137e+01
-1.771366969462455359e+02
-3.540948782478568546e+01
-1.358521950817410939e+01
-1.385010092200214160e+01
5.761622752841574879e+01
5.999028080939200258e+00
4.038251218609754289e+01
-5.476042162266574920e+00
3.777567271456614861e+01
-1.250352993232393430e+02
-1.046769248933091063e+02
-1.842395472773724521e+02
-2.040414856372476038e+02
6.230818797061334635e+01
4.339836816156658017e+01
2.927442075897073437e+01
4.316259262205861091e+01
1.128027293433824525e+02
-1.649051899289132095e+01
-5.831103239123179804e+01
2.633196085430966349e+01
-3.619964464364909418e+01
6.411837093766395412e+01
-2.836513107700574210e+01
-1.559884623358857425e+01
1.718358286718650447e+02
1.470103460367990351e+02
1.149509786702217724e+02
7.959263750649984104e+01
1.065057528114298009e+02
7.638599237250797103e+01
1.347740025462178153e+02
5.308589643612842224e+01
1.362269019089242761e+02
1.442356482032217286e+02
1.271777812808031172e+02
1.326244557395629897e+02
5.704254264578494116e+01
1.048462048851316695e+02
-4.955580061356342014e+01
5.637946293233881079e+00
1.224011885563377575e+02
-2.856016916554770546e+02
-1.779802553858948500e+02
-5.654793687845351258e+01
1.293166951713093056e+02
5.315531481583420259e+01
-1.877047306543559557e+02
-1.942180244736144346e+02
-1.589622094668846444e+02
-1.876398532454216763e+02
-3.328798092666700370e+01
1.080775511624478042e+02
9.160878570693498091e+01
8.529375957503550865e+01
4.233654261798777441e+01
2.265256353538664058e+01
1.201129185839363629e+02
1.098358507726683797e+02
1.000719733347302594e+02
1.132688608797544276e+02
1.435733420298357146e+02
1.416872762940172095e+02
1.590083112991248129e+02
4.243474742626767693e+01
1.304439584105601000e+02
1.373210517344783455e+02
1.390732679677794295e+02
1.433166130954551534e+02
1.082634233905293826e+02
9.105231233112827738e+01
1.213656673507937001e+02
1.410183646992535103e+02
8.281685493822971011e+01
1.479433725385521257e+02
9.754952401024274877e+01
1.361844083399309966e+02
-2.822635579736238753e+01
3.622987020651856227e+01
-1.644830528120359148e+01
1.213973576731201547e+02
-1.066605235255677684e+02
-9.410022055223041093e+01
1.156295004175961481e+02
-2.479569669944861232e+01
1.169308195494181319e+02
1.260524701035428166e+02
-1.738635091399196853e+01
2.397079919560170680e+01
9.024211835062625653e+01
-3.139520968485099672e+01
1.458817006114978767e+02
1.812534453674984150e+02
1.319367486243231156e+02
-3.231390359778401944e+01
1.694800043801156519e+01
6.280808468448758219e+01
-9.335032389312837608e+01
9.030457546716910144e+01
3.340245926596140436e+01
-2.055443204783002784e+02
-5.675402578377060081e+00
7.933675032121395532e+01
6.066361021799359321e+01
3.618782736002125944e+01
-1.011542437624774493e+01
4.561598929703345107e+01
1.179844075099513248e+02
9.544218445155996733e+01
7.461853490816713474e+01
-2.614141722889570474e+00
-3.561070287276280766e+01
9.318371465929214281e+00
-5.557260752750411115e+01
2.063014447961576892e+01
-3.439741563567638494e+00
-2.470908578512928671e+02
-4.858896653271617083e+01
-9.812991035304611032e+00
-1.898762061206155494e+01
-5.241145422049913094e+01
-3.404611037945654743e+02
-2.200901581354610528e+02
-2.910022983333035995e+02
-2.159490929221117739e+01
3.637892392390506657e+00
-1.549062078856920621e+01
-2.725043788786932453e+01
-4.144381485504731444e+01
1.868849665500944823e+01
-3.910143888886111796e+01
1.481542404861892592e+01
5.845491201554302130e+00
3.576110479396298558e+00
-1.581159496118916330e+01
-2.062205307304844126e+01
-1.679250857006846687e+01
-2.111113413834408732e+02
2.668131230563827216e+01
-4.552146008872895067e+01
-7.865394541934918493e+01
1.204641510859858933e+01
-2.154266376557698095e+02
-9.992176984946968332e+01
-1.123329599150358149e+02
-1.265771503268293969e+02
-1.071422235929803293e+02
-7.476549745028499672e+01
-4.904748102341717697e+01
1.288600019078285754e+02
1.281310801403997743e+02
1.918400268015120105e+02
-7.681170232201279191e+01
-3.195509930808220389e+01
5.195321460125546054e+01
3.060858394166539398e+01
8.435002680385375129e+01
9.548095683271185408e+01
1.172541630836791882e+02
1.130440447521049094e+02
1.055141731884006333e+02
8.745087737372784886e+01
1.813779757309000331e+02
2.060238681831635290e+02
4.267247948996953255e+01
1.705028523989889493e+02
1.876038355015891455e+02
1.671060585250893951e+02
5.002089840087147365e+01
2.336627023750825458e+02
1.175434948623294247e+02
1.386930538746840114e+02
-1.865443255608733963e+01
-3.714677931193600813e+01
-5.302695456682939579e+01
9.431166868214569377e+01
1.156230751568067490e+02
-1.112449221968436497e+01
-1.399230567813367720e+01
-1.162236597337638777e+01
1.936610637864906792e+01
-3.353013644059144838e+01
9.085068153733512020e+01
-4.930563743258564813e+01
1.498448566546490213e+01
-1.039365383416587463e+02
-2.273130576111747132e+02
-1.313391294283298407e+02
-1.517902192402267474e+02
-5.702121691522343383e+01
-4.602649013283376433e+01
-8.097278231854220110e+01
-3.937423702679641337e+02
-2.653123245485557646e+01
-5.768577922335465047e+01
1.222207617979110061e+01
-8.906154334309650267e+01
-1.926108564058061461e+02
-3.189209612675888650e+01
-7.455067319517056035e+00
1.901040867709180020e+02
2.232352657465145001e+02
1.251630516629227259e+02
9.025085975433741226e+01
1.768380814512547943e+02
-1.923683453561233492e+01
-1.681103767558610684e+01
1.055011361662786307e+01
7.480857189185105938e+01
1.572441111316651359e+02
4.127798911675263582e+01
-4.422240691251609945e+01
5.325953212963774064e+01
1.169101705539305982e+02
-1.138345367216660975e+01
1.080883021651836486e+02
1.696303633342892283e+02
2.131125107562918117e+02
2.156249481117742164e+02
1.576270306669096044e+02
-1.000070866657111424e+02
-5.485414012938345962e+01
-1.110005744684018509e+02
1.766248423377617200e+02
-1.779385863987102141e+02
-1.405373072575972060e+02
-5.614306276212547431e+01
-1.125549719022257165e+02
-1.518145489783606763e+02
-1.186093601771392656e+02
-8.708804349126080524e+01
-1.269906446892207441e+02
-1.301593690743848128e+02
-5.476677981177984975e+02
-4.306760313815911445e+01
-2.069338858047722951e+01
-8.915964790786026128e+01
1.522767954350561013e+02
-2.888293911430837468e+01
-4.365872563273778439e+01
-6.139617175914391822e+01
1.792243394005738466e+01
-1.834491968733985345e+02
1.211085269515924807e+02
6.147718483642695020e+01
2.476815802849296233e+02
-9.812044436762928967e+01
2.065887787430697244e+02
1.273882061591977077e+02
1.898893338375913800e+02
1.428328486629666827e+01
5.121657254581882057e+01
5.155610788091115637e+01
4.104407700697009886e+00
9.851635736432514534e+01
-2.449981707833815960e+02
-7.714271077313212288e+01
-7.863836967286006541e+01
-8.200423995796035115e+01
-6.049044930060118475e+01
-8.659419828077665215e+01
-7.761460908069730635e+01
-6.905957637566373819e+01
-7.322656270595706474e+01
-1.324150020365808302e+02
-9.466458447508163943e+01
2.065833435395914535e+02
7.338792080486119573e+01
4.206187366400968131e+01
-9.358813521929376655e-02
9.812014921547633151e+01
8.827105558234933369e+00
1.337464980002002051e+02
1.067427869649339414e+02
-1.211065141171063431e+01
9.797226005464750642e+01
3.044314248488100105e+01
-1.145576960401935338e+02
-1.632122888742838427e+02
2.052826133582005639e+02
-1.522007190563404038e+02
-5.473375650216789268e+01
-4.536433877405099224e+01
-1.184086480858137094e+02
-2.178355557349408400e+01
1.793843134132114869e+02
1.681409190181879012e+02
-2.272856750228523879e+02
-6.475115784273042152e+01
2.513400659722518924e+02
-1.708783390947968428e+01
-8.038288484390420763e+00
-1.162249013725449061e+02
-1.210713364517019386e+02
-4.579348424064485812e+01
-8.632103895102387980e+01
-8.793342497809371139e+01
-8.947366119242379057e+01
-1.086424184192294575e+02
-1.024082620981773459e+02
-1.242423876528917219e+02
-1.361824591467976688e+02
-1.782821610569730808e+02
-1.707954107333612228e+02
-1.417975386880361270e+02
-2.051228303009289959e+02
-3.170932079103545220e+01
-3.371593731471466526e+02
-1.022883655343292730e+00
-1.709483956224840142e+02
-1.755913524293449086e+02
-1.312633085811123976e+02
3.412599014632641570e+01
-1.682620817458544025e+02
-1.599560443832371561e+02
-1.156887932896222253e+02
-1.178157797557004045e+02
-1.609043075505294951e+02
-1.230302788944904506e+02
-6.706249715901282116e+01
-8.732081698895582633e+01
-1.714572078461862930e+02
-1.280470634956818401e+02
-1.715750094170760178e+02
-9.461675517073135211e+01
-1.829792894031788535e+02
-5.019516455225866736e+01
-1.812958452478590061e+02
-1.701645399033013746e+02
-2.504533136936714470e+02
-8.199239044713965541e+01
-3.612318426456499765e+01
-2.788439216078504614e+02
-2.897048357604716102e+02
-1.350240948117925939e+02
-1.578566070164491180e+02
-1.595885870782795024e+01
-4.138962308376625998e+01
-2.947464602160324887e+01
-2.581907942045637583e+02
-7.237756291429121802e+01
-9.532063050715116503e+01
-8.739945059204042366e+01
-1.217118966313979200e+02
-2.519196002487344970e+02
-2.068993528162287134e+02
-8.282796329085610409e+01
-1.211932331057512613e+02
-1.980970565217806723e+02
-2.148028263306422332e+02
-2.525003836422551160e+02
-2.048242401580052956e+02
-5.320416658468714104e+02
-1.172699124741708800e+02
-1.591672824621555549e+02
-1.052418834764452669e+02
-1.618738300696020929e+02
-1.810393503811134224e+02
-2.023301214012640799e+02
-2.135954482851134912e+02
-1.778533170022508898e+02
-2.311868111932983822e+02
-1.232507798629293774e+02
-1.532068823394462243e+02
-1.351961768680427554e+02
-5.932951736566823797e+01
-1.241826390505883353e+02
-1.150243297126831550e+02
-1.161643016395781416e+02
-1.563970683623173272e+02
-1.414174117427013755e+02
-1.479736859201837831e+02
-1.412950373255712577e+02
-1.409668222538788314e+02
-1.185568968960215983e+02
-1.476885639090588427e+02
-1.811259244849515539e+02
-1.412944138060931323e+02
-1.488008751549860449e+02
-1.498069778533527199e+02
-1.398755327113328235e+02
-1.125606720318360772e+02
-2.244180052152661347e+02
-1.319672543102738587e+02
-2.716562706103073879e+02
-1.408160342182572435e+02
-6.777284923541340333e+01
-1.111154284208198533e+02
-1.546227353485453477e+02
-5.404943354251896892e+01
-1.035465919755379502e+02
-7.457932157692364683e+01
-1.002629015811315725e+02
-5.370155552992516590e+01
-4.043643361780520706e+01
-6.078810369474545894e+01
-8.185015447466069816e+01
-3.748605462646635544e+01
-1.313864342065561459e+02
-1.377921265239989452e+02
-1.475797052463163652e+02
-7.991965956550869521e+01
-4.805364323329108345e+01
-8.953985939631643021e+01
-3.401833053793264128e+01
1.698040234213620181e+01
-1.259642472401523783e+01
-9.871811771948763692e+01
-3.586936429615531097e+01
-7.953149734873683485e+01
-4.616123054685162685e+01
-2.664696357880031030e+01
-1.023813644868212691e+00
-5.115847416318416663e+00
-6.348528840829979458e+01
-5.182220341471995795e+01
-4.684799151525638194e+01
-1.267927465474147368e+02
-5.387019311505472530e+01
-7.930202965113647906e+01
-8.795794927694103649e+01
-1.051948107309017999e+00
-5.197421583434196179e+01
2.356746149321991268e+01
-1.608311977046634667e+01
-2.144757525537186993e+01
-1.853344551482057341e+02
-9.639275691978984639e+01
-8.311718623536405914e+01
-5.052422086989665928e+01
-4.748233056511814709e+01
-5.302970716732119882e+01
-4.937524345240362322e+01
-1.724885758198886663e+02
-8.912863015603424799e+01
-1.447346655860363285e+01
-9.298416408756686735e+01
-1.639617320666540081e+02
-1.446304842171300606e+02
-7.159830926125668782e+01
-1.152946802344544608e+01
-5.061994318627367306e+01
-6.039584157461452207e+01
-5.050074215353763663e+01
-5.683842318881756484e+01
-4.864069775446413502e+01
-5.399177614038736550e+01
-6.674382400589365716e+01
1.661928905496866946e+02
-7.523511979118461568e+01
-5.344288928207345180e+01
-1.016279678090165994e+01
-6.116440373736438829e+01
-5.734758936826506925e+01
-1.027400506279230967e+02
-5.269137943779107758e+01
-4.300503835981983514e+01
-5.633992823613205303e+01
-9.598912486926193921e+00
-1.294797236579570381e+02
-1.049412022176092165e+02
-3.162178948714309854e+02
-8.260639258652079775e+01
-1.094634969727239877e+02
-1.918632652973631707e+02
-2.765547172238966596e+02
-2.395268291914591714e+02
-2.007375691555438095e+02
-1.638684416009105576e+02
-1.970916805420868343e+02
-1.774113896372918475e+02
-1.109871470878392330e+02
-2.553977742261523645e+02
-1.850430826489923675e+02
-2.073575716488732894e+02
-2.760184990199674075e+02
-1.903040265657312489e+02
-3.241704785746902644e+02
-1.609322956629461601e+02
-1.587777521906030813e+02
-2.525583629079229127e+02
-4.278739704367121277e+01
-1.988929857722780241e+02
-1.073360321669853903e+02
-8.126648279440226474e+01
8.172879743340327963e+00
-8.408278779901725386e+01
-7.463358168358999478e+01
-4.189448250350946523e+01
-6.726334864533464497e+01
-9.987018430468732788e+01
-6.422727108082015945e+01
-4.114017798945913995e+01
-6.325617834597038325e+01
-4.470829884744220806e+01
-4.692710088420285786e+01
-6.506592106234833750e+01
-6.744727198488109821e+01
-1.015930630077849202e+02
-6.549539926509086740e+01
-2.912813103457685884e+02
-9.214654260159647947e+01
-8.613795105073030811e+01
-8.302715186738760167e+01
-8.842070873839394096e+01
-5.587286656009646890e+01
-5.523705770400439974e+01
-5.759469089076897319e+01
-4.992717604421186195e+01
-8.535019530540942867e+01
-7.338278488400116828e+01
-7.093197127636159394e+01
-4.860805586248036292e+01
-1.255804656962442607e+02
-1.980521872425687491e+01
-6.968621212452691793e+01
-1.168708355960062732e+02
-7.295525141642713152e+01
-8.078929654706256258e+01
-6.464394436682199796e+01
-8.439839555251379011e+01
-6.337577941954135241e+01
-1.665182346446187580e+02
-2.435267818803891657e+02
-1.093146649542106132e+02
-4.126203175211729501e+01
-4.262023156358811349e+01
-4.259909690480097311e+01
-9.819091589201012482e+01
-1.152356322381825038e+02
-8.698216020970343720e+01
-1.119589724324361413e+02
-6.256604823985272645e+01
-8.071496870308629923e+01
-3.351736885415469374e+02
-1.112949214179489701e+02
-1.830212486993557945e+02
-1.872758603158669928e+02
-1.240800987451764428e+02
-1.146524401752612334e+02
-9.503357640462171219e+01
-6.062776952661312890e+01
-6.173570838031803731e+01
-5.150873724821919097e+01
-1.540370463585993832e+01
-1.004061718175675537e+02
-2.922593411031893851e+01
9.485435108412564986e+00
-1.942711448991914835e+02
-1.682203069489954146e+02
-1.738276222254320373e+02
-1.537816511545959486e+02
-7.200618200928427370e+01
-7.339217390223120674e+01
-1.199155948378113479e+01
-5.839900003430499709e+01
-1.332093642384840564e+02
-4.820204477776805874e+01
-6.611851848278303123e+01
-6.219216381738750954e+01
-2.159936202780291978e+02
-4.718136502956996736e+01
-6.137342050281929318e+01
-6.467456133847274202e+01
-4.096792172897247752e+01
-6.230600176506077048e+01
-4.402025901533646390e+01
1.878027551870841876e+02
2.203966838094739273e+02
-3.610893660766605251e+01
1.318342135789707470e+01
-3.246409820170109128e+01
2.252749257278524908e+01
1.697546556558613418e+01
3.453216385627510476e+01
-8.605321577621204199e+01
-4.504962368695167640e+01
2.598043591120899976e+01
-3.877384089250052313e+01
2.975257526814914399e+01
-1.160800715433428820e+02
-1.720354275466553133e+02
-6.349820932059413536e+01
-6.042311094676508532e+01
-2.584670115293017645e+01
-5.451322595867740972e+01
-2.054588719755364323e+01
-6.104945201522433251e+01
-1.107299429730256577e+02
-1.010693257382780530e+02
-3.936520178194886199e+01
-7.836345265353270584e+00
-1.143469544514203449e+02
-1.359674129607130908e+02
-9.210224702589702872e+01
-7.762743454471403481e+01
-6.388502607925265409e+01
-3.532923400123468838e+01
-8.137968719908161574e+01
-8.554675160569053105e+01
-2.792566208656150195e+01
-4.143902427277913603e+01
-3.790656459784143095e+01
8.311691013063739319e+01
-3.606823735389242813e+01
1.612406156516111366e+02
-1.661935954972486797e+02
-1.380867036063575028e+02
-3.326401216113870873e+02
-2.998944464371344907e+02
1.692806205495783729e+02
-2.823223881705581562e+02
2.345176512085084823e+02
-2.132689463939041161e+02
-1.702854848667880105e+02
1.010398030726414049e+02
2.156325399725006946e+02
1.116448692328862506e+02
1.864576120370627166e+01
-1.132927979396926759e+02
-8.882858007239627796e+01
-1.557786903691738871e+02
-1.052222523918122761e+02
-1.402002212250318678e+02
-9.572852195645928930e+01
-2.644735895626865840e+02
-2.637523061783710432e+02
-1.821616556787274703e+02
-1.594318274968711080e+02
-8.749619237340117195e+01
-6.527110083497518644e+01
-1.869304604567364692e+01
-1.048016224415147803e+02
-1.665057023547012420e+02
-1.696547701472745189e+02
-3.482064750002162441e+02
-3.295723171557266369e+02
-1.065550994958962008e+02
-8.014541751902287103e+01
-1.370603557304762603e+02
-8.611114100727979803e+01
-7.715906034077615061e+01
-7.234717541169187882e+01
-8.227000461805894815e+01
-7.857167959774037058e+01
-1.136710760451535265e+02
-1.101491257604723728e+02
-6.898224670199574859e+01
-7.316508604837045482e+01
-4.620315024783893421e+01
-6.687213107531965761e+01
-4.794501317370520610e+01
-1.070885894995977772e+01
-7.620053563078224101e+01
-8.600455297469801508e+01
-6.725718397682010163e+01
-2.963940484146242227e+01
-2.235692424892005192e+02
-1.678098826775093926e+02
-4.922723345467381506e+01
-1.145884612774128186e+02
-3.292813247412409083e+01
-3.652921767484722437e+01
-2.590826309507648517e+01
-3.647083316057320701e+01
-1.365124024424411004e+02
-1.746685691461857459e+01
-1.783099592194484728e+01
-6.204297890666465065e+01
-2.147301664237559748e+01
-4.571629523873150447e+01
-1.596992578424556655e+02
-1.581925225722669097e+02
-1.124533608253701686e+02
-1.602701229988903719e+02
-2.969020102548179096e+01
-8.402848005107101415e+01
-7.731501548588798300e+01
-6.240399080200835158e+01
-3.425392541320986339e+01
-4.024235046642211699e+01
-6.987522117901605156e+01
-4.705737094033450774e+01
-4.864392547384741761e+01
-1.817936569624038867e+01
-4.402703413300741175e+01
-5.899868629262279995e+01
-5.399237269176997245e+01
-7.624420837466740863e+01
-7.848487490712926729e+01
-3.688408027683180990e+01
-6.223899933902978887e+01
-7.614365957609024349e+01
-3.512205063474677047e+01
-2.721652679110925632e+01
-1.735183105187956016e+02
-2.387430593471423492e+02
-2.309436027464893755e+02
-4.460306966774250270e+01
1.097018269133212556e+02
-6.189821600821943548e+01
-1.607652075598251997e+02
4.758145325389338609e+01
-2.239748776373457062e+01
2.280177156829424234e+02
-3.861596254299177744e-01
3.088815152815982401e+01
-8.073043835976989158e+00
-6.678718677301677076e+01
-6.394444522553317256e+01
-2.947037758970900612e+01
-8.174770130319502925e+01
-3.423939282157257935e+01
-6.003463067041105461e+01
-9.037544473148965096e+01
1.123180086824584407e+02
-1.923648246586752180e+02
-1.808928933683955620e+02
-3.957926332766780320e+01
-1.523598407793421643e+02
-1.801011849338952970e+02
-1.382703923615349879e+02
-1.451131379504429901e+02
1.299866709836044265e+02
-6.587019234241914489e+01
-8.467615717559183963e+00
-2.507710531013350419e+01
-1.206993644268021626e+01
-1.434198346930860453e+02
-1.632212266972356360e+02
-2.186692732265572943e+02
-1.821474959825931990e+02
-1.910726109783760762e+02
-2.273852972107578125e+02
-2.102057876670076553e+02
-1.211488198043313815e+02
2.644943230972637593e+02
-7.796631906746564766e+01
-6.223832044919448947e+01
-5.452132347923978983e+01
-8.232237365716875388e+01
2.628249303222700917e+01
-2.498776818282723866e+01
4.838686670951886981e+00
3.331275806222598135e+01
1.983269129489874558e+02
-3.196899189857668944e+01
-3.322015027096148287e+01
-5.373475779235965888e+01
1.937829030257865170e+01
-6.834133628117540127e+01
-7.432708760843675577e+01
-2.829937878284447095e+01
-1.677335534257337457e+01
1.846955062639689160e+01
1.714637123376217005e+02
1.173127280053455479e+02
-1.002036599824127734e+02
-1.098000448844123582e+02
-1.756793547339071608e+02
-1.764510648740147190e+02
-1.930004779236581953e+02
-1.935441073546472808e+02
-1.949793364463352816e+02
-1.347084469282752650e+02
-1.932732427914028506e+02
-1.426160706332961752e+02
2.522753722391398057e+01
1.166110056263968033e+02
6.232624192840231103e+01
-7.225698418677298784e-01
-1.667966173785561068e+02
-1.545103814123989450e+00
1.573865257660468728e+02
7.909399433279189395e+01
-1.474880121653704634e+01
-1.075884551248922634e+02
-2.380965286140981902e+02
-9.229481759909222660e+01
-3.768295579621972280e+01
-1.827863221592841469e+01
-9.342547007730077624e+00
-5.581192999855296222e+01
-3.782165528978521962e+01
-5.102693165383230678e+01
-6.909277103662105901e+01
-6.421811166252585679e+01
-6.778406616259105988e+01
-9.409710117794097073e+01
-6.113815342277170828e+01
-2.240454914567980893e+01
-5.792333338306402624e+01
-5.565757326311712916e+01
-6.456377207234787363e+01
-5.816525087727736576e+01
-3.757976514747206664e+01
-9.482620837813865933e+01
-2.326679246492288939e+02
-1.937183661528122229e+02
-1.681289876290533982e+02
-1.199685424100848508e+02
-7.438701228143807498e+01
-6.113623792820573044e+01
-2.430932095375257518e+01
-2.344442991035805335e+01
-1.175821634037105490e+01
-6.563048974884243592e+01
-4.202092957740249801e+01
-2.531400102919295492e+01
6.179633362158960352e+01
-1.444499790911998502e+02
1.047673617266577537e+02
1.483201037834566876e+02
1.463693108660830262e+02
-2.349679890899220425e+01
-9.496040746904751018e+01
-3.246611002600386655e+02
-1.062493175193299777e+02
-1.102492609133955455e+02
-2.897290310016487069e+01
3.394158084099098716e+01
2.689919693117009203e+01
-2.019378788412522283e+02
-4.852375885000670763e+01
-1.325624573405752358e+02
-1.823783449061924102e+02
-1.604031234162934538e+02
6.067601816309469598e+01
-5.118478976465986108e+01
-6.389216742578421560e+01
-1.411195867641219479e+02
-1.000733524370533445e+02
-2.913725163445420563e+01
-1.125600950171101999e+02
-1.142161228841759737e+02
-7.909275910564072376e+01
-7.894414458509470478e+01
-1.507300290178866362e+02
-1.083454094594894173e+02
-1.080126997855930995e+02
-5.193161847502226891e+01
-6.148277626896670967e+01
-1.865450945837252732e+02
-1.554564817982011959e+02
-1.174915662943058408e+02
1.412821885126231791e+02
-1.231952864161241052e+02
-1.176550223012829122e+02
-5.450338257343629067e+01
-6.595181355884743368e+01
-7.428129160093853045e+01
-7.872768532246489315e+01
-3.776173789935709380e+01
-6.457587947887712687e+01
-5.213315069599042317e+01
-1.848956370930470783e+01
4.297652699061548276e+01
-2.901929398381973613e+01
4.998219099938086885e+00
-9.062572323713689570e+01
-1.900735389072077055e+02
-9.536661330417653915e+01
-8.555427233334940240e+01
9.188334929076788171e+01
9.565890379287112921e+01
1.048039066108789825e+02
6.387430670836229041e+01
-1.106880304555472208e+02
8.847073754788240763e+01
2.384369046977425910e+00
-5.618539618985624884e+01
1.935548938045190539e+02
-1.848951865898592928e+01
1.789789992127655296e+02
1.703592191775059632e+02
2.115150638701785226e+02
-1.626740492427114475e+02
1.371083159624888026e+00
1.472237970196663071e+02
-8.169621906003021650e+01
2.056227979627780655e+02
1.723366727778272889e+02
2.229135350489464713e+02
-1.527068408215615136e+01
3.178469499911245322e+01
-1.529458399060791862e+02
-2.370368166433021884e+02
-1.096095484692063593e+02
-1.566133568261916480e+02
8.059773787327203820e+01
-1.061057591552656199e+01
-8.084525731320790953e+01
-1.360117024726549744e+02
8.696986322732256269e+01
-7.992720603426255366e+01
-3.752456707834153349e+01
-4.461567362541028103e+01
5.917932246206400038e+01
-4.531187371399039421e+01
-1.020408706180078440e+02
-1.276710694785393514e+02
-1.051765366876088024e+02
-5.895748694738921358e+01
-5.840408702913287442e+01
-2.671654778864321145e+01
4.952189393506562176e+00
-1.875325731132765554e+02
-1.446254365905495263e+02
-3.333397337028291219e+01
-2.710797992652497896e+02
-5.892967868621472860e+01
-2.378343835764378582e+02
-9.391768145109477928e+01
1.446353059319868066e+02
1.766293839805667858e+02
-1.392558304816407428e+02
-1.926710982157997591e+02
-6.677823714563926671e+01
-3.486806958792647606e+02
-1.621449272370280426e+01
-9.420813902014408825e+00
-2.599284588160627507e+01
-4.282391553978606424e+01
-1.150420880640736065e+01
-7.352907441549604073e+00
6.991869502012082194e+01
3.083405398780046269e+01
-4.705818937473225816e+01
-6.295132508473994903e+01
-6.116532375261362375e+01
-1.034796209388567121e+02
1.523071911136092922e+02
2.111179655030636013e+02
-9.551015339785647029e+01
-8.002805177928144076e+01
-8.865853821424083492e+01
-8.935900005521914125e+01
-5.003376856927526006e+01
-4.916539540575081446e+01
-1.384599037335736149e+01
-8.244455638313840495e+01
-1.825444629823177234e+00
-4.499532540346686460e+01
-5.327296152481399361e+01
-1.983776560149278367e+01
-3.368124456013427448e+01
1.168197210001315511e+02
-3.552533512175302111e+00
-3.270168191891261245e+01
-4.510123725138227968e+01
-1.678876006344202665e+01
1.919583809598412927e+01
-4.350681283770579455e+01
-8.969988815360856904e+01
1.935969618749780068e+02
1.786151292814443536e+02
8.065859875041377336e+01
-7.527344450928231367e+01
1.066563462142645449e+02
2.166223889610025708e+02
2.104411092180328922e+02
1.908213728072374238e+02
1.515752419242166980e+02
-9.990059364990368351e+01
-2.517287483062058584e+01
-6.549984114939451274e+01
1.860860243679290136e+02
1.401242302212352513e+02
1.717658223020171135e+02
1.402385146031210184e+02
1.278616014930478855e+02
5.842756726001334755e+01
-1.139445891973345226e+01
-3.240045290936991762e+01
-3.808950294321407171e+01
-6.135190541642465689e+01
-4.704136249580643891e+01
-2.181472384571123939e+02
-2.535339863340004740e+01
-1.217952759081219796e+02
-4.866491002000740451e+01
-7.433749608937620224e+01
-1.158167379817396778e+02
-1.091408300798153874e+02
-9.540498884394472157e+01
-1.816942293605580971e+01
-1.422236484451108254e+02
-1.521965374525954928e+02
-1.103300180410146822e+02
1.229648916829869165e+01
-3.012192214045050775e+01
-3.810316146519065938e+01
1.730600673119954536e+01
2.507269763278548567e+02
-9.187693871869285545e+00
-1.029302346901711473e+01
-1.167871756526829330e+02
-3.965956331564536441e+01
-3.269572093793462386e+01
-4.916101668498669142e-01
-1.274724584054632572e+02
-1.184296306562283121e+02
-8.988164499755824011e+01
-1.262874011649427644e+02
-7.114121827106765750e+01
-1.117971782396713252e+02
-1.021865493255360775e+02
-7.504762343944395298e+01
-1.003292209288787546e+02
-1.283719513292923295e+02
-1.218382353914537504e+02
-9.774560374697955467e+01
-1.170113543521413106e+02
-9.913870952397468272e+01
-6.201290022268673141e+01
-1.646458650255538316e+02
-1.527173916245081102e+02
-8.972613517673867989e+01
-1.976059919665941038e+02
-1.567607544581647687e+02
-1.372351479496716422e+02
-1.748749129785074388e+02
-1.459150373796085773e+02
-1.243698754937908006e+02
-5.864006648516541986e+01
-4.281735545439811119e+01
-5.594228418493550237e+01
-8.407388016815394849e+01
-5.866774348870827538e+01
-4.872738093002864446e+01
-7.953426759443831884e+01
1.243735464523796566e+02
-6.406672216600304637e+01
-7.672456201564328637e+01
-2.048232296741272407e+01
-7.695490736170516755e+01
-5.070102888664698071e+01
-1.092688550691431857e+02
-4.783905617569196522e+01
-9.824221061752918160e+01
-8.432146334860776449e+01
-7.512380606320611776e+01
-4.119982560590408838e+01
-7.434589932332748674e+01
-7.035778784373232497e+01
-4.558507203885688597e+01
1.957071501261969360e+01
-4.662988875503172181e+01
2.479026595341954362e+02
-9.995045668463012589e+01
2.343213229957817134e+02
1.475172675297430658e+02
-9.441168665023796791e+01
-1.582173760161252289e+02
-1.611114339589455255e+02
-8.945332120532535214e+01
1.901969718129681155e+02
-2.042757656351272644e+01
-1.069400647964033766e+02
-1.865254665775936260e+01
8.062464012009631631e+01
1.963594318099951295e+02
2.156184116874923973e+02
-3.580220621605216280e+01
-1.221856651045867750e+02
1.334365845880603274e+01
-3.527962190602004000e+01
-3.262053294308863371e+01
-1.038110532490247095e+02
-2.267860334443938086e+00
4.176425319158965088e-01
-1.364045157223871456e+02
-1.126962212951725064e+02
-6.902073867238524940e+01
-4.646500675699420668e+01
6.540487290704831480e+00
2.627480064227715673e+01
-4.230176545634418517e+01
-6.517010009769326473e+01
1.176824146904532427e+02
2.568575597227440994e+02
7.837251965159336464e+01
-1.588542531413818608e+02
3.393121845333530473e+01
-1.141276732024491309e+02
1.422927233473238289e+02
1.870170520332388833e+02
2.499940762772194773e+02
2.181293279346214717e+02
-2.379294474885348620e+02
-8.685705503586230236e+01
-1.749187352658470616e+02
-1.202861368799367057e+02
-1.946252059226238487e+02
-1.205876545332566678e+02
-7.848748641225984102e+01
2.132966011816780565e+02
-1.437190315313591213e+02
-5.858318081144516754e+01
1.904238436069853719e+02
2.056714509772677957e+02
2.224573250834813791e+02
2.290904580139919631e+02
-1.363410077731825254e+01
1.237421797176729399e+01
-2.763998452978195530e+01
-2.345945151012622887e+01
-1.500850002667834815e+01
-2.073608159187287470e+00
2.329067722421822850e+01
2.539224641337503385e+01
1.353877843297054540e+01
-6.516282906150222232e+01
-3.781795100768292173e+00
-4.107321440478263952e+01
-4.593263946865069158e+01
2.470872407825432617e+02
2.358402163529419227e+01
-5.507516203859688630e+01
2.164245319234716902e+01
-7.910380252116219424e+01
-1.153274934864218579e+02
-3.786864044354320669e+01
-8.320474463260359244e+01
-6.556676175634034109e+01
-4.645126725098432274e+01
-4.516913395176852219e+01
-6.361893169697035688e+01
-3.355679462459039541e+01
-3.125612207326546610e+01
-1.332079184344916278e+01
-3.203238604292613445e+01
1.283867829217409984e+01
-1.727623508398977847e+01
-3.247040940288049882e+01
-1.465086875422201729e+01
1.562790032200657322e+02
9.804503722121934572e+01
-2.370366056378110784e+02
-1.010323824677717539e+02
-1.893875694165446362e+02
-1.821671957688427881e+02
-2.667206065317699881e+02
-2.020946490172461267e+02
-2.139180212131340397e+02
-9.639468241152604833e+01
-6.599590549186278565e+01
2.364065843411040646e+00
1.797007555825686609e+02
2.593835294259167767e+02
-2.167539006978536520e+01
2.623091423347377713e+02
1.266625469238026938e+02
-4.060017748587765318e+00
1.045907025404170128e+02
2.538606894651103687e+02
1.903992854101107355e+02
1.481192648476612419e+02
-3.328527787698763518e+01
8.266783900235578741e+00
-7.694143649136996999e+01
-2.995067923754156070e+01
-5.494638004571146439e+01
-4.433151767445914260e+01
-8.955235133799685343e+01
-3.196724679094761967e+01
-6.753568379550875989e+01
-1.654222627342916851e+01
-3.681158459271428285e+01
2.120776717114711687e+02
1.517505875668453541e+02
1.818944681148938685e+02
1.150028158036677084e+01
1.938012954905020990e+02
6.385594991365803708e+01
-4.119711772069972966e+01
-2.693663650716963431e+01
-7.217702300699963303e+01
1.445176783761321637e+00
-2.225299170038825025e+01
-6.222644869995576755e+00
-1.435936977137923165e+01
6.369802870400574690e+00
-3.513604073313792497e+01
-5.363099625694399464e+01
-4.586542555032193746e+01
-2.943840916477203962e+01
-6.952133910068285161e+01
-4.802039907030844290e+01
-3.893033026022681042e+01
-5.877155598702076844e+01
-4.649527043657292324e+01
-2.224334982591963694e+01
1.291751171745043223e+02
1.610456617236668251e+02
-6.470425516532819188e+01
1.231848368772460276e+02
-1.686460685380665154e+02
-3.100484854344731502e+02
-3.422236536176216077e+02
-2.956736962031600910e+02
-3.638134358031651345e+02
-2.573261743174344360e+02
-2.579552981384224495e+02
-2.838089062118015704e+02
-4.500096051245429862e+01
4.586717639452098183e+01
2.055883473863904101e+02
-5.918903704083081152e+01
7.845173954683730244e+01
-9.727528961406005692e+01
-1.258499874943055374e+02
-7.580108329564262171e+00
-1.289347249244719933e+02
-1.055975509265634855e+02
1.126134103038739056e+02
-1.202922385724038747e+02
-5.786581354875750094e+00
-1.030102098894908380e+02
-2.162026840752389489e+00
2.460154860787894791e+02
-1.705352203408818923e+01
-1.131104179124308047e+02
-8.084284452904509521e+01
-4.465336261239258420e+00
-1.281819668518139110e+02
-1.314424585566778205e+02
-7.789222688085797586e+01
-1.127072772777606673e+02
-1.140046633999524488e+02
-9.223697731916153941e+01
-9.186783347675572031e+01
-4.198813129064509297e+01
2.056816416254374360e+02
-1.020814962153483236e+02
-3.255712552096628656e+02
1.063568730525380914e+02
-4.967479185807653863e+01
-2.379015413950957836e+01
8.226338814457467663e+01
-1.133878835368091131e+02
-1.238957254907745380e+02
-4.153752431945506629e+01
1.035093337071496080e+02
1.995024894539317870e+02
3.311236731549672641e+01
4.634636324795959439e+01
2.085274385568069135e+02
2.281408663639307122e+02
-2.284783771650447903e+01
1.204148157158711285e+02
3.614116090001937209e+01
1.500153558438030643e+02
9.660687771501733323e+01
2.090049678220455860e+02
2.230059762008171731e+02
1.153693740947345532e+02
2.411817602900463555e+02
2.597242675257601263e+02
1.577532881604838053e+02
1.411903512256897741e+01
2.175213458318576158e+02
2.309857915955388137e+02
6.163807630572829765e+01
-3.482406014857559740e-01
-3.381778763092955842e+01
-1.269246404888521340e+01
3.081668753390081861e+01
2.100850306578561515e+02
2.224508511581367429e+02
2.410307674040235497e+02
2.426046854434965212e+02
3.137555365233264393e+00
3.052223358309365508e+01
-2.251803625487440996e+01
2.328690530331554385e+02
1.124255409535245889e+02
2.235793963179828552e+02
1.989391595434290991e+02
-4.117787144086107531e+01
-7.962711179466278111e+01
-9.434911878224338011e+01
1.647948100669738096e+02
-1.976280571891307432e+02
-1.992606517881348509e+02
-1.917121380157612407e+02
2.024708273677355805e+02
-6.836572794229368810e+01
-2.066130799497167914e+01
-1.147968760861414808e+02
-2.640427826482206228e+02
-2.538745624357361805e+02
-1.468842991947728649e+02
1.539656562997539027e+02
2.569373904280332681e+02
1.866704071735744321e+02
-3.945013038918222037e+02
1.484638176871678468e+02
1.713551319134962796e+02
1.279427797267359779e+02
1.581832634113309837e+02
-8.808491704022557656e+01
1.682361300174951566e+02
-2.668111239187079775e+01
-6.531974440701168305e+01
5.985160174401239885e+01
4.372893833135385222e+01
3.815410425776465786e+01
-1.319241387950738726e+02
-4.114000950260548706e+01
-4.376602029597421506e+01
8.027373689529946432e+01
1.749109949036764533e+02
2.224287260058201525e+02
-7.234192140661293990e+01
-1.369902731351170999e+01
-7.813481671553055286e+00
-7.083782874620376901e+01
-1.005036265781146056e+02
-5.509332237105516583e+01
-5.867864337725803381e+01
-5.468265239026911928e+01
-1.349468209842600430e+01
-1.142970158920773969e+02
1.761597460207048584e+02
1.332895498902063025e+02
-2.745918096656827956e+01
-5.259087529991194288e+01
-1.891548137652332784e+01
4.976546958507093876e+01
-2.311598900185590821e+01
1.628625201255751449e+02
2.260162124798488605e+02
-3.296115733188354113e+01
1.984332372585325288e+02
-3.888664683053808346e+01
4.880302376471100700e+01
-3.330969094059612701e+01
-1.534594911770805936e+02
2.085681943245967318e+01
-6.251743250042980549e+01
-1.159958136147354679e+02
-8.499529392885364132e+01
-6.936481080453785353e+01
-9.318638369934839716e+01
-9.162225108591758271e+01
-6.459515134706967388e+01
-1.835374853066147693e+02
-1.989512298074502326e+02
-9.019799759847620635e+01
-3.394314073094552953e+01
-2.001865166286358999e+02
9.231634679984362890e+01
2.749317494771209169e+01
-2.526745232710897540e+02
-3.012955134647880868e+02
-2.509047279710002556e+02
-2.165935386637511897e+02
-2.387313045380379322e+02
-1.509115492279476030e+02
-5.510183618973737651e+01
-9.779640318985637748e+01
-4.726011556267853564e+01
-3.322191146468109082e+02
1.857838867519480530e+01
-2.715880272522653627e+01
9.210531341908853165e+01
1.132595393472109713e+01
-8.738742199550603118e+01
2.665150740237309535e+01
-1.136981931935552126e+02
-1.639409671442516583e+02
1.834328209882993974e+02
-1.294576257870883751e+01
5.513876590563284452e+01
-3.891061807360859603e+01
1.679932603539917579e+02
8.132064865797792663e+01
-5.359123393961696280e+01
-5.040296460339008888e+01
-3.536955387293212283e+01
-8.614805449073347177e+01
-5.426327527071084944e+01
6.230632524667114147e+00
1.456853549959886607e+02
1.092193092273534027e+01
-2.630980522467176286e+00
-8.288853911360808624e+00
5.634806499910397548e+01
1.529703099872882319e+02
6.638297961424620475e+00
-2.410140952785909363e+01
1.433927794805004226e+02
2.491277242363446476e+01
7.243745347157187098e+01
-2.914030966023856095e+01
1.857600183517330379e+02
1.706162801142857006e+02
-6.821065492491695359e+00
-1.864814616560734706e+01
1.385877301866308926e+02
-2.617478524732458709e+02
-2.152771690407899428e+02
-5.345465480163766614e+01
1.910582588196105007e+02
1.792048286855046797e+02
1.807565849116426477e+02
1.940790437276807268e+02
1.752797695427507279e+02
2.114862503726096747e+02
2.172235399270801679e+02
2.064088932493565949e+02
1.533145902164216636e+02
2.302931075259427871e+02
-1.466322866337164896e+02
-3.148400963481991539e+02
-1.669434003185683082e+02
-2.742177395423611870e+02
1.505363354992144878e+02
-1.753770848611206929e+02
1.432907720626326977e+02
-1.229809896420302806e+02
2.054689999695449387e+02
-2.620813871427380093e+01
-2.063394283635718693e+02
-4.762001839891684796e+01
-1.271772937172413975e+02
-4.588579116385522383e+01
-1.559093271805204211e+02
1.627073360768847010e+00
6.081519076522283740e+00
5.008042201011107863e+00
-7.648751786699179434e+00
2.350980843578847725e+02
-1.407803103996911886e-01
-4.752865504653696860e+01
4.898452722870928255e+01
-2.120080677632406321e+02
4.118463675973671911e+00
-2.621283115184335202e+02
-7.831303411814225512e+01
-3.655817710336204129e+01
5.587780641383915992e+01
-3.803895287067665443e+00
2.347969657586796473e+02
-2.654250028698744757e+01
1.927182462855755318e+02
-1.873727350721623566e+02
-1.727996338923604753e+02
9.580054086786198297e+01
4.926644978903686933e+01
1.618991633792924461e+02
2.055156273131020157e+02
8.262632142391647960e+01
9.403048230204208835e+01
9.962605981508856701e+01
2.413498974945161137e+02
1.712750306225264296e+01
-1.350543049530219264e+01
4.461676059778795889e+01
-1.740277515313206891e+01
6.543533135728304728e+01
4.025815177291744362e+01
3.209657572265345493e+01
-4.315740640743586454e+01
-3.399292542526690397e+01
-4.442745610154374702e+01
-2.408901121052687699e+01
-7.751239948178499617e+01
-1.050239508873483487e+02
-7.151566221003685087e+01
-9.602103839853374723e+01
1.312100614258810083e+00
-5.104921795687963737e+01
-1.072393403221975205e+02
-7.192417592749632149e+01
-3.086236281205624721e+01
-8.140375452492168051e+01
-7.717020984324905442e+01
-5.942757017421529753e+01
-7.889456051662330083e+01
-7.676745224515174471e+01
2.347713624330687310e+02
-6.668743689238664274e+01
-1.707162714930856282e+02
-2.217304695986423440e+02
-2.674697085478060217e+02
-2.952407540645490371e+02
-3.569472581768138753e+02
-4.237095968417501695e+02
-4.005416539864260699e+02
-4.290891922064080859e+02
-4.184853033094627790e+02
-3.914974199505783190e+02
-3.350804655399399508e+02
-3.347272024438336757e+02
-2.759530490363337094e+02
-2.459467669641309442e+02
-8.700984303557137878e+01
-2.538028499495153198e+02
-1.857482556388200123e+02
-1.396137259175297629e+02
-1.194937662526390341e+02
2.491572084708695911e+01
2.331119109388365018e+02
-4.769743710757079214e+01
-9.553161958202440474e+01
5.835020916175344752e+01
-2.332578434926829800e+02
-3.218848878115355774e+02
-3.798530790575527476e+02
-4.393786665949780854e+02
-4.695478504142034240e+02
-5.490133262651434052e+02
-4.730231085998165668e+02
2.187484591403929812e+00
-4.322047206496045391e+01
6.228184695626353573e+00
2.073683151439420840e+02
-3.076062804472154255e+01
-5.541871726584165714e+01
-4.738334571707149934e+01
4.029271558336375847e+00
-8.737764973985612471e+01
-5.981896821579510259e+01
-5.527525160733029708e+01
-4.760890240889633418e+01
-4.742297204418255774e+01
-4.873047853406099534e+02
-4.567771309768868377e+02
1.695484785890053274e+02
-8.843922569672815825e+01
-8.663310510945723308e+01
-2.429708061720538126e+01
-2.774213067223328721e+01
2.405119831092236495e+02
1.856094367137726238e+02
-8.960474868852242025e+01
3.357934347629614535e+01
-3.695241882035080039e+01
1.980688787745457944e+02
1.304863821286428731e+02
-1.225381193261617341e+02
1.793170119658702788e+02
2.181122149574599689e+02
2.203892052798841803e+02
4.520012805475934670e+01
-1.777439980445258811e+02
1.747294162806437612e+02
-7.953973818500413984e+01
1.159658796010373152e+02
1.951110203956121154e+02
2.509911679702530876e+02
2.097731254995335348e+02
2.520752640287483359e+02
-7.872262083667020249e+01
-8.064605524641129364e+01
-7.117699871422064462e+01
1.145261171052065521e+02
-6.082243351261701036e+01
-1.007770308669569488e+02
2.349890120298638294e+02
2.184209219171635823e+02
2.778125175880063580e+02
1.051538269584672491e+01
2.764190528386096730e+02
2.557879498119298205e+02
9.777865458683956490e+01
1.909309875174634215e+02
1.530145629195527306e+02
7.011102044550298729e+01
-1.157731607620284819e+01
-5.563964193890740262e+00
-2.422222032948554613e+02
-6.961142768258144997e+01
9.658016703636118905e+01
-5.331321523117932770e+01
6.746075781987367748e+01
1.210418300210662323e+02
2.605364758136069270e+01
2.409146474980730090e+00
1.985675274881229768e+01
7.485708162996499482e+01
8.223352274522930827e+01
2.318432150884912346e+02
-4.619143097043375690e+01
-9.574046016288292549e+01
-1.063089754081192950e+01
4.854255687913982875e+00
1.908902819384992711e+02
2.313921768349049444e+02
2.418970245790005151e+02
1.015997810285264080e+02
1.000913175893483498e+02
1.226664723483141728e+02
2.300855137129962884e+02
2.509335326720828903e+02
-8.597985536639096438e+01
1.353376023754654511e+01
5.492490148304787567e+01
8.525558548254366542e+00
2.222085316419788228e+02
2.348038982762334115e+02
-2.019512830113119151e+02
-2.074408028999627618e+01
3.958712833574099932e+01
2.400003929812764625e+01
-9.399365849296081876e+01
-1.601722592411189794e+01
-1.707075403875209929e+01
-2.974664323111663577e+01
-8.302509757486257058e+01
2.486764650708296358e+02
-4.327859915516724953e+01
9.046296395261862244e+00
-5.841285914155288594e+01
-5.188220540051444374e+01
2.345045256837441627e+01
2.051912901990050671e+02
-2.003911991552223242e+02
-1.974276023748406601e+02
-1.944419322091365245e+02
-1.342441628625632006e+02
-2.696378634330796444e+02
-9.001402651160631763e+01
-1.026413666852530895e+02
2.080771593635912211e+02
-7.658073652392161534e+00
-2.375147862591580861e+01
2.110918429429904677e+02
1.324471570963139300e+01
2.207858604812879832e+01
1.716440637066859267e+02
1.457784301323131047e+02
2.453067484532745368e+01
2.039783036316203777e+02
2.444394700605626838e+02
-9.993838695151377749e+01
-1.706000944258174741e+02
-6.353453444945919415e+01
-5.165520798544283565e+01
1.225989872244467449e+01
-4.216260590967166877e+00
-2.955809389916592522e+01
-1.070886670015519826e+01
-5.367342815533180556e+01
-4.067370641696737010e+01
1.596017802641723051e+02
-1.159765525698949773e+01
-1.348676985924517169e+01
-7.843893789287220386e+01
-2.831350227389017249e+01
2.629670185015402240e+02
-1.793672306345897383e+01
1.785323285277883372e+02
6.364826332346548377e+00
-7.163587928976961905e+01
7.776397116241591334e+01
-1.049676052918788542e+02
1.917758824265005160e+02
-5.707545031437324923e+01
-8.174549717694058870e+01
-4.440917345554589701e+01
-2.840798163815320549e+02
1.894308715094887248e+02
1.995052670379540700e+02
2.021941423011263055e+02
2.185113256036209464e+02
6.350009900119430029e+01
2.350607747726576520e+02
-4.155492862912878849e+01
-5.190347586161202287e+01
1.239229158324373969e+02
1.889799072902350474e+02
2.054070737435411047e+02
-6.503598699645249326e+01
-7.784553808684060527e+01
9.544106799658744933e+01
8.047244020122327868e+01
-1.154288516656981329e+02
1.830815756623099730e+02
-5.489754808665641406e+01
-6.960888886156658373e+01
1.576509992685485884e+01
1.161568215492056169e+02
-4.642799095213213434e+01
-9.030423385638955835e+01
-7.869843097919243746e+00
-3.092346772267751476e+01
-9.170398163055730834e+01
-2.340980990014988095e+01
-1.367324436876310756e+01
-3.041066159821615429e+02
-1.684472357475426065e+02
1.870011090854673057e+02
-1.582329404362082528e+02
1.878720288299189178e+02
-9.551690616803969647e+01
-2.324628563025497385e+01
-1.645296814431487746e+02
2.125587108021102836e+02
-1.602942400801943279e+01
2.153822768646287784e+02
2.355899341639296836e+02
2.016752696276337815e+02
2.351680079542194051e+02
2.059886467560660037e+02
1.078473407304630740e+02
2.159643593452175026e+02
2.223728038981451220e+02
2.109186654582648544e+02
2.503615325537537615e+02
2.567769914424149533e+02
6.153070326877882934e+01
2.547484772027248141e+02
2.355434769120456622e+02
2.156676707936533148e+02
2.089966183318023809e+02
2.535510708291428159e+02
2.350968448504315802e+02
1.872794725603896495e+02
2.625289360262473792e+02
2.270576565998268563e+02
2.149514114304406291e+02
2.107768438658944774e+02
1.371867886706508841e+02
-2.026720502075211527e+01
-8.973642905897506239e+00
2.044607895621839475e+02
1.999908078111996588e+02
-4.310705174986462396e+01
-5.843497117110231898e+00
-2.044802527989358509e+01
-3.074183264684239703e+01
1.976053775825735954e+02
1.787807527900220066e+02
2.514198670801918638e+02
2.024137577235371737e+02
1.143823557284081147e+02
2.264208210680014304e+02
2.235121080932005100e+02
2.655075430106542740e+02
2.790058671312305023e+02
2.158957497138010240e+02
8.339283359661466477e+01
-1.901556864415020982e+02
-1.469360502833226008e+02
-2.227650047704387646e+02
-1.394715160807066923e+02
2.295647659296808172e+02
-2.018482205369614064e+02
2.315163334526255028e+02
2.525030446041400864e+02
-1.600250713545444228e+02
2.392018568318056850e+02
-1.760322324944845604e+02
2.509323473004217533e+02
1.035199838192795028e+02
1.736209063744609580e+02
-7.772664463045975936e+01
2.409945933209085922e+02
1.077861801142952345e+02
7.708501424069709174e+00
2.691238492466027310e+00
2.061984927878529561e+02
-1.969910139652927228e+01
2.564396032412878412e+02
-2.989705128239803855e+01
-3.795687847206027499e+01
2.113319934017343371e+02
1.298693731989926050e+02
-8.126208709109417327e+01
1.581564311531401472e+02
-5.197450320245770428e+01
-1.229932354869435329e+02
-1.193199055380381992e+02
-1.128351015859106781e+02
-1.342056309562321985e+02
-1.019717249423618313e+02
-5.548104231078764315e+01
9.478753637997510850e+01
-6.600293556541657836e+01
1.850839638030932406e+02
1.171971270755064296e+02
1.110077503125097564e+00
-5.274238275175454049e+01
-1.097516045703059717e+02
-1.019848547430711960e+02
2.137667494023039865e+02
-1.773777889282827402e+01
-5.367095212688980865e+01
-7.553512697515330387e+00
-1.279724158085602426e+02
1.577874855437382280e+02
-1.670333415378956374e+02
1.471729861504555288e+02
-1.186415151997747870e+02
-1.594641509600185714e+02
-1.505234154611648023e+02
-1.483470688536079365e+02
-1.973306122642863727e+02
-9.594704003062453523e+01
-2.020710826256456016e+02
-1.788275705796028774e+02
-1.917242532195969602e+02
-1.559927215629647321e+02
1.861087959556596729e+02
-9.323507799983980249e+01
9.916156489833477394e+01
-7.621080665641419216e+01
-1.643420012443205280e+01
1.617021461568994880e+02
-3.160068036033384828e+02
-4.917491656387962280e+02
-2.801346019064966981e+02
-1.349609405645830975e+02
3.942802842053737322e+00
2.754724250332021143e+02
2.834740198789818351e+02
-1.255605248224430710e+02
-1.830811278433248646e+00
3.274686163018867546e+01
-7.466630342560679878e+01
-4.009598953094213414e+01
-1.271426397394387351e+02
-7.145652076234469519e+01
1.641103359289147647e+02
1.481847829520544337e+02
-3.556389776370477307e+01
-2.179053109100550500e+01
-3.996344653202295660e+01
-5.924534684380707716e+01
-2.805870294769604811e+00
1.320263255333594543e+01
-5.615380949653043530e+01
-5.727348836162120449e+01
1.544052345864893994e+01
-2.689324482320793663e+01
-9.986447137635622084e+01
-6.020898658799386993e+01
-2.051739820587095835e+02
-2.593051955803198894e+02
-9.675556737703567478e+01
-2.405037343318375918e+02
-3.848789616437013592e+02
-4.783303107171809643e+02
-4.301060825095009932e+02
-4.480324926966434873e+02
-3.374449320445893932e+02
-9.181532524531920103e+01
-2.359990801178483366e+01
-3.667865407626639751e+01
5.154414804365643477e-01
-8.042872182257221425e+01
-2.708075467916279422e+01
-2.404747141161095669e+01
-9.603589573551131764e+01
-9.429320159252087308e+01
9.960038980361218819e-02
-7.419542795399158308e+01
-5.469799512907722061e+01
2.330285615184021708e+01
-5.363773429326703024e+01
3.236482501221860275e+01
-2.112686113700937085e+01
-5.918561222450998116e+01
-2.951538254202398548e+01
1.804255433731391918e+02
-1.060729485228751798e+02
-9.711009547783930884e+01
-7.929264210854915973e+01
-9.256276929619764360e+01
-9.302852166532152012e+01
1.081649308601286918e+02
-6.009678679928472178e+01
-8.383811398075626187e+01
-7.635053226426668971e+01
1.553470563240025797e+02
7.904019772681760969e+01
-1.087340987066468756e+02
8.677678835990407435e+01
-1.449525724948445031e+02
1.275349742373613395e+02
1.793720508972156154e+02
1.400836187201990128e+02
-6.575397957857622089e+01
-4.248481420892466076e+01
-8.438714977639770609e+01
-4.724896928012020680e+01
-6.608493624851269033e+01
-1.462867957994859296e+02
-2.095842030022796507e+02
-2.048604923397388120e+02
-2.489279279682326944e+02
-2.222157787468251513e+02
-1.505772982299450860e+02
-1.345624186100534700e+02
-2.869464097762470374e+02
-2.270146576097742468e+02
-1.620771366724398206e+02
-3.185772912233371699e+02
-1.329674571449272662e+02
-1.785177709539539705e+02
-2.007185413750508189e+02
-1.214588851615051226e+02
-1.739560858884871379e+02
-1.635725936774522893e+02
-1.824580780856090314e+02
-1.413752523442979907e+02
-1.450061354704103280e+02
-1.731237993522207148e+02
-1.823935693053923046e+02
-1.682847322090096895e+02
-1.356136574662691601e+02
-5.159247162379497809e+01
5.113079015966517460e+01
-2.942895936879256737e+02
-4.237833677958051908e+02
-3.788716367390488244e+02
-4.151314657296432529e+02
-3.235629370685506387e+02
-3.433772427571220760e+02
-3.737428858009118926e+02
-3.504065494660297873e+02
-3.085331750845940633e+02
-2.950363291452110843e+02
-2.721088739994190746e+02
-5.448337607853051878e+01
2.248860818254634637e+02
5.880897332409071510e+01
-9.547330814647231989e+01
-2.006490034499481112e+01
-1.974416420159080943e+01
-2.262720894318071529e+01
4.061489867581240532e+00
-9.153004961448623078e+01
-8.532639058113799990e+01
-3.965273744046201898e+01
-7.280467382673910137e+00
-2.405477838815582814e+01
-3.053541349718193487e+01
-3.413896470748604628e+01
-3.868595403263079646e+01
-6.549959687562099475e+01
-2.962552793762426973e+01
-5.877767021557447347e-01
-6.401388313594652857e+01
-2.673558805103783698e+02
-2.557270564602364118e+02
-1.575826400325997767e+01
-6.638512808310438551e+00
-3.496215266211970629e+01
-2.050647941780166406e+01
-5.069311394141845284e+00
1.681463444380870271e+02
-5.115314821966232728e+01
-6.770826420929593326e+01
-8.542709128599284440e+01
-8.952360359839855164e+01
-5.479822231698187096e+01
-4.748153721704230179e+01
-3.565489291383498482e+01
-3.498922002338857737e+02
-5.489739592162327426e+02
-4.182001878343823620e+01
-3.490077865274014357e+01
-1.389385114299449242e+01
-4.175788494900935177e+01
-2.261104879233761977e+01
-1.365480409142571627e+00
-1.520865721276768312e+01
-3.715504018193387736e+01
-8.778962380926923714e+00
-2.705110264252737551e+01
-3.941005941818253433e+01
-4.727715775280447730e+01
-4.538645118064125228e+01
-4.771744846697584563e+01
-5.097732311773823355e+00
-5.618132550117366897e+00
-6.713276030997259625e+01
-6.433613870094657727e+01
-1.326679975900705983e+02
-1.042171149476277634e+02
-4.044835398788755043e+01
-9.145250241464177066e+01
-6.674836580040201284e+01
-1.107160677712482340e+02
-4.073310372895178944e+00
-8.446927715966928929e+01
-1.074911752400935683e+02
2.123341816306003125e+02
4.024571294708043467e+01
-4.356451815222648349e+01
-5.895677230389755152e+01
1.003798579434388643e+02
-5.603374049135140211e+01
-1.500440863103737286e+02
-6.545103985803390856e+01
-9.021894931847994314e+01
2.064587793681154722e+02
1.510051380980551414e+02
-2.073943137995379402e+02
2.269690671122566243e+02
1.927076534643624655e+02
2.264426746129162780e+02
7.918304346405548699e+00
1.108558714293812102e+02
-5.678789233456993912e+01
3.590314376398927720e+01
-1.109964568857304243e+02
-7.816878152497233145e+01
-5.141403864260013989e+01
1.638553163033043631e+02
-9.105776510484372466e+01
-6.295425401899139928e+01
-9.547317660895566860e+01
-1.470040784656607116e+02
-2.076232387298136928e+01
-1.851308543803015425e+02
-9.468915016295501630e+01
-5.665847452821989236e+02
1.847864697626682755e+02
-1.617960737128547066e+01
1.661597606744938105e+01
1.982242760216229840e+02
-6.458162309478021257e+01
-2.123915670585813587e+01
2.386456607632688076e+01
1.673307426373544899e+02
1.053895396864018181e+02
1.552084431699470883e+02
2.252710943427019288e+02
5.623043337563896671e+01
-2.539740323351130513e+01
-9.492583379489282436e+00
-3.562656395904772921e+01
-3.244431337405830895e+00
-3.067501987915554551e+01
-3.057705847683297407e+01
-3.186135552976450214e+01
-7.513362020562416888e+01
-6.760679306369719654e+01
-8.655067467332513331e+01
