-4.269394022608181558e+02
-3.350410419039401404e+02
-3.464650608000849843e+02
-2.559240360107398544e+02
-3.498324454929012290e+02
-2.678275708300636779e+02
-3.560036357213784299e+02
-1.132158268703985016e+02
-1.138965986066546634e+02
-1.375418602752292543e+02
-7.651807384515055332e+01
-1.296945032382414240e+02
-8.250114304441230217e+01
-1.760929018163175215e+02
-9.038236669749169039e+01
-2.779198684497346221e+02
-3.554625679635923348e+02
-3.543430307607430336e+02
-2.499901922783035104e+02
-2.080648692652112572e+02
-1.254127242467716314e+02
-9.844899661087761444e+01
-1.203292721890508687e+02
-4.252356917341613780e+02
-3.327011428016686523e+02
-1.251632413766210163e+02
-1.894763457239407956e+02
-1.616155291918791477e+02
-7.268104349993237179e+01
-2.543179716314984944e+02
-1.399635916210190771e+02
-2.118364467991660263e+02
-9.775806141651275993e+01
-3.343588815749181435e+02
-1.872584796861454493e+02
-9.562499916779417219e+01
-1.160163472268224325e+02
-1.723858214727788436e+02
-1.144857471624305276e+02
-3.658642870546405561e+02
-2.766963313876016173e+02
-9.860769849859119063e+01
-1.781793309326506574e+02
-1.477488974688529026e+02
-8.857343469924535384e+01
-1.454817505587540154e+02
-1.060780453983367977e+02
-1.041162650540377825e+02
-3.011942664234640574e+02
-9.932865034268124305e+01
-8.778567765766032949e+01
-2.977557867984211839e+02
-1.610833642867111735e+02
-2.141561490078090628e+02
-1.207814309978946170e+02
-7.847046047904872523e+01
-9.425740535467672032e+01
-1.131180444619775898e+02
-1.539684879514850309e+02
-9.986606465107257691e+01
-1.273523737682233161e+02
-1.095812261347042806e+02
-2.590711765591225912e+02
-1.858393347334672399e+02
-1.945908023129849767e+02
-1.814871941056648268e+02
-1.044520829583715056e+02
-1.163695153026473861e+02
-2.886421721426646627e+02
-7.447481534257872227e+01
-2.528768673927209250e+02
-1.177332650925812771e+02
-1.709219228431372244e+02
-7.649575717630723659e+01
-1.855728015552485886e+02
-2.110725073580451010e+02
-7.723117716228216523e+01
-9.201052198503354873e+01
-1.084462615307980968e+02
-6.816743779706466455e+01
-7.653087214691282725e+01
-1.089592960624605809e+02
-1.912423424507252889e+02
-3.470437008857298906e+02
-1.297700270933829358e+02
-7.053049930453995842e+01
-1.225997038529932013e+02
-1.351516400072990223e+02
-1.748654825264521264e+02
-1.190668027907686906e+02
-3.221531344072036518e+02
-6.701474186994585125e+01
-6.311926491154143548e+01
-2.129455142753290602e+02
-8.692984951326106113e+01
-1.197717160029843910e+02
-1.286929561213871978e+02
5.128328425343795516e+01
-3.226372347568799341e+02
-8.181194482242538868e+01
-2.213788030126001161e+01
-1.018267780955400781e+02
-2.561270731337892812e+02
-1.038042084567524910e+02
-5.499587063601649106e+01
-5.878199377260197167e+01
-1.079286245371455948e+02
-1.342555737486969463e+02
-9.329550657843614658e+01
-9.951237168556180279e+01
-1.365536415776107901e+02
-9.043785030444215067e+01
-2.559566657908237062e+02
-9.406494718079915174e+01
-6.701090502133934024e+01
-1.493975824693386016e+02
-2.006194110304118681e+02
-1.473141230134463626e+02
-1.050797797814243637e+02
-1.089899039978238449e+02
-8.580510036750033009e+01
-1.396061717608276354e+02
-1.180383178402837530e+02
-7.536944275607345389e+01
-7.753413965312006439e+01
-1.589313002490439146e+02
-1.221829660247388034e+02
-7.255965072659687110e+01
-9.705573899536666715e+01
-5.749550045033309686e+01
-1.080930177651159596e+02
-8.174446128222072616e+01
-7.617487076812327018e+01
-8.306319164954943801e+01
-1.077806061377371947e+02
-3.768834268311889701e+01
-8.609817822869523241e+01
-1.130705720356304198e+02
-1.230706428629314928e+02
-1.331269462426152188e+02
-9.484213488994683416e+01
-8.627631651690913372e+01
-1.063416725850254352e+02
-7.436581827552414836e+01
-1.187892388394091512e+02
-4.316065689878237777e+01
-9.917274270800506031e+01
-9.648295673116162163e+01
-1.145352028911276250e+02
-1.086093206405972893e+02
-6.274398106263826236e+01
-7.488875399146033374e+01
-6.565712421871174342e+01
-9.797764236642554181e+01
-7.573651493931808432e+01
-9.401148826238885192e+01
-9.547812298393725428e+01
-5.693055936216359214e+01
-1.239031112950223275e+02
-5.000577673106805321e+01
-1.336943348356580827e+02
-2.881799557138276668e+02
-8.930033841293352737e+01
-6.542373585610314990e+01
-1.141325558371578239e+02
-1.512238147758211824e+02
-1.027426436608057116e+02
-8.917394103958632456e+01
-1.008388989520026655e+02
-8.847343608500548839e+01
-1.220744420664573511e+02
-1.182290155448178552e+02
-7.052198265156529544e+01
-5.068751752352778794e+01
-1.060377496684283471e+02
-1.272436813308594168e+02
-1.063841659794120034e+02
-1.147143199276383143e+02
-9.137768006283897648e+01
-1.761356529585189605e+02
-7.441537211220442316e+01
-3.543662426086645212e+01
-7.072460790190746138e+01
-6.772331362923202391e+01
-7.809859750496491415e+01
-5.719048380384837316e+01
-1.048169338312431762e+02
-1.365497826475640295e+02
-7.295255361708672126e+01
-1.162430331329792210e+02
-4.987487894799365051e+01
-1.263920506075466648e+02
-9.336329664998133637e+01
-8.260025325201922897e+01
-2.839829662292109447e+01
-1.210599506959890732e+02
-8.028013410940593531e+01
-1.123603018482778992e+02
-4.299119927921232431e+01
-7.078656707916442770e+01
-1.181863615969859609e+02
-9.486295468347390170e+01
-8.386742684597842867e+01
-1.181431563439967078e+02
-1.442887969712048459e+02
-6.163402601280626669e+01
-5.776208672200344552e+01
-8.695631426992426327e+01
-9.156795415537921201e+01
-3.803564652461180629e+01
-8.400903383580585171e+01
-1.003051843441765101e+02
-1.029922812755823429e+02
-1.048260178864732381e+02
-9.880157784451763803e+01
-4.064392715623142749e+01
-7.928574750260628434e+01
-7.293893966851885580e+01
-9.617020985283218693e+01
-8.423730556348810694e+01
-7.796393574351151301e+01
-6.796961256731387380e+01
-1.926303231949890460e+01
-5.324912713876840087e+01
-7.095885259140418100e+01
-8.816440107244909541e+01
-1.590658222444572516e+02
-4.587819407137450867e+01
-4.552623098482737873e+01
-5.873910291146523832e+01
-1.194177084832435867e+02
-2.374171534794394915e+02
-1.537550477771931128e+02
-1.469242290334173049e+02
-1.208704630647481224e+02
-9.211581233706758098e+01
-6.240707943344125397e+01
-9.738313225899845804e+01
-3.020818575696338826e+00
-6.700392705461339915e+00
-9.373582019105418794e+01
-8.608309621651255839e+01
-9.336951762964493184e+01
-9.914552484585247782e+01
-1.052870143108218741e+02
-8.044329837233972569e+01
-8.875535688358942821e+01
-7.978858854665884337e+01
-5.098699293903189300e+01
-8.841105720817827773e+01
-1.060542506690055546e+02
-7.945522768906347721e+01
-3.288623870155312545e+01
-1.407681496355989168e+02
-7.131542809539479322e+01
-7.138489057685802663e+01
-8.528729172273074255e+01
-1.081279297110394708e+02
-1.046180543195685573e+02
-1.081354703663919707e+02
-7.552370555123034990e+01
-9.450113125734304731e+01
-1.031847908654238068e+02
-6.719861558952622715e+01
-8.158147652869951116e+01
-2.774706142264726338e+01
-9.171966945178807862e+01
-1.212331645602455410e+02
-7.020032760544444272e+01
-1.062709517548566964e+02
-8.432332003383966423e+01
-1.426493309806953675e+02
-1.295264999326748239e+02
-1.238102410385114354e+02
-9.692124048396878777e+01
-8.158528995447679222e+01
-5.353030360391683473e+01
-3.137538822708492603e+01
-1.078722941729245406e+02
-1.172527701425769067e+02
-4.618246125627217680e+01
-1.348987909550583311e+02
-1.229774065012918811e+02
-5.413299649558539528e+01
-1.008862868373213217e+02
-1.230168708744512429e+02
-5.477239235769872039e+01
-1.077840811184838543e+02
-1.050184716228629043e+02
-1.130625509620530238e+02
-7.933208942177357414e+01
-6.570257592815684689e+01
-7.566669755540071662e+01
-5.349075495952029513e+01
-1.137374483617089425e+02
-1.396047237756301627e+02
-6.865032773247078524e+01
-6.581350441842263876e+01
-1.095249886322242219e+02
-7.368825996747361273e+01
-1.108815244757178391e+02
-7.688155130957839845e+01
-9.655094358257009901e+01
-7.705391541766834962e+01
-4.780596732082323541e+01
-1.139884926618825745e+02
-8.106558518394570001e+01
-2.046068572466911064e+02
-8.691425751696877455e+01
-7.541428392929236679e+01
-2.087632043239499069e+01
-1.331467972956239691e+02
-5.218857708242440196e+01
-1.441366148192607000e+02
-7.350674139632988613e+01
-8.848756017484154768e+01
-1.009373420211022960e+02
-1.181387594063310758e+02
-9.978853936581313633e+01
-7.946950882767406199e+01
-8.814171093455576056e+01
-5.338851968470996212e+01
-1.807594334147162840e+01
-1.108661948954006107e+02
-5.529072479529897066e+01
-7.601189554670737891e+01
-4.708282343296464489e+01
3.023127727056612457e+01
-7.530424022847813603e+01
1.499231493775648971e+01
-4.503711684588319741e+01
-3.196237558161082859e+01
-7.678201158001819238e+01
-5.981087503876294420e+01
-3.392221232589756141e+01
-6.274468866317866400e+01
-8.645052118534522378e+00
-1.098441084818727234e+02
-5.688200906441620930e+01
-1.899229342798193443e+02
-4.689681267391330266e+01
-7.972057683900590064e+01
-8.926427334022494620e+01
-8.068467775569527589e+01
-1.339449856599962914e+02
-1.032687565492469304e+02
-3.924349885490364898e+01
-7.351674231840853224e+01
-5.021009164914347878e+01
-5.224710170391911390e+01
-8.963159345943411438e+01
-4.752195177291918071e+01
-8.925017874666127682e+01
-5.067138755617170887e+01
-7.011815631183124253e+01
-8.864228631415092252e+01
-8.934061088626314984e+01
-2.252050277021980378e+02
-4.114705623311250804e+01
-1.094458696659923191e+02
-7.221574571118516417e+01
-9.953544314203847421e+01
-1.358098658279327822e+02
-6.574212372821943973e+01
-4.789753813719012498e+01
-9.256970642829479345e+01
-9.505437051362700629e+01
-8.138325322915117965e+01
-2.042887575336837358e+01
-6.191878165620450858e+01
-6.457987790421751129e+01
-1.013939890425982924e+02
-3.266283102306913122e+01
-2.594733341977394048e+01
-5.148550092835570524e+01
-6.332632331187802777e+01
-3.180284532043398826e+01
-6.048392257428275798e+01
-2.972850050407132017e+00
-6.453335347797585086e+01
-7.871471448614484245e+01
1.115249059089507000e+00
-6.477034297783609418e+01
-2.171697449394264936e+02
-1.825783465984264637e+02
-8.228865383993932880e+01
-1.212378442532390608e+02
-8.596274225280785686e+01
-3.182743092182376188e+01
-6.392013269570469447e+01
-7.839601718426580135e+01
-1.806636793795567542e+02
-4.680816978903255432e+01
-5.766092357013641845e+01
-6.752548111566746059e+01
-1.966957165522887863e+02
-6.706200835289443773e+01
-1.261144543942687193e+02
-5.295911344078960781e+01
-1.036890400274127444e+02
-4.785348881225837658e+01
-4.392928431853604820e+01
-1.199122948673261959e+02
-2.748308660741332687e+02
-5.547308769899517955e+01
-5.897246707036160274e+01
-7.632966062869127200e+01
-8.522440396712435984e+01
-8.131187284831332818e+01
-7.641466453303208084e+01
-7.304171898409887831e+01
-7.375688919289163437e+01
-7.219317392960468283e+01
-8.652180869709371791e+01
-4.326271566473445773e+01
-6.781385558473417063e+01
-1.067418500383741673e+02
-1.727087858144284382e+01
-8.985568478713626916e+01
4.689139270360655587e+01
-7.824007940287009433e+01
-1.179074677312652710e+02
-6.712342206244315435e+01
-4.324054453333363313e+01
-2.413082475110661562e+01
-3.033725421653059584e+00
-1.125318493801710815e+02
-3.420189758928984247e+02
-7.462057458704053658e+01
-8.874481279737486261e+01
-1.873704514489327266e+01
-5.115608432384175330e+01
-6.391825783815698969e+01
-5.186843915880791656e+01
-6.111590508262438703e+01
-1.198078048763769914e+02
-7.682422997852171420e+01
-1.560984144195408589e+02
-1.137301537852680440e+02
-7.249014747720991636e+00
-1.788447729036274438e+02
-6.338831371838714546e+01
-3.219360668059027830e+02
-7.687978178022854081e+01
-1.014559638051568555e+02
-8.236744744930510365e+01
-5.202548453027036146e+01
-3.781586874630398398e+01
-9.681838731076284432e+01
-2.111184445131547704e+01
-6.194200573416798505e+01
-5.659427045505097453e+01
-7.563579901618157919e+01
-9.300303265569796451e+01
-5.953349243630684384e+01
-4.859828628447922938e+01
-5.555885101759869826e+01
1.857215020600659727e+01
-2.707142675874783890e+02
-1.217701454988077643e+02
-4.490965044561603747e+01
-8.563563782539048930e+00
-1.562491431908220818e+01
-4.224734168588698680e+01
-1.393934620142628944e+01
-2.821403050951020930e+01
2.912712885262197915e+01
-4.371717012672184666e+01
-1.412775251857269154e+00
-2.076299539851264342e+01
-4.148124043824950036e+01
-7.192930944133836135e+01
-4.746748187095729321e+01
-4.293826382017205390e+01
-1.766256884522796611e+02
-7.136983765672624713e+01
-1.549354608345593078e+02
7.261086407955431810e+00
-2.621165350791997639e+01
-4.395044233304139425e+01
-1.120497517899899123e+02
-6.849742934772919511e+01
-2.170507839999791599e+01
-3.469481068171397453e+01
-2.852368386201962380e+01
-3.240084219799173582e+01
-6.280897596724939547e+01
-4.318102408303245454e+01
-1.235171943715323124e+02
-1.586917748205005410e+02
-5.918468082419941823e+01
-2.735612019285613883e+01
-1.350516969792702753e+02
-4.695243305758528152e+01
-2.706473290178109892e+01
-8.797376132901811729e+01
-1.638238801842760495e+00
-3.979730498274222583e+01
-6.455818912887021099e+01
-4.225296247146501116e+01
-1.016734780850114959e+02
-4.572777708181894241e+01
-8.129585870794079483e+01
-6.463842273187731280e+01
-6.108667309437617376e+01
-1.789788928498924747e+01
-7.094957980672727160e+01
-4.415377101486554778e+01
-8.258466995071407268e+01
-7.193877007459377637e+00
-1.742385615810370325e+02
-7.370161613432981085e+01
-1.316315276191087946e+01
-6.405127697432359923e+01
-7.396743928008103808e+01
-6.732462695493126148e+00
-8.471166038184509262e+01
-1.837204755434465540e+02
-3.492866673109037379e+01
-2.957447354054428601e+01
-7.364593296242587428e+01
-2.730448966371756114e+01
-1.710809266389330503e+02
-7.624937816878400554e+01
-1.011463295743667885e+02
-1.448604417618483353e+00
-4.017251641056779476e+01
-9.536016570309583074e+01
-1.512423412320707712e+02
-6.729968326817569846e+01
-1.467246325803718605e+02
1.508183653816068670e+01
2.820606943720284221e+01
-1.148035874445765501e+02
-1.202160630076354551e+02
-1.060794057711806744e+02
-3.116717927516118891e+01
-4.691392875347030866e+01
9.124743335132080801e+00
-1.974521064983634062e+02
-2.166345156828288054e+01
-1.400015656859878277e+01
-2.151549715346895653e+01
-7.599736053119161738e+01
-4.640225633921072301e+01
-5.259269565136966662e+01
-9.665658869582351542e+01
-9.250613021365069244e+01
-1.655811593877275811e+01
-1.609864527285108693e+01
-1.032391363202782486e+02
-1.421526906887172288e+02
-3.499827652311182646e+01
-1.771534339833068827e+01
-2.029326471775461016e+01
-1.097310932360761058e+02
-9.678362309472137781e+01
-1.653446853967059553e+02
-5.371173991242409329e+01
-3.926967326419514848e+00
-6.755651019398160884e+01
-5.911695801987681875e+01
-8.147947435389571069e+01
-4.919208112164895397e+00
-1.982953765053864004e+01
-1.590901543098815694e+02
-1.019087539346361382e+02
8.028173507884162063e+00
-8.398688556503729785e+01
-1.812545960224375108e+01
-3.395906540794312036e+02
-8.917315365189752185e+01
1.316775340908522196e+01
-4.545936308818760807e+01
-1.187790362661055497e+02
-5.216039278702905335e+01
-8.325617986802637915e+01
-5.497566426833896713e+01
-2.593036472935241932e+01
-8.516901580620486811e+01
-3.982702867816951198e+01
-6.919592364861928502e+01
-1.926048427670097851e+01
-1.175828528407319595e+01
-2.757937109394532627e-01
-1.040246944599814896e+02
-1.891294412346849185e+02
-3.962414839584319282e+01
-4.806065320494828086e+01
-4.337787257298947452e+01
8.998791161807162098e+00
-6.953580668236924112e+01
-2.517216490188693001e+01
-4.547294789206560495e+01
-4.492191593755828904e+01
-5.908187125571546261e+01
-2.080501193786241743e+01
-2.461813362380451053e+01
-3.841084729928456909e+01
-5.842763102084642668e+01
1.339729233646863804e+00
2.500080249627984585e+00
-5.086796885249323452e+01
-1.228942486284596214e+01
-8.106846997968874291e+01
-2.446701270214630597e+01
-7.154516643064448544e+01
-2.553882301136201249e+01
-5.604921061095569002e+01
-5.356340871959510963e+01
-2.381240608361687805e+01
-8.945494983688922730e+01
-1.311475164579437092e+01
-3.631637312837739273e+01
-2.195278668466812633e+01
-1.449323799235786794e+02
-1.311937460631031627e+01
-3.486022909670656134e+01
2.242248631981937024e+00
3.573949828830006936e+01
-5.218462912670547382e+01
-5.476629511672456374e+01
-2.849623036877474647e+00
-7.040177823016682623e+01
-4.715817677094791804e+01
-6.713579353232371716e+01
-1.217860215557789729e+02
-4.465889495578608148e+01
-3.328100138450156464e+01
-4.213612645570403004e+01
-1.011427207557107977e+02
-2.532807378669740217e+01
-7.058716299742442857e+00
-5.406646039523901948e+01
-1.020676269705227526e+02
-7.369075659065060790e-02
3.445772328761120207e+01
-6.858789702444229874e+01
-3.745162794533403883e+01
-8.843366677304017287e+01
-4.066537510378672238e+01
-3.432772083847765998e+00
-8.073660478589260947e+01
-5.126781554872984970e+01
3.134100664745511722e+01
-9.410168456943306126e+01
-4.672161659495088770e+01
-6.728700644355690486e+01
-8.620659911682315624e+01
-1.268871887326866954e+01
-3.968579236050933901e+01
-1.459522920589692205e+02
-4.317809334513873409e+01
3.726902819688066870e+01
-5.109988678394648076e+01
4.504036502764876104e+00
-7.824840302948673809e+01
-2.454223373422863119e+01
-2.390326504202059255e+01
-8.969461552988575193e+01
-4.697457393806712389e+01
-2.061967728423681478e+00
-1.775011295935523776e+02
-1.708131894424686266e+02
-8.913688506563606495e+01
-1.990282657462714155e+00
-7.646214455673089105e+01
1.786027015794760331e+01
-2.984338553757849866e+01
-3.460120229932936127e+02
-3.114524704011129757e+02
-1.132632632011428484e+02
-1.097348186786172306e+02
-2.460743188983319101e+02
-7.123641076952365836e+01
-8.762347571093886245e+01
-2.038241715853394567e+02
-1.703056244555876617e+02
-6.527255143588008934e+01
5.394199392949801108e+00
-1.192456153892514834e+02
-5.427892990530325790e+01
-6.348532684221619604e+01
1.877938657343193540e+01
1.181930342822595037e+01
8.087429411039451566e+00
-6.916688985956153601e+01
-3.331090061028555738e+01
-3.183975735979014132e+01
-2.560920723385785891e+01
-4.455145188854775995e+01
2.167935205338450544e+01
-8.239311020977635280e+01
1.072518649630405330e+00
-1.053776057504313570e+02
-1.643724853317673649e+02
-8.857992499631073713e+01
-5.749194969451571069e+01
-3.234408906464837230e+01
-1.573588541324664902e+01
-3.424891938284372372e+01
1.557867604349952728e+01
-5.336085822742253981e+01
-2.449664302114676673e+01
2.003063641959613506e+00
-2.214158731161460025e+01
2.200761580708795861e+01
-2.080539752285029920e+01
-1.695942556418472691e+01
-3.512011846809610915e+01
-6.680972417379308581e+00
-6.700323245468774758e+01
-1.456574990617437493e+01
-2.781693337729272741e+01
-3.322566957710468216e+01
-3.862871827802548808e+01
-3.780378053978300557e+01
-8.131222596460095531e+01
3.212483375327650492e+01
1.437780932005847490e+01
9.498162833061569188e+01
-4.814539801894857618e+01
4.443341520983787518e+01
-6.906411898276587635e-01
-4.770148016401378754e+00
-2.700732899297626943e+01
-1.059555953317374986e+02
-2.644462184095861801e+01
-1.564321509947971549e+02
-7.070426782976447555e+01
4.640830437776827466e+00
-6.373251487643965874e+01
-2.647156575015547730e+01
1.226497822203311614e+02
-7.950734575171262009e+01
1.631165414512686596e+01
-6.455365699170928906e+01
-5.448321367147221395e+01
7.440763126007382766e+00
-4.670265588706530480e+01
4.375809092421505397e+00
-4.773669797169355888e+01
-4.482710132827737937e+01
2.008657569025729117e+00
2.068806951046042286e+00
-1.929911673199183042e+01
2.167869813159929038e+01
-2.804577083428159767e+02
5.464630517021305423e+00
-3.528404898735479946e+02
-2.866208650095788926e+02
5.209176675006162327e+00
-8.751052339261207180e+00
-1.573454059665429838e+02
2.599962605131612747e+01
-3.263290328458724332e+01
-5.622051169174142160e+01
1.549484298826027207e+01
-2.132559609965598213e+01
-1.639655029979519156e+02
-9.676525752821518722e+01
-2.209199484756933884e+01
2.537429939417361879e+01
5.230475359824865222e+00
-6.295945934995619098e+01
-2.128098039139834441e+01
-5.610094474142030663e+00
2.836683280774252580e-01
-2.862368099309922798e+01
-5.218493441532437771e+01
-1.970985019362603907e+01
1.663889869517998932e+01
-3.125219207500271068e+01
4.328955498266276436e+01
-6.555682908402407350e+01
-6.354499435565256960e+01
-6.613494366511119438e+01
2.582725724253265298e-01
-1.598229552970333600e+01
-5.476302477353722509e+01
-2.260077280023021729e+01
5.767451238807928604e+01
-1.765530811190005238e+02
-1.892096889567000062e+00
-2.109877108650323407e+01
-1.110810751565446708e+01
4.347308778399698781e+01
3.839462590987406543e+01
-1.097030646962551259e+00
-6.987273728201870426e-01
8.975694560923585641e+00
3.075171481571337040e+01
9.143866787555728592e+01
-2.288679282771417434e+01
2.832145023620250868e+01
8.875931921896366816e+00
7.787164084131617869e+00
-7.448580385516464730e+00
1.243046953634063811e-01
-9.936979801791213163e+01
-3.842398191035562149e+01
2.266226000886987890e+00
-7.613932668769031409e+01
-2.753256379602365200e+01
-2.793595803167906411e+01
3.306584571370365211e+00
-4.192787514163158136e+01
1.908810222316913041e+01
7.312122914882564828e+00
1.815251470953087676e+01
-3.001724654170151041e+01
-8.425846466313259953e+00
-8.620663839353832714e+01
-9.857586570579286445e+00
-2.267397610125028962e+01
2.123821726570740509e+01
8.794394927195966716e+00
-4.489225732541569869e+00
-4.285011579010756577e+01
-7.458024078241014365e+01
-7.648424376860870666e+01
-6.900739757501735028e+01
-1.654796196086093119e+01
-6.237191112013127281e+01
-3.399264656134850782e+01
-2.575452233250632617e+01
-1.126848695489624674e+01
-5.496804024635139285e+01
-2.526149366213051906e+01
-2.764940502997254157e+01
-1.302594944554277561e+02
-3.806499408435276166e+01
1.288653260510993732e+02
-1.509861996044105581e+02
1.166003637429193418e+01
-1.721876063335451192e+02
-6.968184891586709284e+01
2.266133586319250526e+01
-1.551277104121303978e+02
7.543544317700963120e+00
-8.430841961763130143e+01
-5.402473413202562824e+02
-3.036779941821505702e+01
-7.355784889354710288e+01
-5.689112635339957080e+01
3.052737393124994014e+01
2.238166940661255921e+01
-2.345466243254119831e+01
-1.292759248245241395e+02
-9.934453600773551329e+00
-2.894080781143087222e+01
-3.020593147777680088e+01
-2.408418779120808040e+00
-3.338663014867961465e+02
1.109868545194541980e+02
5.128611073763948980e-01
4.092345312577702998e+01
-1.556624616191099619e+01
-1.021483955200422002e+02
-4.698944473847912207e+01
-8.056853881670944872e+01
-1.343703750992213486e+01
-5.346709593623189960e+01
-5.721509566382125911e+01
6.380168300815597604e+00
-9.067125900005561334e+01
-5.951195692239204504e+01
-3.463521819008434477e+00
3.421603600275983581e+01
-2.441001021215468825e+02
-1.036065572766309515e+02
1.508517749134313135e+00
-4.020981416721951973e+01
-2.171447644274411459e+01
-3.782580764198286261e+01
-4.129910374273448070e+01
4.547225767466733259e+01
-3.017853144686874600e+01
-4.399787273586736092e+02
-5.797550147387241282e+00
-3.786760924081906410e+01
5.057563186880636863e+01
-8.234871295396527557e+01
-2.473831911730189859e+01
-6.565236573232300543e+01
-1.111689657637086555e+02
2.051242757286502183e+00
1.369279155100315393e+01
-7.174919276913968247e+00
-5.753230301033937621e+00
2.056089126971086500e+01
-2.455090932479140804e+02
-6.604810680234297138e+01
-8.130713091544069471e+01
6.355224936254277424e+01
-3.356231198021323507e+02
-2.197170144064823205e+01
-4.917600054536050891e+01
-3.630248726786022928e+01
-6.164517042136307623e+01
-2.944501310394680615e+01
-1.302273676450118103e+02
-7.285400453155847345e+01
-4.787572781651221021e+01
1.001068740592330641e+00
-3.540496930956626898e+01
-6.331994274908569054e+01
-1.724129436337661900e+02
5.358040792830934151e+00
-1.217068380556217448e+02
-1.887011273809724230e+02
-1.712440371015993605e+02
-2.343366190780738521e+02
-1.471183087125552902e+02
-1.279711625461200519e+01
-9.413481566804262002e+01
5.657668179622951499e+01
-6.188867633008706548e+01
9.066789995097546750e+01
-7.327364843824818763e+01
-3.228763221261530703e+00
-9.359941089919772139e-01
-1.487630254931278273e+01
6.653137322919975816e+01
7.045578345538997667e+01
-7.660724623605464956e+01
-5.771129662766220463e+02
-2.139338303108137040e+01
7.434317633888612420e+01
2.739354309872061322e+01
-2.127145322007039283e+02
-1.899709012936051522e+02
-6.830018570333065497e+01
1.308708291670099300e+01
8.567247314178986528e+01
1.498824244050638299e+00
6.915819596631754962e+01
-1.831135601872975371e+02
1.568136563023865904e+01
1.952372342783283443e+01
1.179274050062640100e+02
-3.269123333656260399e+01
-1.387588396844911927e+02
4.932303878820627574e+01
-9.348581684128879488e+01
-1.083943239289868643e+01
-4.730278250391457817e+01
-4.907828954759415296e+01
-2.118415459423696348e+02
-4.272234737593622356e+01
-2.914683329978274173e+01
-5.327336226453872570e+01
-1.296668639406436796e+01
8.232749119744298127e+00
9.853259544942915227e+00
-6.134573233676965174e+02
6.238915403295584383e+01
2.963726123937777857e+01
-2.728795550570017099e+02
-1.923315681950790008e+02
-1.630163994777656740e+02
8.678139214384287925e+00
-1.224017419004137253e+01
-8.168974720992629557e+01
-1.886032913579214210e-01
-3.955912634175568598e+01
-1.785937280033376453e+02
-2.758282916952842925e+02
-3.417970325060853156e+02
-5.588539785267298043e+01
3.300914010190865611e+00
4.615998072465833957e+01
-1.762495713872044121e+02
-2.278009682767100799e+02
1.809435614050322272e+01
-5.135634270277159885e+01
-9.752636804120699310e+01
3.015935007001073132e+01
4.163230864505425188e+01
1.204312151790829688e+02
-2.043763241339544834e+01
-1.847767031121996695e+01
-4.218830606757730806e+01
-8.252634413620482690e+01
-6.782283507474538453e+01
2.125888316711778714e+01
-4.389515723040395301e+01
-1.252894866674780587e+02
1.458399942374839497e+01
-2.242422432880065912e+02
-6.289315597660673518e+01
-8.548045806554824821e+00
5.811220555085002104e+01
2.323424409192115547e+01
2.017940001728490529e+00
3.086939857562640555e+01
2.354864142149494910e+00
2.713264417057786204e+00
-3.708382734818804494e+01
4.730220797104560404e+01
-2.313438201232955294e+00
-6.450501139501098180e+01
-6.647821887816922981e+01
-9.323747198928143121e+01
-7.625274283052989688e+01
-6.198996058131264419e+01
-1.167763774430557930e+02
-4.766515597871062937e+01
-4.682185109622420072e+01
2.454677663446561553e+01
-4.334361113297135830e+02
6.950042081136756167e+01
-3.478856764637404808e+01
9.998051794683833293e+01
-3.347465902350338069e+02
-2.400303767895696296e+02
-1.031688951785080945e+02
-9.236659863116786084e+01
-7.360888688923620293e+01
-5.649422542737243447e+01
4.067402518042692350e+01
-2.717118009468998139e+02
-4.988076506291520928e+01
-2.154099163567188668e+02
-2.388683145365058635e+01
1.094227441236691902e+02
-2.438809554357668787e+02
-1.140445913054784342e+02
-1.981529031947798103e+02
-2.262332313900469671e+01
-5.630069462032759731e+01
-5.825999780166051778e+01
2.051780498402590069e+01
2.370682360211397111e+01
-4.207142933454798595e+01
-2.536329927090659169e+02
-5.037912422067363138e+01
-3.024937063470021315e+01
-2.070137099878853348e+01
4.511843666870458947e+01
-1.714025526659529532e+02
-1.426374234894565802e+02
-2.102407309487645080e+02
-9.924174809819223242e+01
1.195234814415434244e+01
-2.050470965852920813e+02
-5.032188265989587705e+01
-4.105944191380391572e+01
-7.307937504912071347e+01
2.585671893019454259e+01
3.833214249749863001e+01
9.659492486896854757e+01
-2.682552926394424162e+02
-6.985065047057115351e+01
7.380309817442490328e+01
-1.394718889947455693e+02
-3.661545396649846396e+01
-1.333166331843320904e+02
9.906648749157463385e+01
-1.596386098321729037e+02
-1.324992685228976086e+02
-1.607545016062651655e+01
1.622795981301533175e+01
1.476535189552262750e+01
-2.853888322455742355e+02
-3.065976067483391034e+02
-2.142319229878980877e+02
3.043283078933512797e+01
-9.653857146936259426e+01
3.126182094925744082e+01
-4.404028250223413465e+01
9.081843001376138602e+01
-4.355556620073312502e+01
1.757124802128892327e+01
-1.180639372789903376e+02
2.862174999475490722e+01
-3.205845354987145868e+01
-4.929792208272834841e+01
5.852318195360444975e+01
9.707166465597073568e+01
-5.208391606561811216e+01
-4.891721650249475317e+01
-1.315374017587496098e+02
1.727386023749292576e+01
1.666787467805086465e+01
-1.081139534968973237e+01
-4.646668383679254077e+01
5.569871000864519317e+01
-6.028441694865709621e+01
1.203585811672088397e+02
-1.438444658259347193e+02
-5.067478531682925791e+01
-7.012763691285039158e+01
-4.444835857860256567e+01
-3.788572789422616438e+01
-4.771906098916349492e+01
2.290725531421482231e+01
-3.877578875695624561e+01
-2.210420059020867711e+01
9.750086722305667308e+01
-1.182734331157805201e+02
-6.080468844510285464e+01
1.216550118513072078e+02
-1.004860042743923998e+01
-7.992338485129010905e+00
9.496730632133996153e+01
1.230290532759387361e+02
-2.135547968440468480e+02
-3.152679315727236826e+02
-2.010852309447727748e+00
1.622676957967696865e+01
-2.894290243062184231e+01
-4.094011048691447741e+01
-4.503034557446943609e+01
8.121756746236030722e-02
-2.083822436183602633e+01
1.239703877337687743e+01
1.854487129678747692e+01
9.489675911854747881e+01
1.546242378718955877e+02
4.115161381255310857e+01
-2.951353014947599718e+01
-1.506027214173010691e+02
2.172202044172967135e+02
8.617518428528875063e+01
-7.946635019340253336e+01
-2.545015929894112787e+02
-5.744646115296411892e+01
-1.912799037216171314e+02
-2.558121404059481563e+01
-8.212398741514678591e+01
3.660493902545844946e+01
2.498304234564044748e+02
-1.878629568214276446e+01
9.313690414522982053e+01
-1.673836118292891797e+02
1.197538941621563566e+02
-3.562549501549411275e+02
-9.495216179454180860e+01
-5.744147998401508914e+01
-7.106930922563503827e+01
1.119998799932114650e+02
2.431438490505324808e+02
1.490217533175513154e+01
5.193000933356819360e+01
1.798948831409297213e+02
-5.813995207428004619e+01
1.153827416858728157e+02
-9.252664104799151801e+01
4.082925763775861583e+00
-9.640064597882641806e+01
2.530988764388814616e+01
-7.605580918847161342e+01
1.045131969499620084e+02
7.019573105007951597e+01
1.109377598424571545e+02
-3.942361716292917606e+01
-6.945400841658749869e+01
-5.626923105671740188e+01
-8.893428094594743527e+01
-6.003928893964956615e+01
-6.501535065360504007e+01
1.520823330895534298e+01
2.833395241449437663e+00
-6.432794660184796953e+01
-1.163553231604184077e+02
5.049256165462441004e+01
-7.447066541132159045e+00
-7.021065196301161677e+02
-7.120918994485802500e+01
-6.220115989324889227e+01
4.942772376190038131e+01
-1.337583170284602829e+01
-6.675314151357994774e+01
-6.657713351503016952e+01
2.339063925730219751e+01
-1.660460349226002563e+02
-4.763577782644898662e+01
-1.767914024897374929e+02
2.403946812249756420e+02
-1.625443501751192912e+02
-3.456457707460234019e+01
-6.990307275658929598e+01
-5.614541926417837914e+01
7.691394703894280838e+01
2.482418954828550000e+02
1.407827257165352535e+02
-1.642461056031950477e+02
-7.771346970325481607e+01
-1.209531659068181000e+02
-1.253338593626333051e+02
2.263980740542717740e+01
-6.419025465411863252e+01
2.295053192220059657e+01
-2.027495520245184935e+01
-4.165912545557182511e+01
-3.136185151917734970e+01
-6.341281490514010954e+01
2.422734683733060024e+01
-6.561404992695638327e+01
-3.631594819534987550e+01
-2.495155706285861470e+02
9.273052233090386665e+01
-3.200191978931150061e+01
1.043736444772757324e+02
-6.925840021626501652e+01
-4.072016100067926203e+01
-3.614384222027794635e+01
-5.566279188802963063e+01
-7.564810669713480706e+01
-2.861963475206962926e+01
-6.078440543109425676e+01
-9.651932511559009242e+01
-6.758688352991862303e+01
9.126157661546884015e+00
-8.348938718888661015e+00
1.510799306459294087e+02
-1.378345053674366341e+02
1.386774070021601801e+00
-6.371875643938690814e+01
-1.677014205876286610e+02
-6.406766216097338429e+00
-2.803452225781484231e+01
-1.416227840398127569e+01
-1.003120327338400557e+02
-4.598398290311628500e+01
-4.505011480061709506e+01
-1.324576124676831057e+01
8.735044550685124420e+01
-1.505962981008338488e+02
-7.178861666334856295e+01
-1.117201431339523623e+02
-1.972102785499045297e+01
-2.543821934933970965e+02
3.121805263837399025e+01
1.454594251478003457e+02
-7.843594787285832126e+01
-6.154694887405500481e+01
2.214762181921641115e+01
-4.276440062926653241e+00
3.142895579387663929e+01
6.180916711652909612e+01
-6.397916639096722236e+01
-9.073002356601939766e+01
-3.427992585994637409e+01
3.126934614922691935e+01
-5.159109451372202670e+00
1.862779157498930260e+01
-1.893757859825283560e+02
-1.244147151958389941e+01
-1.046646387248146510e+02
-1.142473432008419678e+02
-4.677142870746585857e+01
-7.905004915749444194e+01
1.065461331461944496e+02
1.451540341492790276e+01
1.230494919699104628e+01
-4.051889431323391477e+01
-2.314932744291794222e+02
-6.188344597822176496e+01
-1.707941598183053884e+02
-2.714436118249010406e+02
-1.044860682753971304e+02
-1.344929776157995320e+02
-1.022311615220611758e+00
-2.679003774187981435e+02
1.010478684497927304e+01
2.783963557450843496e+01
-3.261853665848173733e+01
1.464590795568932151e+02
1.098444363913199027e+02
-8.450429398583729323e+01
2.169745887999410172e+01
4.531501989955515342e+00
4.318475610933885633e+01
1.306002902659614051e+00
-1.650659077055408375e+02
1.278457403909356742e+02
-1.856150478642138637e+02
1.691550945338782412e+02
-1.993577633730450316e+02
-1.332926242297608610e+02
-5.794812367827391597e+01
-5.222234360454807245e+01
-2.434825685679052754e+01
1.724080128827350222e+02
-6.791227074648944040e+01
-5.824115859797954897e+01
-5.771880429552281555e+01
-1.038176775366366087e+02
-4.151404655508936514e+01
-4.938207930408090363e+01
-6.416090838924755246e+01
1.166674070138015651e+02
3.612408499846344512e+01
9.802032535901135191e+01
-3.168736773513546723e+02
-5.618024240075260423e+01
-5.652815520438205112e+02
7.865048607273081416e+01
9.771789647535440793e+01
-8.768810641343125667e+01
-3.691502414434737034e+00
3.642664542481597323e+00
1.351005835957888053e+02
5.094063927453805007e+01
7.857687457209296156e+01
1.102952888590109239e+02
-2.111713870034602678e+02
-3.139956187309270774e+01
5.244702852007398519e+01
-2.510722228849076600e+02
-1.909682047862431773e+02
-9.751014720488477394e+01
9.995453751377564799e+01
-5.810102360491019624e+01
-3.067904406146199392e+01
-1.359300987114897907e+02
-2.667852224480716927e+01
-4.120984697904690108e+01
1.657176756745273849e+01
-4.573257016324613744e+01
2.076746066658152756e+01
-1.892134380516811802e+02
-8.207069329092703924e+00
-5.702838832621779375e+00
-2.109334047091101638e+01
1.262053092708596722e+02
-6.299619916937430730e+01
-7.447356962239126688e-01
-1.148643646032914631e+02
-1.084639308988008395e+02
-1.603299436604860944e+02
-1.632990618560790779e+02
1.421392562865649438e+02
-1.032592347002481858e+01
-3.257597945162486042e+01
-1.435521755317827797e+02
-3.217817094664498256e+01
-5.224985720100108466e+01
-6.570325246575593781e+01
2.794301994820224877e+01
-3.463345822372966154e+01
-2.376015217461954876e+01
-1.894412151849273585e+01
-6.016227279545678641e+01
2.534582355798885089e+01
-1.958340973678328396e+02
-1.596936826293787135e+02
-1.615044232682344898e+02
4.374745229827718163e+01
-1.167593781348802793e+02
-1.725015707924179154e+01
-1.566686442965692549e+01
-5.546101739425915866e+01
-1.212298092784045878e+02
-1.111844072608641056e+02
2.195255535144158898e+02
-1.148025615110897064e+02
9.094389580453920985e+00
7.798738847896962056e+01
-1.026053638266888584e+02
1.077768470321271934e+02
8.431141465038621163e+00
1.474592354167848214e+02
9.575538581766552682e+01
-1.022555913955728357e+02
3.115708642775572912e+01
1.446706636660969707e+02
-7.597403427467369852e+00
2.477987735604324655e+02
1.089406308124393661e+02
2.763993629387304907e+01
5.150867489990906023e+01
9.834077468837314484e+01
-2.691641039019359027e+01
-1.485679635812248023e+01
5.372445303465219979e+01
-8.664589402391138151e+01
-1.477892912232667868e+02
1.118742211525437824e+01
-6.600687544881637336e+01
-1.273890889567398688e+01
1.444229658496135471e+01
-5.342097880168714852e+01
-1.201591842032466673e+01
-1.673016873474127237e+02
-3.519604205777407913e+01
-5.107000722595611819e+01
-2.808490637664613132e+02
-1.770694431265300182e+02
-1.560023508471466869e+02
-5.412125213506993759e+01
-3.678690407683456556e+02
-3.758027684384949225e+02
-3.506885182040783207e+02
-9.351494250864540447e+01
-3.598366221151575814e+02
-2.125890236991835991e+01
-1.714884398533981198e+02
-1.252979000304522970e+02
-2.838632656528953930e+02
1.521194042505797483e+01
-1.136069142342748677e+02
-1.444788807278470699e+01
-1.712961918150973020e+02
-6.866320342936748489e+01
-9.710075133001069503e+00
-2.778266344160755352e+01
-5.696508778534409601e+01
-5.971299943882245032e+01
-2.574331793941766477e+02
-1.515128954294885943e+02
-9.460508605460082876e+00
-2.380885959815852004e+01
4.861372380639193125e+01
1.299486658625870348e+02
-5.645658458586812856e+01
-2.700390240115805227e+02
-1.494324754551817591e+02
-6.524327651064147915e+01
1.083605778078073172e+02
-1.034427417492063199e+02
-3.924610189345836631e+01
6.325193694720159954e+01
2.500120710723807633e+02
-9.366318439210378699e+01
2.640817747385031566e+02
4.246524751623579164e+01
1.534200620108109376e+02
-1.052735337465060184e+02
3.447684603740381704e+01
-2.379944219551394440e+02
1.235890624363441361e+02
-4.251481958597004507e+01
-5.068318149283271623e+01
-1.451954485689573460e+01
2.671564570245607229e+00
-4.495927214309678277e+01
2.096771538823375067e+02
-7.216519238611026310e+01
-6.571963189476690559e+00
-5.664725079016531595e+01
-6.553515984017502660e+01
-2.256332486199708853e+01
-2.841535144590970958e+02
-1.671909409909945055e+01
-7.506977658812424181e+01
-9.599655262410308865e+01
-1.039507570443327609e+02
-7.418245061758341308e+01
-3.405058498867134631e+01
-7.556887401729838416e+00
-6.453311667996419487e+01
-1.137042992206176137e+02
1.173725604267622487e+02
3.799178978079083890e+00
1.395608497664951244e+02
1.422753021550104791e+02
-2.809246893414075430e+01
-4.020464363348490622e+01
-1.038523536739640463e+02
-1.119031437753685623e+02
-4.306312052526315881e+01
-5.861123451775908677e+01
1.406866008261182515e+02
-2.663152309113186789e+02
-1.814548172930729777e+02
-2.022071289196833277e+02
-1.023185309107549585e+02
4.052969557101084774e+01
-3.171179135816108783e+02
-3.311425187958771232e+01
-1.091827325780315903e+02
-2.375573044883318801e+02
1.150761959113008288e+02
-1.456627643907043534e+02
-5.998390857544762866e+00
-3.229694326831614148e+01
-1.205979141482117711e+00
-6.780404938607044585e+01
-5.563842642348025436e+01
-7.714608505426892293e+01
2.312471441936229155e+02
-6.579400562530152285e+01
1.260574164558164085e+02
1.223405346080620149e+02
8.183480832468879385e+01
3.848505247968287790e+01
1.789933550375248785e+02
1.856907305900209622e+02
1.327878908171736327e+01
1.360362364316482058e+02
1.136357586508636501e+02
-3.324826547356349238e+02
-1.257115387862413201e+02
-5.146830689628540085e+02
-1.889987748658357418e+02
-3.882561042616420082e+02
-1.456967385949265008e+02
-3.436925898627569609e+02
-2.383823557077827786e+02
-2.853494592168176496e+02
-3.208865746393670406e+02
-3.249943153803211544e+02
-3.353527409624986717e+02
-2.588603617078877051e+02
-8.136186587907003798e+01
-4.055727101594240480e+02
-2.697662649596388746e+02
-2.420727311461540694e+02
-2.378394346068366758e+02
-2.155003677199839558e+02
-3.065535626777731864e+02
-8.114254682589178458e+01
-3.064384758285798398e+02
1.694797144886194928e+00
-8.200381337122684045e+01
-3.409847537022602637e+02
-7.227826422656482919e+01
1.333849799914661958e+02
-4.848593365896304164e+01
-9.706402997713705361e+01
6.128454345654461832e+01
1.486869885053504277e+02
2.234840298427351968e+01
-2.864973004221738506e+00
1.573545839516057470e+02
-8.967068797993002249e+01
-6.796140355755470353e+01
-8.407211460377837398e+01
4.128153137784657645e+01
-5.807824745678187384e+01
-3.018940034501779905e+02
-7.662198815121595885e+01
-1.298826347570541770e+02
1.596960507259942119e+02
-6.833470625186180314e+01
-2.985519812501420915e+02
-2.259078953646190939e+02
-1.912396027736347293e+01
1.390729153301765280e+02
-3.792545489924763302e+01
7.482612116643701938e+01
3.589008906286144907e+01
4.285922733036665022e+01
-1.213240084500432658e+01
-9.613526453869781108e+01
3.519465019081508217e+00
1.933818041182811953e+01
4.049659733110871684e+01
-1.373752225890768841e+00
4.792517718811966176e+01
2.297023402838939354e+00
2.475577928434505637e+01
2.362777806621481602e+01
-2.349858567471301285e+00
1.180384449518746948e+02
-3.158646072296293994e+01
-8.027713076252122448e+01
1.865180700783787415e+01
-2.673692501586698711e+01
1.303390209098832884e+02
3.537768193785541371e+01
3.448876955378645448e+01
-1.061672072397125532e+02
3.648560282377110298e+01
1.166643341997636298e+02
-8.098630634670413997e+00
-3.845096003272516327e+01
-2.893913070089998030e+01
-4.263263561431419646e+01
1.772330529157028423e+01
-4.413088058074779951e+01
-4.016481757576183043e+01
-2.075698644922270830e+01
-2.113588468183826308e+02
9.599753908318157869e+01
8.639873186562287799e+01
2.007746201714122947e+01
9.766375654078510138e+01
3.625056129757203394e+01
-6.007466010561985570e+01
-6.788918932877210466e+01
2.218204211911093182e+01
-5.609446798173365778e+00
8.294514287098574812e+01
3.866350958450672692e+01
1.787162383277433264e+00
1.301916128526730745e+02
1.111018612361688156e+02
2.545219588362415095e+02
2.491243699566114742e+02
1.816401252258555985e+02
2.117822449432517828e+01
1.568912396847875357e+01
-4.593949850035249938e+01
-6.319677429304677219e+01
-9.838794192335076616e+01
-1.561158783249289286e+02
-2.385286866196800872e+02
-6.286664827799181410e+01
-1.124524906349035689e+02
-1.359430540086692645e+02
7.603141146483096691e-01
-2.703405423800192864e+01
-4.456089063548297702e+01
-6.995083997952741584e+01
-1.482413350017757523e+02
9.238024490166627345e+01
-1.531870234931092796e+02
3.315989077316700673e+01
1.824939771984463777e+00
-5.861924497371120424e+01
5.285599299109676963e+00
5.593145942981989549e+01
5.488304460386326156e+01
-8.808821051380024869e+01
9.911443547928944042e+01
1.872534728751155626e+02
-3.149811956949400837e+02
-5.054176932017055890e+01
-2.541106208703631069e+02
-4.446737530995287102e+01
-7.058955287464846151e+01
9.977418966996907557e+00
-2.535963644563244301e+00
-3.828082849785000974e+01
2.135213788569027997e+02
-2.240516750534081893e+02
-7.353451381531215247e+00
-1.267371565171662411e+02
6.810615742694864139e+00
-1.868409128494838853e+02
7.153982592812404562e+01
1.130500471010020362e+02
1.032900211955962391e+02
-9.394590305088610194e+01
8.845161373633409596e+01
2.223859593998543005e+01
2.070431628249831135e+01
-1.683398814995739201e+01
8.294679872701237855e+01
-7.127733643663830776e+01
-3.119750232919409427e+01
-5.962861881091004079e+01
-1.237309464176509266e+01
-5.702721740512851056e+01
1.855584887328084562e+02
-3.265812415392326784e+01
-2.347912261134872836e+01
-4.235747984300773510e+02
1.204896041212510767e+02
-7.001842638487022441e+01
-1.669552516289289201e+01
-6.216102323119763895e+01
-5.836639686713951392e+01
-1.016924568742757629e+01
-2.609803503163402638e+01
-6.123070468466104188e+01
2.229261124455986192e+02
-4.474718718147203589e+01
-1.998554455930883478e+01
3.136570683757267375e+01
1.153163886735724475e+01
-6.769119801239877177e+01
-1.366786292949922199e+02
-8.744404071028918679e+01
-2.113532664450856942e+02
3.811103014315688142e+01
-2.730424906540481800e+01
1.245932592603575699e+02
-7.201203615636197242e+01
-1.501567916829266096e+02
3.130098071274158400e+00
5.770947706614200001e+01
2.290308200670792758e+02
2.110521027768400018e+02
-6.685252443724618843e+01
-1.859749803824791741e+02
-1.240242018986938604e+02
-1.721810680499971227e+02
1.819475605415834423e+02
1.617026876583344119e+02
1.377895806360994868e+02
-9.735390634848215541e+01
9.412075692475993094e+01
1.778670544278755870e+02
-1.573791340201185562e+02
-4.194484461532418607e+01
-9.324040992882837031e+01
8.131552300063665939e+01
1.194808380161548200e+01
1.012823983894425197e+02
9.023615382772794646e+01
-1.748706325589626545e+02
-7.514195715732599012e+01
-2.361590824283210566e+01
1.186674570708856749e+02
-1.694255830164389920e+01
2.501460878847511538e+02
-1.382495083649951084e+01
1.299162919115390480e+02
2.225224433249889842e+02
-5.031343770863807663e+01
2.271116328044607542e+02
2.218488411193015963e+02
2.305849114449562478e+02
4.075750964209470339e+01
1.829320660923261812e+02
1.513941173560690743e+02
1.191807201690061504e+02
9.525584672234921868e+01
6.551094255870241057e+01
2.214722854365680007e+02
3.230345089611122944e+01
-8.367740975443130935e+01
-5.309234101717407839e+01
-1.938660770497692170e+02
-2.521045898344400200e+02
-2.306793350876268676e+02
-2.388486753254570090e+02
-1.828964230773570705e+02
-3.660516505155402456e+02
-2.410981816752013742e+02
-2.089062292511845840e+02
-9.509132467317252235e+01
-7.141662854751655232e+01
-6.060286627813908922e+00
-2.099007875575993864e+01
-7.906099789298279745e+01
-8.085410147566261685e+01
-5.625333621051376554e+01
3.798738630687262230e+01
6.148245118027946177e+01
-3.469260789976624437e+02
-2.189882750822931712e+01
-5.834637232692028164e+01
-1.109210198602372657e+02
-7.751074787104468555e+01
-7.948903181344434188e+00
-3.385841691856546731e+01
-1.509488257779039770e+02
-3.929295435339268749e+01
-1.993774011621128466e+02
-3.176915206251035784e+01
7.330031858586053772e+00
-2.599847999424265765e+01
-2.309154476779381184e+02
-4.921876268982545355e+01
-7.685687481856729164e+01
-4.134809123255449492e+01
-1.742674457719808458e+02
-9.964040553619884122e+01
3.665687034166100489e+01
-2.221529777355613078e+00
2.408548975624116792e+02
-5.554365147670282887e+00
-3.775427193110029407e+02
-3.624516897352042122e+01
-1.241716452270676285e+02
-2.605115567898132554e+02
-5.567323539569427737e+01
-9.264637602890002199e+01
-9.829623758174258796e+01
-1.474660394147500710e+02
-2.867597645243206443e+02
-1.812782294909548000e+02
-1.296933694393024439e+02
-1.716359623562531169e+02
-1.843849388043161639e+02
-2.775028293919900761e+02
2.136828454607295669e+01
-1.832058470448528453e+01
-9.078806816710752514e+01
1.633685877265189390e+01
-2.009179406514590767e+02
-1.706382548525336347e+02
-1.935614026135237964e+02
-3.078181950964375915e+02
-2.590015776789230131e+02
-1.160804771482319495e+02
-2.761248861097255940e+02
-2.079977231558095241e+02
-2.711535119323716003e+02
1.240321663677779895e+01
-3.280398709634627608e+01
2.626562790442697803e+01
-1.682345135048086320e+02
-1.362861245695946764e+02
-2.153757351637074180e+02
-1.087977924883972634e+02
-2.004848747790622276e+00
-1.087794929360820788e+02
-1.387734709741354493e+02
-2.885545037681366409e+01
-4.240359007446380701e+01
-1.374172123341297720e+02
2.946387707389964561e+01
-1.322784135794468625e+02
-7.268267468397853293e+01
-7.056424827026219759e+01
-1.415395033104294953e+02
-5.276438787173162837e+02
-2.723269252105634450e+02
-5.784705971976440964e+01
-6.398781640625151113e+02
-2.851808161049783621e+02
-2.041375637513786501e+02
-2.415099968195768838e+02
-1.034168127701051105e+02
-1.842223486566686574e+02
-1.320177985800477245e+02
-8.364896869483837349e+01
-1.870388172891787804e+01
-7.514258960345184590e+00
-1.582228815577807950e+02
-2.155338370890308681e+02
-9.415640618936564010e+01
8.898080702805120268e+01
1.228530840112081677e+02
-3.878159288614862987e+01
7.914340193170563253e+00
-9.767759096552330789e+01
-2.562516144425293305e+02
2.281778533697851685e+02
8.328489540531766977e+01
1.981561391676000596e+02
2.368591136471825678e+02
2.514242713973695231e+02
2.652809852193273628e+02
2.739719374276822350e+01
1.711191519053741104e+02
2.365901053690940614e+02
-3.340967229846248188e+02
2.511956114399426951e+02
-9.266200875794048386e+01
-1.230221326952387244e+02
-1.388914939812961791e+02
-3.545581155895523295e+01
2.628720529198702138e+02
-2.640879059358662744e+02
2.039752801654587415e+02
2.316478752959268945e+02
1.750744162509604678e+02
-1.757997109290569782e+01
1.980845626790143399e+01
1.075492940424689010e+02
-3.381947049216262258e+01
-1.106519402098072646e+01
1.836729807373800156e+02
1.235128909322578750e+01
-8.936653296120586276e+01
-3.022514651227343165e+02
-1.902446292302658435e+02
-2.915224241262044984e+02
2.444225741303710890e+02
-1.324280068317766847e+02
-1.396649200701450013e+02
-1.860962169228519514e+01
-2.691496537519706180e+02
-2.403295415931980017e+01
-1.449116815719454507e+02
2.722326821161202588e+02
-9.594593327489465651e+01
2.978362506190539705e+01
-1.772375018739476218e+02
-3.933808461226928443e+01
-6.580368559160774566e+01
-1.597850177843556594e+02
7.650383793663073106e+01
-1.086079308865120510e+02
-8.234073409800656407e+01
1.035922687759109522e+02
3.724901613854710547e+01
-2.180984707259109712e+01
1.244540165572110482e+02
2.897383859710203069e+02
-2.150234447585583553e+01
-1.145082376746351471e+01
-2.107195416992673245e+02
2.790864725264020763e+02
8.540406474045859397e+01
1.925057862367325470e+02
9.967433168309995040e+00
1.090483725527443681e+02
-2.676570028728217210e+01
-2.070060568908141363e+01
-2.113815452887200763e+02
1.301510843323206501e+01
-5.496282218817343335e+01
-1.219609855076538878e+02
-8.987317370000555172e+01
-1.149886692484935224e+02
-7.584173438513361987e+01
-1.633690907795501346e+02
-6.404836504407160191e+01
-4.207384854964928422e+01
2.036378006730383561e+01
-1.419656237093035998e+02
-6.637110173964627791e+01
-5.160349047803521927e+01
3.652550389566495248e+00
3.292019212377402937e+01
-3.817333100257866363e+01
-8.770760872977908207e+01
9.923168203538715204e+00
-2.367001224631642486e+01
2.405511789972125882e+02
-7.294943926182403970e+01
-2.021867406898583397e+02
2.693245991097655860e+02
5.403123951704136374e+01
1.354854847363692443e+02
-2.133875436070108833e+01
-5.675303414925130241e+00
1.450356436999302332e+02
1.143374528189582406e+00
2.081902605191278894e+02
1.795087353525218816e+02
-3.425596243396234541e+01
1.248480500039475203e+02
-2.696779143743577833e+01
-6.370855986094350953e+01
3.281911772554258278e+01
1.378247547840719278e+02
-1.474697588915826145e+02
7.222608177949041419e-02
-3.743541953827719482e+01
-3.255043353134049084e+02
2.797907866250568532e-01
-1.690592947004236635e+02
2.914331895541138806e+00
2.773561886809858379e+00
1.339849855456868966e+02
1.243045664699456267e+02
1.054324821222702155e+02
2.572098570054035918e+02
-3.620066037292924648e+02
-5.918475453867381475e+01
-2.341838052983170257e+02
4.021768036464933971e+00
4.275810073012226553e+01
1.164819266913412434e+02
1.976043846739607091e+01
1.125944874804440587e+01
3.439206785027025148e+00
-2.844352661392475738e+02
2.612464376236265196e+01
-1.938723539103705207e+00
2.183392472442163523e+02
-8.646916450339051607e+01
-6.933352713315861138e+01
-3.043337834424577295e+02
-2.771497933041541728e+02
-3.267261301387640060e+01
-2.350387513943440609e+01
-7.334962120853263912e+01
-3.913564238158659236e+01
-4.528140686355445865e+01
-4.517729999281388018e+02
2.154368954761836790e+02
-4.756576219136550066e+01
-2.573387252929991575e+01
2.042240352479461762e+01
2.295870992335818528e+02
-2.638555412479837869e+01
-2.518945722736562232e+02
1.934848634437990711e+02
1.423614156070547665e+02
2.593650974072169788e+02
-4.227071763873228747e+02
1.674856087635163249e+02
1.661771086348140329e+02
1.279998470735376941e+02
-3.874109119756585073e+01
1.620498776320065417e+02
8.494909245552867105e+01
-8.806936256317837319e+01
-1.892993508029918530e+02
-2.764879347786387029e+02
-4.788228486680707761e+02
1.338323405976142055e+01
-1.126162642813979318e+02
-9.244508562151058584e+01
5.006759715525149801e+01
2.212562548706054883e+02
-4.141701892471840551e+01
-6.654335785914967971e+01
-1.078773243490578579e+02
-2.988197986656836846e+01
-2.193698200727417316e+02
-4.288495422811175217e+01
-2.697368415419613186e+01
-8.827307784684114722e+01
4.289599565881155030e+01
2.046982325922452333e+02
2.274115694467556068e+02
2.232250403283208016e+02
2.896629182436339534e+01
2.583744601292634684e+02
2.349807898440595295e+02
-3.608958480282556991e+01
-7.976426628769274885e+00
-3.151095120201347299e+01
-9.910558929353678081e+01
-4.352589379746400766e+01
-9.133846161167605260e+01
-2.134611443036423850e+01
3.749218724378170009e+01
-1.651672925036147603e+02
6.193337138675426701e+01
2.377466679354171220e+02
-3.090611259560033091e+02
9.256851553205319050e+00
-7.044248712011625457e+01
7.619632495616272649e+00
-3.320607321337166695e+01
-5.460034950876944322e+02
-3.889860220608206305e+02
-2.059996608341555486e+02
-1.435538553720556081e+02
-1.145619434710548035e+01
-6.552325316389368481e+01
-2.387562800281303623e+02
-1.968247928224366916e+01
-3.858838108450671456e+01
-1.327789974871661229e+02
-2.457636096288285898e+02
9.315613295736079635e+01
4.430103180491332893e+00
1.565796571847710972e+01
5.523272855076322685e+01
-7.132326489943446290e+01
-4.224275057408059553e+01
2.723174150449980857e+01
2.248638975644064715e+02
3.823880876714875754e+00
-2.537010650511805210e+01
5.542050612523248532e+01
-2.077729170736606079e+01
1.176821090730745283e+02
2.159451187001377548e+02
-6.273626713978222114e+01
-1.334585951325537110e+02
-5.662507094846110078e+01
2.594164601052503940e+02
-1.646000075946460584e+00
2.492772785364818162e+02
1.626967853084279909e+02
-1.700907194929142463e+01
-6.587024516133595853e+00
2.608311460521375125e+02
-2.710444098677257330e+01
-1.716717481327863766e+02
7.356579062969359484e-01
1.445467144807786326e+02
-2.986066853485284582e+02
9.577571017792809016e+01
-4.132625212043287632e+01
1.086180177149552151e+01
9.356492953510823440e+01
-6.414957918055435471e+00
2.161994013366427225e+02
2.862260161800138007e+02
1.212510859325706605e+02
2.429625822703120832e+02
2.239476228848795074e+02
2.056138178543683352e+02
1.728727667465776996e-01
-3.955683766208856866e+01
-2.845472734126478542e+01
-7.969736631978321384e+01
-2.708560199915655176e+01
-3.835214956013946335e+02
-1.828169673162778963e+02
-4.652189903413406569e+01
2.368018646654367672e+02
-2.074182365193844930e+02
-2.043744293843329274e+02
2.355471338318017160e+02
-2.342499716639104861e+02
-2.783104466872207468e+02
-1.145887322100543173e+02
-6.521793170583988797e+01
-2.597755713608842143e+02
-1.014858054280478683e+02
-1.892223985467340981e+02
-1.580033422719751286e+02
-5.500782604144292520e+01
-2.180940757955690401e+01
-2.497915021966695974e+02
-2.225745747299860113e+02
6.090817886802058467e+01
-3.700110302969733311e+00
1.741483173545003069e+02
2.025510288694889312e+02
7.682610155319648015e+01
-5.695222196712637697e+01
1.071312004955006358e+02
2.536845252222167346e+02
2.470388318249993631e+02
-1.550896551655010853e+02
1.510693178924457243e+02
1.744048029406361309e+02
1.051807696761525932e+02
1.291333656766360036e+02
5.855172489941756453e+01
2.752120784503924824e+02
2.548430434727667944e+02
2.417039731668590150e+02
2.054008603441025116e+02
2.190570000948292488e+02
1.133980382671571761e+02
2.757237325758360384e+02
-4.683966209832766481e+02
3.213356140906100222e+01
-6.166829582707156021e+01
6.339222895075621977e+00
-2.087114680761233387e+01
1.489627960486926384e+02
9.979941937465666513e+01
1.285997698822195900e+01
2.509050534484984496e+00
3.919667931400113048e+00
-1.020037046268160452e+01
-2.041917414674821885e+01
2.476225315143948080e+02
-3.371736348690323837e+01
-1.332720051528549448e+02
8.412796137041013367e+00
-1.072224779816968976e+01
1.343850069543956067e+02
-1.013324416893738089e+00
-7.556281808574124170e+01
2.616006529036542929e+02
-1.105019713514025170e+01
7.811591736028162813e+00
2.506005226653946920e+02
2.252540341507177573e+02
-1.991092641437917621e+01
-5.561551068373414353e+01
-1.308223180558239847e+02
-2.090290197457449040e+01
-1.133673686012313340e+02
-3.947362261989094634e+01
-8.288273827848693998e+01
-2.443585271499524936e+01
2.248385719198757329e+02
2.243452087507664316e+01
2.523816892659126836e+02
2.175422377083533263e+02
-2.957501534090971518e+02
6.840400560565491617e+01
-3.723997871475917520e+01
4.028708514609810720e+01
1.922985267813664478e+01
-1.422886460462356695e+02
1.202308360525205302e+02
4.968006402769489682e+00
9.148293999894431749e+01
6.811268102405024649e+01
2.409175423240797329e+02
1.988395602792027148e+02
2.120661691598373011e+02
2.287210867879485932e+02
2.858180834392454699e+02
2.594790406684629716e+02
1.891004409506657851e+02
2.797233889781231824e+02
2.827165041561997327e+01
2.595494284937685165e+02
2.148606627856148066e+02
2.423634103363021381e+02
-3.756689800883307839e+00
2.255831211063922410e+02
-3.682253390452074200e+02
-7.640433124943120902e+01
4.541105376831325202e+00
1.073719236620654272e+01
5.106069498027432019e+01
2.330181971561318903e+02
2.206383506060653303e+02
3.656208738276845338e+00
2.612949710914917887e+02
-6.766003136003294571e+01
1.701339376269862669e+01
1.248611114769552159e+02
-1.770415384389492885e+01
4.283433272571893724e+01
-2.384946453125539279e+01
1.168500482940351333e+02
3.752256394386193961e+00
2.723783402752019356e+02
1.916811501018514434e+02
-2.535951486640369694e+02
-6.963156010222363079e+01
-5.714919353972156557e+01
-2.955306455673711596e+01
-3.905756093272803042e+01
4.243752382892812847e+01
1.778341835195668637e+02
2.213091342624624644e+02
2.418651149169649557e+02
2.170230360399133929e+02
2.210979318351462268e+02
2.498134344048001481e+02
2.314031025023355426e+02
8.111861699413240956e+01
2.304523401992105107e+02
-3.783835520951183184e+01
1.220175202354093500e+02
2.173499645467700816e+02
2.396160534192353850e+02
2.599801072059175340e+02
1.996613689290527418e+02
1.926694558106736110e+02
2.354347235213954264e+02
2.393022833445960202e+02
1.401817340688473337e+02
2.422132167433250629e+02
2.429721618420466029e+02
2.445831942831468950e+02
2.821448120682564422e+02
2.750636432700921432e+02
-1.111412328737753796e+01
-1.019310385308618550e+01
-5.860106631810731415e+01
-4.072236461281871556e+01
-1.722393259130890897e+02
-1.851144988126943645e+02
1.665202399039429793e+01
-6.819065224865437358e+01
-6.189934166661578274e+01
-3.750407158760305606e+02
-1.245176181290784712e+01
-9.625141644406514274e+01
-7.278304538758584386e+01
-2.452257046606575841e+01
-6.956327932230180977e+01
-2.379341195978142594e+02
2.169651103827740712e+01
-2.619779004434776937e+01
-4.194906950300843107e+01
-2.035601740396138837e+02
-3.894064243781481593e+01
-2.355487421189025952e+02
-3.627347191050635900e+01
-6.296007515188778569e+01
-2.335723594840999056e+02
-2.191990521748810750e+01
-2.749614813096209787e+02
-1.449242688797938960e+01
-3.515321669787654741e+02
-8.686876759464034592e+01
2.304338448216508350e+00
-2.670930244549839472e+02
-5.920657302728459825e+01
-1.475424808300643349e+02
-3.000886237205936169e+01
2.470297998374394410e+01
-2.397408215195654790e+01
-1.017186932510916080e+02
6.532269363419329977e+01
-1.915986482014431758e+01
-8.074114199710804485e+01
1.453141592953679861e+01
7.048238850996962235e+00
1.585936224112591049e+02
-1.963156166891150889e+01
4.458053188503751585e+01
1.675255411232685674e+02
-1.368619901379335602e+02
-3.309426931556996010e+01
-3.609138433888452369e+01
-2.197191131851628143e+03
-1.537507342662383394e+02
-7.785210969567619088e+01
4.615929499608597553e-01
2.058092944570375948e+00
-5.418233840548069935e+01
1.513566394595403608e+01
1.187875856250610695e+01
-1.459509664955102437e+02
-3.325745499971409345e+02
1.916732166786226799e+02
-1.757335590912618670e+02
-9.170261051412448694e+01
-5.547623792739069870e+01
3.290461890738594519e+01
1.863755906933828044e+02
-3.738726944635143923e+01
2.191985102865293698e+02
-1.062625070494520116e+02
-1.223730291054596080e+02
-3.302071151188313536e+01
-2.704235687549356726e+00
-1.355148344759005852e+02
2.739496316476783022e+02
-4.113298590006576916e+01
1.946043791418379953e+01
-1.211246896862640625e+02
-4.790842360796368382e+01
-8.401345338047860878e-01
-2.136733346932291511e+01
-5.024783570683808875e+00
-3.188567039213893395e+00
-7.268952414706802756e+01
-1.515378632638161491e+02
-2.706723408101078121e+02
-1.321095696209370658e+02
-1.564645920032346282e+02
-4.953363944022073184e+01
-5.810758858599484711e+01
-7.711158782419734337e+01
-1.276437027063687566e+02
-4.841268925025148917e+01
2.077269696377466062e+02
-4.274368351212908124e+01
-7.321876539162566644e+01
-6.666535729354365003e+01
-1.527060821190596585e+01
-6.793189724983356825e+01
-6.899525450478559208e+01
-5.455575543593273125e+01
-5.046933281276780292e+01
-1.804771200545841623e+02
-3.411808172553961072e+02
-4.397133179172624295e+01
-2.538518101841414136e+02
-9.842792024557427055e+01
-6.229825027263874659e+01
-2.775890172009111438e+02
-2.854338673107896511e+02
-6.270751761070126662e+01
-1.219236013919700667e+02
-8.048562413149144845e+01
-2.190529014752185049e+02
-4.922142129706963232e+01
-3.853521408400815318e+01
-3.333211512108320562e+01
-4.590997325341565727e+01
1.662294008801998757e+02
-1.672689051244811651e+02
-2.790386133504825921e+02
-1.922546221589597053e+02
-2.218836380584986046e+02
-1.397356709093080553e+02
-7.075320038233144260e+01
-6.469926569117836834e+01
-1.074168682044858372e+02
-1.412894571163411968e+02
-5.367715286287066334e+01
-7.815053102298791998e+01
-2.986989808378014288e+01
-7.901410381678512351e+01
-1.202390043208767167e+02
-6.957960922354742195e+01
-3.412782299392810046e+02
-6.595808080391846318e+01
-5.527955070647422531e+01
-5.253832618059351489e+01
1.611418052480398728e+02
-7.862204775852316629e+01
-9.353819214678543403e+01
-5.471256566525358522e+01
-5.154794804309521083e+01
-8.980556437888952814e+01
-1.529531119646932211e+02
-5.150263801969397548e+01
-1.220822544545607684e+02
-2.898724089292509802e+02
-2.123883223548064620e+02
-1.796327907220833708e+02
-4.198451544906389898e+01
1.911514142084822652e+02
-1.915067928692517967e+02
-4.330649366260160349e+01
-1.324918268045661307e+02
-1.618720076847923508e+02
-7.839345340335201229e+01
-1.097157680696083162e+02
-1.048575454335548187e+02
-8.056134323314272194e+01
-1.320175866985495645e+02
2.588967434213834906e+01
-6.932178587580690987e+01
-1.386413905855954454e+01
-3.375374624148234943e+02
-7.974315990770830354e+01
-1.515431535404447914e+02
-1.093492166929468823e+02
-1.320904956754652630e+02
-4.629791960507697013e+01
-1.372986626345893342e+02
-1.493103523533915222e+02
-1.259714762176620297e+02
-2.121645310033206044e+01
-6.620626463515327487e+01
-3.684747558785743138e+01
-3.513356791613632879e+01
-3.164590454854352686e+01
-3.705157267435018298e+01
-7.348414751203473827e+01
-8.925692252250959768e+01
-5.304360392530158208e+01
-4.375203710404395707e+01
1.706450677871473260e+02
-5.943225449216373590e+01
-4.689208469029853177e+01
2.566921303029698720e+02
-1.211610252283779232e+01
1.634685020713455970e+02
2.370585086257253238e+02
2.493809149903370326e+02
1.937633249968054656e+02
2.283337226814643941e+02
2.748879485512836709e+02
2.678762137741215383e+02
2.314461150510982748e+02
2.712588951324656250e+02
-2.078147106619311444e+02
4.277273974961971703e+01
2.220890232532558741e+02
-2.378980409539506127e+02
-6.427376798112014740e+02
2.345666710526018335e+02
2.747908907061426476e+02
2.369863567382766121e+02
-3.009875531602322951e+01
-3.795966092618679966e+01
-4.405236878688197066e+01
-1.092339339248422334e+02
-1.091325874292446372e+02
-1.552862371819551299e+02
-1.334111416588139605e+02
-8.971244866444656907e+01
-1.200194426845174434e+02
-1.579489005921396654e+02
-3.480401056157181756e+02
-2.340654732948708840e+02
-4.719403537102539303e+02
-2.371096611445431677e+02
-2.156851491899193718e+02
-2.409989501343800953e+02
-2.187235075089243139e+02
-5.965542028243550021e+02
-1.540122684297924422e+02
-2.879050110991646534e+02
-2.713831551792578125e+02
-1.595146914638514204e+02
-1.076327301239451515e+02
-3.313214707158830379e+02
-3.059170254052720566e+02
-3.545584566924702585e+02
-4.059888284290683202e+01
-4.287798280811186373e+02
-4.520797295940533331e+02
-3.124220236410967004e+02
-1.367798283223409328e+02
-3.909363178669816534e+02
-1.246117664512281209e+02
-2.449908749312070313e+02
-3.672714664916184120e+02
-2.138364262498074879e+02
-1.174325605278156388e+02
-1.101266392384650175e+02
-3.453803106571191961e+02
-1.157411182973939390e+02
-4.866956917141673102e+02
-3.965195459757730418e+02
-3.521391774586442125e+01
-1.316858533933081503e+02
-7.956481138731598435e+01
-9.549565119215159825e+00
-8.990263270956791075e+01
-3.364027483750846841e+02
-6.580676959734005038e+01
-2.601242892256121877e+02
-3.462964456340297659e+01
-1.003422420197833560e+02
-1.741889577738572541e+02
-2.060349909707169331e+02
-3.573776322881544729e+02
-1.250156494782062566e+01
-2.660446817765506466e+02
-3.111232624839749406e+01
-2.750333547723838592e+02
-1.907931398506547112e+02
-2.259730148199705013e+02
-8.896358338437539715e+01
-7.995464644054933956e+01
-2.002821513359525056e+02
-8.999596169941304424e+01
-1.205196916024898570e+02
-1.341085144822733355e+02
1.539707053965057071e+01
-1.294621669571026246e+02
9.387785972218303243e+01
1.503607361601331718e+02
