-1.558654185792500471e+02
-2.554781820856306069e+02
-3.194016495282038477e+02
-2.142558563187152174e+02
-1.119220683366941245e+02
-3.315109380032389481e+02
-7.772454862483088789e+01
-1.325450610154858850e+02
-1.140279096938341610e+02
-1.583256295383496877e+02
-3.724946328402042468e+02
-7.084816704221913142e+01
-1.088458989733887421e+02
-4.148119012998248536e+02
-5.622722075589691713e+02
-8.094256294043911737e+01
-3.590954645164005115e+02
-4.623427932254664370e+02
-1.166040533767026091e+02
-4.248203464939724938e+01
-2.819083644523909697e+02
-3.149075813623493332e+02
-4.072621488571469399e+02
-3.055508180890512904e+02
-5.631144560089167044e+02
-1.071138291973092294e+02
-5.213276285337506266e+01
-2.675404371832980246e+02
-5.855696178046056843e+01
-6.642738589048867937e+01
-7.882494758463705864e+01
-1.396816316231097517e+02
-9.849943868349636489e+01
-5.721213463644994590e+02
-9.942770380845975353e+01
-4.497679145218023109e+02
-8.826964279330181284e+01
-2.601631537218854646e+02
-8.287802183658430977e+01
-1.445134704903020406e+02
-3.796114020528228252e+02
-3.664426886374144487e+02
-3.276253520433544395e+02
-5.595337342344144815e+01
-3.281917626327009430e+02
-2.159127745803059497e+02
-2.513279117742825406e+02
-8.738420893799823830e+01
-1.934295307254560043e+02
-5.259996901441919590e+02
-1.564598532610149277e+02
-1.206761515499575665e+02
-1.904511731223749393e+02
-1.317855023025975925e+02
-2.868751685376900014e+02
-2.070496059431715992e+02
-3.350384199533464198e+02
-2.817213745205058331e+02
-4.041408591671458908e+02
-5.226773331236345257e+02
-3.567102302085569363e+02
-3.408024885954864658e+02
-5.123911193594317410e+02
-1.802308228660310760e+02
-1.929596612949834196e+02
-4.803478538157085040e+02
-1.001828041835646843e+02
-3.349349973992681271e+02
-3.053638684528730209e+02
-6.208261614732202816e+01
-2.810083375883840517e+02
-2.703495427761157544e+02
-6.242533202344392862e+01
-3.916649481340744501e+02
-3.233726755512738009e+02
-4.677016074120911071e+02
-1.336178737674826777e+02
-8.731918034662993477e+01
-8.709803941632253554e+01
-2.907629254015673723e+02
-3.062073487052319933e+02
-7.399871847312489592e+01
-4.971092057932170150e+01
-1.919156290518859862e+02
-3.954893164959133145e+01
-8.638566545358625604e+01
-4.463093176702817573e+02
-1.115808661037544880e+02
-4.119714668212630500e+02
-2.606367173344771118e+02
-1.875569825108111672e+02
-1.493467419561976044e+02
-3.981220504525327897e+02
-2.366574447865639286e+01
-4.758679053781416428e+02
-3.019275321715747964e+02
-2.817136345113374887e+02
-1.939743113602488052e+02
-2.631486657173799131e+02
-4.751339257506263607e+02
-7.997956860852389127e+01
-4.318681624899681424e+02
-4.987900841638964948e+02
-3.487368417119242849e+02
-3.330656889800395675e+02
-2.762275683425714874e+02
-2.034499210101579365e+02
-8.188155385789004015e+01
-3.633765525039872841e+02
-3.890270647095308618e+02
-7.146443477813556910e+01
-2.621980567995525462e+02
-2.561310892459492266e+02
-4.632080860806083251e+02
-1.299845492397223268e+02
-2.929841670099375506e+02
-3.531184643068991136e+02
-2.992375032873444525e+02
-3.518171187786283554e+02
-4.403362991435656113e+02
-4.590751954264608230e+02
-3.657542699863472535e+02
-1.696550666816804664e+01
-9.295352993440673117e+01
-1.491920862213425778e+02
-3.379073889918373652e+02
-2.128445237680055016e+02
-4.249900420820663953e+02
-1.894184598604961707e+02
-7.108600016178884573e+01
-1.651320531792065935e+02
-2.479686645509793834e+02
-1.120419895325652249e+02
-1.625044787096061327e+02
-1.246117968818990960e+02
-3.771395437587656829e+01
-6.109277429023124739e+01
-4.457959682242221220e+02
-2.346555981715247583e+02
-3.281515302928616507e+02
-5.165542865200194456e+02
-2.519514593416538730e+02
-2.185901989520949655e+02
-3.452882306112132369e+02
-4.108284274110650927e+02
-3.023048001180421238e+02
-2.522320019385749958e+02
-8.057193956107283839e+01
-1.464249682678396880e+02
-1.759948587435512479e+02
-2.014717822459644765e+02
-1.888291204352781278e+02
-1.676729202290301259e+02
-1.382361392631916601e+02
-3.442206288995495811e+01
-1.512594222827448220e+02
-4.608361129438685566e+02
-1.414931926287009105e+02
-1.382704608397075958e+02
-3.121680005417027814e+02
-2.436211759200443225e+02
-1.907919002535649611e+02
-3.523523686268388246e+02
-1.138270931215049870e+02
-3.060479704166693864e+02
-2.036405590769076639e+02
-2.032641896958959080e+02
-4.197002805624576922e+02
-1.240809926665027234e+02
-3.815264906731813994e+02
-1.671897108092529152e+02
-4.222290662537724302e+02
-1.479626654809904096e+02
-1.698307934106981065e+02
-1.195628225964862565e+02
-2.843402413716628416e+02
-1.572353326672003959e+02
-5.465606415222315206e+01
-8.475665643610869893e+01
-2.443381714422206983e+02
-9.367030723293819960e+01
-1.083744448999164973e+02
-4.252961389222649586e+02
-3.712629970416648462e+02
-4.504411037835843103e+02
-1.954476249895387241e+02
-4.064804300854670487e+02
-2.377887138106015072e+02
-9.461095638722608214e+01
-7.652061145543432019e+01
-2.954575152295211069e+02
-1.806337684333067841e+02
-3.726406696137574386e+02
-2.218457208690095115e+02
-1.865753980838968573e+02
-2.584818472412347319e+02
-2.477048238853507769e+02
-2.308862053140138073e+02
-2.769718781745942238e+02
-6.013113274972215549e+01
-1.412248426960016445e+02
-6.124449632006056277e+01
-3.888720785588457147e+02
-1.742732580292509965e+02
-3.667759141137991605e+02
-3.298765938345149493e+02
-2.243800852547861950e+02
-2.408915265374170360e+02
-4.299865861251911952e+02
-3.434261454504411404e+02
-3.826510939473695316e+02
-2.533432991756313015e+02
-2.418863677754168009e+02
-1.639535417372132429e+02
-1.150707289287842912e+02
-5.537830521037935227e+01
-2.319751318515987748e+02
-3.689588686739827494e+02
-6.537751368283936415e+01
-6.130012349875220679e+01
-7.322295417747309898e+01
-2.860271042217121362e+02
-2.815074026215246761e+01
-2.591272888021979952e+02
-2.346695983277658399e+02
-3.283142310938926585e+02
-5.178342715805358694e+02
-1.075103412980772504e+02
-1.060014906066009814e+02
-8.922991301066954861e+01
-7.335421601912440792e+01
-7.841067014240603328e+01
-1.960687356836650963e+02
-3.800729108736094872e+02
-2.334150136860265263e+02
-2.189484993124718244e+02
-2.502798903169155835e+02
-1.916777971446711035e+02
-1.531121045230124196e+02
-6.013065389021603835e+01
-2.285601702838606002e+02
-1.159887964771970843e+02
-1.318858519584296118e+02
-2.826297740751747369e+02
-1.028510313622093832e+02
-1.478680563138049138e+02
-4.582656849711676017e+01
-2.467245081389480958e+02
-3.873289810559319903e+02
-1.034103838374577720e+02
-6.395426008390260364e+01
-1.047877075079742468e+02
-8.889017927304911382e+01
-5.597564484163574434e+02
-3.550405263267841178e+02
-3.166058011936002003e+02
-1.031383415600666922e+02
-2.109473371621700721e+02
-4.681477138338072450e+02
-2.088772104554566340e+02
-3.200259822836901549e+02
-3.960249669885273534e+02
-3.728743799502104821e+02
-1.668652241937571716e+02
-3.174495046286286311e+02
-2.408844071356944028e+02
-2.449921328490048893e+02
-1.039248031107574946e+02
-3.047540286527115541e+02
-3.531608039225760649e+02
-1.857893924147220446e+02
-1.108991340725586809e+02
-3.635672380152823280e+02
-1.238003574002971732e+02
-3.348618191708503673e+02
-9.849731880242021020e+01
-3.131328664900793797e+02
-9.553124176860876560e+01
-4.489389055313617973e+02
-2.064706806695347154e+02
-6.740156255802374119e+01
-1.108917057049099810e+02
-2.410167733501696148e+02
-2.500415647896460314e+02
-2.929916696494412918e+02
-4.468422071812141638e+01
-3.996847222434479363e+01
4.653559852454691281e+00
-2.977945746929872257e+02
-5.481284339344945238e+02
-1.088060706277978369e+02
-1.527071881691912836e+02
-7.894162755423474209e+01
-3.452002081648530520e+02
-1.216493751369502547e+02
-1.472708445695059254e+02
-1.975450007964055317e+02
-6.532190313760177958e+01
-3.155909690181116503e+02
-1.928117543940201131e+02
-5.011258401208390865e+02
-4.407640522840078745e+01
-2.373185014107752409e+02
-5.364881980135638884e+01
-1.197672014613207949e+02
-2.199666645528444064e+02
-2.273527209196547005e+02
-4.301438342634849477e+01
-2.898574795462444627e+02
-6.712856804798428811e+01
-1.215055594782616595e+02
-3.815310043312383641e+02
2.727465146018849396e+01
-8.601924642934675092e+01
-3.740504833039498749e+02
-7.622843202406495777e+01
-9.535409458833019869e+01
-1.064018778391739204e+02
-9.264406444661130990e+01
-2.888660840407052888e+02
-1.932151966674097139e+02
-1.938070719761947203e+02
-8.179476098839791121e+01
-2.561370604566038764e+02
-6.673465734109660730e+01
-1.168390085214971776e+02
-7.370646113713323189e+01
-2.663654862749534686e+02
-2.477225796385396848e+02
-1.184769237116414047e+02
-6.412003863766702239e+01
-2.284215991565593527e+02
-4.010683126185057858e+02
-1.462819931882798130e+02
-8.825391803100202992e+01
-1.623066451834624786e+02
-1.490797564646289857e+02
-3.762500588407169744e+02
-1.069007687056426903e-01
-2.008158263937842207e+02
-1.959269009612545176e+02
-8.715755091551932310e+01
-1.414194564070510012e+02
-8.673773338034382618e+01
-3.795694087381220925e+02
-9.109935659132007402e+01
-7.576920677244628166e+01
-8.413261111246461610e+01
-1.828623623650653940e+02
-2.473322440365705006e+02
-1.730478057650202572e+02
-2.709412472785049886e+02
-1.982680211354471851e+02
-7.885119952201581839e+01
-1.433122629255699394e+02
-1.696867832094392838e+02
-1.047126374229604409e+02
-1.131510662292122049e+02
-3.222653688876798697e+02
6.739895109901254955e-01
-9.944112234081374879e+01
-1.961622351764834207e+02
-3.610425940789818355e+02
-4.360186811583172073e+01
-9.677464714548948166e+01
-3.235135443602030705e+02
-4.257567551448155427e+02
-9.937814788454770110e+01
-3.022603212411760865e+02
-2.143820583096272401e+02
-9.472201565799154821e+01
-1.027729051263198556e+02
-3.131748066828580477e+02
-1.499017231116366702e+02
-2.331051572666987681e+02
-3.391596346242603204e+02
-2.152064373157976718e+02
-4.786046800751500996e+01
-2.113240169349948019e+02
-5.504845409467506556e+01
-2.803483308732005526e+02
-9.468725222181993217e+01
-1.973372825022668735e+02
-2.097113176208262360e+02
-1.590130983598823775e+02
-5.719584074808625473e+01
-3.545878449423649954e+02
-9.071925638896117050e+01
-3.061955913652506069e+02
-1.748986260697992918e+02
-9.087754318856082136e+01
-1.001857329550579152e+02
-4.629532847598757428e+01
-7.855945136536089990e+01
-1.365267556856645115e+02
-1.674978068068273842e+02
-5.019285012063627249e+01
-3.787647756765825307e+02
-3.609912862163100158e+02
-1.259974244294597128e+02
-4.307813337699092671e+01
-8.248813520601812854e+01
-2.933338590918025375e+02
-1.909251391603316392e+02
-1.782257789898843043e+02
-1.725215085507604158e+02
-1.027942142827849068e+02
-2.541002364438785150e+02
-1.082956327971936901e+02
-1.608504146547400069e+02
-4.965451643910936355e+02
-1.553392396008429159e+02
-2.066062769468892100e+02
-7.710193577399040521e+01
-4.144981282695093938e+01
-1.158113577391385149e+02
-1.883822072451589520e+02
-1.653515918594652021e+02
-1.637743887112176253e+02
-2.524209929433253592e+02
-7.016603418616300303e+01
-1.244582987229090207e+02
-1.823519535756243215e+02
-6.094457247666730382e+01
-1.149330963020309611e+02
-2.302398385142120958e+02
-8.845339919378395166e+01
-1.992830322232735512e+02
-7.574502780509642719e+01
-1.998802780576166924e+02
-1.419014232330472396e+02
-1.626731492259827405e+01
-4.602689930386280537e+01
-3.242033743643094112e+02
-1.289593363889359523e+02
-2.287016504575673821e+02
-1.772089799549670488e+02
-1.637035244860274759e+02
-9.212352451594163938e+01
-6.408726151205740962e+01
-2.555184654821283630e+02
-8.008604366627000104e+01
-2.105051693536174753e+02
-9.955701040993426432e+01
-1.323402378523029483e+02
-5.635903025573809373e+02
-1.122073440246219462e+02
-4.355260621214090975e+02
-1.859630101357964236e+02
-5.370705540909018083e+01
-5.899017857574445145e+01
-7.602777133304601875e+01
-1.975308097234580487e+02
-7.753513164287173254e+01
-1.336934527953301597e+02
-4.601687969554474194e+02
-2.192455908844509906e+02
-1.523553426174481160e+02
-2.886974515393750380e+02
-9.285847287556703122e+01
-9.440030692443826865e+01
-1.610926818840381145e+02
-2.649548371983510151e+02
-1.075909235464411751e+02
-2.199725720877351591e+02
-2.846326831934907204e+02
-6.997613416224703542e+01
-2.976024650849098521e+02
-9.086968195206145538e+01
-9.252744894914786755e+01
-1.301922450894837198e+02
-1.082594144652186117e+02
-3.502598843473770671e+02
-6.729829044735396337e+01
-2.316385166620053440e+02
-7.200620160091472144e+01
-9.073282163013445256e+00
-1.028013773098444830e+02
-9.043124941999599287e+01
-6.039905743049516929e+01
-1.024179975344746367e+02
-2.494406571887796531e+01
-6.394543266974248752e+01
-2.567970156942541280e+02
-2.101674800108993395e+02
-7.917866125784465225e+01
-5.845606590727417995e+01
-2.369682361024039778e+02
-5.281161855169015951e+01
-3.995376847943896337e+02
-5.763122886278939205e+01
-6.408466598269637871e+01
-1.588158477778446240e+02
-9.075386445258217805e+01
-1.180281885797906796e+02
-5.741179766300426763e+02
-2.138577973367256675e+02
-9.192725187765253736e+01
-1.911919843375081882e+02
-1.961269883275458596e+02
-9.916653861118072655e+01
-1.101177364981306823e+02
-6.716239994244851630e+01
-1.381181992235862879e+02
-1.000416642728814054e+02
-2.602175151048326143e+02
-2.176679500787722077e+02
-1.008584045673650849e+02
-1.141432628706329524e+02
-1.051155519929928914e+02
-1.640995586384571538e+02
-2.306153219556887279e+02
-2.720974497885205778e+02
-9.687268341349266620e+01
-1.225895162828349925e+02
-7.479515042120014812e+01
-4.332746073701288481e+01
-1.182754829228779840e+02
-4.965452368783221715e+01
-8.862047742868604416e+01
-8.465789529562809435e+01
-1.238948292284027275e+02
-6.908504244761229529e+01
-9.850468093726642849e+01
-2.750750096523429420e+02
-9.050693794050607721e+01
-9.644167019413875153e+01
-1.167879498927984372e+02
-3.359168480194300628e+02
-1.221684777004802385e+02
-9.980097554250362180e+01
-8.750884670410620458e+01
-1.179760301183494846e+02
-7.324987974787816825e+01
-1.232715001881035590e+02
-1.706796540370666548e+02
-7.120624594354195835e+01
-2.970193172912480577e+02
-1.434396402754049120e+02
-1.972899807720104661e+02
-2.608477312828221102e+02
-1.063591674281209976e+02
-1.300231256430985241e+02
-2.119741853316136826e+01
-3.408556207251032788e+01
-1.154331999705290883e+02
-8.528307109119828056e+01
-9.719100431506427640e+01
-1.980758039007242814e+02
-4.649566464535901389e+01
-1.025120492174321640e+02
-3.390175917047658061e+01
-9.963514544988524335e+01
-7.088113814008538327e+01
-1.171758620815249827e+02
-8.142496870259405739e+01
-3.312196831227543043e+02
-7.772437272541056075e+01
-1.360820126794554881e+02
-1.032034971977692379e+02
-1.197620704933006550e+02
-1.459090324799726659e+02
-2.844858177221325377e+02
-1.248788769010633644e+02
-3.942879033593235931e+02
-8.403415512074752769e+01
-1.842716975773519152e+02
-1.410288005500478334e+02
-7.342060363911240017e+01
-4.088592126283815276e+01
-1.087129723376256720e+02
-7.440507025265173979e+01
-2.207679391368481561e+02
-6.171321200988907663e+01
-5.209248657445242969e+01
-2.540053354344787806e+02
-1.575135771477659432e+02
-7.245776910168464724e+01
-4.436547937342608350e+01
-2.640354002751067810e+02
-4.781008662989712832e+01
-9.759080220270443817e+01
-5.933616557936954194e+01
-1.355307149712946000e+02
-3.752093362520884057e+01
-9.122356884813129341e+01
-9.169336187563459362e+01
-4.819384612020158443e+01
-7.272768514637866133e+01
-4.524900042523177035e+01
-1.899568944806981960e+02
-3.631698593889968265e+02
-2.121341954028153225e+02
-7.024707394943769145e+01
3.718695960279734436e+01
-1.330608725455746253e+02
-4.079119518806500082e+02
-5.043972600826897690e+01
-8.433305378475215264e+01
-1.741723383231147295e+02
-2.479026890414769184e+02
-2.266737636331715748e+02
-1.040406924453391611e+02
-8.600795251677611475e+01
-1.135638946254087642e+02
-2.052874327063044859e+02
-2.529764836080542807e+02
-1.826420987994366101e+02
-5.115877603081605685e+01
-9.735538371524866363e+01
-1.084892643266171319e+02
-1.010700490639370628e+02
-9.777880437873876929e+01
-4.244830747601844223e+01
-1.283162367039870730e+02
-1.007131669435844827e+02
-3.495784700881023355e+02
-1.876430377821864113e+02
-2.590063668302871065e+02
-1.033212943544039604e+02
-1.858902832246919559e+02
-5.075323280728435549e+01
-2.670318639915595327e+02
-1.300495322267814231e+02
-8.060910992471481507e+01
-7.066921928081382021e+01
-2.876525819832268098e+02
-7.429889854591863241e+01
-1.520432225651954639e+01
-2.866312358781529497e+02
-9.269680292836389413e+01
-1.332211570257026949e+02
-1.076020845119669360e+02
-2.073900754958631296e+02
-2.543956597096065764e+01
-1.088993997693692961e+01
-1.729567930752341738e+02
-6.988598739071231591e+01
-1.207356272425204509e+02
-9.941784268937614399e+01
-2.468650014958203656e+02
-6.535422398078735284e+01
-6.465459662287555886e+01
-1.623930457051652070e+02
-1.320609680874806315e+02
-1.283732465052725331e+02
-1.173529614687145681e+02
-9.123024324647902006e+01
-4.014305806156025369e+01
-1.642269291955264521e+02
-9.733757713872209649e+01
-9.701461124796901458e+01
-8.052696346901980462e+01
-7.444657020855892426e+01
4.723147850170958151e+01
-7.483675329148762501e+01
-3.225036265086930598e+02
-1.651744412024882820e+02
-7.455941422996987455e+01
-2.126283332197261302e+02
-1.448135957810931416e+02
-1.060092914841903848e+02
-1.082727126858694646e+02
-1.273387728242124410e+02
-1.755871629719659666e+02
-3.405495267134170945e+01
-6.691900573010221365e+01
-3.768158946367231579e+02
-4.395689308892298186e+01
-6.877700392117102979e+01
-3.694449748137073897e+01
-1.413112171185654233e+02
-2.091549379015931720e+01
-9.470677086463557259e+01
-1.054269142146312106e+02
-6.689035013979278688e+01
-9.709368046238378724e+01
-1.008677228304459845e+02
-5.732932626191413306e+01
-2.390403064292691511e+02
-7.895872366437842516e+01
-7.225406849813597887e+01
-1.223718662792148564e+02
-1.917733842770331876e+01
-7.708423294894524247e+01
-8.918554389036785324e+01
-6.444719617491983854e+01
-9.029307131026291700e+01
-9.679716441009432515e+01
-1.625160436309058127e+02
-1.073533029624583577e+02
-1.695755243569219033e+02
-7.992146723044206169e+01
-1.775137718747142799e+02
-1.013401317030446762e+02
-1.474949463677702397e+02
-2.560823152976640245e+02
-1.073495033272461114e+02
-7.220336083963660201e+01
-7.525029406548486577e+01
-1.744963454247267975e+02
-1.415893092519672507e+02
-1.163719332366369912e+02
-1.203990903293426413e+02
-7.499614112733478066e+01
-9.193242776210060185e+01
-7.245234810559259131e+01
-1.023864652896625245e+02
-5.760846545178439726e+01
-1.108430218786104149e+02
-1.986965673138079751e+02
-1.817931646761379056e+02
-1.430598773985214507e+02
-4.706773876011877888e+01
-6.899406660744092790e+01
-1.634074167976218348e+02
-9.170141790809257998e+01
-9.100198724746043411e+01
-7.954084512671526852e+01
-5.813357657202730877e+01
-5.051891412889785471e+01
-1.272083276379082264e+02
-9.993085340919381565e+01
-8.068759536418239975e+01
-9.447309722530923182e+01
-1.591312516259168035e+02
-7.876991399271256000e+01
-1.139946309986744524e+02
-4.266806304623124220e+02
3.210076186537381204e+01
-8.517028586866244666e+01
-4.903133958495224931e+01
-8.548840674757704505e+01
-1.156716541736122252e+02
-7.753530536117602878e+01
-1.448137507783979459e+02
-1.138537645591107434e+02
-9.053742510489671247e+01
-2.844067912951499011e+01
-1.273259155120311164e+02
-6.114574596017310171e+01
-2.070184016950987598e+02
-2.055400614890331212e+02
-1.336010679250175883e+02
-2.253768005619178894e+02
-2.581241325629893026e+02
-6.425660190371962699e+01
-8.487529181744329776e+01
-1.908912067226592626e+02
-6.035576339464405748e+01
-1.023563104210161896e+02
-6.788252677200313201e+01
-9.063592325835085717e+01
-5.011397419129419006e+01
-1.155511146569468508e+02
-8.228953413943226280e+01
-8.963724368496914963e+01
-9.541174861721445666e+01
4.774365243612180620e+00
-2.661423968506351798e+02
-2.773728807807482895e+02
-2.059989297451439825e+02
-2.410977862817676964e+02
-1.868193422911153903e+02
-8.747368694521762222e+01
-7.001806988315667013e+01
-3.424840973626896812e+02
-1.628057663744991714e+02
-1.186742389768090931e+02
-5.493840513647978696e+01
-8.784364641203677593e+01
-6.337886991275112791e+01
-9.305795823429875213e+01
-1.101451747063504740e+02
-1.619135796748377629e+02
-2.493435868903492292e+01
-1.075057136122714070e+02
-1.371328211214019461e+02
-1.211803021967760969e+02
-5.658159752124790032e+01
-7.485661712922083666e+01
-1.157696986594052078e+02
-8.484061718064509705e+01
-1.123917682316733107e+02
-2.161603406961657470e+02
-6.444809391234815621e+01
-1.121817386607798284e+02
-9.620802958569247210e+01
-1.774392434829786112e+02
-1.989909618754077769e+01
-1.138813252392860136e+02
-9.849345393667404380e+01
-7.344021139398853393e+01
-6.378090501237282695e+01
-9.842837374365912240e+01
-8.330120420690613514e+01
-5.704783307687772265e+01
-5.049679744476783583e+01
-1.259647262590966363e+02
-1.053588126587436875e+02
-2.996474427213506715e+02
-1.614813592060143037e+02
-8.441842695133426844e+01
-4.760640766580243621e+01
-8.315654420410302805e+01
-5.950596382898763181e+01
-1.103278829069272149e+02
-2.079452001230474707e+02
-2.809202215447734261e+02
-2.663082231419369919e+02
-1.602841364773452142e+02
4.298824423550584584e+00
-8.836967910913931235e+01
-2.021788570268932972e+02
-3.413997483853801782e+02
-5.098848689763249098e+01
-5.132604363127295244e+01
-1.815102954080355744e+02
-8.737213137651502848e+01
-1.607338138963647225e+02
-2.592350908940250065e+02
-6.873663368011574448e+01
-1.062902086248890470e+02
-9.201014328033757295e+01
-2.164069837180808520e+01
-9.834478568672223275e+01
-1.409347234464954681e+02
-2.504175822361461314e+02
-2.653723573023815447e+02
-2.315292644949254850e+02
-6.350725510873822088e+01
-5.412065385691955299e+01
-6.208681055897618251e+01
-2.793383349383567520e+02
-7.018171979969683605e+01
-2.721754143147390437e+02
-1.981732542488920785e+02
-8.576336596923160016e+01
-4.793055547236733105e+01
-5.892261723129932705e+01
-1.873001066472160971e+02
-1.000409010754972883e+02
-7.475797710226215997e+01
-2.766776299983749254e+01
-5.140066976491554129e+01
-4.123766891321782424e+01
-1.095886156904295348e+02
-9.071380536625456159e+01
-4.757984410064524639e+01
-8.484161467889639141e+01
-1.299214323080287556e+02
-5.012531902169138931e+01
-5.994470558876491850e+01
-6.802079907065424891e+01
-4.496603028127763935e+01
-5.049353758335873721e+01
-8.323820769589568158e+01
-1.226693145568123953e+02
-6.610057026034749583e+01
-1.036679391576464155e+02
-1.927064410872205258e+01
-2.158514354795011627e+02
-6.800732108281295041e+01
-3.050706790498715577e+02
-4.896798283529087570e+01
-5.789821173136995469e+01
-2.134252578103083522e+02
-2.027963484225781201e+02
-2.111403045749909211e+02
-7.730368870743279786e+01
-8.652764669649323537e+01
-3.114745902598089060e+02
-7.335416152625285235e+01
-6.707818576873506800e+01
-1.447973827322393277e+02
-1.129191246091068592e+02
-7.202049058250503322e+01
-1.254332087412984720e+01
-5.993588599446516696e+01
-4.756886785021983854e+01
-4.787342736240263008e+01
-8.407007710774462339e+01
-3.986174943627302980e+01
-5.881673839652877689e+01
-6.338276607805821072e+01
-1.615107901605512666e+02
-1.412194088787405235e+02
-1.610228397051547518e+02
-2.034521806335200154e+02
-1.743330098940915320e+02
-5.761219039737822811e+01
-9.083165241696613634e+01
-1.621270941424737657e+02
-7.558022655101861176e+01
-2.064890538795239650e+02
-9.974283224046246232e+01
-1.199306024071749164e+02
-2.262272438116805517e+02
-7.011173013544723176e+01
-7.443166571733465275e+01
-2.029782833210423973e+02
-6.116225182198971311e+01
-1.081977383524883010e+02
-1.654660628817990755e+02
-6.963364354874879325e+01
-5.241676272022485250e+01
-1.353611667763763080e+02
-6.631280976285262341e+01
-4.874082843617787120e+01
-3.023569875634310620e+02
-6.722597687073709949e+01
-1.714524137040647247e+02
-2.141642842091705177e+02
-9.215467156904406920e+01
-8.309446044549810040e+01
-5.047367219522566018e+01
-5.442116622011007365e+01
-3.539906656705948080e+02
-1.037684496107236782e+02
-3.947841855718614568e+01
-1.762645299970549218e+02
-1.989700306469716793e+02
-8.175980600501667084e+01
-1.371372246923057787e+02
-7.081229175384618202e+01
-2.811409384320738525e+01
-3.049876283567000428e+02
-3.044632394042376973e+02
-8.847471559416112541e+01
-6.717113625543873923e+01
-9.081180426440964482e+01
-8.482706115800540658e+01
-2.023781911640971884e+02
-8.230929678163170138e+01
-7.275101822137622776e+01
-2.180696425633472018e+02
-1.069079988972387127e+02
-1.540712710809158636e+02
-6.352962269839220966e+01
-7.659943181027860248e+01
-2.413192228212105590e+02
-2.605299955644139800e+02
-6.371003781989642789e+01
-1.026690658654530068e+02
-4.086822725870042632e+02
-1.722523143526071294e+02
-3.463062145442427209e+02
-4.643911091029407601e+01
-1.062112940810841337e+02
-8.338063194820936985e+01
1.093351487188680267e+02
-3.489016483917986022e+01
-2.849969962823849414e+02
-7.956516554583058110e+01
-1.046145249222178393e+02
-9.300500830343140990e+01
-1.274980797353761375e+02
-1.174420439179166777e+02
-2.616486030380734462e+01
-1.067744913735100454e+02
-5.192389778410250756e+01
-1.316135152728551532e+02
-2.088449967021129794e+02
-1.580951769906766344e+02
-1.942461132706318949e+02
-1.417452590451787842e+01
-1.246693659345198739e+02
-8.923801171153294831e+01
-1.633748883143048545e+02
-2.535327517022896586e+02
-2.880810264343213589e+01
-6.995035086540775637e+01
-8.918548845187758900e+01
-1.289124648626333567e+02
-1.372231661157307769e+02
-5.804863883021212700e+00
-1.068078624569099446e+02
-1.153891741389127219e+02
-1.475229973514181552e+02
-5.653760039866628517e+01
-4.792172918728850846e+02
-6.897436146709208060e+01
-1.845324034460408029e+02
-1.596718824115564814e+02
-6.107870431846350101e+01
-2.042945518772775699e+02
-8.475002862199612252e+01
-2.189604909524573770e+02
-1.929859266789389949e+01
-6.102650451218558914e+01
-1.402369444412427981e+02
-3.396392414262140846e+02
-8.314930015310105205e+01
-3.979365799554992833e+01
-1.738486626516753972e+02
-2.397389392154351526e+02
-1.381043598914390600e+02
-2.009043589567572212e+02
-2.437246729533770235e+02
-5.495050881455973268e+01
-5.022057856504147253e+02
-8.072076245349008161e+01
-4.489425427390823131e+01
-6.760986272265998309e+01
-2.294124230388608510e+01
-2.085041232004647611e+02
-1.245593093996695870e+02
-1.220457002338561665e+02
-9.195774084405080373e+01
-8.128674310156277727e+01
-5.364782172909358593e+01
-7.243274413677502821e+01
-2.828530683107600225e+02
-2.163081639335746331e+02
-9.074530527314833250e+01
-8.183586625502144329e+01
-7.975039416038114837e+01
-1.822006763809949916e+02
-6.092549351220779386e+01
-4.298971920430677329e+01
-5.752924168291269069e+01
-9.108818006885279317e+01
-1.151360414333760218e+02
-3.850169337301055350e+01
-2.554356590469107857e+01
-6.789486824728399483e+01
-2.723487484547491704e+02
-1.085167176227291463e+02
-8.448651790081601121e+01
-8.382119093316939029e+01
-3.334670268854827668e+01
-3.300301024576961026e+02
-1.987366523532508609e+02
-9.018630689906467524e+01
-5.163081454363399558e+01
-8.507623522835166341e+01
-7.798332335218452727e+01
-1.348777084717964669e+02
-2.524936872413773870e+02
-2.350669445151514481e+02
-3.480286673705199973e+02
-5.549669512008406969e+01
-2.044802841280026087e+02
-1.773207959670880598e+02
-1.016770215250618321e+02
-2.328431964843062474e+01
-7.520213728767060957e+01
-4.709654500224033313e+01
-8.752181228452921857e+01
-1.280675146080196214e+02
-6.163386798163087121e+01
-8.299509459612070827e+01
-5.411301161756442468e+01
-7.396308397966053860e+01
-9.332667471800137093e+01
-1.002000234449821505e+02
-1.053022981745380662e+02
-7.926428848963354312e+01
-2.642061097801014284e+02
-9.559898784179692655e+01
-3.334374191679354453e+02
-1.068871855721605328e+02
-4.487664210025582889e+01
-8.300235579448154510e+01
-2.930334775653732038e+01
-8.448300939045985558e+01
-4.619595918070211127e+01
-5.854108587480536841e+01
-8.388254331696029453e+01
-2.499773174881038074e+01
-1.211338165699443863e+02
-2.744517708484096374e+02
-1.879260300854504635e+02
-2.278283188193043145e+02
-2.156865913040135183e+02
-5.433647716991792009e+01
-2.171011451101331602e+02
-6.707642272951085261e+01
-3.024662151271763832e+01
-1.504243204549199220e+01
-4.466927085349378501e+01
-1.979659000237776354e+02
-1.290069219049423737e+02
-7.906098906382021596e+01
-5.408714585501113703e+01
-9.992799594801611818e+01
-9.902811192666599993e+01
-1.300770473038305113e+02
-3.862018287956411200e+01
-9.545622120672803135e+01
-1.175543402459969968e+02
-7.476849079144113830e+01
-1.826451849173240589e+02
-6.647450052538825105e+01
-2.855941378618532553e+02
-2.415936785661658917e+02
-7.924631747630819234e+01
-7.665467865887362109e+01
-2.123650008975033359e+02
-8.620542975272253727e+01
-4.110637705919071436e+02
-3.659610712441751161e+02
-5.069334379397960078e+01
-1.955432354153160190e+01
-1.061623504130888449e+02
-1.462047792210560715e+02
-5.203997918353292818e+01
-5.390329849940275153e+01
-4.937036788879829174e+01
-1.073943549989317319e+02
-3.413107587645883427e+02
-1.270940517426594454e+02
-2.227188406267004552e+02
-8.157151531318591253e+01
-1.672400799504805207e+02
-1.293595468339227068e+02
-1.489692936858749022e+02
-1.872075214147548081e+02
-4.043315590403238247e+01
-6.748674742169784224e+01
-3.245399899397808952e+01
-2.613087800277127712e+02
-5.478182189954762293e+01
-3.592686597574349321e+02
-6.640205780356322407e+01
-1.718455711558969483e+02
-9.209586835101966074e+01
-2.282836733136293219e+02
-3.414242298560589006e+01
-7.631939140253177811e+01
-4.733097999190223248e+01
-6.180712332464196379e+00
-2.521281862327599299e+01
-3.283855715633050920e+01
-7.290110367370338906e+01
-1.027953275904933861e+02
-1.707154238133927890e+02
-1.551308208404198297e+01
-1.134182292965330561e+02
-3.045067533774828235e+02
-4.630409684478824062e+01
-1.868555594203616579e+02
-7.859187253345862700e+01
-3.342517036151787124e+01
-2.913804561488335310e+01
-5.820376490062891861e+01
-1.077481698907622985e+02
-8.395124948833912981e+01
-9.082444234629727475e+01
-1.016201477125840569e+02
-1.997522463955713192e+02
-3.501239420267006039e+02
-3.841408809636922683e+01
-3.786109568704956985e+01
-6.026005784096508933e+01
-1.441175908944125581e+02
-7.709088357192878505e+01
-4.706917260558061855e+01
-4.228240603665400243e+01
-6.611769778469022185e+01
-5.987791846293418274e+01
-7.816854526360799582e+01
-2.061799567645495586e+02
-2.525656510030924551e+01
-1.090792895385030619e+02
-2.385668750325513088e+01
-2.102741374103745784e+02
-8.275487781536170928e+00
-8.388995250052256836e+01
-5.979591243433199566e+01
-9.284835893179050004e+00
-2.866850136806307603e+01
-1.851491913067794712e+02
-4.962439011187254323e+01
-2.185960962141149366e+02
-4.338497036803785534e+01
-1.423503475251006876e+02
-9.817256946889443725e+01
-2.653399804650973692e+02
-4.382306325080723042e+01
-3.636152853506234237e+02
-1.281214712837708873e+02
-1.715171473230963954e+02
-8.585711584173550648e+01
-9.300871113615058050e+01
-4.942990294268344087e+01
-1.576156774084669792e+02
-3.385134587409507390e+01
-3.796732810767008459e+01
-1.001792044408613975e+02
-6.371412532851259414e+01
8.324227275458113695e-01
-6.399143411891991917e+01
-5.181828589322750389e+01
-8.712904960601203186e+01
-1.004463731008978868e+02
-1.756255919620878103e+02
-2.538487679535486450e+02
-2.930577809670762122e+02
-5.268005575328077157e+02
-1.677557547588604336e+02
8.063665477919712998e+00
-1.119411166906697730e+02
4.554841203342380140e+01
-1.410947778498945695e+02
-1.493703697332871627e+01
-2.049147690630194063e+02
-1.064818596623898372e+01
-8.247782870071364414e+01
-4.869968160957102299e+01
-5.487451065460201960e+01
-2.019521404860798839e+02
-8.293917225127268011e+01
-2.491256459997642594e+02
-4.971219333282132169e+01
-1.239333106813016485e+02
-7.156466332775553951e+01
-4.400682296822561312e+01
-2.340667331485720126e+02
-8.483041671077293699e+01
-1.095007403270843440e+02
-6.809459692034076284e+01
7.686397096441153565e+01
-4.086849370329710496e+01
2.176975000436421226e+01
-6.463202560027409049e+01
-3.601912284216860627e+01
-3.941016442279091621e+02
-2.976196041083068167e+02
-2.373366321012670994e+02
-3.247385338191751885e+02
-2.671423987641153417e+02
-2.903212745750465729e+02
-8.793504051355638751e+01
-3.016166941864950104e+02
-2.416364824808185574e+01
-2.555602272030978384e+01
-6.344974630655472936e+01
-5.534805349775665206e+01
-1.276671147186176682e+02
-1.273405359390665126e+01
1.360676180468340135e+01
-6.298817874098869396e+01
-6.965384177752605410e+01
-3.278076239043488158e+02
-3.216013120236829650e+02
-1.330541024596705881e+02
-1.420813823322179417e+02
5.703650555694591340e+00
-3.630290883728575579e+01
-7.559938738429126204e+01
-4.694221511715291939e+01
-1.149825158291220646e+02
7.694846402491717186e+01
1.524858251544739574e+01
-1.931307879335937514e+02
-3.424602556886864591e+01
-4.686774328350048080e+01
-3.921794059721348731e+02
-1.208737923718883565e+02
-2.926027294637431453e+01
-2.939168953359484249e+00
4.835639980091031020e-01
-1.095372460068516318e+01
-6.047215469612661565e+01
-5.267967634526937104e+01
-8.822935651461713746e+01
1.998425255358938557e+00
-9.385880329161025770e+00
-3.347432100637292933e+02
-1.850405212629449636e+02
-9.099472671983755845e+01
-1.072147306261423694e+01
-4.406594284271520223e+01
-4.427708810065386302e+01
-1.179379988553447731e+02
2.798208568017637177e+01
-1.957415894064999122e+02
-3.511503834362501664e+01
-9.208485276619059690e+00
-2.860770409224028299e+01
-1.845922715934567009e+02
-1.735369311602030393e+02
5.026288865583381948e+01
-1.033094540742014402e+02
-6.752853591818833934e+00
-2.460111653977058381e+02
-2.216730377046207252e+02
-1.662460506421716104e+02
-1.078370919018209833e+02
-1.626633489224671791e+02
-6.693476073264349679e+01
-7.861889643442580677e+01
-2.169001088650041140e+02
-2.629241917078957158e+02
-2.203994998036332618e+02
-3.021386254379787601e+02
-2.151979133432425328e+01
2.172625916777876398e+01
-2.769210108348630683e+02
-2.978812995134299513e+01
-4.658164338841756091e+01
-1.424729236724171244e+01
5.029287870634547630e+00
-6.398345839003731328e+01
-2.660911492422579272e+01
-2.394612803774448651e+01
-1.010662057815635961e+02
-1.007627094697329966e+02
-3.526391774740977212e+02
-9.293503622290188559e+01
-8.625740176676801241e+01
-1.874133933117230981e+02
-1.901044304906484967e+02
-3.366728501789136772e+02
-9.802304141388937353e+01
-6.053988743359198565e+01
-2.644554952786503463e+02
-5.684803888079174783e+01
-4.092589619915297305e+01
7.228596363582212803e+00
-5.571667585961449731e+01
2.306565333706615206e+00
-5.967973301448464696e+01
1.357912588031258849e+01
-4.407763542117790223e+01
1.459565985963538992e+01
-2.801393236695515725e+02
1.031566247468053916e+02
-2.967414161244652178e+02
-1.260985384553001296e+02
-6.797370646079102130e+01
-2.240225257611284349e+01
-2.174746317494042387e+02
-3.179968758987201909e+02
1.463631269279579783e+01
-6.137913324300307494e+01
-4.061963032774017961e+02
-1.222678482669033997e+02
-6.641372251559408824e+01
-3.741048267758810084e+02
-4.816545646762209998e+01
-7.591189910536030538e+01
7.745119514899144519e+00
2.021454990414034114e+01
-1.664998810739955957e+02
-3.971327643976300692e+02
-2.304013734901388943e+01
-1.190426855296807958e+02
-6.768495919265180305e+01
-5.642766865761647921e+01
-2.241591263053776402e+02
-1.366166351030400392e+02
2.352296907840383255e+00
-2.286392956337478211e+02
-1.337667019386814218e+02
-2.098359578809119341e+01
-1.326850864557525540e+02
-1.300466528278401199e+02
-7.120955106363385312e+01
-2.195503374596223978e+02
-7.524963463206525205e+01
-7.831029371674767958e+01
-8.103274413447059032e+01
-1.332388650053783863e+02
-8.533636155978707905e+01
-1.681624588569966079e+02
-2.780498637163336753e+02
-5.859718069881242286e+01
-2.808776177839956745e+01
-2.925389323464958125e+02
-5.840681873748489750e+01
-1.578997364504090228e+02
-9.746705762954958630e+01
-4.019024048272200389e+02
-1.431726355956115526e+02
-1.192854985799142469e+02
-7.874821865688801381e+01
-1.512322566296276705e+02
-6.955387544686107049e+01
-7.304240216325294455e+01
-2.066936660686800451e+02
-2.438543715982146978e+02
-4.307639591930831102e+01
-7.269177131398149072e+01
-2.866430890811081156e+01
-1.662917684729205803e+01
-3.331350502562173688e-01
-1.349547597963107535e+02
-3.019392500933016663e+02
-7.386595349395986432e+01
-6.569488015391888780e+01
-1.221856609510827241e+02
-2.493089783516248303e+01
-2.432814126714650342e+02
-1.815693849996838480e+02
-1.139419353593603574e+02
-1.699361015916342410e+01
1.578727376788054926e+01
-2.714199794753101287e+02
-2.956850400564179608e+02
-1.166135746484675906e+02
-7.028328041665328385e+01
-1.013487095788934766e+02
-5.499960552679176828e+01
-1.378590420395263720e+02
-2.192875479279833826e+02
-3.419916193654854908e+01
-7.484929056915160572e+01
-5.863681797125278194e+01
-5.811023393810870630e+00
-2.183053287013819954e+01
-2.668356117977054964e+01
-1.210019653880792134e+02
-2.258898240146311309e+02
-4.366046854650526399e+01
-4.819156230331367397e+01
-4.799049596437373566e+01
-1.780324534340294349e+02
-7.319943737672994644e+01
-9.537798765231171672e+01
-2.005062023650251604e+02
-3.629559131567155106e+01
-5.324587826572220450e+01
8.189115757192752199e+00
-1.127363424330012549e+02
-1.332748366444242549e+02
-2.597653370502702614e+02
-3.627501494571669127e+01
-1.327554584114870124e+02
-6.518991201744566411e+01
-8.143098737574503332e+01
-9.287933729605427402e+00
-7.049658355192705983e+01
-1.473430707347372390e+02
-1.015271824180384357e+02
-1.082252502451567580e+02
-3.288250970197807987e+01
-4.815013986708729021e+01
-2.338229392638022830e+02
4.503874267393942432e+01
-7.197175648659023750e+01
-2.493105462070977012e+02
-8.045770672824005487e+01
-1.251377031790185299e+02
-1.031519957776739318e+02
-3.923872205179732475e+01
-5.556957794375387749e+01
-9.148434556748668456e+00
-4.657987272849142357e+01
-2.763774527741476561e+01
1.199804633145986088e+01
-9.881002461010244531e+01
-7.736957020786780959e+01
3.570683090751458622e-01
-4.653650434639076394e+01
-4.937611729818740969e+00
-1.791645412436805600e+02
-9.149409048669369326e+00
-7.769229163186597020e+01
-9.700723494967375871e+01
-6.035375478332252186e+01
-8.023607070838028221e+01
-3.764484657895567921e+01
-2.597612810597487965e+01
-7.051435184146352242e+01
-6.560347943305775686e+01
-6.253110354137331228e+01
-5.187322981874989836e+01
-8.371361213681507252e+01
-1.245530866176255955e+02
-3.160679326131828759e+01
-2.041003955153969400e+02
-1.336912944827490719e+02
-1.074258035182864575e+02
-4.177156231308310197e+01
-8.097223998657500488e+01
-3.995294142813896343e+01
-3.664373035671027878e+01
6.073622930421650778e+01
-1.189918917097518545e+02
-5.452257728032507345e+01
-2.722320159092530503e+02
-5.240453246546719868e+01
-8.348314056364135638e+01
-5.629174456786655156e+01
-1.115579000826432292e+02
-6.175111597485735615e+01
-7.457213880116071891e+01
-2.244602303173966789e+02
2.941172192664032536e+01
-4.369980946416004031e+01
-8.303513693373139404e+01
-8.489109200267242272e+01
-6.966096942618585786e+01
-5.570286362634827526e+01
-1.126726153651198103e+01
-1.059158827380650791e+01
-7.973602068783360153e+01
-2.873633941563538201e+02
1.234718427427912957e+01
-3.022553803403799577e+01
-7.143659992480175447e+01
1.258753456009073091e+01
-2.349310451097102259e+01
-3.525315602131286141e+00
-2.792626036011459689e+01
-5.455887307055829183e+01
-1.003435331004623521e+02
-6.166661647512678712e+01
-7.685256372015923887e+01
-8.213547850400820494e+01
-1.029937445139538283e+02
-8.795031868815769371e+01
-7.794413878519748096e+01
-4.129790252903035253e+00
-1.306877003077855761e+02
-1.110179040014912886e+02
-5.671246268388373579e+01
-1.077402690188334446e+02
-2.386898947970948370e+01
-7.473260274401388870e+01
-4.672412015051848044e+01
-1.702887535399208332e+02
-7.111259508892072745e+01
-9.619312699263232957e+01
-8.512636996277134926e+01
-2.358102623048898749e+01
-6.889801551034082649e+01
-4.933816054283797570e+01
-8.246118483055519732e+01
-4.169836517215361482e+01
-8.735157858397646180e+01
-9.616057851274518953e+01
-5.676509538522811482e+01
-1.019375929484522629e+02
-1.671709875099256806e+02
-1.234457757277829160e+01
-1.221423734423307650e+02
-7.552040958912438384e+01
-5.908705299940790923e+01
-1.150193243829714476e+02
1.295272437682842792e+01
-6.664941086438355455e+01
-1.085584708055025374e+02
-1.595541725356397365e+02
-3.564947419684722263e+01
-2.056995904052058677e+01
-2.888540202010844382e+01
-2.836684919762552681e+01
-2.207986744627723397e+01
-5.899686228113944964e+01
-1.089899235300760552e+02
-6.212029137804988466e+01
-8.717058366726857344e+01
-8.911772210486181223e+01
-5.959281685476278057e+01
-1.196130758480683909e+02
-4.434783101742057454e+01
-1.725535233458073776e+02
-2.827088066406892608e+01
-3.838950946792212449e+01
-7.833584081698484169e+01
-5.961411036491758608e+01
-9.329224197811441854e+01
-1.173359088022044006e+02
-6.292454803720222145e+01
-1.375858614005530285e+02
-9.943283614919430136e+01
-4.710293473370902007e+01
-1.569761854213032564e+02
-4.833751317441208073e+01
-1.390560684827714226e+02
-1.318967607344891348e+02
-7.250463828834436697e+01
-4.714902162976477484e+01
-4.760161375661252237e+01
-3.568500706710602799e+01
-3.766450300932172013e+01
-4.654098409658558211e+01
-8.310836534454628577e+01
-1.550044043554010500e+02
-1.333172577825314420e+02
-8.679468521597465269e+01
-7.064730889767420763e+01
-2.045860816877892603e+02
-8.691869180121769034e+01
-3.121230501597486295e+01
-7.760355878687090581e+01
-1.323662504804452738e+02
1.239435791859017399e+01
-2.151073924741758958e+01
-1.147197860127940885e+02
-5.474137636380493888e+01
-1.037446350919689309e+02
-1.032773592478390583e+02
-7.126172460866762037e+01
-1.556541423362718035e+01
-1.089953808078843451e+02
-5.524031751389630074e+01
-2.383990403775730726e+01
-8.557354561374748414e+01
-1.658152399324066550e+02
-7.150861386042961954e+00
-6.017925485474278702e+01
-3.398868324939276420e+01
-7.536318621087455938e+01
-4.869373528983685873e+01
-4.408682380944807022e+01
-5.573855412078948035e+01
-1.551036977885321733e+01
-3.103794873562365808e+01
1.197186469132327602e+01
-1.251676775563865363e+01
2.769826925105832061e+00
-3.768321744583145971e+01
-9.664330619149862400e+01
-5.813799157952916374e+01
-9.339574593495476051e+01
-5.978773060887306912e+01
-6.144213157365924616e+01
-7.137166550865703130e+01
-1.030389338679570130e+02
-8.561455535445200837e+01
-2.162603518476086606e+02
1.572642930433568154e+01
-3.417472393224261396e+01
-1.465847501110869757e+02
-2.273303758776454799e+02
-1.151543880790586201e+02
-4.730365355966107899e+01
-4.331909418887346419e+01
-7.034742694133836949e+01
-9.059575520377009639e+01
-1.203181752657544621e+02
-1.237432588030058724e+02
-4.175675370124935881e+01
-2.763181380485406180e+01
-9.638211549991655147e+01
-7.220770136946092066e+01
-1.100387843535568066e+02
-7.690891477607385696e+01
-1.543077137488096469e+02
-1.360372420144229295e+02
-1.578885416392296861e+02
-7.929866338433548378e+01
-6.209803883393936275e+01
-1.458933684207207193e+02
-1.199850166090873529e+02
-1.001431846218332424e+02
-6.363832933966063621e+01
-3.699410296880240878e+01
-1.465051709872223284e+02
-2.987947498153948800e+01
-6.016872942372542354e+01
-9.831273816138568122e+01
-5.853354485503181337e+01
-3.629480468107662716e+01
-6.023896837611338384e+01
-1.359088884074651560e+02
-1.324195550971516866e+02
-2.853128757625356116e+01
-1.497466725053185144e+02
1.553752546223674358e+01
-6.560427588596334658e+01
-6.673479558815154178e+01
-5.275051067123722959e+01
-6.020272513716539464e+01
-1.465264689878401327e+02
-9.122623724849455584e+01
-1.569038589334089124e+02
-4.712348084736069609e+01
-5.867592405523410548e+01
-2.326000408154436627e+02
-1.209333696004770786e+02
-5.867209921761649838e+01
-3.128493436419395834e+01
3.732511649916730789e+00
-1.600037812466282503e+02
-6.771179937597813137e+01
-1.961630354700626810e+01
-1.702080326927971896e+02
-1.490700638754749150e+02
-3.795793130865898490e+01
-6.693692278396440543e+01
-1.568815669113238584e+02
-9.296208269653946843e+01
-1.574684266834587447e+02
-2.692598165554357479e+02
-1.872140305350209815e+02
-1.672799470822737362e+02
-1.017071171832487693e+02
-8.065014224190136360e+01
-2.624170750056025270e+01
-2.308678248393897547e+01
-6.577146360628540833e+01
-2.595102874156323480e+01
-1.609381651529724593e+02
-8.045037418699851628e+01
-6.696951921137105046e+01
-5.807953788304254061e+01
-1.677194721171517813e+02
-1.693946590355427588e+02
-7.908220731172447415e+01
-1.757117541737767965e+02
-1.448636134708506233e+02
-1.085695757197474052e+02
-3.563146310124180332e+02
-2.310871200455031556e+02
-2.189412154684594327e+02
-1.546033663308277255e+02
-4.789623227480340262e+01
-2.657918637925799885e+02
-3.456590647479973200e+01
-2.152402715711601218e+02
-6.880692748175349038e+01
-1.392538349890464531e+02
-4.019633180687924323e+01
2.483204163825320165e+01
-1.353267375120969405e+02
-2.022252826112672892e+02
-3.578065630785914664e+00
-1.611304695228131720e+02
-1.821314303976973292e+02
-6.401505372999534416e+01
-1.701248645450761501e+02
2.371898784057009379e-01
-9.027854291169271050e+01
-1.579819719011625239e+02
-1.664182782843117536e+02
-2.829997726357294141e+02
-3.552444597228655709e+01
-1.990124373486989384e+02
-2.747164921512442675e+02
-2.165782220240226650e+02
-1.090256744790986971e+02
-4.125265769251885217e+01
-8.137131323767647473e+00
-2.118569980778644606e+02
-8.789845312830664170e-01
-6.502677456640483911e+00
-1.397292237579185894e+02
-2.052052249678142744e+02
-1.434122504527075819e+02
-1.689911878110917769e+02
-5.932696679272842175e+02
-1.019418303011703131e+02
-1.859576074606387408e+02
-4.474627593779294443e+01
-7.133062751239248200e+01
-1.413508077326781631e+02
-1.621621253410938834e+01
-1.171754957470642182e+02
2.298016788744935468e+01
-4.618466661856719213e+01
-8.276688022103158460e+00
-8.318918901966046064e+01
-5.231864134631147323e+01
-1.412125825989795658e+02
-5.649493758989383423e+02
2.288354000106260244e+01
-1.483522902018829086e+02
-2.181609802099063415e+02
-1.442092927725670961e+02
-2.743945791144784039e+02
-1.567349314206560678e+02
-8.794709401351323663e+01
-2.378791559914461118e+00
-1.391560007270020094e+02
-1.888470848190678737e+02
-2.573123234623631106e+02
-8.724207599585803052e+01
-2.476775490785092018e+02
-1.735992024579309998e+02
8.022543813564226411e+00
-1.409943891474154611e+02
-1.438627752858996018e+02
-1.753939339268357571e+02
2.555029729964246599e+00
-2.096861427957675517e+01
-4.258442520102041584e+01
-1.163950515572801123e+02
-2.270562128079233446e+02
-1.234090537135192704e+02
-1.716587008574223887e+02
-1.522302842018699494e+02
-1.572796364569252887e+02
-1.618247390774864698e+02
-1.197323012062541068e+02
-1.904954620212586178e+02
-1.699110530844189668e+02
-7.190329065190204005e+01
-1.683026659494001080e+02
-7.751205540073736699e+01
-2.182393194796893567e+02
-1.545438750944632886e+02
4.929847914620498983e+01
-1.865881746480789047e+02
-3.319821085161067913e+02
-3.158193341994026468e+02
-1.780109329454500653e+02
-2.838468838734875987e+01
-6.715474746384435889e+01
-9.569942823859742020e+01
-1.333416221100517589e+02
-2.821360371931520490e+02
-3.102223713946901853e+02
5.583947190682961192e+00
-1.719299095242890303e+02
-6.619908364993196415e+01
-5.227116254931269168e+01
-1.255753155902543483e+01
-7.242037619171286167e+01
-2.672797331743703353e+02
-1.388342238216515057e+02
-1.544477331390437769e+02
-1.785820901728208696e+02
-1.815942209807462575e+02
2.726891680290277620e+01
-1.796110712096298130e+02
-1.338392054421258592e+01
-1.317144948726016196e+02
-2.292139372618046025e+02
-1.925229879529729828e+02
-6.193502811199724079e+01
5.248756336283690871e+00
-6.291043610156409471e+01
-1.220544814677110139e+02
-6.702338937510904771e+01
-7.591335153840667260e+01
-2.931527685421912111e+02
-6.549308986382735043e+01
-1.572999937391468279e+02
-1.554072786471699601e+02
-1.988667070111282555e+02
-2.711877916783226965e+02
-1.394235451141913984e+02
3.371365602603591327e+01
-1.829660427048406746e+02
-7.789263638513267551e+01
-8.971823107233417716e+01
-1.455715934588340588e+02
-1.224380195496397903e+02
-2.025334653174838309e+02
-1.471071676235753216e+02
-5.603875621665622475e+00
-1.750105677404157518e+02
-1.023485660824392340e+02
-1.876279640056982885e+02
-4.130061770391113640e+01
-8.696335060583054144e+01
-1.394539125193223015e+02
-8.350464714842901515e+01
-7.474044508033156831e+01
-2.727417468006505885e+01
-1.535903288048881450e+02
2.316801881091122084e+01
-1.210275800269881046e+02
-1.538076980626739783e+02
-2.541429197203545129e+02
-1.569550137700497316e+02
-3.970317355979619123e+01
-2.365868596412019258e+02
-1.009402905780110302e+02
-1.788191547241956982e+02
-1.546001281643178231e+02
-1.258895363732885926e+02
-3.422923725538827284e+02
-3.272259236721698983e+01
-2.184456473361327653e+02
-1.638801292565737526e+02
-1.659544470106953895e+02
-1.544156866427219654e+01
-2.611350586040662165e+02
-1.000950346332498668e+02
-1.671075697645397895e+02
-1.568594631491374116e+02
4.615219315350771723e+01
-1.574867359492337755e+02
-1.751420823060906287e+02
-1.714464302332294778e+02
-3.100972002478160050e+01
-1.796255599267445007e+02
-2.018383148134961118e+02
-1.601420836530872407e+02
-1.359251846890755928e+02
-1.678074488539778883e+02
2.517865150719482692e+00
-2.471532957463046500e+02
-1.579869479633384799e+02
-2.719506083465437882e+02
-1.042792929275151153e+02
-1.607181966939962194e+02
-1.658982468231826033e+02
-1.459939187583434546e+02
-6.367579707310304826e+01
-1.586848047672241933e+02
-7.734784369438611407e+01
-1.294842951873753520e+02
-8.129874795767342732e+01
-1.068974894180108208e+02
-8.736509479919112664e+01
-9.350815251520343452e+01
-1.015941007352663235e+02
-2.477180378870102118e+00
-7.461763209154339904e+01
-1.344917011726032854e+02
-2.134497637112154109e+02
-1.577745435062403203e+02
-2.762970128336178277e+00
-1.474954887733124735e+02
-8.225479509150314072e+01
-8.767829753721704833e+01
-1.642316581154056507e+02
6.234002208675192946e+00
1.145316519456241764e+02
-2.603887263424113030e+01
-1.204527188891422753e+02
-9.185164426806242943e+01
-4.740070273226580611e+01
-9.203471732907588887e+01
-8.466254707858382744e-01
-1.884546095090571498e+02
-2.099229223727405724e+02
-1.711084523096321277e+02
-1.636799787552854468e+02
-1.722604973189633029e+02
-4.211840768756785991e+01
-4.504817485369817120e+01
4.394562559587114947e+00
-2.617232602364284730e+02
-8.365284244420215032e+01
-3.344679864855137907e+00
1.676609097456011455e+01
-7.522019719052744335e+01
-8.439996461172366082e+01
-4.223069803065149586e+01
-1.672123941491810228e+02
-1.481069099001653626e+02
-1.745059499398363982e+02
-1.913935164644243514e+02
-1.379239426733994378e+02
-1.887646628490563216e+01
-1.284477608619443174e+02
-1.616309526677441397e+02
-6.291152266401907411e+01
-1.837512784052812549e+02
-1.995095248440991043e+01
-3.422433421538863740e+01
-1.063382842196112108e+02
-1.211516097824209055e+02
-1.033096415860289596e+02
-5.720431596137326125e+01
-1.376739123072081838e+02
-5.923365566081523781e+01
-1.710132071527426660e+02
-1.932747928111018609e+02
-1.332990454835150445e+02
1.158842420955222963e+01
1.541980733866026299e+00
-1.200265972682950064e+02
-1.469973138391055159e+02
-8.147170785086515821e+01
-1.661996606579628804e+02
-8.223215643880607217e+00
5.982066745866627855e+01
-1.491775066299433661e+02
-2.272784482662227390e+02
-1.552605366318852589e+02
5.648774233224455088e+01
-1.124787936599645519e+02
-9.693463317708655325e+01
-8.058986343736749802e+01
-1.247047863989653820e+02
-2.665648602393537772e+02
-1.441996901747875199e+02
-1.618702931382539134e+01
-6.204418382095597195e+01
-3.023777287517356172e+01
-1.513286343560788509e+02
-4.421182572633022687e+02
-1.879850875792857323e+02
-3.659026604039926838e+02
-3.889431859820760451e+01
-2.023635329345223681e+02
-1.536336157869170620e+02
-1.610899819104868129e+02
-2.500998390591765599e+02
-2.344459943827661732e+02
-1.396497680711673297e+02
6.759066181755866864e+01
-1.616028897755499543e+02
-1.714506382031920566e+02
-9.585938312002573980e+01
-2.618235930921568979e+02
-2.867566174561130765e+02
-1.122884724908615368e+02
-3.583710953117915210e+01
-1.877794389796038388e+01
7.210040794018993893e+00
-2.173433242573652251e+02
-2.852739892854708614e+02
-1.784203176829853419e+02
-1.700833039206829653e+02
-1.235228707166236433e+02
-1.945846972341338699e+01
-2.856511163060739023e+02
-2.974973839948589216e+02
-1.099017169805913028e+02
-5.598056254766544271e+01
3.022782891702867403e+01
-1.733719367834449372e+02
-1.096404942258670019e+02
-8.285213725280326003e+01
-1.043301782357134613e+02
-3.142397493918215332e+02
-1.914552388254903690e+02
-1.786246119760521651e+02
-2.876325827956242165e+01
-1.775768844146705305e+02
3.588022432732291378e+01
-1.760096335114816952e+02
-1.753212052945774531e+02
-9.421970650950879644e+01
-3.842673152054469909e+01
-1.591436454067541888e+02
-1.586580319972835866e+02
-1.791766196808383143e+02
-1.955204261194690503e+02
-3.075853688928726797e+02
-3.555411375568286303e+02
-6.684152877654024216e+00
-1.848166800814059059e+02
-2.026258908534141199e+02
-2.252841405434143951e+02
-1.445036556482127139e+02
-9.428891209333802692e+01
-2.012712659486062421e+02
-1.543355880192314373e+02
-9.839581552507523554e+01
-6.107527753982864027e+01
-9.024033004318746976e+01
-4.031946903865004401e+02
-3.283147202212830962e+02
-1.021460710385819510e+02
-5.240315126753407071e+01
-1.576038445911372605e+02
2.110871556408000060e+00
-2.333900206381065345e+02
-1.236426320402393344e+02
-3.896782803768150529e+02
-2.225254471534209415e+02
-4.565490793689055522e+02
4.238082696721865261e+01
-1.868017951297952095e+02
-2.901815848888032292e+02
-3.145410116128630875e+02
-1.419556534538519372e+02
-1.506179485196902306e+02
-2.047318668356531930e+02
-3.049683676731440301e+02
-1.883825880977600207e+02
-1.620881436565116474e+02
-4.695269873792095723e+02
-1.055486285966985207e+02
-1.051492054832046250e+02
-2.020079021037246036e+01
2.006468373432729635e+01
-1.382577976728770182e+02
-2.702780251084577685e+02
-1.617614900682931420e+02
-1.722946704426205429e+02
-1.017596959774435845e+02
-1.185797774664873430e+02
-2.443037889784044694e+02
-1.208672197102251147e+02
-2.028518342499858136e+02
-1.537527349721956682e+02
-1.869130790514106764e+02
-2.950690785232400231e+02
-2.357250111015471816e+02
-3.119631145720088625e+02
-1.614800649603087663e+02
-3.133011995796308611e+02
-2.158674933115981958e+02
-1.904340880246372478e+02
-2.485652422068550891e+02
-2.884140743603530836e+02
-1.520260167899751877e+02
-3.196121564797310839e+02
-1.947629975756438228e+02
-1.494511001823161394e+02
-1.704203013822378807e+02
-2.812618040818920235e+02
-2.620931265741095331e+02
-2.195129649865123156e+02
-1.340586269494286853e+02
-1.038569768326715490e+02
-2.868744331860044667e+02
-4.898291831090857613e+02
-3.235102610328948458e+02
-1.853683033551616290e+02
-1.788118982064407305e+02
-2.854261366364833066e+02
-1.271507773728134083e+02
-3.224014828864028459e+02
3.372213332272933517e+00
-3.269351101408950626e+02
-1.348191108280579726e+02
-3.796149393029160137e+02
-1.227389702120505603e+02
-1.957001121506111758e+02
-1.964152651920964558e+02
-6.433920286895711627e+01
-2.908396204041015949e+02
-6.307579237286606713e+02
-1.714687931495992359e+02
-1.008090009380325398e+02
-2.605571964107524536e+02
-3.613321554329386913e+02
-3.053911376960175517e+02
-1.622841088036466601e+02
-3.566812982208100493e+02
-1.830465848117918881e+02
-1.664403398908401641e+02
-3.574604631710120657e+02
-2.843898599384002068e+01
-1.895239338441789130e+02
-4.161963909170610236e+02
8.248351351999691872e+01
-2.951119041018315556e+02
-2.810811909290373478e+02
9.390317730316236577e+01
-5.271017474986002753e+02
-2.342218374423889031e+02
-1.621589032501780707e+02
-2.257645951946370531e+02
-8.386148059966448898e+01
-1.760255653216207747e+02
-3.908301970169035826e+02
-2.252173626512090152e+02
-2.857147845596082334e+02
-1.358964315433957779e+02
-2.064405616589236274e+02
-4.998213954602992004e+01
-8.332022467695250612e+01
-2.860152123297763183e+02
-2.722249348110690335e+02
-1.047496611783802507e+02
-2.231330238711055927e+02
-3.370874596396903371e+02
-3.391147705382495019e+02
-3.308964390534864037e+02
-1.821507501470184707e+02
-1.607663211513917076e+02
-2.477403272746942093e+02
-3.167785704570655980e+02
-2.832186375104799936e+02
-1.681339832679751680e+02
-7.985763315132075491e+01
9.212814199027562267e+00
-2.249319577320449071e+00
-2.755489082100812652e+02
-2.083968374175971121e+02
-1.884862958658323464e+02
-6.094651582785944299e+01
-4.178804993402998207e+02
-3.408065426375349602e+02
-2.263549064790993270e+02
-5.275112504800077318e+01
-5.864858578952548385e+01
-3.037601780472012365e+02
-3.423443211099410064e+02
-3.440626887411816028e+02
-6.043219675942869884e+01
-1.324986916790489602e+02
-3.851129795193457426e+02
2.141185500108562323e+01
-2.785694270007463729e+02
-2.573888821306724140e+02
-3.414960947820429737e+02
-3.215132245472358363e+02
-3.111663051310974879e+02
-1.598912441709584016e+02
-2.601597611667433512e+02
-4.292492072909304852e+02
-3.282857648532287840e+02
-3.460053055483240314e+02
-2.958920899271178655e+02
-1.524400365574892930e+02
-1.016867704403469759e+02
-3.154996458690650343e+02
-3.255983604475771358e+02
-2.666841353379186330e+02
-3.115125310418296749e+02
-2.725505163914692730e+02
-1.934575089197763873e+02
-2.018215670332401714e+02
-2.974395962290541320e+02
-9.478907311944307423e+01
-2.903530431504310627e+02
-3.038080459743434858e+02
-3.581136388522879770e+02
-3.664122120695678291e+02
-1.716204604172870063e+02
-1.909754813369215185e+02
-2.746150700505784243e+02
-1.528490472777862408e+02
-2.947052986672593988e+02
-1.320331805857987888e+02
-2.344421821814269435e+01
-4.903358267755798749e+01
-2.233067539288627472e+02
-1.165535157267075022e+02
-1.917765523989860981e+02
-2.348924800717186940e+02
-7.545919223305989476e+01
-2.548079477534576824e+02
-2.427575010734367993e+02
-9.238373490420747203e+01
-3.852225328065673011e+02
-2.707193851114790846e+02
-1.127290197611279865e+02
-1.481729611134907145e+02
-1.377315226504670989e+02
-5.031601036089704735e+02
-3.783927873850530545e+02
-1.867572249182684629e+02
-1.775471001346505773e+02
-1.288232069721405821e+02
-2.767580272286896275e+02
-1.825096807505728123e+02
6.834889942381039418e-02
-5.252122254399006351e+02
-3.015756802597354636e+02
-1.703503676322148408e+02
-3.575476480956743899e+02
-1.372824074183982930e+02
-2.888569427896096045e+02
-4.283877234925735706e+02
-2.450508987922620179e+02
-8.446133581711301019e+01
-2.997956755791390151e+02
4.721489666367887139e+01
-1.225600984962546534e+02
-1.705923977421041684e+02
-2.355602169211896637e+02
-2.816959383963969685e+02
1.023061551401063127e+02
-1.451049091665452693e+02
-2.641913201477607345e+02
-5.316060500869453875e+01
-9.310341072059567580e+01
4.481299976505040661e+01
-8.085160575176097097e+01
-2.261020773522641889e+02
1.022099428890163608e+01
-1.387057796782728190e+02
-1.185585620567431135e+02
-4.062123259967473814e+02
-6.017543157290579359e+01
1.453492816460567028e+01
-2.705012301330820037e+02
-2.491833838011566797e+02
-1.730236472153173111e+02
-3.361534414534224879e+02
-2.994031551140309944e+01
-1.865026000379169204e+02
-2.225841730047713440e+01
-5.117461997205611368e+01
-2.889476649083980533e+02
-1.391381313584246868e+02
-2.090668324329320455e+02
-3.706100893557271547e+02
-2.509113135048897902e+02
-8.499224375620785565e+01
-9.439111974091085244e+01
-2.015798513029717469e+02
-1.561605355424406980e+02
-3.381555991268945149e+01
-3.802414242810865517e+02
-1.625033129743287077e+02
8.882986671888247088e+01
-1.138156491234586838e+02
-2.182862359126201568e+02
-7.680884600553696373e+01
9.733116101933593001e+00
-3.523488554166024187e+02
-2.506884825378205619e+02
-1.234100360593065915e+02
-9.315741386510438815e+00
1.016615271068592818e+02
-8.525725199174360114e+00
1.269412711948025674e+01
-3.696277253559895115e+01
5.163381644129182035e+01
-3.555494587069208023e+02
2.559443722552023814e+01
-2.627515028843336040e+02
4.776456878281095442e+01
-2.123364808975456981e+02
-4.813536230725613763e+01
-8.684708782793904014e-02
5.721790938097765888e+01
-2.547748166671407546e+02
2.040494564809841194e+01
-9.226841536737750005e+01
-1.367888475331647840e+02
-1.189415262531027508e+02
3.979128770857444408e+01
-3.835269069795363350e+01
-7.531221892461941536e+01
-1.748043725617713733e+02
-2.432901214433291273e+02
-2.480175903466812315e+02
-1.151247780762236061e+01
-2.311548104769602219e+02
7.487275331807231282e+01
-1.629723548848072312e+02
9.297860700013404767e+01
-1.283304119841493787e+02
-1.153236426292217800e+02
-2.202217344937586176e+02
-2.113453715575616343e+01
-4.238916513970489177e+02
-1.416875179412425609e+02
-6.069535453316488827e+01
-2.582968439870932116e+02
-3.948759476251166234e+01
3.688302399264264864e+01
6.329367233511423052e+01
-2.029507168064066036e+02
-2.314796912938251694e+01
3.698079288548936461e+01
-3.050922644492068514e+01
1.026735414775994393e+01
-2.392159958530187680e+02
-2.070610048166196293e+02
-3.120910826530798658e+02
-2.946122826676510158e+02
-3.493137948578277019e+01
-4.115138140750392637e+01
1.260803618290047723e+01
1.838190609710702361e+01
-8.471676454217843855e+01
-2.499651046172475333e+01
-4.108996405016866049e+01
9.554809097903358861e+00
-3.060466409838606694e+01
-1.015513539975135728e+02
-8.295013270940160055e+00
5.950451782637296105e+01
-3.523436050284891508e+01
-3.993467217438354311e+01
3.871160714153407412e+01
-7.060196352962009314e+01
1.917616860201259499e+01
3.669350124462312124e+01
-6.507833250948883119e+01
-4.598661457480601911e+01
-1.352232713188894309e+01
-1.395735596113436827e+01
4.414227066167153168e+01
-4.413281465897341604e+00
-1.698851728029922015e+01
3.023212539231082019e+00
2.514235995189406481e+01
-7.119380813219275694e+01
-3.795917076143197022e+01
-7.343907429625905081e+01
-8.372921602397195784e+01
-9.540696367403243983e+01
-5.368517715686872549e+01
8.086918000455415267e+01
7.392578628673780372e+01
2.187343672968619046e+01
-6.965148224007793942e+01
-1.154252742646018959e+02
-6.860755399074301408e+01
-3.833351656992742562e+01
-2.140360121313094055e+01
-1.525648148349102939e+02
-5.867218474815744145e+01
-5.386034709964701506e+01
-2.336920835755701376e+01
-1.611147385998555706e+02
1.941080449237290395e+00
1.048455567832626230e+02
1.313189138688888420e+02
-8.083661265429921627e+01
-4.228559562580209530e+01
-2.688361833778797916e+01
-8.546754469217982830e+01
-1.740859192532315092e+01
6.981716393369217144e+01
-3.048203148792483148e+02
-2.205185313003815395e+02
1.183346938371219608e+02
-8.519235320731905858e+01
-3.726408513759040630e+01
-6.941247239118143852e+01
3.681802857803516105e+01
-8.053859490328125048e+01
-9.721386365967106258e+01
-9.860121536551432087e+01
-5.001346653874403358e+01
7.834681275194350292e+01
-5.241966458742469825e+01
-3.370490907313982234e+02
-2.672296289195753616e+01
-5.888350882734678748e+01
-8.679629057451406027e+01
8.820853798275513213e+01
-1.125281856539177596e+02
7.752091583772423178e+01
-2.054621741633610554e+01
2.195489020874438779e+01
-1.569504875155770378e+02
-2.061722813621466912e+02
-1.773546186710400434e+02
-5.283243207244543527e+01
4.540116053021583298e+01
-2.977847088709732759e+01
-1.358554904488900092e+02
-1.512623106285780636e+02
-4.834592289931675424e+01
-1.311714207936323930e+02
-1.636113200658893447e+02
-1.710463186269542746e+02
-1.114153246202915142e+02
-1.434274483887955398e+01
-7.416496754362120214e+01
-1.592641470031767312e+02
-6.938262089205734640e+01
-3.848029185123820639e+00
1.987204517666758079e+02
-1.287708231546484683e+01
-1.392513568295591995e+02
-1.888310034157547079e+01
-8.015219159155839179e+01
-2.637162643921752192e+01
-8.399467813922399273e+00
-1.296882743688665300e+02
-4.670873432630236266e+01
-4.611128863247292031e+01
-7.679967937558009794e+01
-9.771134484940193943e+01
-5.582248595332056595e+01
2.381279286216538651e+02
-1.535766325838215778e+02
1.578797703165351152e+01
-5.381194456607801158e+01
2.402884077182731914e+01
2.963139718778271003e+01
-1.691957858611899042e+02
-1.102444626077157181e+02
-2.886029292193025242e+01
-4.346958819134034258e+01
-1.266302305128622265e+02
5.441301743874319641e+00
-7.576154218121706663e+01
-6.711441109994308363e+01
-7.008825464868030508e+01
-2.400386524276974853e+01
-1.462668174348849561e+02
-6.866510403447573196e+01
-8.823817306816951600e+01
-1.466412692256815831e+01
-9.614016141417471317e+01
-4.450141011957100545e+01
-1.286276530033399297e+02
-9.721044765788064979e+01
1.294253808986141507e+00
-8.304048262564086258e+01
-9.254112396692603681e+01
-7.133160272306645311e+01
-5.836800107210362398e+01
-1.151629314930976307e+02
-5.240683482429784590e+01
-6.819393895167100084e+01
-2.969986793005747927e+01
-1.582688255808156441e+02
3.165302559835154739e+01
-1.050319220423911446e+02
-2.207595090766835142e+02
-2.206430396258333815e+01
-4.114059085951514305e+01
-6.528189070426620333e+01
1.818367834707187214e+01
-6.656636075237548766e+01
1.338309846434081152e+01
1.887564037620720114e+02
2.117049300738310080e+01
-9.476294790366320342e+01
1.043606793185094830e+02
-3.212459248418073798e+01
-8.042243347974442713e+01
-1.096947101822581487e+02
-8.803237181897422658e+01
-5.980087614758490844e+01
