-4.501239036247744707e+02
-3.997625037791272717e+01
-1.816350206349894165e+02
-1.739105038610998122e+02
-1.260133025036906673e+02
-2.899655090433747091e+02
-4.390613918588874185e+02
-8.952636876130779342e+01
-3.220375618331627265e+02
-1.577854663888395521e+02
-7.300211250235582838e+01
-1.714136402402667443e+02
-1.953268876347333389e+02
-1.429277672537746753e+02
-1.986740418250910523e+02
-2.309623749470566736e+02
-4.513864948033576638e+02
-2.442256610584742020e+02
-4.094192313167064299e+02
-5.459883490965919464e+02
-2.578575601781194564e+02
-3.032834449590028498e+02
-4.243150598145813888e+02
-4.173193405908329510e+02
-2.050043337994565036e+02
-6.433296990452566888e+01
-2.030115108794593652e+02
-6.084579749879378596e+01
-1.757606859096452467e+02
-4.679952398477071256e+02
-4.565209160730368012e+02
-1.162622965897598419e+02
-3.684715440325911118e+02
-4.631942992387623121e+02
-3.691872605091609927e+01
-1.481693831679299365e+02
-3.373582568486613695e+02
-2.447970058411958689e+02
-3.401104985936678418e+02
-4.883520355072951133e+02
-4.155680048360751471e+02
-1.621848358452480738e+02
-2.756319474513361456e+00
-7.937010086623098459e+01
-1.289696424692285461e+02
-3.523850847848478907e+02
-4.184785578064401079e+02
-7.225661583268355059e+01
-4.156602265221679886e+02
-2.741502050769764764e+02
-1.054019956878402553e+02
-1.019621334740900664e+02
-3.673734311212338639e+02
-2.615597978767535778e+02
-3.228660312564075525e+02
-2.797197954976472829e+02
-3.247332310551627188e+02
-3.812615032743627808e+01
-2.075820202686676055e+02
-9.087952752342204121e+01
-2.944238147892183974e+02
-2.361574098919492144e+02
-1.831239280353408105e+01
-6.660213062758158742e+01
-3.837202806854000414e+02
-1.787338809059817208e+02
-6.442500340757567301e+01
-2.548959614083777581e+02
-5.021819128483680572e+01
-3.643196302085308389e+02
-3.001792139177273384e+02
-4.173577781186263564e+02
-4.288023532056938052e+02
-1.273205184646909345e+02
-2.917795327338041034e+02
-6.230555230705736847e+01
-4.274312763897856939e+02
-7.752887953856449599e+01
-2.624594216464566898e+01
-5.752004715120378364e+01
-3.185166360965864669e+02
-4.285503737933333213e+01
-3.517001009037001040e+02
-4.573373913217237714e+02
-3.063140864415977376e+02
-3.520972801752145642e+02
-5.109168510126714864e+02
-2.176086962617930567e+02
-1.659678745081042734e+02
-4.349039593897975919e+02
-1.047046085306188132e+02
-2.570985259818016857e+02
-3.902280864980460251e+02
-1.073812315817492902e+02
-1.218408070781863870e+02
-4.490259842013247180e+02
-7.874050554465082996e+01
-1.231313912056674837e+02
-7.022311292491343693e+01
-6.214642151817339766e+01
-3.099382692275128193e+02
-3.836199617402958211e+02
-2.887794483555231864e+02
-2.909922542690799219e+02
-2.540641874916036613e+02
-8.287246791770181176e+01
-3.472254470144929428e+02
-8.244350640465061986e+01
-2.712555100439101352e+02
-3.485177970444050857e+02
-5.623282956522925815e+02
-2.286718136607322833e+02
-1.424498288338361078e+02
-3.488079845039853240e+02
-2.689963168541804066e+02
-2.928174075582275577e+02
-2.945222814073721338e+02
-1.942254003172366197e+02
-3.998843174026565634e+02
-6.650665184419062825e+01
-3.704769677448655329e+02
-2.671915577363188277e+02
-3.211016980240606244e+01
-1.266807127765335679e+02
-8.525143675660231679e+00
-3.471044702125249160e+02
-5.813344354573478086e+02
-3.436415091845540246e+02
-3.646651533603005078e+02
-3.353276575094173495e+02
-1.534993671874190966e+02
-8.787629164331521281e+01
-3.152423004190368943e+02
-2.390305767140991122e+01
-2.580259272778567947e+02
-5.883887867381815795e+02
-1.915694587931209298e+02
-3.360554706864437549e+02
-4.541507407370595502e+02
-8.523245382780852708e+01
-1.765754231485914261e+02
-3.315185100480959477e+02
-8.577823795724910383e+01
-2.436606126741974663e+02
-3.221093126663881208e+02
-1.296179376685973921e+02
-6.857660534033951194e+01
-2.156377630124539451e+02
-3.338312721407556296e+02
-3.454803441459119995e+02
-1.090647573099645626e+02
-4.292494284401103641e+02
-3.255633476491026954e+02
-1.956873651869947821e+02
-4.184179659471107016e+02
-5.093002667543004947e+01
-3.277374367610754007e+02
-2.999535364580441410e+01
-2.587101297065731842e+02
-1.300177982966210664e+02
-1.389427313217926212e+02
-5.154597211075697487e+02
-1.697148371084517180e+02
-6.388506125597462670e+01
-1.332921492029549881e+02
-2.760387439537845466e+02
-3.289093094694698038e+02
-4.647649133530702557e+02
-7.388074147151642990e+01
-1.260467506654227776e+02
-2.938855089427084408e+02
-4.424493696679065806e+02
-3.187258574354195275e+02
-1.647085023976161438e+02
-3.234973070058069311e+02
-8.409347106649940429e+01
-1.922474946603387593e+02
-1.885967491391825490e+01
-3.043988156429905416e+02
-2.278935485436269346e+02
-2.076034971937855289e+02
-2.769559598574139159e+02
-1.237788769980577541e+02
-3.849558329737319582e+02
-2.837314147492487564e+02
-3.063793323211793904e+02
-1.615877072373829151e+02
-1.509065413660227364e+02
-6.784158827157227734e+01
-2.707151538610546027e+02
-1.912889324684801977e+02
-1.297930766859447260e+02
-2.337062138581285353e+02
-1.078961534690259043e+02
-1.945639042223461956e+02
-2.577602733280121470e+02
-1.507424167006946902e+02
-5.815128549176422723e+01
-2.894710077812498525e+02
-7.987387783309833367e+01
-1.247802089172552797e+02
-9.821209645838109736e+00
-1.688154451825445221e+02
-1.914640165601176136e+02
-1.027065411451992532e+02
-2.890226832630829676e+02
-8.304063207138464975e+01
-3.990494944275139346e+02
-2.050096965996425524e+02
-3.857850014185238479e+02
-6.821720216489144661e+01
-8.438249063837854180e+01
-1.430219719751691514e+02
-1.119357625344865141e+02
-3.322018160744220268e+02
-8.039824722649269972e+01
-8.919741377471990518e+01
-2.145088594078358142e+02
-3.572648368982967781e+02
-1.012088298928881329e+02
-4.406469981693763316e+02
-2.545884980594350111e+02
-2.151451249432738564e+02
-3.387810077716521562e+01
-2.109965664833724190e+02
-4.244365148003265062e+02
6.439242914382579386e+01
-5.152686858992557291e+02
-3.416266959032078603e+02
-2.556983294147209449e+02
-6.970801527177255252e+01
-1.055052164835693134e+02
-2.994636071244421487e+02
-1.587350107136456643e+02
-1.874437527432694992e+02
-5.618521728263667114e+01
-4.272342358695492237e+01
-2.093862355244177138e+02
-1.972276860467092092e+02
-4.334338667387565636e+01
-3.413091148402397721e+02
-1.976488065438228432e+02
-4.722735997073979775e+02
-3.535050814623431279e+02
-1.902082205937755361e+02
-5.552346331311849781e+02
-7.025609763565500998e+01
-8.868072230396248301e+01
-1.776653046899602941e+02
-4.795466137968187326e+01
-3.128457347885255331e+02
-1.310103808622497183e+02
-1.671779580938748495e+02
-1.053355647579589771e+02
-1.416463539291082441e+02
-2.513485172672715464e+02
-2.047171569147686512e+02
-8.863192460258358096e+01
-4.531451116298784996e+02
-3.661641585087272688e+01
-5.609249477567860254e+01
-2.639461702750282939e+02
-2.365088280602719806e+02
-2.458275106937579153e+02
-7.536797874213556270e+01
-3.667347304966256161e+02
-3.209989921754959141e+02
-1.109643693274767315e+02
-3.969682151349439891e+02
-2.428473957154206460e+02
-2.499620631392195094e+02
-1.516794828079883644e+02
-2.427464630210109533e+02
-2.534328421100854882e+02
-2.141760631237083885e+02
-1.124887553265773477e+02
-2.477412937748825925e+02
-2.708587652966403994e+02
-2.542543752836267004e+02
-1.903977026187865249e+02
-1.121334100067643931e+02
-4.654948189601547597e+02
-1.028223759265975588e+02
-1.492688309475864799e+02
-4.977936820523127892e+01
-4.909524560496059564e+01
-2.616878520649745496e+02
-9.941964175206776133e+01
-7.363202872986359182e+01
-1.977013730327589087e+02
-3.085166760724530377e+02
-4.056898389326847223e+02
-2.676968549017471446e+02
-5.017119603788909217e+02
-3.339002966617569541e+02
-7.240869908139465849e+01
-7.151714983859417885e+01
-2.013458865958514821e+02
-1.210269987239639562e+02
-9.937376862230114227e+01
-1.742488733553364000e+02
-3.440605774894503952e+02
-2.419634954057920027e+02
-5.957797740289633737e+01
-8.787113156652355883e+01
-1.345637193047719506e+02
-6.338792899607416587e+01
-1.008436935524702704e+02
-2.254172100038820190e+02
-2.194804239230779217e+02
-9.148484565309883010e+01
-2.579106736392991479e+02
-3.261991731414072433e+02
-1.804704741061951552e+02
-2.331829361086861354e+02
-1.016604040860954967e+02
-2.800380135661654890e+02
-3.142896345759855876e+02
-5.845114853525397081e+01
-1.164480046043058650e+02
-1.080836058732347169e+02
-1.693425570438663499e+02
-3.845062572263490779e+02
-1.427710336690131783e+02
-4.160977586969162303e+02
-5.572375044496743612e+02
-2.658461805413421075e+02
-6.983370922263972602e+01
-7.314983763306015874e+01
-6.954890630552657171e+01
-4.905152817506357792e+02
-1.751851657284769317e+02
-1.176495766420790829e+02
-1.010775706555399296e+02
-3.521128651178954669e+02
-4.341783402784637929e+02
-1.006423522747194284e+02
-7.430589073490097007e+01
-1.688578867417090237e+02
-2.636022499379334931e+02
-4.399612845244460573e+02
-3.029505065488871765e+02
-9.465148918380525345e+01
-3.766717271110256888e+02
-1.006939006620905843e+02
-2.588922567409659905e+02
-3.197214577807396836e+02
-2.162073297674785977e+01
-3.961341464280039304e+02
-1.854397579307583896e+02
-5.255852672406295056e+01
-3.729689995938454672e+02
-2.975177167561338365e+02
-1.418925497090967554e+02
-3.271669053835902332e+02
-1.552062241836656540e+02
-7.241451220823142876e+01
-2.057123102824943430e+02
-1.044141988984078182e+02
-7.322722789053793235e+01
-7.706228953374690605e+01
1.491022318783900857e+01
-8.934966828849098874e+01
-5.350665095638883173e+01
-2.673869699865301186e+02
-1.019511461392910832e+02
-8.448278911990045970e+01
-2.933254560902513504e+02
-1.657707843332153743e+02
-8.611738888165710648e+01
-1.856020433656379396e+02
-5.675367889454928871e+01
-9.731929781660532797e+01
-1.424791500280944376e+02
-2.437592003138522898e+02
-1.129536670359316872e+02
-1.318990988598109197e+02
-7.027063856665945707e+01
-1.718514967493384518e+02
-2.662518089979886327e+02
-2.834454659127567311e+02
-2.652184480940586582e+02
-2.864004350200755198e+02
-2.012178283525817619e+02
-2.914839745813564491e+02
-2.811070572826290572e+02
-1.729981828600429026e+02
-2.360503363130913215e+02
-8.652952036789429258e+01
-2.974675248224704092e+02
-1.189607361110983419e+02
-1.928365822054423688e+02
-1.331705626120579780e+02
-1.398943494264549940e+02
-5.333441201040593569e+02
-5.108172334706411277e+01
-1.180094941117556857e+02
-8.879574753465595904e+01
-3.348852423582958977e+02
-1.919685002622603349e+02
-8.225885635004635787e+01
-3.797532220772736764e+02
-1.142870987247547703e+02
-1.575200575791738231e+02
-4.348684959508783550e+02
-1.071834054118349258e+02
-1.845868655367463589e+02
-2.071986246352797707e+02
-1.754161080513446791e+01
-1.058532882226757721e+02
-1.120350307937815586e+02
-2.427741604240650304e+02
-8.102070127168907732e+01
-5.777706113738246074e+01
-6.053427692618573275e+01
-1.993138951341726397e+02
2.087086603080496161e+01
-4.868789077987898963e+02
-1.690372649139721943e+02
-1.387636290098788550e+02
-1.923853393609512068e+02
6.659727021505361222e+00
-1.345625580691205414e+02
-2.288088568155922076e+02
-2.942247378736327050e+02
-9.819060745041835503e+01
-9.673513107563992719e+01
-1.421749940435518624e+02
-8.825772699515702868e+01
-1.079013697966510961e+02
-2.683002885729176796e+02
-1.649917124771079102e+02
-7.682451345105896223e+01
-6.698036722182435199e+01
-7.929200449439099430e+01
-1.055948921273081993e+02
-4.754299824522801288e+01
-3.059134178895851619e+02
-1.678598498906053464e+02
-1.509927924635327656e+02
-6.724630529491503239e+01
-2.748547505947257150e+02
-2.841090804019482903e+02
-1.246104785291896349e+02
-1.587158038060909462e+02
-4.143352570686348457e+01
-1.802298513202763957e+02
-7.218984492714000112e+01
-2.429330249519587142e+02
-4.966486217412540327e+02
-1.484634373005067118e+02
-8.058474923912726240e+01
-2.411987575532170354e+02
-1.349426132045020381e+02
-1.678450777984654110e+02
-8.616598233882969282e+01
-2.603506221896864758e+01
-3.083863962335927908e+02
-2.030098036862212041e+02
-8.851701519828307596e+01
-1.272759218085147523e+02
-3.452987650233261547e+02
-9.024268475812749557e+01
-1.110836189601118349e+02
-8.955792770570343464e+01
-2.517429356065416926e+02
-7.392501405056786723e+01
-1.025627254464638867e+02
-1.015898725751446392e+02
-3.610268672844989624e+01
-1.996868512588106626e+02
-2.631744109115349488e+02
-1.445087970082331310e+02
-3.013476181208857838e+02
-4.054600942877233365e+02
-1.338781437533927487e+02
-1.669707780580820611e+02
-2.347127667933844464e+02
-1.663406745278055610e+02
-2.458555699457315598e+02
-7.377601783457176055e+01
-8.155741448082792999e+01
-1.101386901520948243e+02
-5.723250186968306252e+01
-1.019746997549270588e+02
-3.082329353838607631e+02
-3.177176964902031386e+02
-2.125472549489503535e+02
-1.499358971849286775e+02
-5.743088737052896420e+01
-2.090048577075133949e+02
-1.013539090821232520e+02
-1.904943326571564057e+02
-1.040671524552376042e+02
-3.397211576377210918e+02
-2.074262342656576834e+02
-8.771112141009069774e+01
-9.562232344716395005e+01
-2.827821815546712401e+02
-7.253260044288278152e+01
-1.089208338280450192e+02
-9.841008914458441836e+01
-2.264354299431365121e+02
-1.047084565799699618e+02
-7.208284203498649845e+01
-2.827672260043583492e+02
-4.016693724036845197e+02
-1.136562986657756653e+02
-6.615822622561572075e+01
-1.387944187139779331e+02
-1.816693960245034418e+02
-1.065829104604496393e+02
-1.503200909971597525e+02
-4.543221334179812487e+01
-9.722137571532609002e+01
-1.799876712423875915e+02
7.250936768591671466e+00
-1.023188439943059080e+02
-1.291520382256554740e+02
-1.045344885776186317e+02
-9.661912930492074736e+01
-1.687189846152618600e+02
-8.231220226173208232e+01
-1.415037858746975985e+02
-6.253116945577618679e+01
-1.782715243575386523e+02
-3.177667729647263286e+02
-8.159620273404408408e+01
-8.586800862521069178e+01
-1.070052768401644272e+02
-1.714105341318710316e+02
-1.843975787486617435e+02
-1.310004321718155609e+02
-7.820179605154807234e+01
-9.954508222767451286e+01
-1.560280731220305199e+02
-6.952737559536697631e+01
-1.463794494981493699e+02
-3.432273519540689222e+02
-2.822376381839471833e+02
-5.248849782329656932e+01
-9.639369468982557976e+01
-1.092675031515924218e+02
-4.630282708658887714e+01
-1.154032751021731968e+02
-6.772338729066505891e+01
-7.439513204260882162e+01
-1.472640351367199401e+02
-3.840874413111611574e+01
-3.292400205486759432e+02
-3.212113367191417410e+02
-4.496786115662035144e+01
-1.359197642982243792e+02
-3.074179836944737190e+02
-9.167589638324828627e+01
-1.731299342064022539e+02
-9.691054351922690557e+01
-1.576111349099496692e+02
-2.579633456686528916e+02
-1.292510633758603262e+02
-1.461328885942135116e+02
-1.793733867566496087e+02
-1.171609068992281379e+02
-1.139279141662070174e+02
-1.504199244062940863e+02
-2.035207121575219844e+02
-1.919829032114960796e+02
-1.173383540856063121e+02
-1.921756571587498001e+02
-2.163296872892606189e+02
-1.219193876577741378e+02
-4.587657976119092496e+01
-9.891579100721865814e+01
-1.038811222045255960e+02
-1.204640640439931900e+02
-9.174182155927451277e+01
-6.887963533452690967e+01
-2.794240427461464265e+02
-2.107657928858136813e+02
-2.139134254057259454e+02
-9.974403667697993114e+01
-1.350736349348345016e+02
-9.760348939836369198e+01
-1.199096366430041343e+02
-1.013064700254115564e+02
-9.350090794510454373e+01
-1.124881751631509132e+02
-1.099384811495855558e+02
-1.560056580759544431e+02
-2.061226259880526470e+02
-1.596409606241211918e+02
-8.960658258776601315e+01
-1.036956908369522097e+02
-7.378862149476321974e+01
-1.424974818706424742e+02
-9.425855766040162109e+01
-1.721225632201193321e+02
-1.109018742136117908e+02
-1.398060516768258879e+02
-1.033689928322757225e+02
-5.636046917440727100e+01
-8.403060629257113590e+01
-2.238896038272670808e+02
-1.182882430023643963e+02
-1.570599600221010519e+02
-4.045402602222895894e+01
-6.948853440661218883e+01
-5.462988568524860966e+01
-1.902288575165451903e+02
-9.755347285476665320e+01
-7.564349131431579565e+01
-1.795529977199953180e+02
-3.736430405910702035e+01
-6.376458747207431088e+01
-3.232656544076414775e+02
-1.410119850329517135e+02
-6.352084374134237521e+01
-3.788434955097396823e+02
-8.076870750013522127e+01
-3.320785640517806314e+02
-7.996399877693946223e+01
-6.979624869295565759e+01
3.407369101673793921e-01
-6.270874592974443829e+01
-1.005523866055804660e+02
-9.999095069891254184e+01
-9.349401522930934050e+01
-1.802900090549388494e+02
-3.901120464183403413e+01
-2.562636995591342384e+02
-6.123719647436116276e+01
-1.071507394419003703e+02
-2.045724161076736323e+02
-1.797606732947297701e+02
-5.926339595484319034e+01
-1.056759169850436990e+02
-1.365619103234787985e+02
-8.047764421787235278e+01
-1.382778979038400564e+02
-1.050418721068007812e+02
-6.229397419565565031e+01
-9.511678849788457057e+01
-1.981453009801986695e+02
-8.216922414783650197e+01
-8.489314916016368784e+01
-1.115561012610918397e+02
-7.633054363555646660e+01
-9.665987638866239706e+01
-1.178644443407302447e+02
-1.468590862647225208e+02
-9.652203503264591689e+01
-5.483779295825238620e+01
-1.105234240041899909e+02
-5.747285189735979571e+01
-1.002154373723707437e+02
-8.449943115761342938e+01
-1.748400966608049885e+02
-9.123817753806042674e+01
-3.713702295730097944e+02
-1.020620348107505890e+02
-7.774657652538508046e-02
-9.218539622607947592e+01
-2.011493641772580361e+02
-9.454169258242092155e+01
-7.448215851658616771e+01
-3.238003198216781584e+02
-6.764543703021605836e+01
-5.798316671361914132e+01
-2.197091926292763162e+02
-3.105884654011964585e+02
-1.327957855517456380e+02
-8.042402063795404388e+01
-1.101897644271885497e+02
-2.816013153181705775e+01
-9.768761785436782930e+01
-1.637626787564193762e+02
-8.316106847024008175e+01
-6.747132855753008585e+01
-8.994254807230372251e+01
-8.305179365561801319e+01
-7.314456062729406938e+01
-9.894286536090788786e+00
-7.294677356258094392e+01
-2.350227134105700202e+02
-1.090639219748859574e+02
-1.083172658680898195e+02
-1.216574960627425241e+02
-8.196834328474145082e+01
-8.962691292219599859e+01
-2.515560041776289495e+02
-3.400529492571695300e+02
-1.179934391105878433e+02
-4.704342384690041001e+01
-9.165066160643401361e+01
-7.677480746456745919e+01
-1.343068220348186514e+02
-9.614297297370600859e+01
-6.210521761632745807e+01
-8.131574132857784321e+01
-5.452762295059996234e+01
-3.399290718793338328e+00
-7.795129443615078912e+01
-1.763509298602055537e+02
-9.524673528014768920e+01
-2.632667610576120865e+02
-1.175012720074438164e+02
-9.658795331372397186e+01
-4.510165041003760678e+01
-1.778713750189584175e+02
-9.041820913403537929e+01
-1.638106097002795707e+02
-1.078661486328992112e+02
-2.833035026298756520e+02
-4.743813142319412890e+01
-1.484403419427540882e+02
-2.039953488043897494e+02
-8.468116612216408612e+01
-2.692485754295470315e+02
-3.910625864043720412e+01
-9.244162727817003145e+01
-1.989743358391913262e+02
-7.143291584870281952e+01
-1.989755173605367986e+02
-1.112742205983037280e+02
-1.107655703847909194e+02
-8.867674283646870492e+01
-1.687096343888933347e+01
-1.150038826864761177e+02
-1.366366005222738522e+02
-3.214585875091179332e+02
-1.820697951029719093e+02
-2.387922469837580195e+02
-1.026767259745652723e+02
-1.782765662956634571e+02
-3.477617593106882055e+01
-1.416372586608652284e+02
-7.517264912343770789e+01
-2.573939391853729148e+02
-8.459020568990014510e+01
-1.085082768137426257e+02
-9.833189230547243653e+01
-1.212780462412670914e+02
-7.935468895363533193e+01
-1.982131538195172311e+02
-6.820016874752320746e+01
-6.054517289733795593e+01
-1.069801236450248751e+02
-1.728136615860329925e+02
-8.273435632162419040e+01
-1.087118844739058403e+02
-1.966407542953894563e+02
-1.221665052532629403e+02
-8.897617247278361674e+01
-9.294807215144317070e+01
-2.308891883307520061e+02
-1.211339138628919727e+02
-6.545019374524129319e+01
-1.042647792960901398e+02
-6.582051008999883379e+01
-5.147865173158793084e+01
-6.921220818581988965e+01
-9.659119937155021773e+01
-1.657063923885397969e+02
-1.810301919691736998e+02
-6.990033503000472592e+01
-7.037588257846094564e+01
-1.094715421921125795e+02
1.840195496876106063e+00
-9.540732292988272434e+01
-9.054268896916765641e+01
-1.257238012166331771e+02
-6.940006423492742726e+01
-2.340727192026361081e+02
-3.759633950701136200e+02
-5.810099099961902880e+00
-1.165821173257491097e+02
-9.015688455125351197e+01
-1.237533480769981651e+02
-3.233068440623899846e+02
-2.582322587096142286e+01
-2.507752013969566747e+02
-5.034319758385623800e+01
-1.783947197549938437e+02
-1.820420064375921925e+02
-1.071650853582606828e+02
-9.179720049456932429e+01
-1.443110362634448620e+02
-6.526984392412155955e+01
-2.110666293713191806e+02
-8.906834429195667724e+01
-8.962447223689544273e+01
-1.456206881990524380e+02
-1.198524407594876067e+02
-5.556541592665656992e+01
-1.807560316825738482e+02
-3.767065486584389191e+02
-8.281305212525195714e+01
-1.113766982713572276e+02
-1.333370191500822273e+02
-1.328115810356245561e+02
-1.409480168020883752e+02
-9.879303742220631079e+01
-1.027916445111811612e+02
-1.900165648203420687e+01
-4.660176917709444524e+02
-9.088186052992975306e+01
-5.439177056823258738e+01
-5.722181732219397787e+01
-9.286680998788227726e+01
-8.240697446552738370e+01
-2.870478541112743187e+02
-1.934456577952940961e+02
-1.379012113433524860e+02
-2.758987526381757789e+02
-1.396296153113129890e+02
-2.082113492586445318e+02
-8.075520151720630224e+01
-9.697935193271675303e+01
-8.581249537400236704e+01
-7.263009482767594704e+01
-2.469612784725492816e+02
-9.325447424948922048e+01
-1.285830191765935524e+02
-1.162424873371102052e+02
-1.639425825904712042e+02
-1.108380829832174186e+02
-5.391973539337280386e+01
-2.689226341125495878e+01
-4.564054016801996028e+01
-2.377410478990350100e+02
-7.188349356286893510e+01
-1.163907206538653725e+02
-1.227398928146194521e+02
-3.304865867828808632e+02
-1.211776439228918321e+02
-8.123395476237577384e+01
-1.609128972270904683e+02
-1.466144837776593022e+02
-9.881689086771244490e+01
-8.120699989006769215e+01
-1.134778794045031560e+02
-2.346881425553224574e+02
-1.878958298747599542e+02
-9.720745362394677613e+01
-2.807346110808151707e+02
-1.174716894391029314e+02
-1.472416296190606317e+02
-8.098524254911077946e+01
-7.795990196670750549e+01
-8.212027805487235810e+01
-3.866823111874289509e+01
-1.295703535559620150e+02
-7.970019789216391359e+01
-6.065360681671829468e+01
-9.223301853857648780e+01
-8.487275377874429694e+01
-9.361912733720456004e+01
-3.816682861785250793e+02
-9.182925145895563901e+01
-1.709866693866814842e+02
-3.433490606909604992e+01
-1.230421552488428176e+02
-1.048946579742445380e+02
-8.481164466241581579e+01
-9.098348728778545080e+01
-6.652368359935312014e+01
-9.942085188272872642e+01
-2.254889325102743101e+02
-9.185096078911270467e+01
-2.194041557106773439e+02
-8.747469628576544665e+01
-5.464175828999618290e+01
-1.662807749276215645e+02
-5.115436374537097919e+01
-1.697897411145652313e+02
-6.085446621898138631e+01
-1.053886379709830550e+02
-6.142108615427048335e+01
-3.815146511668577034e+01
-8.388352897481304637e+01
-9.559044800909904893e+01
-1.531899471179666250e+02
-7.275224605803933287e+01
-8.478329519828443495e+01
-8.615635858155354754e+01
-8.312123001943072609e+01
-1.348868226154179979e+02
4.818679569342008051e+01
-7.659554962831424518e+01
-1.886166402932792323e+02
-2.086149098825816566e+02
-9.020021010012115426e+01
-8.757517086675672147e+01
-9.821668835393246866e+01
-1.181489266013114872e+02
-9.602424205225301534e+01
-1.881218884145789616e+01
-1.883834635984901240e+02
-7.533129244541234470e+01
-8.454292778720424906e+01
-6.793158485938675994e+01
-1.083094402492835826e+02
-8.961670262682341104e+01
-2.344695235152134103e+02
1.299831643009271431e+01
-1.006640378503923330e+02
-4.651659963536168618e+01
-6.834819524525566692e+01
5.705162229907490712e+01
-6.786052731195093202e+01
-8.647779298987292407e+01
-7.478490408999721240e+01
-7.726471363762703959e+01
-8.872251057067845181e+01
-1.162302764731704201e+02
-7.268431740765930726e+01
-6.784817379667774162e+01
-2.225904346270468750e+02
-9.292194607391546413e+01
-2.861799678265171565e+01
-8.848486436473874051e+01
-1.409316411208193358e+02
-3.889675294183244603e+01
-9.079735848525135111e+01
-1.161279147220972874e+02
-1.178001198778968899e+02
-7.446018330423996190e+01
-6.032020076853667234e+01
-1.027952504720227580e+02
-5.317156699283442123e+01
-2.017685201392438614e+02
-2.591568822133626782e+02
-1.007464701090257790e+02
-9.953298944694387274e+01
-2.666955268979478433e+02
-8.046361597251558351e+01
3.193633133055502071e+01
-8.987970426849425110e+01
-4.811481241226591976e+01
-2.126444257354215779e+02
-5.211109953063693467e+01
-3.495769738168578442e+02
-4.227724771654430924e+01
-1.066363283668138848e+02
-7.986626861271369648e+01
-1.779324350485494506e+02
-1.184923651010891206e+02
-6.029483749419947003e+01
-2.079280035331109389e+02
-7.919512488423097807e+01
-1.162167916151800853e+02
-6.688680550427312710e+01
-8.250026974831445159e+01
-8.508621376563715444e+01
-1.087922387892341476e+02
-6.384285699540736658e+01
-7.051709824621477196e+01
-7.414140428572889618e+01
-5.359647258469227893e+01
-1.609383521114789346e+02
-1.020477900353535148e+02
-9.769480540234792443e+01
-1.742699430272141967e+02
-9.924977605154957416e+01
-1.800760367619554643e+02
-9.431776428678851687e+01
-4.328763360904211055e+01
-1.718976893155091545e+02
-5.993910313127534550e+01
-9.030186213989215105e+01
-2.565625872695888461e+02
-2.333644358163986965e+02
-2.562107071404598457e+01
-6.916991504913525546e+01
-1.524626185054334258e+02
-1.359404556188061974e+02
-5.229297818637802919e+01
-2.341271980589247335e+02
-1.920009127054630653e+02
-1.028156447207369837e+02
-6.167398406922852416e+01
-9.532991130177013872e+01
-9.926352965726185573e+01
-4.229127365115932236e+01
-9.096637006201930831e+01
-6.162239082558838277e+01
-9.713147977022845225e+01
-7.060618705137007112e+01
-7.367871901529761658e+01
-1.601564825031735495e+01
-9.109333122948997641e+01
-6.316109873641718053e+01
-1.521297489866628325e+02
-7.057932722694823724e+01
-1.466981255617048419e+02
-9.848493545636458180e+01
-2.403466488483254011e+02
-7.585325307785990390e+01
-7.634679123318677796e+01
-6.361015862205862703e+01
-6.671909129073888778e+01
-7.779128052735499921e+01
-1.181676127810997627e+02
-1.838289721953551066e+02
-1.405996134066939476e+02
-7.394200520055245818e+01
-1.169811255900911533e+02
-4.117270019229836748e+02
-1.285492538971197689e+02
-6.504108773641944197e+01
-3.627461784896262031e+01
-9.526901798887719508e+01
-1.157682647133716074e+02
-4.287208970041957912e+01
-8.832572088951245348e+01
-7.176296152123890693e+01
-9.432068792792915701e+01
-2.020789161182382259e+02
-4.919208918441518819e+01
-5.017189489282418435e+01
-1.140223022342954380e+02
-1.152754712487580377e+02
-7.977610702530077447e+01
-1.387505570317396462e+02
-1.700473168648491651e+02
-7.973360878357988213e+01
-3.984947906550872432e+01
-6.282678970259524931e+01
-2.528029688313742156e+02
-1.627379140266160675e+02
-6.843589309359890649e+01
-1.649139333033250239e+02
-4.023216716460316889e+01
-1.017338560112364974e+02
-5.653637060108000156e+01
-8.914544009723400109e+00
-6.664848430186131623e+01
-8.620865938762446490e+01
-1.040235668936996234e+02
-3.475222777443611903e+02
-4.077754449889476263e+01
-5.648794346467249738e+01
-1.440794417712791926e+02
-1.077092792217155335e+02
-6.407711757879482661e+01
-8.132977294345549524e+01
-1.898756659036024530e+02
-4.488414244087685034e+01
-9.604476294066304831e+01
-9.820268365653534204e+01
-5.099808522745982486e+01
-1.669718428705989766e+01
-1.461862324985933697e+02
-8.642995389874394618e+01
-1.368312335359318581e+02
-8.838905577872124297e+01
-9.272612047312263428e+01
-1.052535982068648224e+02
-1.915147380192757964e+02
-1.027306338935308503e+02
-1.044956641881968267e+02
-6.375945969184589046e+01
-1.659605790124998634e+02
-9.137893734098722121e+01
-4.700714567869096072e+01
-1.023412641963622036e+02
-7.234665455806620571e+01
-3.165755162477353224e+02
-4.089778825943990626e+01
-5.272237117205737889e+01
-1.114995835356998697e+02
-1.300115777563134145e+02
-1.839490763598853960e+02
-1.897917873820083514e+02
-1.497646292121553699e+02
-1.176646741575505501e+02
-1.053226720625880262e+02
-8.432802480651891130e+01
-1.180008048838571710e+02
-1.517910197308648890e+02
-9.300932864946420864e+01
-6.102291139092864825e+01
-7.162623113414196041e+01
-1.267510092104189994e+02
-1.574820789842423778e+02
-1.061730881610471329e+02
-6.759610102367925322e+01
-4.575939904062877162e+01
-1.597724039969807563e+02
-1.699066868099436363e+02
-2.459954127806340693e+02
-8.818401023730757515e+01
-9.065898660460936753e+01
-1.014837853003104158e+02
-1.508671535423655996e+02
-7.698800015883611536e+01
-8.176054924360121845e+01
-4.010017132399782724e+01
-2.014211747743863441e+02
-1.109610798122764521e+02
-1.106836786353764808e+02
-3.038171718390491378e+02
-5.140485968442207820e+01
-2.208381164522253641e+02
-2.194174008044331572e+02
-8.466802497206188605e+01
-8.744735794890078751e+01
-9.086356426831113708e+01
-2.254520121259710663e+02
-1.071414025267208245e+02
-3.006468190724860960e+02
-1.190434768045513181e+01
-6.502984485977344775e+01
-5.223013004129220604e+01
-2.213859958570628521e+02
-7.897932069340316730e+01
-9.451297770803785170e+01
-5.486447839542304195e+01
-6.657109718521104469e+01
-5.363177562861905301e+01
-6.313857974708599130e+01
-3.225428684783986455e+01
-7.407743786373194439e+01
-8.908272844920921330e+01
-5.413600077363412311e+01
-5.432441003316597516e+01
-1.005606661575554597e+02
-1.502478228659163619e+02
-9.447743928209304443e+01
-8.244641290160834046e+01
-2.016181534138308393e+02
-3.134867138232469870e+02
-2.010964690732886311e+02
-1.866225210854241254e+02
-3.245224384133950934e+02
-1.297810405095134456e+02
-1.515438394397085347e+02
-6.899837367401323718e+01
-7.505560111248892952e+01
-1.853640756530516001e+02
-1.138783945345094253e+02
-1.087606801900826810e+02
-1.235757002972337801e+02
-1.666698943652455966e+01
-4.981787819529839680e+02
-6.950085660051915681e+01
-1.647242629500587157e+02
-3.440048428462447418e+02
-8.767564638691472112e+01
-1.220307862794619069e+02
-3.639334231643590556e+02
-2.526344826628039186e+01
-4.815334759750351168e+01
-6.144359003912934725e+01
-1.889275489292090526e+02
-9.208348738068697514e+01
-4.135896229718332506e+02
-2.232030118485812409e+02
-2.311833658302048775e+02
-1.279201047944499834e+02
-1.932275204383531104e+02
-7.512082940170942891e+01
-2.882722852282009285e+02
-1.318811741226054437e+02
-1.374687724966320275e+02
-1.045861494631283222e+02
-1.229180193296270716e+02
-2.125812028452289155e+02
-1.574266829937654109e+02
-1.244668305173094325e+02
-2.475118998705732736e+02
-1.686057654148397091e+02
-8.716384696530266751e+01
-8.257836021829899664e+01
-5.218398360960753735e+01
-2.483151755503976119e+02
-1.244243120247986667e+01
-3.647950703597548454e+02
-9.057968774760031749e+01
-8.142703799381706631e+01
-3.264217881742955285e+01
-1.895503915692053170e+02
-9.829234461130536715e+01
-7.648759874667405256e+01
-1.580592811268004994e+02
-4.542347943075480430e+02
-1.404190639652382799e+02
-1.244857337085954754e+02
-5.508439957550626076e+01
-1.952028392241571169e+02
-1.245420271562453820e+02
-1.785989633515511628e+02
-9.345334353032708918e+01
-9.811647868495983005e+01
-2.048047590810716656e+02
-1.216574892048384413e+02
-2.132169914571955474e+02
-2.193931171487270149e+02
-3.539628953629468811e+01
-3.468985614799179302e+02
-9.549193554665470174e+01
-1.965199236027873155e+02
-1.378238878731936552e+02
-1.353019490372666382e+02
4.553651961476953147e+01
-2.218153995638956530e+02
-1.031620427993790656e+02
-3.220177227649167548e+02
1.098401842887142266e+00
-9.391500033153353399e+01
-3.420852616536383266e+02
-5.131943743141740555e+01
-1.664879111683152360e+02
-3.682266399047676941e+01
-7.525908118159155435e+01
-8.184564662253302458e+01
-4.453924468873072584e+01
-2.482935632033678530e+02
-2.847965075549934681e+02
-5.718978331723386788e+01
-5.916137396164078410e+01
-1.418166617279014474e+02
-3.235969043895074719e+02
-9.115366738512857125e+01
-5.347311808697065771e+01
-3.096837169686181710e+02
-2.233556052526211602e+02
-4.954391581218659724e+01
-2.169553280967789988e+02
-6.141100703391162341e+01
-1.840132780542711828e+02
-1.215642137591224810e+02
-8.221172060535573678e+01
-1.232304212615966605e+02
-2.554202169521857968e+02
-1.266740983778788632e+02
-2.348107505745033734e+02
-1.269718773188485983e+02
-8.883377815915102360e+01
-2.722378617924562150e+02
2.065944142417734497e+01
-4.005246420758773240e+01
-4.076224116765091594e+02
-1.056514675126769589e+02
-7.275204560727688374e+01
-5.954588993821296583e+01
-6.200888571679624306e+01
-3.308146939765837828e+02
-4.782059919779059953e+01
-1.832914676011463087e+02
-3.001838198037735310e+02
-2.037201656722559733e+02
-2.564344049069486005e+02
-3.072138213011404559e+02
-1.324905198231748216e+02
-1.020608382008656463e+02
-4.843854589420784862e+01
-5.461870821105893015e+01
-5.375259810791416726e+01
-1.256173462070883033e+02
-2.793105919670655339e+02
-9.764194910277234385e+01
-4.999651349116580263e+02
-2.256350287217103698e+02
8.774629676608570605e+01
-2.571242242854732467e+02
-3.276934230016368588e+01
-7.365095529211893677e+01
-2.619127004456058216e+01
-7.345943240951996245e+01
-1.705327647070241142e+02
-3.776994584189919379e+01
-2.545323903678367401e+02
-7.016267920385710966e+01
-7.514738249658347513e+01
-1.091637700750347335e+02
-1.490153626073771989e+02
-8.644762669575045777e+01
-4.159827972471670421e+01
-5.431993412157638801e+01
-2.534666956609805197e+02
-4.260085821655031424e+01
-3.150370932642668720e+01
-3.725947736814579514e+01
-3.358843477676710449e+02
-6.046342106199475097e+01
-4.795837871826984866e+01
-1.496200602274617211e+02
-1.031713665940405207e+02
-9.142510457774677946e+01
-9.052520835982642211e+01
-1.830859106835454497e+01
-2.586582609350378448e+01
-7.755938346426916041e+01
-9.091576548174921868e+01
-9.206225135430115358e+01
-2.838069301299020708e+02
-8.127434904962018436e+01
-1.567647219210607545e+02
-8.707589953477986455e+01
-2.364003287535931008e+02
-1.025238975104371804e+02
-1.866710288273943092e+02
-7.498346867297524909e+01
-2.002685980391340479e+02
-7.794701946993191655e+01
-1.046889576763166758e+02
-4.016979105789584992e+02
-6.686740962028423496e+01
-1.182751615620618111e+02
-1.194913482658157875e+02
-1.229238364304078459e+02
-2.277479780638322495e+02
-9.342188243204810760e+01
-7.648924269511304885e+01
-1.428462526183488421e+02
-5.008738187125065622e+01
-9.417333038774202691e+01
-3.911037033068216147e+02
-4.730866714894097669e+01
-7.327239453518711798e+01
-3.893193533375941797e+02
-3.930494636562218602e+01
-1.343644460667200633e+02
-2.257126390711935358e+02
-8.311000996162120202e+01
-1.385565576223278299e+02
-1.180229530908710984e+02
-1.208838891999184284e+02
-4.217624578521974854e+02
-1.023129493896162217e+02
-3.099152096255859874e+02
-1.571622525781798743e+02
-3.649378407565112070e+01
-1.402454016320801031e+02
-2.422284442331127252e+01
-2.022577821430938627e+01
-9.289764336612526563e+01
-1.223546311127789323e+02
-2.514075492334696946e+02
-8.878319209102942011e+01
-1.482413512745456785e+02
-1.252571271521269836e+02
-8.004359672141160331e+01
-3.609599103248246621e+01
-4.006408979659006064e+01
-1.022171331690371687e+02
-3.972220621579252509e+01
-2.334110122406165999e+01
-3.736611971762998508e+01
-5.770273529324541784e+01
-2.213149887195540657e+02
-3.928473829151842978e+01
-8.911311535239602222e+01
-2.239272189180950079e+01
-8.351003484726433612e+01
-6.261897312928550718e+01
-1.666740555536584623e+01
-7.811861741601802578e+01
-5.244210082555843400e+01
-1.006603668562603247e+02
-9.460705512903544445e+01
-7.938925106934500775e+01
-1.067812317867357024e+02
-4.542270257655900423e-01
-2.398748932044448168e+02
-6.004470497036035681e+01
-7.317582768289848616e+01
-9.105757111178256480e+01
-4.931577229957810005e+01
-9.098094496838787393e+01
-9.536595475821222578e+01
-1.632421236130312536e+01
-2.458103518649456305e+02
-2.101719871244159776e+02
-7.624128612261026205e+01
-1.261002956514092830e+02
-6.895742127163117630e+00
-1.580380651492471884e+02
-7.203389060288458268e+01
-3.151369915909459678e+02
-1.971080389401717525e+01
-4.286014995138101824e+01
-2.869593376385450938e+02
-6.917726483811949834e+01
-1.348918705566642302e+02
-1.824343315496826676e+02
-4.183284989850372426e+01
-7.108335383795127882e+01
7.723412170373308072e+00
-1.515689070046852862e+02
-2.793637515920347880e+01
1.870706608631816437e+01
-3.012176229776804917e+02
-8.140233626148493329e+01
-1.281469675897638183e+02
-9.894810743141226794e+01
-1.099000172254541212e+02
-2.518293258114792934e+02
-6.182679989414560140e+01
-7.522767641341732769e+01
-2.184799541926178108e+02
-8.731168901375842495e+01
-3.913372392753993267e+01
-1.117147942563360346e+02
-2.155907760032587817e+02
-5.417752273672623886e+01
-5.433080792882965682e+01
-5.684223969923337449e+01
-9.015287572263284233e+01
-5.481505730805608891e+02
-1.934168659662275047e+01
-2.553205479178757287e+01
-4.368225809665266866e+02
-1.273350409575479887e+02
-1.192422444871048128e+02
-6.265210418807997428e+01
-1.041656786471489085e+02
-2.766440594172925103e+02
-2.691938183018461928e+01
-5.172736040288319259e+01
-3.825739706146675871e+02
-3.556873716394448479e+02
-5.593008642792693763e+01
-3.267248501747431533e+00
-4.667493770263741339e+02
-9.818250834979230035e+01
-1.180549135254450022e+02
-1.529256444613402444e+01
-4.774946860617579887e+02
-5.482736860162990524e+02
-1.261586811236363701e+02
-1.629078998421477422e+02
-3.791395073465099017e+02
-3.315611446273217666e+01
-1.618616144931850727e+02
-1.698118080288440694e+02
-8.328434457579496097e+01
-2.477880908003089928e+02
5.864158594672787217e+00
-5.632946438128235513e+02
-2.150741153524044762e+02
-4.825105452529842296e+02
-2.675954512437643302e+02
-1.903026641432406336e+02
-4.376446213049209177e+01
-1.987780771216961853e+02
-1.432800068648160732e+02
-1.255025705049895777e+02
2.017012762794898606e+01
-3.084391731494735041e+02
-3.881199464668894734e+02
2.248778778615668728e+01
-8.360493103032423790e+01
-4.593730028598812396e+02
-4.652335009968377904e+02
-5.395666045508945672e+02
-1.404443564229874823e+02
-3.207096584010779452e+02
-9.902435279980076643e+01
-1.923488221185168641e+02
3.479626500495658092e+01
-1.136807520157824598e+02
-4.460721223547794807e+02
-2.780716956427944524e+02
-9.697778177407076328e+01
-6.760303307038014964e+00
-2.219692898735265771e+02
-1.733117391108589231e+02
-1.123688080462965502e+02
-4.719467209165205190e+01
-2.638740438716394578e+02
-6.896279005150675800e+01
-3.416454158595437889e+02
-6.287557018629121330e+01
-9.909901683380786608e+01
-1.308142783190137948e+02
-7.524335520410804179e+01
-3.273528332984640201e+02
-6.374116389641862668e+01
-3.721892458439441498e+02
-1.563301257722298487e+02
-7.218426382166271082e+01
-2.254721371896474977e+02
-3.086288123254561242e+02
-3.677344761785290217e+01
-3.192563637410358979e+01
-3.434621459568895716e+02
-7.675466994527175757e+01
-1.442865069741812931e+02
-7.054140249739990765e-01
-2.041879614679037331e+02
-1.238377019149359057e+02
-3.552494147229939472e+02
-2.581054116124691973e+02
-2.981033065939200810e+00
-3.895575897063065440e+02
-4.580976068847810723e+01
-6.253711083639682045e+01
-3.082100164690357929e+02
-5.982912808458572727e+02
-1.059602911602529218e+02
-3.390042614650367909e+02
-1.356955501870876049e+02
-6.404320545190867051e+02
-2.050919128180575512e+02
-5.847991435316539537e+02
-7.737020071034677926e+00
-1.528341707444362498e+02
-2.537842264085053614e+02
-2.958649392712389385e+02
-2.293993609543349805e+02
-1.387996644419581287e+02
-2.898398476751632415e+02
-2.982973918918726781e+02
-6.533214512803979801e+00
-4.124819186696085467e+02
-1.252005679405483676e+02
-2.808703495477806200e+02
3.102259311923637597e+01
-2.812743312128554862e+02
-2.157504171974680958e+02
-4.946641194586815686e+02
-5.245334949477689861e+02
-2.512804039923197763e+02
-2.344131501685708088e+02
-5.832766632733394374e+01
-1.426969914824933028e+01
-8.885245855709324303e+01
-5.141426438295329717e+02
-3.178095756957064850e+02
-7.663047046220630136e+02
-1.293234989535741875e+02
-5.369482064585788521e+02
-1.411437730052001598e+02
-6.718953821441002106e+01
-3.951859479756777773e+02
-3.180669670657720189e+02
-3.402424100047437605e+02
-7.793413473282109862e+02
-5.983254668779431995e+02
-1.378446950668367492e+02
-1.411982214357960004e+02
-2.215215091551230273e+02
-1.210153113975045613e+02
-1.705826948994753138e+02
-2.523734846220525014e+02
-4.424717811931405436e+02
-5.053022976807845339e+02
-3.831101285003621228e+02
-5.679166685524768354e+02
-1.509767157990789883e+02
-3.526374515977939836e+02
-3.845809222604556794e+02
-9.456189101873856373e+01
-3.772837855764638562e+02
-2.235696568688173329e+02
-9.712270812732813852e+01
-8.784954139511634708e+01
-5.052400773546109463e+02
-5.239608521516951356e+01
-1.252090953067721557e+00
-2.537901811229596376e+02
-1.747250863720395557e+02
-6.202920733056291880e+01
-2.525214516061344057e+02
-8.121832478281636725e+01
-4.098744735421602172e+02
-3.835176952811346496e+02
-5.822269661820416786e+02
-2.370680368231697344e+01
-3.462876566729903516e+02
-2.894823284238560746e+02
-3.916845207589967117e+02
-4.166941642487323065e+02
-1.060573665390738967e+02
-4.499456344399550858e+02
-2.364556070381046027e+01
-1.113194017749663089e+01
-2.072909751770413322e+01
-2.732455565522753318e+02
-4.073839669757863930e+02
-2.714778883621816021e+02
-1.083628494132035627e+02
-9.624961154756326209e+01
-2.338830828865922342e+02
-1.305967713212095873e+02
-7.180243124668366761e+01
-1.029733041971948921e+02
-5.002012796076135714e+02
-1.724262530373335665e+02
-4.646832701387458542e+01
-2.103241246313173178e+02
-7.417917911068234105e+01
-1.143794436300802602e+02
-2.286816057173360832e+02
-5.083525078637146635e+02
-3.237670795050001971e+01
-4.996716930647926915e+02
-1.712593792401642645e+02
-2.033239297787212081e+02
-1.733310766893960420e+02
-1.119020958356516928e+02
-2.303315333958627775e+02
-5.153556630234674003e+02
-4.886670956464596998e+02
-1.341085003652611363e+02
-4.882562256780123988e+01
-2.852721860577410666e+02
-3.371064584009288012e+01
-1.140296135367197792e+02
-1.158158408488538669e+02
-3.292756282303116677e+02
-5.127157730903365973e+02
-5.199538444527020147e+02
-5.147846190274062792e+02
-5.795923462537257365e+02
-3.180778745000142180e+02
-4.271319699985638181e+02
-7.368246099396444606e+02
-1.879630716843240634e+02
1.407802253935776093e+01
-1.363590369473612043e+02
-3.820172376645065242e+02
-9.752212241279747218e+01
-2.841211926290483802e+00
-2.584324364561059610e+02
-3.469454028216750885e+02
-5.101318116359253736e+02
-2.398581315299352354e+02
-6.028336249051853883e+02
-1.643638698132102718e+02
-7.094238567161191611e+01
-2.652802345138774172e+02
-9.278506252596326931e+01
-3.856003253624389515e+01
-4.346598928898484360e+02
-1.928106209986744375e+02
-4.127101331062543181e+02
-1.902301631369861070e+02
-2.389722887657865158e+01
-4.713785754047951571e+01
-1.003482115414950187e+02
-2.684788276111792129e+02
-1.225354004006334350e+02
-9.291210163011484724e+01
-3.565813798917870372e+02
3.484048997782824131e+01
-1.812051991254548113e+02
-5.491397630409678641e+02
-8.861633843549860501e+01
-5.686156713232122684e+00
-2.426088104335998707e+02
-2.356286528473011117e+02
-2.514581923124783884e+02
-1.788532114518062031e+02
-6.852618255503327873e+02
-1.961533649725173234e+02
-2.964122912014889835e+02
-1.679241680533874330e+02
-8.999844564027949900e+01
-4.537081416871507145e+01
-2.522966209159843061e+02
4.256344109785010232e+01
-1.621847141465502204e+02
-3.034257072137792193e+02
-4.167052391906283333e+02
-4.874612725956906729e+02
-6.622169814311752134e+01
-1.226997751351365196e+02
-8.044244357118575550e+00
-2.976585093496256604e+02
-2.552148188849837993e+02
-8.194630192185823603e+01
-7.756594105334836797e+01
-2.862156356253115064e+02
2.685464792005802792e+01
-3.969050319363541917e+02
-3.630864011565493144e+01
-1.568012740046171416e+02
-1.303934003715375525e+02
-5.317384412041386099e+01
-5.133899556068877246e+02
-2.442213613666729657e+02
-5.176807058675378812e+02
-2.810418758550723624e+02
-2.523858011773772887e+02
-2.956564615061015502e+02
-1.655503592738647285e+02
-3.632748728239756701e+02
-2.202350315927226063e+02
-9.919162292043633045e+01
-4.515248977482490318e+02
-1.454886508791034316e+02
-7.019415797875988972e+01
-2.102859782237032960e+02
-1.031211386004598722e+02
3.664961234368190190e+01
-4.487278612943665053e+02
-4.316450155497011565e+02
-2.033936979340495554e+01
-3.704189012637437628e+01
-4.789615174738340784e+02
-6.211880092578215340e+01
-8.269696867596888978e+01
-8.111873524531522150e+01
1.150533141095572631e+01
-4.071959041598490359e+01
-8.486972203535775350e+01
-2.981777335566595752e+02
-4.316397980273225699e+02
-2.856845513625490867e+02
-8.397109348063703749e+01
-1.421184557429025972e+02
-2.066117309368081862e+02
-5.628008264356864743e+00
-4.389287036078901565e+02
-4.025021438497611115e+01
-1.552457780893391259e+02
-1.323410896727161798e+02
-4.793910546320035451e+02
-1.575348961311044604e+01
-5.097272404062747455e+02
-4.738221808679893456e+02
-5.177428307129684981e+02
-1.903134081851052883e+02
3.816340498955782579e+01
-1.892759694347245727e+02
-1.285748458684678042e+02
-5.340012923057878425e+02
-1.915214563996059383e+00
-7.197079188688540796e+01
-2.534262440648382153e+01
-1.330097275184030536e+02
3.346181950311024877e+01
-4.755543087352587861e+01
-2.990115792526204359e+02
-4.822458515595726567e+02
2.551709150374105661e+01
-1.786769110513672842e+02
-1.503178915745501172e+02
-2.823613684305394145e+02
-6.454616746521739969e+02
-1.429818924204191148e+02
-4.366210672332246645e+01
-4.822735571530669176e+02
4.288550706856472061e+01
-6.595938222460100633e+02
-2.331044879494957627e+02
-1.075599870078971243e+01
-4.145717252556532912e+02
-1.730336946692482911e+02
-3.125177514078250738e+02
-4.997306135863474879e+02
-4.678169207467715864e+02
-2.720139329984900769e+02
4.794256236154636497e+01
3.140906695682616601e+01
-9.700277834331370741e+01
-2.913186865023732253e+02
-1.492157517694874969e+02
-3.071877904774913759e+02
-2.315824635987288787e+02
-5.256937164717207907e+02
-2.144018265203113742e+02
-3.123109137438444805e+02
-6.369897006690665364e+01
-1.922347366095934831e+02
-3.231438885020668295e+02
-2.954622455828794045e+02
-2.871027321129415668e+02
-2.241788332533656956e+02
-9.427177409488241722e+01
-6.863981182931996727e+02
-2.935710118280385750e+00
-4.399204505784002350e+01
3.353974095011264467e+01
-2.984446404633706607e+01
-3.553249049390240089e+02
-5.605988463774203865e+02
-6.218042955034030683e+02
-2.849052222824287810e+02
-2.585530702387676456e+02
-2.834739645641267316e+02
-2.490834124172181419e+02
-4.991760745007327671e+01
-1.936846835492073637e+02
-2.381747457537894661e+02
-3.102399037033252398e+02
-7.278698838968196583e+00
-7.894448017317550637e+01
-2.611958338003340714e+02
-4.500609048321737760e+01
-2.232776199994813453e+02
-2.016262489982704267e+02
-8.089131728528641929e+01
-2.267042702624094659e+02
-4.139480691721931294e+01
-3.362496937686843239e+02
-3.730256868933857106e+01
-1.591329656172345324e+02
-2.536612526714347950e+02
-4.514926286148382673e+01
-2.582869599388218944e+02
-4.197482224456104518e+02
-4.918058115172086104e+02
-1.587717086341920094e+02
-2.220408891480003604e+02
6.972861496744488363e+01
-4.816520896320636069e+01
4.089992941255266601e+01
-1.196736034819148244e+02
-5.766868410018690838e+02
-6.580987472216882850e+01
-3.055503243415357701e+02
-3.771290421077389965e+02
-1.494312692658947981e+02
-2.143553098627959344e+02
-3.794161273822572298e+02
-9.055730955839334229e+01
-2.945508917882746118e+02
-7.928137125431851473e+01
-1.782359470120023275e+02
-6.122566314881002114e+01
-3.229738616018111088e+02
-2.298079252137404467e+02
-3.499105167757599588e+02
-1.741937353652622846e+02
-2.887492552192270523e+01
-1.479312256240638703e+02
1.712152255861988692e+01
-5.729108588441341254e+01
-3.876367870611849185e+02
-2.981952425139990055e+02
-3.505573967436337739e+02
-7.267369370484152569e+01
-3.334167466553084580e+01
-4.502912854704689494e+01
-1.746448507885986601e+02
-2.796732207832520203e+02
-1.415057447246064726e+02
-3.148284200917843236e+02
-1.021801149163127889e+02
-5.311844702482624143e+02
-6.606229122738726289e+01
-1.181219445285399416e+02
-2.088783269911976959e+01
-3.769893395586623797e+02
-5.885293176353357580e+00
9.932601328505526794e+00
-3.287239177866728141e+02
-4.826847186403425383e+01
-8.182414100319086003e+01
-2.591288567094428572e+02
-9.754233378189316284e+01
-8.802185149390558649e+01
-5.362998338192200265e+01
-2.188106407801766125e+02
-8.822254323575586454e+01
-1.977390111121025882e+02
-2.075789387768247707e+02
-1.575158778274920053e+02
-1.107281183040061876e+02
-4.598924910752651840e+01
-2.027264875177246495e+02
-1.654733504422268879e+02
-1.940869735749892300e+01
-2.745050577503163822e+02
-1.284213028894902493e+02
-3.326767538861769822e+02
-7.922963100448912144e+01
-1.169915263536743879e+02
-2.087241630805518184e+02
-9.757085651444860730e+01
-2.499164352040430401e+02
-3.379781458661444162e+02
-1.954479917092009487e+02
-1.733188609711919810e+02
-1.904412506306459818e+02
-3.426851828707880259e+02
-1.354775047044735174e+02
-6.114215217086324827e+01
-1.199567172947615745e+02
-9.020657529100510885e+01
-2.771575440877303720e+01
-9.387904343580964905e+01
-1.940487667405968466e+02
-1.182599456760411840e+02
-8.046211783932555761e+01
-4.115156041911301372e+02
-9.166513047140065851e+01
-9.142542482634908652e+01
-9.109814759780439886e+01
-8.567320532404725952e+01
-1.405376817309208377e+02
-1.002431197047002343e+02
-8.599785466571219672e+01
-4.496919949823329148e+02
-2.427270022745628069e+02
-3.184273106668376840e+01
-1.729340117303777333e+02
-2.289385198500898468e+02
-2.075460986071879006e+02
-6.172732406934041904e+01
-2.886984971063142211e+02
-4.903628957583787695e+01
-1.343681072082883929e+02
-2.842675994685023966e+00
-2.204753737269530234e+01
-1.387844760900466667e+01
-9.040972814053944262e+01
3.764727749994787587e+01
-3.161740755333757420e+02
-2.251906421503422280e+02
1.209766170031325316e+01
-3.437876162920449019e+01
-2.136430923226720893e+02
-3.605120286896085702e+01
-1.683154242961516047e+02
-5.651774303251416143e+01
-3.431309542098293832e+02
-2.079179483040472860e+02
-5.979481199378896861e+01
-3.346302000670874577e+02
-7.306438856607603327e+01
-1.866280036022757827e+01
-1.194951856480542745e+02
9.898038727601473852e+00
-8.214284676713280930e+01
-4.921403621749070112e+01
-4.419733250935614421e+01
-1.225183254545500233e+02
-8.036921932006133318e+01
3.458503504222574065e+01
-2.330395641642274427e+02
-9.982263823752407461e+01
-2.076712069028357632e+02
-1.201497349936077512e+02
-1.521810641304989531e+02
-9.062888303615193308e+01
-2.798615030060594222e+01
-5.933621668359712231e+01
-1.768448178177919772e+02
-4.466573345454739297e+01
-1.980506514895778309e+02
5.771806001779751227e+00
-7.118762268966457896e+01
-7.361074911707206070e+01
-5.309235077830442862e+01
-3.215564899345568506e+01
-5.079451460984373767e+01
-7.686957741296316726e+01
-6.257967714348558985e+01
-4.858860852873338843e+01
-6.980358725785242768e+01
-6.696993196903115120e+01
-4.088549754452312612e+01
-5.189205261013454873e+01
-6.679378608349915680e+01
-8.007529106026296972e+01
-5.120310969075143248e+01
-1.486999897623386460e+02
-1.134013819971863199e+02
8.706930424510076705e+00
-5.671835226285270437e+01
-7.126068435754986297e+01
-9.844042656943885561e+01
-4.805411461454998800e+01
-7.250196027842576996e+01
-1.318935458590470944e+01
-1.091939886540539106e+02
-9.226626417982875239e+01
-5.690936973410024535e+01
4.543650511071135156e+00
-6.674765677999025115e+01
-3.610266556812041472e+01
-7.669972512928436004e+01
-9.945258438587019612e+01
-2.880807558678530995e+02
-1.299124636187598867e+02
-2.671036389240065034e+01
-6.523026837399193312e+01
-1.799268422388109911e+02
-7.309902751592834136e+01
-8.424648310310851684e+01
-1.449111981910175473e+02
-7.121322214341833501e+01
-6.147937066142402074e+01
-8.502748417701668870e+01
-3.179927180309958601e+01
-7.796401367295214868e+01
-4.093368443077403640e+01
-6.373239221353714612e+01
-7.833026263173312032e+01
-3.922410393775592041e+01
-2.293118150619177698e+02
-8.799249670025233172e+01
2.051752254870584125e+01
-8.629578509218234217e+01
-8.519216840355221620e+01
1.454318434966982920e+01
-8.182943961787903220e+01
-1.295020605976698675e+02
-4.464861104794099589e+01
-3.383327536286959969e+01
-2.231354592193858650e+02
-6.629358158214779451e+01
-6.469651857977760301e+01
-9.273089877859028718e+01
-5.754789788153085084e+01
-6.837484256169362595e+01
-8.636589657677713205e+01
-7.937123024906705382e+01
9.001586784019295351e+00
-1.091000248488818585e+02
-5.307795239719023783e+01
-1.223185965036565932e+02
-1.043093790331453476e+02
9.027739396078032996e+00
-1.168834452244175566e+02
-8.686458009026223692e+01
-4.717851330575052060e+01
-1.845839419259535816e+02
-6.754849026631524112e+01
-1.185690203316940767e+02
-6.480262135077069274e+01
-7.048418909656288633e+01
-6.673322875582158531e+01
-1.134233306944618249e+02
-4.685090892377017724e+01
-9.670338644173780551e+01
-1.179339415193550451e+02
-7.680866182741286252e+01
5.894968288280814050e+01
-7.016987599033910783e+01
-1.673985877470018124e+01
-7.389014611369923102e+01
-1.027839800230233180e+02
-8.936888271130203520e+01
-8.585798751929004879e+01
-2.029679576395761273e+02
-9.357230928849560314e+01
-3.573471988692446644e+01
-1.385686492463188983e+02
-8.430639954696390248e+01
-8.106435056393746663e+01
-1.091224812437809959e+02
-6.392861512988204709e+01
-6.588275685260720138e+01
-9.482434081925804037e+01
-9.779720367080747678e+01
-1.632642341307031302e+02
-7.497137193250271991e+01
-9.040021708875602258e+01
-2.194190195460959103e+01
6.644999155436721594e+00
-1.276187817918826255e+02
-2.300108667707758059e+01
-8.344719131795864087e+01
-1.013882648292423312e+02
-1.016874328427740153e+02
7.344632555914387240e+00
-1.519844109895696249e+01
6.277313019521656656e+00
-2.919917193574700320e+01
-3.500108448143673456e+01
-7.666563082101605175e+01
-4.071014658993460955e+01
-9.499637031720752134e+01
-7.887666926018705738e+01
-3.476644455510506759e+01
-2.531026075130372135e+02
-1.229412963799398284e+02
-1.934772991347006155e+01
-9.624683333557496212e+01
-2.956740722561472694e+02
-1.083339387233161233e+02
-9.882693533150492726e+01
-6.457110469982747247e+01
-1.108921585284655293e+02
-5.857405737414640612e+01
-5.612425882374419928e+01
3.809165113749063636e+01
-5.039762468976699950e+01
1.362373599302543425e+01
-2.142432863731897328e+02
-1.150593367125532893e+02
-8.875269935064389415e+01
-9.637901630642302564e+01
-2.450289767066909974e+01
-9.535836636404536648e+01
-9.690258321144112585e+01
-5.428825155484416598e+01
-1.241253824337138383e+02
2.569162139926050870e+01
-7.347444698805173857e+01
-9.767813705410239322e+01
-7.301004865646396524e+01
-7.861708753936274263e+01
-3.004826045580787195e+02
-1.333867427873568374e+02
-1.098269870686219889e+02
-2.318706411922253210e+02
-1.388245040625419904e+02
-2.181576099518960632e+01
-1.297894829367483283e+02
-1.524530691277176970e+02
-3.713458626256682749e+01
-1.143896851148358991e+02
-3.600371679356122456e+01
-8.601014189638401319e+01
-1.627436963018752181e+00
-1.311990897429269864e+01
-1.486005960250764701e+00
9.779845529733617582e+01
-9.439156161038712867e+01
-4.110067585081363717e+01
-3.782412211804306423e+01
-1.023076573612870561e+02
6.215708117681330691e+00
-5.417263558767240994e+01
3.578274809907083664e+01
-9.489769382365136607e+01
-9.788649957477436203e+01
-1.013955864796354831e+02
-1.245250563029691335e+02
-1.327856969181489717e+02
-1.166028017865049691e+02
-8.573174323464748170e+01
-9.285176233890378228e+01
-1.362136495352406200e+02
-2.537297066161040959e+01
-7.942188009771774659e+01
-4.056669272856878194e+01
-1.009917041100345045e+02
-6.109997527102080994e+01
-1.106252704111226137e+01
-1.073314176167585856e+02
-7.521974998726796002e+01
-1.199235215133570449e+02
-3.851642079562022047e+01
-1.177546158876202895e+02
-1.346726417565931797e+02
-6.977704570826610109e+01
-1.143748521910162310e+02
2.714293446259906162e+01
-6.596922702066783017e+01
-8.482068038312772273e+01
-5.865138498783023380e+01
-5.588225677598032348e+01
-8.635570629873103599e+01
-1.049170398210983706e+02
-7.038520256707428757e+00
-7.286655510097148181e+01
-1.075082958743038262e+02
-9.269593777179473193e+01
-1.133951673684166792e+02
-7.164485531766133874e+01
-2.378918565976167088e+01
-1.984331399741709845e+01
-2.987689371004655641e+02
-9.084010511297026369e+01
-1.257420506725096203e+02
-1.981421568161688640e+01
-1.830269009869643071e+01
2.950892035875403963e+01
-1.281050659878631564e+02
-1.078339971617125457e+02
-1.439663132684302411e+02
-3.235306956658499189e+01
-7.321036625365125872e+01
-8.697777822982862972e+01
1.895074033016850024e+01
-1.271066923168801139e+02
-1.027958588996334015e+02
-9.854684864837078351e+01
-9.993743554396738205e+01
-9.657514203564913657e+01
-3.846155940588713662e+01
-1.079260123073723747e+02
-1.359998738564785867e+02
-9.068155805309746142e+01
-1.041685299051524680e+02
-1.314140914596765128e+02
-8.731413325505043588e+01
-1.203692564823091971e+01
-9.948054213598703654e+01
-7.880737656917617073e+01
-6.773250040327488364e+01
-5.912555756549096486e+01
-1.362465878213909320e+02
-9.638197040070416222e+01
-4.917304547986610430e+01
-1.579219641958757734e+02
-5.232094737335302170e-01
-4.837867289085374978e+01
-7.479393267920784183e-01
-3.115012833447511298e+01
-2.454859252627898059e+01
-6.594021434014983640e+01
-2.248018198310844582e+02
-1.507496675189457846e+00
-1.412442475401745128e+02
-1.232244397855327236e+02
-1.478487519858109067e+02
-1.867046226881492998e+02
2.956719096809041503e+01
-2.566889775152166919e+01
-2.012609264819818122e+02
3.977609780574141496e+00
-6.504661634860349295e+01
-1.538355048427024485e+02
6.101291554683890439e+01
-5.378341861127433532e+01
-1.361518203671344054e+02
-1.043059563232624498e+02
-3.282416351943859922e+01
-1.065121839042610929e+01
-7.549391600023952265e+01
-2.599164411816215647e+02
-6.477124481343516038e+01
-1.449946245477044329e+02
-8.817933156686713403e+01
-1.704015296434685069e+02
-5.836566507687102501e+01
-1.509185046665024856e+02
-1.415772460987126067e+02
-1.446123216950055337e+02
-1.222169920086670629e+02
-2.250571543136723847e+02
-1.194990889606218900e+02
-1.142277305348110730e+02
-4.396604489458485432e+01
-2.492174507965019927e+02
-1.831341087770500167e+02
-4.754028000528025188e+01
-1.960990863442155785e+02
-1.392372659705236799e+02
-9.195194579231100818e+01
-9.211810588963531643e+01
-1.180056181474338928e+02
-1.374054798180773673e+02
-1.559399098524762053e+02
-5.909893534829758721e+01
-8.589600345376648249e+01
-1.884484799026929522e+02
-1.288240353624815953e+02
-1.341619998642182736e+02
-6.845213015655755839e+01
-1.675033850626466290e+02
-2.210616847189580767e+02
1.355122877179717022e+01
-1.567949703992203183e+02
-8.427295722555790292e+01
-1.604691291700281113e+02
2.917969968739882347e+00
-1.399432582028889556e+02
-1.925505743442265327e+01
-8.181570749350311189e+01
-1.947955845204555203e+02
-4.028980293737842544e+01
-2.635708782919289206e+02
-8.664401309349469216e+01
-2.726541504134085869e+01
6.840153060120431405e+01
-8.872817658375592487e+01
-1.235099527089855371e+02
-1.408930953519075331e+02
-7.139993160031430364e+01
-1.274540996427791413e+02
-2.639038064796244498e+02
-1.816306987244657876e+02
-1.611408497970193139e+02
-2.568449014841008875e+02
-3.259343095177102896e+02
-3.218437720382064526e+01
-1.882969646717121748e+02
-1.701960723815527388e+01
-1.500675986849597621e+01
-7.580373827826383604e+01
-1.733250667688945157e+02
1.351083098642078539e+00
-1.560498134688041887e+02
-4.560972223854186325e+01
-1.381018419336922136e+02
-1.181553448540869056e+02
-2.491920132875466436e+02
-1.090212858525115678e+02
-4.819888087836468316e+01
-1.358451116865815607e+02
-2.061730858253299061e+02
-1.996389803392222007e+02
-6.325806162904195418e+01
1.218162516289812203e+02
-3.124133136119863252e+01
-2.588751553653233941e+02
-3.878072827642821352e+01
-1.278436511728860978e+02
-1.784190079179488464e+02
-1.241726499222573779e+02
-2.772263600968454398e+02
-1.382021550491375592e+02
-7.426327953296436135e+00
-2.198263951862714976e+02
-2.044618831360444347e+02
-1.417606858617274952e+02
-8.558173228641692276e-01
7.678734692438155207e+00
2.141584388437632924e+01
-2.967841693231900990e+01
-2.569625431095151953e+02
-3.115814395994151482e+02
-7.732734182255731525e+01
-2.385075199223590801e+02
-2.094601560232952124e+02
-1.650173045347003153e+02
-1.911831389621288508e+02
-5.914574580198459586e+01
-5.457047488344923636e+01
-2.158534310162758914e+02
-1.834594345763850640e+02
-1.372940327899973454e+02
3.584484092408274591e+00
-1.202068492046207950e+02
-1.073777973159809704e+02
-1.352214316944702261e+02
-2.759715009211495271e+02
-8.579405436213764347e+01
-4.725129752518949289e+01
-1.387665360190692070e+02
-1.371274634901980107e+02
1.150090112232513206e+01
-3.826360239228458795e+02
-1.999040228026368027e+02
-8.705031296887364078e+01
-2.307925386576927735e+02
-2.052294118397977627e+02
-2.845920120826244784e+02
-2.758935186827774260e+02
-3.490924052689993573e+01
-2.189582173132262142e+02
-1.647593707872272546e+02
-2.912754741128962337e+02
-9.298714223275081281e+01
4.673070168936888535e+00
-3.722022118843750604e+02
-1.694315244463769545e+02
-1.297416728948241200e+02
-1.962639855197328984e+02
-2.142323615364149987e+02
-2.787458379138493001e+02
-3.657548190000236445e+02
-2.191562096389116050e+02
-2.278059044425599495e+02
6.314653632084694124e+01
-1.244299180747263165e+02
-1.435434947637729408e+02
-4.503523769918154329e+01
-2.581442915863982535e+02
-1.348160759154220898e+02
-2.015126791557621857e+02
-2.328975875610949515e+02
-2.286408748385576928e+02
-2.615519861453930162e+02
-8.280046520816944167e+01
-2.198347738645865661e+02
-2.437733553126828667e+01
-2.633061909741199997e+02
6.630428543808292829e+01
3.819634945271367599e+01
-2.751359652147509109e+02
-2.608258762928022634e+02
-1.358201343208374965e+02
-2.215589475479320072e+02
-1.865693978162087205e+02
-3.378933715169753782e+02
-4.319677935154093689e+02
-1.488531576238048046e+02
-8.055559127352171345e+01
-1.955947954837451448e+02
-4.296211590360940136e+00
-3.772088754105417934e+02
-1.207874359935613882e+02
-2.737646861464068024e+02
-1.946903231481881278e+02
-2.424984082187929459e+02
2.059092242181471022e+01
-2.595084352187849390e+02
-1.629701451530016243e+02
-1.079338714344556962e+02
-1.523994968664130454e+02
-2.761631547299092517e+02
2.266319865534644862e+01
-6.856684860553292538e+01
-1.891856044829192172e+02
-2.353638896959899398e+02
-2.869571096219594892e+02
-7.521233063699422416e+01
-6.221601028882909645e+01
-1.947459855718024357e+01
-2.488179322316427999e+02
-2.845253784330527651e+02
-2.519918780069490367e+02
-1.330866326806794291e+02
-3.901787695578797610e+01
-2.772770049658566904e+02
8.108570293348320490e+01
-1.975795392818376683e+02
-2.926901742825260726e+02
7.613215004497232030e+01
-4.692306096646944269e+01
-8.363094645064963117e+01
-3.050713283920379695e+02
-1.604905519650438919e+02
3.739325672699891356e+00
-2.971949847064123560e+02
-1.798333636495536325e+02
2.078406948877647409e+01
-3.545547479478318564e+02
-3.886954635992688054e+02
-1.807162628287752568e+02
-1.347028094301403200e+01
-2.608767534288614343e+02
-3.470929082876127154e+02
-3.734426246591930294e+02
6.067659504571848572e+01
-4.797867172088180041e+02
-3.717229239008129298e+02
-3.990351770797122981e+02
-4.672884308112578537e+02
4.740606176249619352e+01
-3.462471682111366817e+02
1.033499286709789544e+01
-3.068715906814346681e+02
-2.274561867094733998e+02
-5.448581376964107221e+02
-2.539003571924322955e+02
-1.412754521084884516e+02
-3.892510507739863215e+02
-2.783340991430715121e+02
-1.772772340164025877e+02
9.093798554960535796e+01
-1.880343351478314560e+02
-3.867653688513069596e+02
-3.049602262437958302e+02
-2.039220593532951682e+02
-3.324388403168129003e+01
-3.015399710525808814e+02
-3.769195639189993585e+02
-2.652261551584039694e+02
4.796485152017379505e+01
-2.858383097261676653e+02
-4.163150978557136455e+02
-2.898897696535787532e+02
-3.215795402608944187e+02
-3.071241026218482375e+02
-1.833469641032603761e+02
-1.695749214860640279e+02
-2.725216209412674289e+02
4.312837618115565874e+00
-3.134876392273453689e+02
-3.001727644772047370e+02
-2.612961811778569654e+02
-2.363717998717839350e+02
-2.904715398478540465e+02
-9.836308690065817473e+01
-3.876519427692942372e+02
-2.254081253446297524e+02
2.537593215905721422e+01
-8.160474872556467574e+01
-4.873535581524744771e+02
-3.635084060416298826e+02
-2.126480660618439629e+02
-2.267246609616559283e+02
-4.336843429075683503e+02
-5.862089154411280560e+02
-2.873181066870562859e+02
-3.762467795006780591e+01
-1.210019864228550830e+02
-2.788871181998690645e+02
-4.246583828750103748e+02
-2.605450124354128150e+01
-2.602756217473962579e+02
-1.711358744679084225e+02
-2.513974040296871522e+02
-2.259856923714012851e+02
-2.973616674758097815e+02
-4.130274631351490484e+02
-7.746857285735983112e+01
-2.721792790115222829e+02
-1.797916068373181986e+02
-2.934069232435439289e+02
-3.689076013110216081e+02
-4.643505490017194859e+01
-2.681341859970070800e+02
-5.019733227847667649e+02
-3.454397001288054980e+02
-1.475307196300272494e+02
-3.719892249737374073e+02
-1.489127155508000442e+02
