-2.840016239401077200e+02
-1.082452041337144806e+02
-2.083236553557425168e+02
-2.139509480549546083e+02
-2.017426012056315869e+02
-1.328456693203394536e+02
-1.010700367928818366e+02
-2.057228054739586298e+02
-1.162427752692219656e+02
-2.931987106938823331e+02
-2.284714292174045340e+02
-1.283658947993651793e+02
-4.488197805495454986e+02
-3.250895013585920310e+02
-2.214085551430822534e+02
-8.663912065891456393e+01
-1.911547432985635453e+01
-1.056607356965379552e+02
-1.514905472200178451e+02
-1.305060399319678766e+02
-2.184938980108159683e+02
-9.565585860997386192e+01
-1.224846876234887247e+02
-3.116833326661687806e+02
-5.959076682544413472e+01
-8.893919642754791255e+01
-2.174995999954480794e+02
-1.222975194820254359e+02
-1.015694122766342531e+02
-1.403634382575742165e+02
-6.228774920037027130e+01
-9.674053413748443120e+01
-1.225351165114802825e+02
-8.669192730389295320e+01
-6.027668659707730114e+01
-2.534605004014087797e+02
-1.614349683128525896e+02
-1.151079423253341787e+02
-6.311895467535839543e+01
-1.147680899763279996e+02
-9.103108987530013962e+01
-9.176251915030609041e+01
-1.095402066915914077e+02
-1.755170356602311585e+02
-3.394955580955100913e+02
-1.016496388868085887e+02
-3.127760587839015329e+02
-2.087876192411544025e+02
-1.029479671398219978e+02
-1.360014023441749487e+02
-3.332578036790387443e+01
-9.080795232856624466e+01
-1.826526408767444138e+02
-2.932307815849462145e+02
-9.910088179460935010e+01
-3.485575185326617884e+02
-1.390027657680336972e+02
-1.558189719209005091e+02
-1.763872091526048393e+02
-1.037658025120158527e+02
-9.107708083272142119e+01
-1.025987702822531702e+02
-1.067203398970568173e+02
-8.161303121239424740e+01
-1.222126786504823173e+02
-1.482626168159503663e+02
-7.025940728413976899e+01
-9.510980609312971978e+01
-2.835605803524997555e+02
-5.702885396463155843e+01
-1.178284419594566117e+02
-2.935697230032772040e+02
-1.242092623435293035e+02
-1.337442885025093346e+02
-2.158116052213019884e+02
-8.404769466631110220e+01
-1.288966659789570883e+02
-9.977845031792183761e+01
-1.104101777334464884e+02
-8.693318166208322850e+01
-1.289268755540050506e+02
-1.420027992175639611e+02
-1.473957608201569656e+02
-9.110576176578582874e+01
-4.028799057435277291e+02
-1.462854101492623045e+02
-1.338871462154698406e+02
-1.964239321744683764e+02
-8.355221394720709327e+01
-6.978242751718791226e+01
-1.327697546053999531e+02
-9.537380017498095697e+01
-1.511072441167683564e+02
-9.996051883702487828e+01
-9.347530967905612442e+01
-1.259964938954510671e+02
-8.036355700025026749e+01
-2.157349429166232824e+02
-6.994257382111200627e+01
-1.135795624402408350e+02
-1.272690730990169499e+02
-1.649858048135607476e+02
-8.788433239102198513e+01
-1.407992868717512636e+02
-4.434838831436991313e+00
-3.291599123438158472e+02
-1.013436902518543548e+02
-1.582027296975747959e+02
-1.092859867135207281e+02
-2.458077475142798392e+02
-5.004902621563773835e+01
-3.095825360573634271e+02
-2.005715874862900705e+02
-1.149478244683330104e+02
-1.139720556587006115e+02
-1.062651041994185590e+02
-3.842688488562299653e+01
-8.451107765656453807e+01
-1.065176530757680524e+02
-3.159491750624923725e+02
-1.430513277319589633e+02
-9.694186710524006401e+01
-2.445852175173135095e+02
-1.311993866806014069e+02
-1.035324737686151764e+02
-1.224454748605116094e+02
-1.155281670301063315e+02
-2.472826146303055168e+02
-1.008276422498646809e+02
-1.083918309752791345e+02
-1.193867409266103863e+02
3.051206482139699006e+01
-1.091522375269265694e+02
-9.210184807060154810e+01
-1.577827354119492043e+02
-1.275626895441688049e+02
-9.216340669810828956e+01
-1.095498118945704675e+02
-1.165936906839882994e+02
-1.482641840228696992e+02
-8.902641131524524098e+01
-1.243085806356851464e+02
-5.849423828204783149e+01
-4.492973150208446498e+01
-1.611171030239195545e+02
-1.502606194991080883e+02
-6.089820212213280115e+01
-1.170816555198572075e+02
-9.977499799043880557e+01
-2.507825577791345495e+02
-1.360717666868150104e+02
-1.025162631996816458e+02
-1.111811061747721681e+02
-1.241880005256442274e+02
-1.680877686275409815e+02
-7.755419369349118597e+01
-5.877027239265862590e+01
-1.303389245882724481e+02
-8.752911283890755101e+01
-1.065452045632467701e+02
-1.392687040972784303e+02
-1.739464073041366987e+02
-1.531513934299827895e+02
-3.585108568735957988e+02
-6.699577389032023689e+01
-1.085617903210593056e+02
-9.531531407932691025e+01
-1.346235049805324024e+02
-1.008434039270197360e+02
-1.383969671214308335e+02
-1.167655665779134608e+02
-1.302276725411653047e+02
-1.299065574816914079e+02
-6.653163038775335281e+01
-9.729780549511329468e+01
-1.051803025704342218e+02
-1.108485916478702791e+02
-1.085460996157813156e+02
-9.157578455368019377e+01
-5.482426339623401645e+01
-1.063045707936773567e+02
-1.345583527323435078e+02
-7.289634211700257538e+01
-2.213302543388786887e+02
-5.698990360906050512e+01
-1.079646226794041297e+02
-2.378686346582708211e+02
-5.545947514547484047e+01
-7.653067805252871381e+01
-7.520463050146871353e+01
-1.007633835455016964e+02
-7.103737969762840976e+01
-1.485527585889348359e+02
-1.408009910102606170e+02
-1.220118474635841892e+02
-9.394612288841932468e+01
-1.279887942344013112e+02
-1.055093529029433341e+02
-1.734153892281333356e+02
-2.616305232379697827e+02
-1.045708543976015648e+02
-1.364240725462850321e+02
-9.620690518998314644e+01
-1.044372133950923995e+02
-5.456958848363521497e+01
-1.324912940029732908e+02
-1.590194983136955216e+02
-2.619713809243547757e+02
-1.089691306354966684e+02
-1.622208463212706420e+01
-1.444064737699683860e+02
-7.854683218513083887e+01
-1.149545222537107776e+02
-9.492043314239158747e+01
-8.448123683063256806e+01
-1.243681207955426942e+02
-2.640091545069486756e+02
-7.016809774809075861e+01
-1.663733292744097980e+02
-7.555837835735495389e+01
-4.329972387715842785e+01
-1.462880559102651432e+02
-1.330478243407141576e+02
-1.167816454718428076e+02
-9.748014108863155514e+01
-8.960397237920696512e+01
-1.345106170345496253e+02
-1.369603201323626251e+02
-1.300367739944259711e+02
-1.128945103244514883e+02
-9.304256963071830455e+01
-1.043027051303923827e+02
-9.977292016510845940e+01
-1.446547849632741816e+02
-1.536417678404038725e+02
-5.371332877257253102e+01
-1.279741805113736461e+02
-1.113907208177501644e+02
-4.553247642855042443e+01
-1.930265559679624516e+02
-9.032685731138109020e+01
-1.108614133146449490e+02
-1.363452321596778063e+02
-1.230714663071090627e+02
-4.604100083337644378e+01
-1.051263804848386485e+02
-8.031451543796191572e+01
-1.581560106900733729e+02
-2.585532662765298824e+02
-6.224054808730001298e+01
-1.226013621063401331e+02
-9.089340309343451452e+01
-1.143482148387135311e+02
-1.958800140166195831e+02
-7.667725049459900788e+01
-1.035350314283506066e+02
-1.386347719830416167e+02
-7.212147561157212294e+01
-1.472081486392717693e+02
-1.836115868236528001e+02
-1.361513053572928129e+02
-9.038970182299824785e+01
-9.339793948550882874e+01
-8.058494526498063237e+01
-1.841078003785136161e+02
-1.446837695484583151e+02
-1.019013828646678803e+02
-1.016209837807321037e+02
-1.588043869147321914e+02
-9.697141464380786147e+01
-9.926593849122089352e+01
-2.305473863324316142e+02
-7.931446086878636947e+01
-8.046045382813939284e+01
-1.361695997723774099e+02
-1.290497792325079160e+02
-1.393778307514800190e+02
-1.397321988672710802e+01
1.050435761282427904e+01
-8.345361907512348409e+01
-1.074753258855627109e+02
-7.051615720695551204e+01
-9.502575238803905222e+01
-9.091398247102425501e+01
-1.092361839846772114e+02
-1.247282694210852156e+02
-6.742508902701813156e+01
-1.062170361920637447e+02
-7.025464457049488942e+01
-1.260348287342334572e+01
-2.192668712062275063e+02
-1.347708840817744544e+02
-1.757902588313759225e+02
-1.208325806406891587e+02
-1.284728176442141034e+02
-1.285227621478057358e+02
-2.068259023135665302e+02
-8.426122821908543870e+01
-9.622978598535446793e+01
-1.123175124318299396e+02
-1.783902049614973180e+02
-1.063467026043223171e+02
-1.529336353161551187e+01
-1.943896923617953689e+02
-1.986654628037684915e+02
-5.674309208627963841e+01
-1.406669961203548382e+02
-1.295873067287384686e+02
-1.434116298462077737e+02
-3.564173733371523554e+02
-7.092593144109609682e+01
-1.431373250531821100e+02
-1.062383633983370288e+02
-9.493310070871909545e+01
-1.720939942327609629e+02
-1.372050924725346022e+02
-1.215721421127440180e+02
-1.568444666345558858e+02
-9.913614773831281468e+01
-1.717871247476567760e+02
-1.393435513812717659e+02
-1.173041938943602389e+02
-2.050599304322638545e+02
-1.493898189811348800e+02
-1.158595315393683194e+02
-1.033601610540915914e+02
-1.260324696836964762e+02
-1.120470948603409909e+02
-1.814236938275793420e+02
-1.247429873051002858e+02
-6.487124143313371860e+01
-9.823814446169212999e+01
-1.074123767924064907e+02
-1.264445508781382443e+02
-1.195148608305203055e+02
-1.443743952716481829e+02
-1.478690326116745268e+02
-1.025259519008916982e+02
-5.499961667641349550e+01
-1.077431020753923718e+02
-1.797763897815770520e+02
-1.721577548350435904e+02
-2.590295427054783204e+02
-1.758284770303325217e+02
-8.879416808015616880e+01
-9.074478548124596955e+01
-8.313618190189654911e+01
-1.026423040932957207e+02
-5.894324635593248018e+01
-1.410568964605120357e+02
-1.027709301010023069e+02
-8.195574307393336255e+01
-5.975584380095848047e+01
-9.866715459026528379e+01
-6.322253870718199664e+01
-1.086014746974103389e+02
-1.255438200590277233e+02
-5.838958743430835341e+01
-1.086184011568427650e+02
-9.483625923238463429e+01
-1.213285666726631433e+02
-4.812818680050745712e+01
-1.411548203236304744e+01
-1.114241093304595154e+02
-1.057400499690929507e+02
-1.045364567117607209e+02
-1.939229104070851690e+02
-1.827487467501807714e+02
-1.639984806746095387e+02
-1.340030935349661263e+02
-2.243032892744053015e+02
-1.153131145000624258e+02
-1.044787385443933374e+02
-1.068383759385708345e+02
-1.549143972873528128e+02
-2.674054866314488663e+02
-1.463876267875381245e+02
-1.737317236438867951e+02
-7.295102764495456427e+01
-1.070544373905798778e+02
-9.376363952568030413e+01
-9.117949530010615433e+01
-7.778099490125759985e+01
-8.149607242804307816e+01
-8.346981009106714566e+01
-1.637203953715107900e+02
-1.072551142890718694e+02
-1.975287917642989441e+02
-1.035766283162219707e+02
-7.704885788716386230e+01
-5.370699991345932744e+01
-9.733013499223866916e+01
-7.016443014319230542e+01
-1.117755610656590477e+02
-1.056675867064973602e+02
-8.397057349350332345e+01
-1.155089634615329715e+02
-1.495654212228151607e+02
-1.540316407253499733e+02
-2.157449072561606158e+02
-1.122683523194628492e+02
-2.725256099033034616e+02
-9.384123019034936419e+01
-1.122874726339884575e+02
-1.005752459234158209e+02
-2.075403024886408616e+02
-9.341601350152957650e+01
-2.007163732204970472e+02
-1.203016063537850187e+02
-8.772667514063202532e+01
-1.027475664809238509e+02
-8.493572374813329873e+01
-1.252057748124307892e+02
-1.311182834247882454e+02
-5.445073693155046612e+01
-9.886643761443129108e+01
-1.026450552181015468e+02
-1.041086839438048912e+02
-7.264914952405739257e+01
-1.830998694471072952e+02
-1.635940718271911294e+02
-2.647299043104552538e+02
-8.543534219044798306e+01
-6.516335063789315996e+01
-1.819617617192520242e+02
-9.004748999605345716e+01
-5.729167981334737192e+01
-1.482287174964083363e+02
-2.779432826732233366e+02
-1.134160553914624785e+02
-1.030455756019916578e+02
-7.416167259140877377e+01
-5.863688597495205101e+01
-1.198872717512211352e+02
-1.498353319387730664e+02
-1.199216378759816024e+02
-1.278232242952827562e+02
-1.103646773816555253e+02
-1.483804360537372702e+01
-1.401901171400919281e+02
-1.540378906427695824e+02
-1.055295535859169718e+02
-6.851428836328094008e+01
-9.544224230125294639e+01
-9.992600532509075606e+01
-1.520266496032706698e+02
-4.322421150333575923e+01
-9.314253769739606525e+01
-1.796282542182466386e+02
-1.078643915893243559e+02
-4.494105735322307282e+00
-3.198366778188175203e+02
-1.844802260326117960e+02
-4.793939631273164537e+01
-1.896966774903220880e+02
-6.995115802991030307e+01
-1.149404878706002506e+02
-1.350742882905491911e+02
-1.031428450184381234e+02
-1.172637406213835050e+02
-6.428484518799606917e+01
-9.012944475041628323e+01
-1.344798304435542775e+02
-1.046144854399122011e+02
-1.389230314634703518e+02
-2.403045364226033200e+02
-9.895876063248499577e+01
-3.828980746792201444e+02
-1.824501144408076243e+02
-1.280475195196565608e+02
-1.676852299826279591e+02
-5.937396035026490893e+01
-2.444822215383143487e+02
-1.291054942561970620e+02
7.162447555124323628e+01
-6.971048804050823833e+01
-2.354408081370499701e+02
-2.039170209120086383e+02
-8.472463321483408549e+01
-1.019005934114536842e+02
-2.019052897016687211e+02
-8.712560180667513521e+01
-9.452017813925206724e+01
-6.957438501430249289e+01
-1.077057790184977932e+02
-9.958618973325140189e+01
-8.211819401971769139e+01
-1.017728371110086556e+02
-9.610940099577399565e+01
-1.939253988171457763e+02
-1.812229248938820092e+02
-6.073535112106515044e+01
-2.101243100039886258e+02
-2.112798738602674007e+02
-7.155480464638978333e+01
-7.370491776514381854e+01
-1.248393107460646831e+02
-1.037072530980825036e+02
-3.208605633267337680e+02
-1.373290944698475755e+02
-7.394651308631762276e+01
-2.434040149936356556e+02
-8.319700180709980941e+01
-2.055101962654499630e+02
-8.481140430866476265e+01
-1.474663639351019242e+02
-7.856453289040966581e+01
-1.501825311397872156e+02
-8.441190925172021764e+01
-5.128046597451759681e+01
-7.482757080984411857e+01
-5.981554162059249791e+01
-9.499267970193280064e+01
-1.413800746641973092e+02
-1.698588228755260161e+02
-1.443354244613669835e+02
-1.105910920370381092e+02
-1.259084594737968956e+02
-5.496193231661085576e+01
-1.364199539678375004e+02
-1.295566917617207423e+02
-1.155817978019358634e+02
-7.154456218220788344e+01
-9.964435372777590771e+01
-9.694961937506202787e+01
-3.575204387118408818e+02
-2.031088284431855300e+02
-3.561884929310795087e+02
-8.424475658892853858e+01
-8.862151040690729076e+01
-5.829820958407177756e+01
-1.183328110151118864e+02
-1.253383446644188695e+02
-1.281617797454728134e+02
-1.279792946328549732e+02
-6.439706789270232434e+01
-2.448550951997415268e+02
-1.412267067520457147e+02
-1.307797725036516852e+02
-1.132541108383662731e+02
-7.744499721664460878e+01
-2.953976995379472328e+02
-6.336158609275354081e+01
-1.790972333642798731e+02
-1.144930870354458534e+02
-2.174814326556999617e+02
-1.274221735388374270e+02
-1.121779883412720267e+02
-1.731631258342268609e+02
-4.811572885889993501e+01
-1.025653133784331601e+02
-4.603173393443451289e+01
-5.066684320845190541e+02
-8.544852883806090915e+01
-1.239721086595712336e+02
-6.152838273543151359e+01
-7.375786454667657210e+01
-7.434183911755326335e+01
-1.811543880199013188e+02
-1.006574390048982224e+02
-8.843649182695818922e+01
-1.162078668614126684e+02
-1.476258804064922003e+02
-1.109706328306787384e+02
-1.065317787950514372e+02
-8.977830950640326080e+01
-2.354793639952262083e+02
-1.661507745189203717e+02
-1.771573195243876739e+02
-6.579685759567564673e+01
-1.053310209495720784e+02
-9.979739129822303312e+01
-1.530927227458534787e+02
-6.235396117998621435e+01
-1.462950323925466876e+02
-7.194815175380645655e+01
-1.020370635523755283e+02
-8.103644237642126313e+01
-1.305601110008909984e+02
-1.021636672858114991e+02
-9.771485591478975152e+01
-1.475783721571710885e+02
-8.846139573240203902e+01
-1.749183826057081603e+02
-7.476589712230827445e+01
-4.783078262770951028e+01
-6.856183357040893611e+01
-5.212396021918358713e+01
-2.398548602942570369e+02
-1.121602859260964919e+02
-9.040625354892387122e+01
-1.411141701912056874e+02
-5.221541206292864956e+01
-1.079960606691892053e+02
-3.770195503160861961e+01
-1.331342424204850090e+02
-1.971841390970402585e+02
-6.410031413729700489e+01
-5.691730582047443932e+01
-2.291880432574872657e+02
-6.277094537412584430e+01
-1.744097173139930419e+02
-1.173987940013057027e+02
-1.060910925725781908e+02
-2.681982818044885448e+02
-1.605032491043190817e+02
-1.403806682435500761e+02
-2.693252915209435514e+02
-6.392194673536345562e+01
-8.742659190003050185e+01
-1.007478819102115040e+02
-1.964746408522319143e+02
-4.575820618124558337e+01
-1.515679135287477948e+02
-1.024743175548797183e+02
-1.471645000005856616e+02
-5.870545972870264961e+01
-1.032271128801874482e+02
-8.488994481670988534e+01
-7.585712104861991634e+01
-7.140703077798239917e+01
-1.118096720621157374e+02
-2.150981568791270320e+02
-8.008424424399044028e+01
-2.609002257519056229e+02
-9.758226884049778960e+01
-1.273471438253902619e+02
-5.478954674555109250e+01
-8.557947504401923311e+00
-9.702177026933310344e+01
-1.446011175832888398e+02
-1.470067003842543727e+02
-3.998414833318140893e+01
-4.613393526709968739e+01
-1.060343436081011816e+02
-1.624805973732560744e+02
-6.904981563233926067e+01
-9.678180644043787595e+01
-2.869488570839732233e+02
-8.379874673417305075e+01
-1.133320305470381015e+02
-1.191490608636435411e+02
-1.413530523596487001e+02
-8.333484666604866220e+01
-9.597090820394186039e+01
-8.643370248111294529e+01
-8.153949130597993644e+01
-1.030195620927058258e+02
-1.269439077968402501e+02
-9.432479002770766385e+01
-9.302340996227363235e+01
-8.162545921605708088e+01
-8.171276763238370222e+01
-2.490300627742812196e+02
-1.158893618292229633e+02
-1.014109731542102111e+01
-1.932941114509293925e+02
-1.051718088084788434e+02
-1.147114453761159325e+02
-2.689555403763026220e+02
-7.812350428250151424e+01
-6.949501612498164604e+01
-9.533369470150317682e+01
-2.911523767387976136e+01
-1.089933356013872015e+02
-1.284152069311104469e+02
-7.787178719538576388e+01
-2.392478844900252284e+02
-1.974506850077404465e+02
5.876970850987120798e+00
-1.196198143831068421e+02
-2.996227271755265065e+01
-9.042013528991228100e+01
-7.103627000657218105e+01
-7.248045385473903934e+01
-2.138298377455163859e+02
-3.170025766651787080e+02
-2.362081467430830060e+02
-1.040157706788371996e+02
-1.795146396550033785e+01
-1.298833655101630882e+02
-1.258133544522355010e+02
-3.803584344137814810e+01
-1.044037145528958348e+02
-1.984023919175415926e+02
-5.110953106967714632e+01
-1.120208553880807330e+02
-7.314709029295835307e+01
-1.430587159262237265e+02
-6.283967980521999408e+01
-8.994054198860268912e+01
-1.029809295418486670e+01
-1.658507932879239490e+02
-1.266028398490919074e+02
-9.614848160515316522e+01
-8.263256323029489181e+01
-5.390730563141474363e+01
-8.192623504317505478e+01
-2.162078403356739216e+02
-2.315357834537951476e+01
-8.184716499583845462e+01
-1.273066289683148966e+02
2.476277910422182060e+01
-1.113262733682314831e+02
-2.823620416992230275e+01
-1.202257064180599002e+02
-9.801168544220084300e+01
-1.636404738400081840e+02
-1.044393960951687745e+02
-1.359867583989254456e+02
-1.770114316938952754e+02
-1.371611365962940283e+02
-1.429311714876535575e+02
-6.187325729090188986e+01
-1.176496931232254610e+02
-6.248893257157564562e+01
-1.080709801193641226e+02
-8.530804409570588120e+01
-3.699133954820988635e+01
-1.041036869508365044e+02
-8.961143787139255323e+01
-5.966169660567454969e+01
-2.179313936730029866e+01
-6.007708708973873968e+01
-1.080693282654937377e+02
-1.961702049034456650e+02
-1.164033669446829435e+02
-5.937033238403198254e+01
-1.828882910475294068e+02
-1.344537211795093299e+02
-1.022971932571724523e+02
-3.577543561838173787e+02
-2.423718668728540138e+02
-1.818173189534687140e+02
-9.067228375393048623e+01
-1.908287692051981992e+02
-1.495951206335129484e+02
-9.737953063989077407e+01
-9.167259492374806484e+01
-7.236633833482440536e+01
-1.142769040527679323e+02
-1.251583572747399273e+02
-1.056648197262049820e+02
-2.695520759088699947e+01
-3.136561111291321424e+01
-8.873329292775270005e+01
-8.844701917474780828e+01
-8.010027064214737891e+01
-7.543661413549199324e+01
-4.673935731648833780e+01
-8.961903108903044313e+00
-6.570110397605432695e+01
-6.436198867155309244e+01
-7.505622018019718666e+01
-1.665163856058896101e+02
-6.179528896175723673e+01
-1.424691601771261844e+02
-2.494025218533571149e+02
-1.081934505701027973e+02
-2.269175154030366457e+02
-7.947502264888400703e+01
-1.088397147272855818e+02
-9.224300805729517094e+01
-1.020651225023164130e+02
-6.658556398637612972e+01
-1.715498361694369862e+02
-2.903738297544822444e+01
-2.922360320499919339e+02
-7.163072810337061469e+01
-7.720785015955837594e+01
-1.220754318533534359e+02
-3.070431611580477238e+02
-1.660450722638122443e+02
-1.195782283589785777e+02
-9.204373427340266289e+01
-6.736206457501238276e+01
-1.344956336176661296e+02
-1.705243381349866070e+02
-6.280138196133208339e+01
-1.397289072737252695e+02
-6.790109272091089565e+01
-7.587782856036481860e+01
-9.976852210171614388e+01
-9.954922189627534124e+01
-5.465648673690189696e+01
-1.697832235621012273e+02
-8.785024431911207898e+01
-1.712363330939248556e+02
-7.627896612731329640e+01
-1.314573914746896719e+02
-1.901176318829192269e+01
-8.689256353085477258e+01
-1.426034371413898612e+02
-8.560676796812290945e+01
6.386998483216102862e+00
-7.819010373883330089e+01
-2.859004775455115066e+01
-1.460654393342584285e+02
-2.558736186987676717e+02
-3.484910405754203566e+02
-1.033368332212665592e+02
-1.112921051022058663e+02
-4.959967303949225936e+01
-7.866612495326326382e+01
-7.650840036371226915e+01
-9.490836622976058834e+01
-9.114490109940096829e+01
-4.745923347107620316e+00
-1.358636835014394535e+02
-5.467260052255833358e+01
-7.106187019451205344e+01
-1.514882633602153703e+02
-1.048090445673258415e+02
-1.195851866160025168e+02
-5.893555363136719905e+01
-2.174206782630233192e+01
-1.930365925196667831e+01
-1.751832236034665584e+02
-7.339084568571990985e+00
-4.537601114419012305e+01
-2.521725517276307187e+02
-3.094119333505950635e+02
-2.859879742978097852e+02
-6.344054244610327942e+01
-9.321920311429634864e+01
-1.192511313178743819e+02
-2.761623486891654693e+02
-1.973085005507971346e+02
-4.519126507403963444e+01
-1.502430638517433295e+02
-7.462575740681251091e+01
-8.957330676338258968e+01
-5.524550497678033167e+01
-1.042382029459899115e+02
-1.426018503923133665e+02
-9.075090907525536466e+01
-9.893661528536817684e+01
-5.980379222775141557e+01
-9.273597002183214499e+01
-1.082491320107526178e+02
-5.792190301693862153e+01
-7.723732611907591661e+01
-1.605346955048011921e+02
-7.510644900205259944e+01
-8.049790359962727848e+01
-9.738897369945533455e+01
-1.356147259514207803e+02
-3.760304289411301681e+01
-8.708158501896414805e+01
-8.809115592526363514e+01
-1.501023681795809921e+02
-6.897874328458519244e+01
-3.607799105473571899e+01
-9.652511141030288400e+01
-8.669615225268360348e+01
-1.683847642322776608e+02
-1.136851728266186115e+02
-6.074764961682615194e+01
-7.850336810002268351e+01
-7.538240329631264558e+01
-5.828376931234151925e+01
-1.308545417957392942e+02
-2.379895066506925048e+02
-8.203474270475646790e+01
-7.441348369298621890e+01
-8.667834353425456584e+01
-8.237051620697096155e+01
-1.437469389161880997e+02
-5.684192695633997516e+01
-1.210995521811607460e+02
-5.758366021592160422e+01
-3.876789464044556865e+01
-5.027652435248956664e+01
-9.097170277023005269e+01
-5.277622401261591989e+01
-5.113161904291088433e+01
-1.356551797652454070e+02
-1.003659792443281873e+02
-1.104077393858181892e+02
-9.673129802151828471e+01
-9.066102582688725420e+01
-3.077758655541430244e+01
-2.394949141739253662e+02
-5.210151282278475549e+01
-5.891086044325945181e+00
-6.470447625752818510e+01
-7.483236112521338157e+01
-5.886209214203432083e+01
-3.138066480978945094e+01
-9.164766337823685660e+01
-5.312592004184667616e+01
-6.573288600393379966e+01
-8.580802590901376448e+01
-8.538326241915396508e+01
-1.758504436058690601e+02
-1.152829080686503005e+01
-4.952376017690595233e+01
-7.421977196068047533e+01
-3.298588784602098372e+02
-7.415876071598060548e+01
-3.329133314633750729e+01
-2.518524466467907530e+02
-3.195861519035329934e+01
-2.592650902781713285e+02
-1.114549457803053940e+02
-6.300511324432328308e+01
-1.014131746870181843e+02
-5.546435274568361251e+01
-1.878491283473690032e+02
-1.514734484237127958e+02
-7.071097560192490050e+01
-1.565260450822320877e+02
-9.289295327347691966e+01
-7.274050940642509033e+01
-1.396244552512102359e+02
-6.660831411655397005e+01
-1.133944128421580757e+02
-5.366980271253405732e+01
-6.998367967950477464e+01
-5.470424534280126494e+01
-2.081883002080105882e+02
-4.463364770940545156e+01
-1.060401108269943791e+02
-3.216110807431708452e+01
-7.459989273909704366e+01
-7.661416807619359304e+01
-1.165306655419387738e+02
-1.318249174340550098e+02
-5.973955153543284524e+01
-7.825100061487802350e+01
-7.234057426573755833e+01
-1.344265372464178654e+02
-7.581550288562166884e+01
-6.741341581435469266e+01
-1.802757747327165987e+02
-1.038122516708542236e+02
-6.368582330175767936e+01
-5.513709773867014974e+01
-4.692005771034769879e+01
-1.382472121416066102e+02
-8.248932167832873574e+01
-7.400355133164021026e+01
-3.161062213536639831e+01
-6.946541926506843367e+01
-9.421527126353538506e+01
-6.065999794129257339e+01
-2.536099067940050134e+01
-7.565299335607730313e+01
-3.674695663150766336e+02
-5.353176024940793809e+01
-9.936115463749288779e+01
-7.099149087437095318e+01
-5.182388196141671699e+01
-6.367995397417662673e+01
-1.255417684490326167e+02
-6.797817821904760649e+01
-1.130457302222463056e+01
-6.366940755078974234e+01
-5.461303640932055714e+01
-5.711190043366477198e+01
-4.120139740269287643e+01
-5.675607219778173373e+01
-5.457681337165372781e+01
-5.369374594488742503e+01
-1.234496262176242567e+02
-1.835828656101228944e+02
-9.931780462065961501e+01
-7.259310001464537265e+01
-6.706332549712570312e+01
-7.950105605597140368e+01
-1.846174063307969391e+02
-2.493037101156441793e+01
-7.538468136705363065e+01
-8.679419227586127761e+01
-8.319988536446967942e+01
-8.862310383106677136e+01
-6.819685693252586134e+01
-7.840909429960356647e+01
1.796238864777015465e+01
-8.553694361800833690e+01
-2.201793466620472373e+01
-2.010502134385156410e+02
-1.403084495750308065e+02
-5.106803942426213183e+01
-1.182498265579754388e+02
-5.339466885867353341e+01
-1.285522082459828255e+02
-6.939937010549451202e+01
-1.353365336258684977e+02
-5.461833170560002770e+01
-7.637334248354414967e+01
-6.251145833304219934e+01
-5.420464030427218916e+01
-9.690457118773541367e+01
-1.354320108258359028e+02
-1.005708114695131172e+02
-2.452748663012916666e+02
-2.556823846711208432e+02
-5.341112407072255053e+01
-4.259354455643727277e+01
-2.408563334104518106e+01
-8.987775126146651417e+01
-1.334826596085644042e+02
-6.826814328157568923e+01
-1.734094544627738799e+01
-6.263163309919761446e+00
-1.712702516447126868e+02
-1.082874449602935414e+02
-5.731700728090923036e+01
-1.115986442080118763e+02
-5.313716817654628244e+01
-7.938435250530724829e+01
-3.834589817355044516e+01
-1.334547388944561703e+02
-6.921869190811986527e+01
-7.342977420361675911e+01
-4.868789117977499359e+01
-1.934620028061892469e+02
-8.058338490236572227e+01
-3.251279260497449286e+01
-4.288547360144114151e+01
-7.506854021729473914e+01
-7.604652750080511225e+01
-5.863585622911557493e+01
-4.764270970641790370e+01
-2.520372813793911178e+02
1.322744946425102341e+01
-1.116475636651923367e+02
-1.628707102016180386e+01
-2.472639243947145360e+02
-1.149132085221927468e+01
-4.290278864369660994e+01
-1.438385001491577668e+02
-1.037640878792527843e+02
-7.525804267090404664e+01
-2.264191980602308263e+01
-7.291765207686061956e+01
-8.138368193388598115e+01
-1.063242428310997241e+02
-5.873656893632391984e+01
-7.362214190471725317e+01
-4.119808492149655166e+01
-1.118257610785964289e+02
-1.889488541878995420e+02
-1.204100882999731255e+02
-9.487832929303762342e+01
-1.218899915046723521e+02
-6.211621872477391548e+01
-1.135170030445277689e+02
-1.062429352149929684e+02
-1.112397093494790425e+02
-1.549491130952929439e+02
-8.971885385901683208e+01
-2.426650945354063822e+02
-4.219352556487960726e+01
-1.303769868278866682e+02
-1.079488755675386074e+02
-2.554212698257158536e+02
-1.241090943930802695e+02
-1.691256920290730932e+02
-9.317619183908779235e+01
-1.065747330863121931e+02
-5.358070610128974209e+01
-7.566488637905436576e+01
-5.542789662738990586e+01
-1.087531947680361100e+02
-3.321919140372474430e+02
-7.186722058374806466e+01
-4.679342020393495005e+01
-2.829788871204820566e+01
-8.779525449132410131e+01
-2.630629091506904160e+01
-3.489290792064063851e+01
4.154653175229705653e+01
-5.610976486003605146e+01
-1.025696657168285242e+02
-4.670725255008987631e+01
-1.085581501654288843e+02
-7.087856799382697659e+01
-2.316689475802300251e+02
-1.097419652260340825e+02
-7.615736522168022304e+01
-8.559381042188164201e+01
-3.511743303074006803e+02
3.823978503616950775e+01
2.222964081862244257e-01
-5.705713005114929359e+01
-6.671886579690909969e+01
-7.595491343948387453e+01
-8.688261367032701799e+01
-6.889421123192977348e+01
-5.631668870639927604e+01
-3.341961677272901454e+01
-8.824643943147715675e+01
-2.398629778338333836e+02
-6.570370763852557161e+01
-7.756913180099066096e+01
-1.215226626406918200e+02
-2.075386695121515572e+02
-5.549305212985204605e+01
-6.481202055259211647e+01
2.307251472561166494e+01
-4.154797565126682457e+01
-8.680399039189919108e+01
-1.119428800611410821e+02
-8.124882743949771680e+01
-6.041787237371363517e+01
-7.653184071967174873e+01
-8.349703024292853115e+01
-7.064828768892954258e+01
-7.807173541660921501e+01
-1.208236071313920945e+02
-9.365744650969490692e+01
-4.963702590871412212e+01
-6.770978202129097667e+01
-6.934230962660714681e+01
-3.400310841122285410e+01
-4.099735683284335153e+01
-7.685639911146175507e+01
-5.350637243799677378e+01
-8.139852732307446104e+01
-4.507450127292402442e+01
-1.882014390665881933e+02
-7.626808407916107058e+01
-5.138455647017238448e+01
-7.051466311751953242e+01
-8.237896400570062383e+01
-5.649430420140397757e+01
-1.031711208209504775e+02
-2.901868909026681820e+01
-6.881475914832184060e+01
-1.651368065503619675e+01
-5.990493043524115535e+01
-8.598662196728903950e+01
-2.504966796503971693e+01
-4.181295306644930321e+00
-7.418093420914991043e+01
-8.605512683196204193e+01
-6.094137441695480817e+01
-8.139588095758799113e+01
-9.992717224270720067e+01
-8.778783930167608673e+01
-1.697892690552696422e+02
-2.976639618636154694e+01
-3.975002150829614322e+01
-3.621483145713594354e+01
-2.138182916848116975e+02
-9.001668610164377071e+01
-1.322888065940526872e+02
-5.802376748349816182e+01
-1.268617580488802616e+02
-6.592851910770937707e+01
-1.036872244375110483e+02
-2.653039977736546007e+01
-8.424567548175092213e+01
-2.376331439314341196e+02
-8.500669151719101535e+01
-1.015287444019792531e+02
-6.488617760048799710e+01
-2.007650962971911213e+02
-6.284049683362858474e+01
-1.096993795386761974e+02
-9.784830781306256142e+01
4.827653798211557046e+00
-4.253396010091380219e+01
-4.911069104831780407e+01
-6.865429306542438326e+01
-4.651964697120229175e+01
-5.985598446692544172e+01
-8.073112504489715491e+01
-1.623090599122377853e+01
-1.693575483773948065e+01
3.906141838735649685e+00
-1.040506164789051837e+02
-4.680299375154613983e+01
-5.778762366980917875e+01
-1.169494753992917992e+02
-1.225604046666810945e+02
-2.127838274583851899e+02
-5.631235853795373458e+01
-4.193390611820977654e+01
-6.687800348670586459e+01
-3.246002178324695819e+01
-1.046501511254373895e+02
-4.626648444199043553e+01
-9.238791378685746736e+01
-1.229248834177386271e+02
-7.724779557046267087e+01
-7.749107548026078973e+01
-3.696456718106671246e+01
-6.659178991622616195e+01
-8.273310589202974086e+01
-8.404816463415743044e+01
3.375233014229218043e+01
-8.110316651392578535e+01
-9.174587674050735586e+01
-1.064510952040350560e+02
-1.725876080265426822e+02
-1.034218565228714226e+02
-3.371529705459849424e+00
-5.795823325411419091e+01
-5.628807954062612851e+01
-2.453932414802177675e+02
-3.092236935931524044e+00
3.499425039444375329e+00
-6.101548301696698218e+01
-6.834230381910819574e+01
-1.141249906561210565e+02
-1.273543124517165381e+01
-1.325022185259115872e+02
-1.076657380196189422e+02
-1.241665358750404238e+02
-1.387983390948805607e+02
-7.116068481306635363e+01
-5.805041562244451825e+01
-7.291360069800303734e+01
-1.090381246555438395e+02
-1.084713507684949718e+02
-5.060314123717861889e+01
-4.300052924589192571e+01
-6.853840756239574716e+01
-8.454357300143858822e+01
-1.239545795279246931e+01
-1.292808737417507814e+01
-4.240879885551631645e+01
-8.794580200769127032e+01
1.650720536871986610e+00
-1.760532148422072396e+02
-7.956918477542247103e+01
-4.543469896244755546e+01
-9.508232155852297751e+00
-1.221920916552188885e+02
-5.485992293501894324e+00
-4.597072001903040928e+01
-1.740713642453042098e+02
-5.934083189763584443e+01
-2.780694750564221351e+01
-1.448458866422435563e+02
-9.390939079882690521e+01
-1.201038978796586605e+02
-3.816031662597265495e+01
-5.689989238810026251e+01
-5.370661415860961796e+01
-7.971878547934551307e+01
-8.051767032019797909e+01
-3.827575940169400326e+01
-8.299025052214244624e+01
-5.975638985427831074e+01
-8.407831450740722801e+01
-2.249153045442818666e+01
-6.949763258868766513e+01
-1.313867669440885493e+02
-2.823716875220122802e+01
-1.394516917470884323e+02
4.382152006607542916e+01
-8.608792465487215395e+01
-1.793725921004010786e+02
-7.460503858884258932e+01
-9.645779431750716526e+01
-6.735419362356896045e+01
-5.694266276815852734e+01
-1.058578161853963167e+02
-5.345031293936986572e+01
-2.169939941550921958e+00
-5.471443409052385221e+01
-2.623130374976042845e+02
-3.708504621785123589e+01
-4.627086421711105402e+01
-1.999540785550167925e+02
-3.529667181949275800e+01
-9.969373149087410013e+01
-1.897702560422550278e+01
-2.709001155865892940e+01
-5.712250445514084163e+01
-6.806647197167590946e+01
6.036544974621534720e+00
-4.957461707941410367e+01
-9.926759144130544144e+01
-1.090756325958105322e+02
-5.677108617785791012e+01
-9.889667549261939428e+01
-2.299656173054843293e+02
-8.776524181318990259e+01
-3.211653760701227611e+01
-4.027498109838901996e+00
-3.655721141952752617e+01
-1.564683887533423103e+02
-3.584691585234611466e+01
-6.760750412181646141e+01
-1.654461711591155790e+02
-6.493331279943198808e+01
-9.360003962768149677e+01
-9.855484725605711560e+01
-5.526447975990112127e+01
-1.268234104357429430e+02
-4.371010971245584642e+01
-5.477755161183799260e+01
-2.481473268235333762e+01
-1.283665508714801717e+02
-5.541598070193242620e+01
-2.586814155310024432e+01
-5.114825316736960303e+01
-9.392315621748041110e+01
-7.474322226682433268e+01
-6.710566627556548269e+01
-6.954549904203641120e+01
-6.129115801581509970e+01
-4.432283652929946527e+01
-1.592380072171766869e+01
6.821388828066261567e+00
-1.038934544484415738e+02
-8.505878114302986148e+01
-6.940628843705721351e+01
-2.482492840067156692e+02
-6.458627481017296645e+01
-2.135649574773771064e+01
-6.323126979806166048e+01
-1.167627763730294106e+02
-3.159984034007466391e+01
-3.414253031288181717e+01
-6.430922876774360475e+01
-5.112030144539781418e+01
-2.006854559790642156e+01
-6.727236755656679179e+01
-9.702463244723702473e+00
-1.369524394945137544e+02
-5.337976310778671518e+00
-6.186543832090085715e+01
-6.231376089202339585e+01
-1.444414528866754495e+02
-3.156828421054363787e+01
-4.424659968787641162e+01
-3.806725031913396151e+01
-5.756504345254465704e+01
-1.832039686279084663e+02
-1.653395202672899131e+02
-3.556091629088385275e+01
-3.668395747730406242e+01
-4.021931143401602071e+01
-1.705078741230413470e+02
-1.910811217093520042e+02
-1.390235859242976346e+01
-5.466679368755336554e+00
-3.995737340330539666e+01
-2.084422211317146889e+01
-1.508518552907099775e+02
-1.082926310060660313e+02
-1.141919411534725270e+01
-9.976766521696816881e+00
-1.087301689937486628e+02
-3.393657771785112232e+01
-2.373057250238450138e+02
-1.823457804528857764e+02
-9.573571194146791186e+01
-3.573314719145284357e+01
-2.058456903406369065e+01
-2.374056776735588414e+01
-1.824374648005516519e+01
9.954295080344593316e+00
1.667570749743767067e+01
-5.705081812805944708e+01
2.527912153333318201e-01
-5.468685115909536876e+00
-1.585139081482502945e+02
-2.031704719298764985e+02
-5.564518580310429030e+01
-3.724858921759884822e+01
1.317962417230761218e+01
-4.792567662191574129e+01
-9.762918195757850981e+01
-1.377296621692931637e+02
-1.038563151289122288e+01
-9.112998368814946559e+01
-1.427523627260258650e+02
2.665859011518894306e+01
-4.991616374159434599e+00
7.893718126885488573e+00
-1.152940511001283141e+02
-5.330266855615361976e+01
-4.800676508414424859e+01
-3.052812375162712044e+01
-4.992937044045135053e+00
5.166321071375330121e+01
-1.038824045201726136e+02
-3.391925009805235618e+02
-4.628230967728850942e+01
-5.811031749542537739e+01
-3.891119925083407338e+01
-2.405378667913189190e+02
-3.502080921974561534e+01
-1.202507627667228860e+02
-5.639181372995105335e+01
-4.021980365176849403e+01
-1.676918495113291669e+02
-1.033972961859375062e+02
-2.907166590315038093e+02
-8.644269551238548388e+01
1.040703955084057952e+01
3.126856097923317179e+01
-1.328183683684535765e+01
-2.961854908539048665e+02
-1.101624329577839774e+02
-6.623218811223364355e+01
-3.821399784136141875e+01
-1.126407728956120025e+01
-3.510912727925368415e+01
-1.156007747148307772e+02
-1.002156519443766456e+02
-2.192510423667627606e+01
1.586618729519922510e+01
-1.218050939328760478e+02
-5.661409507785956663e+01
-3.058957332076584521e+02
-3.370129169503921673e+01
1.498651298954487743e+01
-3.735721855701176253e+01
-2.287512318797513444e+01
2.465522397753360906e+00
-1.752586889512258495e+01
-6.885093838818617940e+01
-5.599808195152584744e+01
-8.826635210406637100e+01
-3.200630413634300453e+01
4.670467574432564106e+00
-7.363645471185876090e+01
-5.101319980948791510e+01
-1.211872846066403895e+02
-3.509902453604489381e+01
-3.732388494055811634e+01
-1.147307125791812155e+01
-4.664173671714375757e+01
-5.888702342090937236e+01
-5.638934296540580249e+01
-1.368028967868702921e+02
-4.346371930953529272e+01
-2.391918854286473106e+00
-9.018410854677695454e+01
4.461796147971597293e-01
-3.965164399414194918e+01
-3.448077998247815401e+01
2.440511744164631125e+01
-6.815206706012328652e+01
-7.098798453703045652e+01
-1.633809466100851182e+01
-1.403912474476831562e+02
-1.921798052321353225e+02
-7.468305409950716012e+01
-7.920137775039279404e+01
3.027468404872712426e+01
-2.688401221359141857e+01
-7.713746579196327957e+01
-2.583067112447183433e+01
-1.448822352316966828e+02
-1.672277300699498426e+01
1.061061041606305366e+01
-7.038748437846507500e+01
-5.483504540662451632e+00
-7.258405823490423359e+01
-1.086440574897213196e+02
-1.216185453944245864e+01
-8.077099305305662824e+01
-1.840748180092371626e+02
-1.466340202026439670e+02
-8.598102697716983300e+01
-2.028347724802263485e+01
-1.133525340272505275e+02
1.295595125576713258e+01
3.426856708583323297e+01
-2.262270046517531341e+02
-1.792705755392286733e+02
-2.253079549815734595e+01
-1.492148924221908146e+01
-2.420214777441056242e+01
-1.116810918340167689e+02
5.818327954011124348e-01
-5.668945329896631335e+01
-5.736635122167590595e+01
-9.620435201302845485e+01
-3.195499729164282599e+01
-4.760646555909929134e+00
-9.698252026693850780e+00
-4.497699641627889378e+00
-3.110493967332824639e+01
-1.575375015486883967e+02
8.988975312131625373e+00
-7.413823993331784834e+01
-9.784172902121198945e+00
-8.793821019184602505e+01
-1.401529471763733170e+01
-1.801765526046490606e+01
-7.284660541231893660e+01
-1.327737583489572728e+02
-3.905924556939217496e+01
-1.876670001659044829e+01
-8.276550741429898039e+01
-1.716416111133194704e+02
-1.275506356728152468e+01
-1.058865043669940178e+02
-3.428682895604541159e+01
8.008732183304061891e+00
-1.811688945852412758e+01
-7.192235562382882108e+01
-3.073031605208097972e+01
9.154321399260055614e+00
-1.238873909514275624e+02
-6.106401238433392109e-01
-8.402797716680467488e+01
-4.376846791975320627e+01
-1.700175162546452157e+01
-4.184307975533342017e+01
-1.722348331190798376e+01
-1.785896081865505778e+02
-5.491862081198285495e+01
-6.081024328841294846e+00
-5.755420632832993988e+00
-2.214089413363545589e+01
1.539291977678679757e+01
-5.965262219837978108e+01
-1.574993721899475929e+01
-4.901984956361631873e+01
-8.545067122555362005e+01
-3.684222201169185951e+01
-7.066154442019001181e+01
-1.538998926016188307e+01
-7.932708772828277688e+00
-1.607709264762814882e+01
-3.408569613715783930e+00
2.411912131412766769e+01
-8.277855150659783590e+01
-1.177888577023633729e+02
-1.036334294951051760e+02
-1.959212726010164829e+01
-1.373623444619606460e+01
-1.615501704274604151e+02
4.128988051910141621e+00
1.123716970397112824e-01
-1.544595784109550891e+02
-1.184110802102026128e+00
-8.598578041051553100e+01
-5.217596040564766469e+01
-4.129572888763493665e+01
-3.842015499285523106e+00
2.224494412768108020e+01
3.009388157293696509e+01
-1.131266968323720192e+02
-2.833006704106425389e+01
7.089932212304006498e-02
-5.053451746659092692e+01
-2.420010032349973699e+02
-2.368450655365326440e+01
-1.411082409790492989e+02
-7.739138450444302464e+01
-5.157107951460943696e+00
5.497921441817965160e+00
2.907040851824189076e+01
4.423940367696793885e+01
-4.123138942449768507e+01
-1.015477249407296370e+02
-3.557205815657455616e+01
-1.783626926938602537e+02
-2.630329854445490412e+01
-1.624302676361653823e+02
-7.370134537318180890e+01
-5.418555995285316840e+00
-6.580344985166078686e+01
-8.800038592030375639e+00
-8.698979429084033654e+00
-8.865189768865268150e+01
-2.224427392657694327e+02
-7.894081735910843634e+01
-9.187738782447527797e+01
2.095175562146309289e+00
-9.265109418100962557e+00
-5.479780304625280962e+01
-1.371920801186374774e+02
-1.819886118575546163e+01
-1.827018625846181692e+02
-4.297434311803087326e+00
-6.681508308233483717e+01
-4.662652432744958020e+01
-1.321953969612151241e+02
-9.041427938513291451e+01
-3.165746409703160680e-01
-1.334759013691801783e+02
5.242636750218352404e+00
-2.023250951246947693e+01
2.149206551200855131e+01
-2.119072803571327768e+00
-4.776746074246661067e+01
-7.194836558198150556e+01
-3.925311703024421206e+01
1.522075724222995063e+01
-9.281089398502047061e-01
-5.201815915851641137e+01
-3.533511069044830322e+01
-2.120493380264405801e+02
-8.469832029717342436e+01
-6.780386106964670034e+01
-1.348077883241793984e+01
7.319550349993960481e+00
1.510573233273860083e+01
3.598574977339412229e+00
-2.569566859143886006e+01
-2.253026460484797440e+02
3.105455533236727206e+01
1.787052483713678441e+01
-1.843244257346341897e+02
-3.351289456041311610e+01
-3.576365027405381625e+01
-1.014607820461533549e+01
-3.977246441722556369e+01
-8.177194881403019622e+01
2.211311716247983838e+01
-1.628304776959667777e+01
-2.895194331115293096e+01
-4.840185130674237257e+01
-5.920870512755264770e+01
-1.297843513773682389e+01
-3.839453323222892323e+01
1.876967619948908350e+01
-6.095289792732631895e+01
-3.954992607578654429e+01
2.071096131052247813e+01
-5.860189061746348216e+01
-2.651397593910391492e+01
2.836240999570208032e+01
-3.790660337050201178e+01
4.416567396724136074e+01
-1.141761843944744896e+02
-2.433717380705432731e+01
-2.492861030835626934e+00
-5.626573591947547470e+01
-6.789863961375580459e+01
2.386965539403895775e+01
5.796252435457574848e+01
1.571615129018784174e+01
-5.162029164593553787e+01
-6.182296823413437892e+01
-1.144342039014304646e+00
-7.938201026015093476e+00
-1.734009060313376551e+02
-1.090850338955516463e+01
-4.481034070232456656e+01
-1.127954874613010361e+00
-1.318670387853710508e+02
-2.532293167886179219e+01
-4.596021841668536467e+01
-1.274433035544035420e+01
-3.123521839074662410e+01
-5.966085286083363570e+01
1.003080681957183060e+02
1.718550137488045948e+01
2.091050397609406275e+01
-3.582084865000886964e+01
1.421419273980173159e+01
-4.030219211938765511e+01
-5.759523541329268426e+01
-2.948770736821428784e+01
2.823864916786445178e+01
-2.052928828622887636e+01
2.889457933377903487e+01
-5.416269045599059950e+01
5.094364311987445859e+01
4.593494986038295202e+00
-1.478844644998405045e+01
-3.401293439081763381e+01
-2.418135877774707865e+01
-9.151033024904472768e+01
-4.820583434537986989e+01
-1.406018197328411361e+02
-2.451457596570178055e+01
2.377156684337492720e+00
-1.093571541328360581e+02
1.119910953187758196e+01
-4.116894042244283014e+00
-4.009643529639316739e+01
2.492822208011179441e+01
-2.087100955352359222e+01
2.742989352477138709e+00
-1.647527284966483307e+01
-1.624926523340540143e+02
-7.169153327001512821e+01
-6.831265686016081418e+01
-1.563549861765780236e+01
-2.927629970958800243e+01
-1.744471688422131592e+02
-1.496860758371879285e+02
-3.272637958953573900e+01
-4.739602264548054222e+00
-1.871759642678157434e+02
-2.797856750819931904e+01
6.056602597254705067e+00
-5.941846059272503311e+01
6.028031253901119157e+00
-2.356475273846712071e+01
5.909933625525212619e+00
5.553213790688472073e+01
-1.187870004659917811e+01
-1.024858437696038322e+02
-6.898464494246425716e+01
5.791283914699235424e+00
1.808627314931290186e+01
-4.804564013928262511e+01
-1.095065868405500531e+01
-2.040661974270553003e+01
1.880636203646635352e+01
-6.564908551631418732e+01
7.935843989891466776e+00
-9.452651526237815460e+00
-2.481764653021839706e+01
-1.394444294417637025e+02
-1.718673623265942751e-01
-1.284577479634189956e+01
4.621437970444077781e-01
-4.325455571183722725e+01
-9.779280297258679866e+00
-2.408192083907761116e+01
-8.952626026767127598e+01
-6.823700821445989995e+00
4.026105659944714432e+01
3.676194073051075861e+01
-5.168501472988569390e+01
6.670935324158318735e+01
6.465177726558150084e+01
6.271316177109241607e+00
-3.442737691721110593e+01
4.186776552596229095e+01
-3.731773680815557270e+01
-6.004036726756112330e-01
-7.617144460059054722e+01
-3.571481875733223887e+01
5.909716464617375209e+00
-4.867219582502682940e+00
-5.358326075366704799e+01
-2.922482217394669419e+02
-8.489078992503380050e+00
5.846960531220131685e+01
5.849738467389059338e+01
-1.187786272215831218e+00
-5.819148380594484138e+01
-5.542005475405611037e+01
2.402164332694999871e+01
-3.816895462250670334e+01
-1.548322679811045077e+01
-1.142579756336841967e+01
3.414960164340132565e+01
-1.194697958391881798e+01
-3.277894220507913303e+01
-1.159889210682835881e+02
3.229593097209999542e+00
-5.488325713233584224e+01
1.538389529440335934e+01
4.031759002441413031e+01
-9.325726385685541686e+00
-5.381967112620439764e+01
-1.048614498366402472e+02
-3.710134115774874886e+01
-5.772633859745845086e+01
-3.285740390810019562e+00
-1.629002915420184934e+02
7.035294009926181502e+01
5.047210956544932969e+01
-9.849017839837941324e+00
1.109516673284636568e+01
-3.340806753657615502e+01
3.945420065700716350e+00
-1.461298229799936621e+01
-4.236367021848151637e+01
-2.231701087659548932e+01
-3.666972080830109348e+01
-4.826733321963632761e+01
-5.136776586053969140e+01
-1.889636511679840680e+01
-1.874678688836647211e+01
1.957181158122492093e+01
-3.482536833392737208e+01
8.364126996991075202e+00
2.265709468842713648e+01
-1.051847853661510612e+01
3.621520962620326145e+01
-2.696493423552878710e+01
-1.458837597639694650e+01
-1.948887546962723150e+00
9.313158762149564041e+01
7.096848108497638030e+00
-4.480499403218080801e+01
-1.799001915041039297e+02
-8.572357654675155914e+01
-1.614004440335159529e+01
-1.432788399199528158e+02
-6.608619657751634691e+01
-3.145128108149904733e+00
-3.187279452820772008e+01
-4.635019205638421624e+01
-1.005665518816977624e+02
2.305039041146007150e+01
-1.263297646867998481e+01
-2.263543266625554793e+02
-1.328713329249096375e+01
-4.569429013007473372e+01
1.209525219171165986e+02
-2.735191904394109486e+01
-2.348378396700604753e+01
-2.628310448786919551e+00
-1.193188667863943522e+02
3.981038221389809451e+00
-1.379881658067786532e+01
-5.194748029076251328e+00
-2.244587956791237104e+01
-4.310350732530866935e+01
3.813867020860454460e+01
-2.337045735404370816e+01
-8.811872535278297391e+00
-9.465022979483191534e+01
9.050750596027981487e+00
1.896771716597906732e+01
-3.134635720447487017e+01
-9.982132981220050283e+01
-9.683402688193994834e+01
-9.016849493704441443e+00
-3.741393173799653482e+01
2.061402794192404997e+01
-1.469835094510072793e+01
-4.786964486604027513e+01
4.014185388076430172e+01
-1.635995859762900295e+00
3.866760271372200464e+01
-1.214753888587102892e+01
1.523869391845659038e+01
-1.002974565188146450e+01
-9.369993169625928431e+00
-1.169300238010075077e+02
3.478492566661302021e+00
8.401126318747188293e+00
-9.104094169248860169e+01
9.255744716269101957e+01
1.109964480881932047e+01
-6.545238470724996205e+00
-1.815897481453032469e+01
-6.015465642568227622e+01
9.058767820332480625e+00
1.145718396831411212e+01
-1.253557280017010100e+01
2.345202556790437143e+01
1.415374794340958431e+01
-1.625734977162253614e+01
-7.925002551132324413e+01
-1.193940389165454974e+02
4.391176229552871746e+01
-1.746556719028874340e+02
7.272306634149919091e+01
3.180591091242584412e+01
1.139721553476319826e+01
6.393684631813044916e+00
-9.063373866425007463e+01
1.146077220061944502e+01
-1.419364616599656870e+01
4.303182686041978400e+00
-2.654140848645531037e+01
1.725139627619305394e+00
-2.379277409705110813e+01
-1.352194061941679877e+02
-4.614251373889104002e+01
1.029435751034861823e+01
-4.018104856037922445e+00
-1.757745493959785676e+01
6.022871567859496622e+00
3.280667410573558840e+01
-2.830904076745227371e+01
9.578684715901516711e+00
9.712243408710776293e+00
-3.923212567054676470e+01
-6.428062255428861249e+01
-7.746962855615575450e+01
1.811961910483532279e+00
7.035417847384454859e+00
8.206745267721936443e+01
-4.754243552801978012e+01
-7.696317795208685197e+00
-3.577486535106653776e+01
-1.880914738162417166e+00
-1.984907550634328288e+01
2.867873344546381986e+01
3.965485825958315758e+01
-1.155520603609799508e+02
-2.803232308755829081e+02
1.110889896268022525e+01
-2.893622903536343927e+01
6.886998796715317894e+00
2.509587287574508707e+01
1.145144362381827818e+01
1.541436658729721465e+00
-2.170632778164145975e+02
-4.584280918838233276e+01
-3.278773581768619749e+01
2.229053920122940724e+01
5.625082667897146393e+01
-2.485072188400863524e+01
-1.145479474691385917e+02
-5.858223166815093208e+01
4.758411756523886993e+01
-1.352740222151074363e+02
-5.610876381628451526e+01
-4.669519951785598977e+01
-2.435454395096138569e+01
-6.882687025273359893e+01
-1.115009821115074828e+01
-6.548391300746560262e+01
2.582687941843597912e+01
-4.702463822183133857e+01
9.039079500827142510e+00
-2.148071109030896935e+02
-4.290526337033092830e+01
-8.852751463564615619e+00
8.844863284191811204e+01
-4.500147109416180058e+01
-8.128338325873815506e+01
2.394256246901359475e+01
-3.173160067696142050e+01
-2.607477422621424523e+01
2.500070910371682942e+01
-4.687722612362593821e+01
-6.181273885212775099e+00
-4.917903661990574449e+01
-3.892168727796278915e+01
9.695257137806791548e+00
-4.246710870261013326e+01
-1.307858071961157975e+01
-4.440969651135778662e+01
-5.379712779320166050e+01
-9.360677413467900010e+01
-4.557117661305607470e+01
-1.448418167843324511e+02
5.193224627057141873e+01
-2.327615785334559462e+01
-4.256487434641284295e+01
7.094490578134013958e+00
4.239711396332651816e+00
8.958959313096855226e+00
-7.677417498655114514e+01
2.800679446127674055e-01
2.514395223228248710e+01
-4.586037588081619276e+01
9.535997715919071993e+01
-5.185275748104774607e+01
2.582348156720279064e+01
-2.830650762324263781e+01
-1.094298111866917935e+02
-4.669663964500658437e+01
-2.330635518157208708e+01
-5.658590915984451897e+01
2.256831803620256949e+01
-1.027600414404972184e+00
-6.589879179668017173e+01
-2.485482016246308490e+00
2.789008849987163785e+01
-5.670025154522819122e+01
-6.026326170793860371e+01
4.124022543735303259e+01
4.955349321375058480e+01
2.456529660778315005e+01
-3.393028422900965779e+01
7.826756386403434185e+00
-5.423733814939387798e+01
5.921442134765626975e+00
-1.015939925958313239e+02
-9.667877994326175894e+00
-1.021888914810412530e+01
-7.537669204033861092e+00
-2.992790988875243841e+01
-1.617128472983399945e+01
5.150988520820177996e+00
-5.385068410761850544e+01
-5.767643798288000312e+01
-5.814345850703176666e+01
1.042481670961319296e+01
-5.632862570349148257e+01
1.351439330817523299e+01
9.546429085410055393e+01
7.114591322391122219e+01
2.169140434182960320e+01
-2.224170001613933323e+02
-4.029569077553921375e+01
-4.596080318401990894e+01
-8.779109271883228871e+00
-1.084650104332234264e+02
-3.447977663370689072e+01
-1.529831783906277565e+01
1.011453568215921450e+01
8.036319509054247590e+01
-1.095194523110182558e+02
2.579661641981733666e+01
7.219307271658014713e+01
2.413990880701769015e+01
-1.714971558033141719e+01
-3.444961176768606492e+01
-1.279565362995498390e+01
1.563822514997482926e+00
-2.190967658875129587e+01
5.975742726405754013e+01
-3.119595515496734492e+02
4.916542604272424910e+01
-5.846335378578164210e+00
-1.456230281991400659e+02
2.697593026198836696e+01
-9.008001113706271212e+01
6.673502118417522411e+01
1.856398969723603898e+01
9.527255310991681370e+01
-5.719266061949355162e-01
1.950490312009192451e+01
-2.493255611932575277e+01
9.403133159906232663e+00
1.778760568040195267e+01
-4.893919936763599310e+01
-8.396938035870343242e+01
-1.954436499339819377e+01
-4.038630293785762149e+01
4.502457222991893104e+01
-1.550629986768948356e+02
-1.106206206975946174e+02
3.503969208056645357e+00
-1.322069054108195871e+02
5.528353022712216358e+01
-2.392571767449780396e+00
-8.429747925078808635e+01
-6.132695747158122401e+01
-5.041182952397034711e+01
4.995878427884306916e+00
2.527240286798781455e+01
1.066415257556239595e+02
5.279287572905752768e+01
-9.096566518837749982e+01
2.053084250155455948e+01
1.941213992096172802e+01
-3.338794460456470858e+01
2.208283328364757381e-02
6.342278222066391180e+01
-1.875960210258913037e+02
1.638317273665538920e+01
-2.013231308058315960e+01
-2.131219729559749965e+01
6.949436313183409375e+00
-1.134181563958098593e+01
-6.334355745847290109e+00
1.430699408727772948e+01
7.001217168110905220e+01
-1.892732499956548509e+01
-2.754709232493539162e+00
-2.871637376207645787e+01
-6.212709254245089596e+01
3.238273840514798252e+01
-6.738472520870188021e+01
6.130694889932100011e+01
-3.757644279852625147e+01
-8.916104888926057015e+00
8.991081552794111076e+01
7.261192286676507024e+01
-4.680149377495870056e+01
8.873650602592726955e+01
-3.585974530191373333e+01
1.805829303230638061e+00
5.054997685606541324e+01
-3.550167785016682842e+01
4.234701979618480294e+01
-4.059465507810200791e+01
7.550515667238907724e+01
2.715798078155756912e+00
-1.411772012730358483e+01
-1.298626647377790277e+01
3.898224397869049085e+01
-4.936819755895726303e+00
-4.815611056812537072e+01
-2.401348403964104250e+01
5.313132251715285292e+01
2.290327838199443988e+01
-1.239254811453059801e+01
6.459561134732359733e+01
-1.638313084088584333e+02
-2.908114959501094177e+01
-3.552397218719335115e+00
2.586068124868191376e+01
6.845005802437754028e+00
-4.276011961936291073e+00
-7.346224923399036300e+01
7.466476907268202012e+01
1.161203778435369003e+02
2.684400376130062682e+01
-5.891471318204949625e+00
5.578257076091792044e+01
-4.100192794720199885e+01
-1.723484680392363089e+01
-1.531397199327163250e+01
4.642885646094229379e+00
-4.342363882389037144e+00
-1.335991949161184777e+02
1.271939451942172639e+01
1.671838996743787220e+01
-5.421383192227570191e+01
-9.940200797172181524e+00
4.672114163739822601e+01
-1.594828114828370076e+02
-3.829819071059628754e+01
-6.148144416979675952e+00
1.788190170978505478e+01
-6.161145453054371757e+01
4.424113218909067058e+01
-1.025893543006632740e+02
2.847517420436035351e+01
5.710763168094686648e+01
2.580137912245226062e+01
-4.140436103161269088e+00
1.473769750999284156e+01
-3.169272203197357385e+01
1.709031299292998085e+01
-1.599275247287876596e+02
-4.337100428393073059e+01
3.082176579020682539e+01
-4.948729363562051731e+00
-7.484965628801987236e+00
-5.410355970555416505e+00
-7.215906097765503091e+01
-1.135852751631252033e+01
1.004399915204912475e+01
1.641796064768470842e+00
7.926792030543278145e+01
6.392711847868298491e+00
1.450417583290561652e+02
4.107951591279645243e+01
9.892547325215738852e+01
-1.210754434391105860e-01
-1.332477079230861250e+01
2.481941495638022843e+01
-2.546996878839908618e+01
2.079845128900980455e+01
4.550403865561040107e+01
-1.136916975809521091e+01
-3.290878924764577107e+01
1.034981513386453429e+02
-3.691871382236172394e+01
5.308446913924097998e+01
-1.146116129216537161e+00
3.707494559969417480e+01
4.034742448807658377e+01
7.247755598060223292e+00
1.013446717715278851e+02
1.252389117387272677e+01
-1.594138353678846443e+01
-1.296549479071047983e+01
4.554366485893689287e+01
-9.379277761914808309e+01
8.085860921010410607e+01
-5.075805847523371028e+01
1.973695826096781047e+01
-2.792511765525371459e+01
6.433096554236840348e+01
2.193192604119784761e+01
2.291368107009357402e+01
8.857332102100932048e+01
2.617005621855462039e+01
4.107232622186339199e+01
8.772235731509049117e+01
3.182812952358191794e+01
-5.334615150690192564e+01
-6.739551067551363417e+01
-7.788390511355380852e+01
-8.358571939017254238e+01
-1.273671536176398433e+01
-2.971668232529887632e+01
-1.839063875365911827e+01
-1.735482753296722080e+00
3.076048553729674495e+01
1.120698156432239756e+02
-2.485968419011493324e+01
6.654193772852441668e+01
-7.043388096132073883e+01
-1.635659854341172377e+02
3.588096381111417088e+01
-4.060348180294613485e+01
-2.062406451313486286e+02
-3.469339756634343530e+01
-1.111363404589870356e+02
1.027189726459863550e+02
3.109990106829806678e+01
-1.776271738139728029e+01
-1.631505145833698975e+02
7.160152313747647668e+01
-1.282354290817090146e+02
-2.288319237965159232e+02
-2.788254644130219617e+00
1.018373490458220658e+02
7.041388704540185017e+01
-1.766728281184294929e+02
-8.520762916742977211e+01
-7.341123288072111563e+01
1.356822631876796947e+01
3.380413504882426423e+00
4.638417121544006250e+01
1.855210470060556815e+01
2.335850931028429045e+01
-7.305647952375947796e+01
3.908550513386902736e+01
-8.603805847908617466e+00
1.633018328612661207e+01
4.116446528369068858e+01
7.615787108800468275e+01
3.744833360936124933e+01
4.462572383979625101e+01
-1.586867783234651483e+02
-1.241924067173344781e+01
-8.924996431584973777e+01
-5.619786294717469843e+01
3.716933202373331824e+01
-1.809537925151099103e+01
4.483314009128852717e+01
8.192754363082207192e+01
3.261407930110325282e+01
-3.755867941102528107e+01
-1.894026589937200811e+01
1.613162631484431841e+01
-1.839268620897702533e+01
-1.138149594580127371e+02
7.381391620387688590e+00
-8.354374602090395285e+01
-4.280830114186524327e+01
-6.522487866238600418e+01
2.755416523889498137e+01
2.465842723450289498e+01
7.497808574717709007e+01
5.602061038947208260e+01
3.356315537284416450e+00
4.293818392657556160e+01
8.178019852436642623e+01
3.437809904038074649e+01
4.437623837713613284e+01
5.978634183833864313e+01
1.920463226495904507e+02
1.264635300286705721e+01
-9.636497603373953780e+00
-6.423216615170663601e+01
-1.968709870476765502e+02
4.683153695945298978e+01
4.435065641909443457e+01
5.711641756776560186e+01
-1.437472039255820278e+01
1.149271698763925116e+02
7.927672789349225013e+01
-1.416571140598959744e+01
-7.011150211588379477e+01
-9.414980913146266062e+00
3.034245408332944294e+01
-6.234595616550265618e+00
-1.176147048805933508e+02
-2.396757106787143528e+02
1.830760849411856839e+01
8.046110721247517006e+01
1.255036471971665435e+02
-6.249240292379292327e+01
-1.117569493175209772e+02
-1.066127358817440722e+02
-1.738726858905737060e+01
-1.929518565591738621e+00
-8.525661080099993683e+00
1.571427515956235084e+02
3.838753054948708154e+01
5.189538192812186423e+01
4.610532780840387090e+00
6.595089393011046752e+01
-1.005257861589370805e+01
-3.576678151076892220e+01
1.069453111383196671e+02
-3.775453088311070360e+01
-5.783452496105618934e+01
-6.937765866240778223e+01
1.324056410491483859e+01
1.814362203251359063e+01
5.882307736638614415e+01
4.919572606294508432e+00
-1.059060376088489051e+02
1.070943869667061961e+02
1.670706088358193142e+01
2.828363877528903458e+01
-1.077434582819843989e+01
-4.802734852388189779e+01
-5.539240072894359912e+01
-4.434575278955484379e+01
6.439865272313613787e+01
1.299060946614026477e+02
4.813529874697000821e+01
1.321737624681843215e+01
2.848069495604619306e+00
1.364531674258469707e+01
-3.024942209214175648e+01
4.792086155664495095e+01
5.113969501068581280e+01
9.880377363414368119e+01
1.891067543275467244e+01
6.631519440369856966e+00
3.337255832247274157e+01
-2.783163840121224553e+01
-3.005135843500605120e+01
-1.648404094847959414e+02
-2.189717114861691982e+01
6.058114564915203459e+01
7.345303029350708357e+01
-6.921708219272610485e+00
2.844170292641262421e+01
2.165055519988123933e+01
-3.624988961831476786e+01
6.544458211649266843e+01
-1.683290851054346433e+02
1.037652058143315656e+02
1.253366602483933576e+02
7.099843787580552146e+01
-2.450955807860449909e+01
3.591509215174694702e+01
5.496550048136635525e+01
-1.742228023937214232e+01
-2.322087125259787967e+02
-4.056949545738423524e+01
-4.238106487983412762e+01
-1.083773070434485817e+02
2.606373123827983918e+01
6.537933271836178051e+01
1.200275238589407536e+02
-3.257688149561296598e+00
1.251304867760321287e+02
4.161715871287292146e+01
1.272183009510180796e+01
7.275429622945051733e+01
2.466542361630647306e+01
2.627994568863755376e+00
5.810220238426525441e+01
2.209809411572528859e+01
8.147076753773710323e+01
8.179965753202201029e+01
6.934247343094827443e+01
6.076233959658632244e+01
-6.867562055264036758e+01
3.292942831353434485e+01
1.492212438410493860e+02
-9.409554297784112009e+00
9.210753660162912126e+01
-1.814281094725056676e+01
-1.335968058212949927e+01
9.531479270137052140e+01
1.130560578696989324e+02
-5.662316422563750251e+01
-6.592536576522331870e+01
-1.005691538016151867e+02
1.346496848499121768e+01
-3.361880813896186737e+01
-3.974285816995016773e+01
-1.924604463582842584e+01
-5.086198701065963235e+01
1.270204991853251215e+02
-4.254230315946436747e+01
-4.596690909658811108e+01
-2.653817529024419741e+01
-4.862225832378904045e+01
3.726020466694104982e+01
-2.565729859486599196e+01
1.071580938126746503e+02
8.928495130402738766e+01
-8.463592428940285117e+01
8.676622200337517654e+01
1.064695551995799292e+02
1.071274275127813524e+02
3.883343345709895544e+01
8.482742871186709976e+01
1.448351947210102253e+01
9.201107412233172056e+01
-5.749095512888530379e+00
-6.326433810023672777e-01
6.293197266629234576e+01
4.171899771270275892e+00
7.165178102399323734e+00
8.065829857710245676e+01
7.650911007583348855e+00
-1.287327177345080997e+01
-6.215983305168781214e+01
1.478796960083745375e+02
1.787233832530863253e+01
3.570113224554131648e+01
-8.018083750776793295e+01
1.421206562214992175e+01
-4.009450702633631636e+01
9.368315169964422751e+01
6.180313654154657144e+01
-3.316085030675688472e+01
-1.544393101984853445e+01
7.751447856709093287e+01
-1.171557771991553949e+02
4.390897799927591905e+01
4.944979134668503207e+01
2.948987134256955756e+01
9.208628495663458580e+01
7.253360467302535142e+01
-5.305192844118963080e+00
-2.314744269140205404e+02
-2.176982379088489949e+01
-7.557863614555230924e+00
7.778587951558868951e+01
4.104934351022319561e+01
9.200765447491866666e+01
-6.236361437069348312e+00
-5.904587188651977669e+01
-2.405500300101142841e+01
-7.876632522764506916e+01
8.958873293247080483e-01
4.336682045361132509e+01
1.203456882455571844e+02
-6.485186068587192665e+01
-1.529182276088878893e+02
-4.191068361181405777e+01
7.791768689833635619e+01
4.892682202152066395e+01
7.134306621937255954e+01
1.072217834050993019e+02
-2.520813521497755971e+02
7.432484027300847629e+01
-8.463697455584338059e+00
5.281420159059341302e+01
9.973008139410954698e+01
1.626959516410671824e+01
-1.294976270323594747e+01
7.792311004529203444e+01
9.308316494387166529e+01
1.115172508728412737e+02
-1.442762059059489843e+00
9.560409548149200987e+01
1.046825698686271409e+02
-3.695693253780682141e+01
4.734552237428055577e+01
3.102571635237134728e+01
2.260551987754033121e+01
-2.790823820246536968e+01
-6.395565585066682956e+01
-8.594771313880087860e+00
-5.279682645547274689e+01
-4.251799983628647794e+01
1.245094012601227007e+02
-3.117183208874820366e+01
-6.397705871546561696e+01
9.304611879881110781e+01
-1.224682633288671951e+02
-2.130800918588599586e+02
-1.136996121454833997e+01
9.936318471255385987e+01
1.451468534855378039e+02
5.945224211996181651e+01
1.213466330521243606e+02
1.221024094111696456e+01
3.894470239933943390e+01
5.511127313393523508e+01
-8.031233479436133393e+01
-2.121756441730498111e+01
7.992111624182922469e+01
-4.612086206004603639e+01
1.387094557531237626e+01
1.999745688517415942e+02
1.230453379484940655e+02
2.192326859254188776e+01
-7.180736347808952758e+01
-1.149767079051455312e+02
-7.606199618148394848e+00
1.002609341968539098e+02
7.517154677736570534e+00
9.849225787475435823e+01
-8.763296779399470893e+01
-5.899480451136341230e+00
-2.401806992253700912e+01
7.384081374454163438e+01
7.873114504942864755e+01
6.235858820551123927e+01
-4.960875957304093475e+01
1.224847644143494563e+00
1.031646385938609427e+02
1.157471801960206648e+02
-1.284671398919409739e+02
8.272302271833595455e+01
9.134137628537618525e+01
-1.652994589517897168e+02
1.084065320318075720e+02
-1.885840822391890583e+02
6.017047776507838819e+01
7.121929924124577838e+01
6.806980601861641844e+01
2.972470452063392088e+01
2.085319778540863922e+01
7.622731444772949772e+01
-5.634283622462601215e+01
-2.299784645975603041e+02
-4.959650981421665250e+01
1.006913781970873742e+02
3.546065445626035739e+01
-1.409525145418960790e+01
1.196154677791308103e+02
-7.183280711029283339e+00
-7.991723158332426635e+01
