-7.586062825440475876e+01
-1.122881004286643503e+02
-9.189163121436664028e+01
-9.344326173207309694e+01
-1.093153450167540228e+02
-1.039077569255059643e+02
-2.614233177906099854e+02
-1.167884539319826018e+02
-2.958729998758080910e+02
-2.547204235244306858e+02
-2.254130196944625482e+02
-1.318521702497094736e+02
-3.571326169454491151e+01
-1.488658877328264225e+02
-1.270413666953681258e+02
-8.749696786740285859e+01
-1.068970610857368655e+02
-1.498160825082376562e+02
-1.127870663083012346e+02
-1.108643028016977752e+02
-1.738862017713271939e+02
-2.959682808752990013e+01
-1.647476269082617932e+02
-1.495298782536586941e+02
-9.988560811577838194e+01
-6.094183883093067777e+01
-4.265772734529041088e+01
-1.318341021408351423e+02
-9.622245455952756288e+01
-8.534255876653242012e+01
-1.774246992505222522e+02
-4.665054674634652798e+01
-1.168908358783211270e+02
-1.702750540963414494e+01
-7.267022248979915844e+01
-1.295970534416421458e+02
-3.410007976312743381e+02
-5.431231890234053594e+01
-3.921604605393319076e+01
-6.164621157603030355e+01
-8.850709559838996654e+01
-2.202183320599372109e+02
-1.279371044298635098e+02
-1.222651441322717289e+02
-1.247372794570928534e+02
-6.441769897977059145e+01
-1.343153988278096733e+02
-9.457195410277989822e+01
-9.624288705030521385e+01
-7.426521982216536344e+01
-1.591780042301805906e+02
-7.022515431558073828e+01
-9.837686319164710369e+01
-1.652395971059535782e+02
-7.204439342293123616e+01
-8.772774944640399042e+01
-3.299841720456163330e+01
-2.270446051831061141e+01
-8.497022889781354138e+01
-9.313042877840300093e+01
-4.581279509292099306e+01
-8.002790555406721751e+01
-3.405145777807241814e+01
-1.746797597785559901e+02
3.365158246762845806e+00
-3.775250989574311689e+01
-1.152968286131144282e+01
-1.310200692385886896e+02
-1.780343603971164157e+02
-3.340267265198060898e+01
-3.915569300896299865e+01
-5.580804398085571449e+01
-3.113281176815780782e+01
-4.922698832790034373e+01
-2.186592152198728911e+01
-1.592709928172664604e+02
-8.825708980689803695e+01
-7.081754015407983616e+01
-8.935379910182888352e+01
-1.235368123758167656e+02
-1.621321801396137516e+02
-4.596152417137813018e+01
-3.392812748814689883e+01
-8.722390806782573236e+01
-2.091314077114495262e+01
-3.002184413561845133e+01
-9.490883466315227679e+01
-2.225550508449585152e+01
2.208169440108987658e+01
-3.810601575316720613e+01
-4.688983313518971840e+01
-3.920094085464576494e+01
-3.080883667437603890e+01
-7.768649289072477870e+01
-1.501002660206627013e+02
-1.080578779979721133e+02
-2.051548642615550762e+02
-1.376144881774062299e+02
5.038563672700306029e+01
-6.064411855876278423e+01
-3.975429461115400898e+01
-1.562565068914854294e+01
-8.083145925332803472e+01
-1.199818182352625229e+02
3.780581890133652223e+01
-8.917088200954765398e+00
9.654636974387398141e+01
-1.196422202574381259e+02
-8.220480057924241635e+01
-5.210301982793070152e+01
-1.404208719159348675e+02
8.266561887268935038e+00
7.879701354110889611e+01
5.166827988838861074e+01
-7.405684467525111359e+01
-1.204684353825774821e+02
2.069367379280950558e+01
-4.930629149943150225e+01
1.376884101270318581e+02
-2.543784078418580918e+01
1.550417853644211164e+01
-2.851639888125011169e+01
1.365636540800471721e+01
7.637314988918146241e+01
-3.125795497901425790e+01
8.742817709989566310e+01
-3.815556459491301666e+01
-1.999205086948052212e+01
1.659577432257927398e+01
-6.478285821144697820e+01
-6.076079305869650682e+01
-1.038791980931269308e+02
-5.365104678751264800e+01
-3.637091638342150191e+01
-5.484744891424431756e+01
1.071742871995109425e+02
-3.784317834644541279e+01
1.917299886534886966e+01
-1.409668210765642016e+01
-8.402889594096457415e+01
3.461801138798293209e+00
-1.589045346422832949e+02
-3.516220661315857399e+01
1.087877608374515148e+01
1.335018947104601352e+02
6.930214754604919847e+01
1.058222628759724842e+02
-7.547918134176967442e+00
9.443357472765551108e+01
-1.308285534172962628e+01
-7.407732299739151927e+00
9.066175182755004869e+01
-1.249593486464133179e+02
3.486677618150997660e+01
1.103306624769825817e+01
1.514451542632074563e+02
1.145194286956434411e+02
5.771713433418233308e+01
-1.900317736260979586e+02
8.268241562299853342e+01
-1.012235867962247937e+01
1.550636522255575755e+02
6.384412791706945001e+01
2.411778151814040427e+01
1.456325095273696775e+02
1.209194727148522759e+02
1.059165064247860215e+02
-1.013690174113566229e+02
3.378891373445100044e+01
-1.201217877612697293e+01
-1.598676168044562473e+01
-8.231430283192739239e+01
1.607374682440281219e+02
-1.253165861119356350e+01
2.382845996876866934e+01
-3.498128532412371214e+02
4.380651352546589550e+01
1.568973309486452195e+02
1.587161243133598987e+02
3.817680023123102728e+00
1.188548428442191920e+02
9.106366619628066417e+01
-1.172352579555682013e+02
-5.974299434220796456e+00
-7.456899146517135080e+01
1.016093090829789958e+01
3.599744211486375889e+01
-8.060050326886158700e+01
1.041637527821129083e+02
-2.217022869681908048e+01
-9.908816414692898888e+01
-1.070211512073807114e+01
-7.703027003544283957e+01
-1.178323845080282410e+02
-1.570850523991572345e+01
1.154642503998767609e+02
8.915310074523046069e+01
3.781225743642798420e+01
-2.207909749585327575e+01
8.207056762518281801e+01
1.251276275232924888e+02
1.080921759477316186e+02
8.189402544879871471e+01
1.013249242286401852e+02
1.035224666575550430e+02
2.822275069723119145e+01
1.571286843932798547e+02
2.949724285332013096e+01
5.760711981463871467e+01
-1.590815708695934916e+01
1.342012533345936163e+02
-2.738698353295477261e+01
4.078198033483113250e+01
-5.526979938814436366e+01
-3.473272318859554275e+01
-2.479123109420774540e+01
-1.718154889192969392e+01
1.316117635276948477e+02
-4.696348886800507216e+00
-1.061467629882899644e+01
-7.667686284306213906e+00
1.378481044780358502e+02
-1.135891715558859403e+02
-1.717429712296365096e+00
1.129091235949335896e+02
-1.254989254383721686e+01
-1.683115004064931668e+02
1.172824002088116799e+02
1.232726255161950490e+02
5.412469843628274191e+01
1.592164496221168690e+02
2.331541361712557858e+01
-8.148367585146914394e+01
1.726610301221868724e+02
1.083053238686391495e+02
1.514861672251819016e+02
1.292739753414163602e+02
1.273348033280305600e+02
1.450818962449766332e+02
1.152713536275172999e+02
1.002284011988078589e+02
1.658185668671072222e+02
9.315701763927110335e+01
1.364188754968722606e+02
1.295402537404738155e+02
1.100044886202513936e+02
1.395149438370179098e+02
6.752935578501931957e+01
1.232079021310500337e+02
8.074242855340045821e+00
1.619085510342514453e+02
1.435466389050142766e+01
1.168025779812232798e+02
1.668220008618627048e+02
1.281490631502909139e+02
1.510883429786888996e+02
1.367841038653535861e+02
8.664214813165679629e+01
1.122492253366909836e+02
1.760089858735967141e+02
5.885512451048668936e-02
1.636818986352634226e+02
1.460369161729317113e+02
9.480743703494691488e+01
1.131072085300468899e+02
1.657633474268131408e+02
7.348433724010270396e+01
1.530263947577480508e+02
1.492110916592933449e+02
6.781702184751087259e+01
-1.494947982999451028e+02
2.538642687712431893e+02
1.390195460382333010e+02
1.162528246901118223e+00
1.621715089929859914e+02
1.694945185681446844e+02
1.599238766044136355e+02
2.280776371156931646e+02
8.517823020452260607e+01
1.695101404375870970e+02
1.888637092185433630e+01
1.071113933215329581e+02
2.505453248010384186e+02
1.488307900953971625e+02
2.388737056891407349e+02
4.850735114368367817e+01
1.561786813671071172e+02
2.509654821717401205e+02
1.509041274127645238e+02
1.845901535862852541e+02
2.314107565593297124e+02
2.697695430937316132e+02
2.716658943981133802e+02
2.503635435902479003e+02
2.815391905944376276e+02
2.747525181677259525e+02
2.738039317042746461e+02
1.595382261692837460e+02
1.481893913586797851e+02
2.767451996302974067e+02
2.690094329239873900e+02
2.380437250826643947e+02
2.336801013796670929e+02
6.858662668918509553e+01
2.664382953784503343e+02
2.926462856744732335e+02
2.819347029195211007e+02
2.386807862264383004e+02
2.931488356679017215e+01
2.598343640997422881e+02
2.463640036984908477e+02
4.684833571553093634e+01
2.571590204913140383e+02
2.465495508081103821e+02
2.664438331758634604e+02
2.522280356138607829e+02
-1.801101684924668689e+01
2.359913217665838374e+02
3.252272501969204654e+01
2.431570880036163658e+02
2.696892300969815324e+02
2.480710033013112934e+02
9.341519583838072549e+01
5.370783298781347526e+01
2.775219224580151831e+02
1.129964946652361135e+02
8.929631129682314850e+01
1.920151690129621329e+02
2.603425391613091051e+02
2.206906131030998779e+02
1.812894486546731514e+02
2.277562200045580312e+02
2.569614007917255094e+02
2.031266812201930065e+02
2.424139526451348559e+01
2.121732283540509911e+02
2.786178131275074747e+02
2.588423786076182864e+02
2.382805550728890012e+02
2.251928943189535914e+02
2.138275665351092130e+02
2.352149278083427646e+02
2.725732283704384713e+02
2.873692959729288532e+02
2.262124833653321048e+02
2.511401641843081620e+02
1.261562880380370189e+02
2.041626898110157526e+02
2.719522363190119449e+02
2.804295148100234201e+02
2.409479804539400334e+02
2.716051876431293977e+02
2.677488639246764706e+02
1.974111984194773584e+02
2.536793255252800066e+02
2.473130319828096049e+02
2.502984185137187296e+02
2.608989910294845913e+02
2.719832112143442373e+02
2.248161961306072101e+02
2.255722076985050251e+02
2.674703362456270952e+02
1.630865326669539854e+02
2.046711456425609583e+02
2.376242817211035572e+02
2.731022040174204903e+02
2.281836515631547400e+02
2.774736359292518273e+02
2.069963642213282640e+01
-2.373430939113705165e+02
1.803118942690707627e+02
2.446116258673756079e+02
2.330311493475013833e+02
2.602881728581005518e+02
2.602750360808005325e+02
2.530656969497038915e+02
2.586767941718057955e+02
2.278213190742278016e+01
1.870035594674084791e+02
2.583240620386094974e+02
-1.371912138340486251e+02
2.468895899192964976e+02
2.575882899836894921e+02
2.348052076265793744e+02
2.025204767874133154e+02
2.636026730219264209e+02
2.117566552288784578e+02
2.651186190138664642e+02
2.449969181938178906e+02
2.460532396299192044e+02
2.300028651734469918e+02
2.293704105519407790e+02
2.236013830888643099e+02
2.464708243139049841e+02
2.197322213569256633e+02
2.356991889530106619e+02
-2.261612311192378399e+01
2.546619840261739682e+02
2.429588518788584395e+02
1.244640142230382196e+01
1.073689129552895309e+02
2.631696244907357141e+02
2.389864804246290078e+02
2.918756288932627285e+02
2.093842439526975738e+02
2.451557762767150734e+02
-1.242644563262286397e+02
2.337357394020851871e+02
2.606900351390090691e+02
2.662978285889815879e+02
2.816198811635488255e+02
2.287050695345553208e+02
2.411759845104479894e+02
2.065224609586088036e+02
1.231124180337888845e+02
2.524649822262136638e+02
2.416160379016743036e+02
2.283107883043777520e+02
2.422982575612493861e+02
2.594977290599330217e+02
2.537913115649903943e+02
2.277224459711759508e+01
2.532008719884546224e+02
2.250867184629334474e+02
6.662298768239011793e+00
2.020603872696451333e+02
-1.783552765511555549e+02
1.847090807221469788e+02
2.862508596243170018e+02
2.660848663621451351e+02
2.263245319674731491e+02
2.697841571233254854e+02
2.250530699677951816e+02
2.684853115352271971e+02
2.558579643021987238e+02
2.279161773303929124e+02
2.981305143083098415e+02
2.686180132332079893e+02
2.434784208518129844e+02
1.510484398501951659e+02
2.459411166299705940e+02
-7.020202227265031070e+00
2.654556491693208500e+02
-2.749710391772592857e+02
2.185977248894558045e+02
2.408407741962863042e+02
-3.189044616519373676e+01
-3.624235401250160180e+02
1.552171155541152530e+02
2.054447400501715038e+01
2.729230024813595037e+02
-8.060743480148175877e+00
2.124770880296656230e+02
1.297369585464765294e+02
2.722094307188567655e+02
2.540639755260125128e+02
2.309766185884296306e+02
2.093276176961454382e+02
2.451977448363918199e+02
3.053184133284441941e+02
2.535693435231915771e+02
1.872166951690676910e+02
2.102692456587390950e+02
1.496030541560767233e+02
2.193047611380055173e+02
1.790963958149493465e+02
2.974063599855669509e+02
1.507876084954476426e+02
5.418482429816626222e+01
2.387411006389018553e+02
2.417733756222538943e+02
2.134264197243110175e+02
-3.982176642292409952e+01
2.564391150366871557e+02
2.830654156880460732e+02
2.608045531466543707e+02
2.763051229652866709e+02
2.739669002043860928e+02
2.398437723367308934e+02
2.198425566053047646e+02
1.984866803338594536e+02
1.840830077949019596e+02
2.838131982885045659e+02
2.639557982538567558e+02
2.658703312876629070e+02
1.933628487557855351e+02
2.615188851989680074e+02
2.271969312570237207e+02
2.511740800483086957e+02
2.316013384423366404e+02
5.855123578628862901e+00
2.541968472726508139e+02
2.368454731313860862e+02
2.362606829914969353e+02
1.855186606958985465e+02
2.256998899580091233e+02
2.020220078623609936e+02
2.216953243709001526e+02
2.948898514972208886e+02
3.183645592164515392e+01
6.310767564755401793e+01
9.113973083538616038e+01
2.250321479970110090e+02
2.425512517500690706e+02
2.618752689841423944e+02
2.514384622749163327e+02
2.192375603605133279e+02
2.582572256685859315e+02
1.134690809580223601e+02
-1.245408119646148748e+01
2.431015279370149642e+02
2.520013699357747896e+02
2.601531267604680124e+02
2.432811553740572208e+01
2.523099295095024104e+02
2.558610885480953243e+02
2.103663462384124045e+02
2.292224959083485487e+02
2.137239430110686840e+02
2.560665166330189777e+02
2.746883240226673593e+02
2.025705700695505698e+02
2.503270790078177015e+02
4.686789434343239691e+01
2.676253495546365571e+02
2.605620360791835424e+02
2.328087558911273618e+02
2.612899578116571320e+02
2.810788242798864758e+02
2.162023517594354871e+02
5.756350331233079487e+01
2.642383068687072409e+02
-3.750719667947972624e+01
2.815327504043495424e+02
3.985665435223421582e+01
2.584667919354336618e+02
2.431857250362363914e+02
-9.297487476595877354e+01
1.698207315652296643e+02
2.890726286811614045e+02
2.668752828789352520e+02
-5.308935890342782926e+01
2.738339008783715371e+02
-5.990375841980252858e+01
2.826889619332619397e+00
1.640439994667576684e+02
-2.691029293167900960e+02
-5.967055859790971795e+01
2.502926255553390149e+02
2.363890924702598113e+02
2.038616200386861408e+02
2.419724275037422672e+02
2.661496344642917506e+02
1.649900288290838262e+02
2.229366918831988755e+02
2.522807748568071133e+02
2.180457892049502107e+02
1.173942364964918568e+02
1.644555194158468225e+02
1.791283290714304428e+02
2.355101289473152519e+02
2.347141371672088894e+02
2.227857909660167763e+02
2.714980500036430158e+02
2.105367981345606267e+02
2.933263949277616121e+02
2.805515169851764767e+02
2.475218150708341511e+02
-2.954278359656656860e+01
1.881198016968073148e+02
2.137438713318920804e+02
2.312836432021895234e+02
2.318134425245122543e+02
4.522495571719088048e+01
2.387924216164099676e+02
2.794944217230676031e+02
3.584590717188817166e+01
5.682908904855415244e+01
2.471722404152722561e+02
2.149907894285895509e+02
-5.490410538498243653e+01
1.417798003412546315e+01
2.732320443642127543e+02
-8.408589165769330975e+01
-8.599680600678142639e+01
1.828966720251884226e+02
2.485091036181974573e+02
-7.549500895485037688e+01
-1.246297228653736688e+01
-3.723449796943177859e+01
2.639838196843298874e+02
2.536897155335176706e+02
1.995636599012369174e+02
1.526927429376160603e+02
2.386063611786693741e+02
-2.627456305903491511e+02
2.520639014178735522e+02
1.020224180717721083e+02
-3.127105966029990469e+00
2.419133557612319123e+02
2.705062693727297756e+02
2.009911812975488488e+02
2.476543819639688309e+02
2.495773513111265345e+02
2.182058051417694173e+02
1.353006546801760237e+02
2.682071249182915835e+02
2.089208731101963963e+02
2.221160428048548283e+02
2.509955320055844936e+02
1.262899401734546245e+01
2.200385654812670850e+02
1.973342308403719016e+02
-6.710460158910063910e+01
-5.721925427863121172e+01
1.466560251446437348e+02
2.757387471026157755e+02
2.498637351672051068e+02
2.315919790823591597e+02
2.713310309449528859e+02
-1.425815830896771388e+02
2.678633421586191616e+02
1.488000113207363597e+02
-9.808597954777590644e+01
2.460920580347113287e+02
1.898456773095060157e+01
2.438102126096806614e+02
-9.593179252706842419e+01
2.525709341057231541e+02
-3.057763365015006229e+01
2.682175668294766524e+02
2.539548857708562082e+02
2.527316430084896126e+02
2.584843231739768044e+02
2.595947415387423121e+02
2.563809512675094311e+02
2.254302088279112013e+02
-6.031039177362194437e+01
2.695848527588117349e+02
2.968867373349607988e+02
-5.179645376253009204e+01
2.360170126841642286e+02
2.456627466468814021e+02
2.474397212391649816e+02
2.129696814395976503e+02
2.543279717270561378e+02
1.762905706876176737e+02
1.083187211967083243e+02
2.597618838407032058e+02
-4.250580971064017888e+01
1.913745934058369755e+02
2.783889170416171055e+02
4.141789476564838424e+01
2.796639746734419987e+02
-6.240022663599148700e+00
-1.220011840195723885e+01
1.789565015395435807e+02
1.993329470431375228e+02
4.307540556353797001e+01
2.602654917057420789e+02
-4.936477152089602072e+01
2.402627475703019968e+02
6.617805716043592668e+01
6.859072932494099106e-01
2.328000784868638107e+02
1.055825694059046498e+02
2.496844953366752407e+01
2.777697195523919618e+02
2.002577376673685308e+02
2.457384167244225921e+02
1.555212121490500863e+02
2.810287293575387366e+02
1.767921126219016230e+02
2.785820711595448529e+02
-2.182187413655617263e+02
-1.868837789120618709e+01
1.638059515198931422e+02
1.032854117856508225e+01
2.332109305065054343e+02
1.960030672680359771e+02
1.742570757469591740e+02
1.853448644653182100e+02
1.446056922010229187e+02
2.313996948939760614e+02
2.386573143997181887e+02
2.226329305698407666e+02
-3.366575552341042510e+01
2.577228013449401942e+02
-4.034882705245163947e+01
2.458273637660667532e+02
1.800333392900765830e+02
2.553545133898781501e+02
2.656113154953916364e+02
2.561679286711806753e+02
2.328205731207457347e+02
2.325192747635267096e+02
-1.579468971043406711e+01
1.138479093983884383e+02
1.722938777342278058e+02
-9.409353270859423901e+01
2.412220749276843321e+02
2.930732952073617525e+01
1.595939808819869086e+02
1.543910875526544828e+02
1.789553718548980328e+02
-2.059335856279609800e+01
-1.312131819250440401e+01
1.826039660349111955e+02
2.325758476934850876e+02
1.652519508961279939e+02
2.404217250549232290e+02
1.869337892913332553e+02
2.291429175681575998e+02
2.213372213818245768e+02
2.217258843029827062e+02
1.970928722448963981e+02
3.019942797064450701e+01
2.722072754340377969e+02
2.466591449868681423e+02
-6.564827411122932688e+01
2.388206569549874985e+02
2.219508239401960168e+02
1.790252534600653860e+02
2.500693981311746370e+02
2.656984164372495343e+02
1.838980713484880312e+02
2.688065402175790837e+02
1.851933898429287524e+02
2.357436221866020105e+02
2.543434824587094170e+02
1.618132346680596356e+02
2.674414451899534697e+02
2.290019132239754640e+02
-4.173371656996807388e+01
2.190964491270595431e+02
2.325042401311474123e+02
1.345810892028143826e+02
2.600125474377344972e+02
2.430525240908999649e+02
-2.737824472146812127e+01
-4.033305457868306831e+01
-3.864373498833958820e+01
2.323184976487946471e+02
-2.291745898653853430e+01
2.310237275634014793e+02
2.237351598103841468e+02
2.266977533333124768e+02
2.674919526426107836e+02
1.551755409750521437e+02
1.716296379343443164e+02
2.780631155272359365e+02
2.770944689209306375e+02
1.838227981158081832e+02
2.989569228325828476e+01
2.765298443332966372e+02
2.189571538217917350e+02
-2.388517268131745297e+01
1.819612606142538027e+02
2.145469816254397131e+02
2.070407703386239859e+02
1.151001937744857173e+02
2.832397695050808579e+02
1.677880098769961705e+02
2.995705405101833776e+02
2.401389144971677467e+02
2.955022899449566012e+02
2.833338292291242624e+02
-1.315370468930120218e+01
1.934412234888586681e+02
2.077595446680652742e+02
2.725275963598571707e+02
-8.672063393647594154e+00
1.939400559156470365e+02
-2.480481351808733592e+01
2.694875932285690396e+02
2.585273019767847700e+02
2.874770919378483995e+02
8.129496376066946084e+00
2.407464829727943538e+02
2.511956009341967331e+02
5.509852433215267808e+01
2.700844966171520127e+02
1.972840566119078574e+02
-8.456404762861154722e+00
1.778053620086472506e+02
2.788557767319352934e+02
1.889376306991115655e+02
2.056041104530622192e+02
3.837026030965765777e+00
1.762782326857542659e+00
2.423775476912213946e+02
2.555410542783691028e+02
2.511446715757354013e+02
2.367845057483369260e+02
-5.432709914115569028e+00
-2.604593155368419843e+01
2.702159536851186203e+02
4.341700812462161707e+01
2.759790473878298371e+02
2.467349040697984606e+02
2.525179202023126663e+02
-7.366326946997678871e-01
2.128698493685504900e+02
2.718429597212707449e+02
2.125177431062309097e+02
1.882880316435444570e+02
2.577980404278754918e+02
2.798304094136741469e+02
2.137329781572695140e+02
2.047110339498397593e+02
2.269362762563133629e+02
1.212827399759853932e+02
2.868155177272650462e+02
2.667915803455665582e+02
2.448243779177090858e+02
2.564779014411444678e+02
2.464809697883026161e+02
1.982071659183190491e+02
2.448679494257699218e+02
2.348858340265294657e+02
2.788726454379275310e+02
-6.162822720979505675e+01
4.207220252249241810e+01
1.350824298927304596e+02
2.549736323457698006e+02
2.287687640728881888e+02
-5.522418765364655258e+01
2.774420639048938142e+02
1.370608198758569074e+02
2.680598613678522497e+02
1.431445933548784808e+02
-3.715534542240985871e+01
-7.293924939883328307e+01
2.998936429927988456e+02
-5.386830996731156063e+01
1.268632917320824021e+02
2.302071413416843768e+02
2.574325667416392207e+02
2.797075233525630438e+02
1.932734739118255263e+01
-1.930328274988053465e+02
2.160216653266577964e+02
2.239065214524709688e+02
2.312252197565945551e+02
2.392131096578174834e+02
2.320459994245256041e+02
1.913429433196040463e+02
-1.178760025266570821e+01
2.493304229270898702e+02
2.562613946625876906e+02
2.224378838008990442e+02
-1.730715617613733457e+02
2.119652959299649524e+02
-1.105759104978937444e+02
2.495447931863813551e+02
2.602628029909179190e+02
1.875305498870155532e+02
-7.670514766464371803e+01
-8.186728183289910987e+01
1.512179890550081609e+02
-4.495919960936185333e+01
1.982391042091365989e+02
1.740367982199766743e+02
2.305928274103926015e+02
-6.472356069868521899e+01
2.862909282514864344e+02
2.592899195198249913e+02
2.357704985904888417e+02
2.399947001454681583e+02
-6.214856248726269428e+01
2.432813571077583390e+02
2.118207192008591448e+02
2.561193459284043001e+02
1.610417101395022996e+02
2.724108813877220996e+02
2.275167981483998005e+02
1.784770975508906474e+02
-6.612411036235337747e+01
1.609144784120415466e+02
1.838809464232101050e+02
2.994984223645963084e+02
-7.004459272273196291e+01
1.051384339580845051e+02
2.768675184233204618e+02
1.124561660673620196e+02
2.216600617991699664e+02
-8.665448964027207523e+01
2.798913323694727637e+02
2.518361539027435754e+02
2.149564709798652018e+02
2.157085676240639032e+02
3.288756288706242259e+01
2.052666183129194906e+02
3.036836326891562976e+01
2.668611187438586967e+02
-4.146248456623602863e+01
2.555446670225100263e+02
2.636463397297776510e+02
1.630251726407181820e+02
2.068565708528496998e+02
2.224145834305932397e+02
2.871175682051230069e+02
2.826381432792504711e+02
-5.957368470751475797e+01
-3.315990970547990457e+01
2.538367386271288524e+02
2.771074791059505742e+02
2.594415613417161239e+02
-8.042530105091870496e+01
-4.653713551472534959e+01
-3.119389307953579049e+01
2.871357008260281418e+02
1.556530021424902941e+02
2.859617802705455460e+02
1.882897325373004946e+02
-6.420608319614858672e+00
-6.053974602427522456e+01
2.679843374077493650e+02
1.613792861466744171e+02
2.457362296826273393e+02
-9.057800101645429436e+01
-5.413577450414367576e+01
1.948900496749725164e+02
2.231926914926596055e+02
1.141958025771289442e+02
2.634149548561680945e+02
2.546924008770491241e+02
2.507963881949809490e+02
2.480131271010421870e+02
8.857364627999402273e+00
-1.500440143212437860e+01
3.027311093548526628e+02
-8.102436282210896934e+01
-4.309954500777089237e+01
-6.773318822987094734e+01
-3.620209779376447834e+00
2.078221900870375691e+02
1.947646706670247454e+02
1.673300767571729466e+02
2.260182273617297142e+02
2.169218806894774616e+02
-1.542147821380814143e+01
2.260955819380556591e+02
-8.417777606532034440e+00
-2.516837493502526968e+01
-1.190463142226450373e+02
2.117331346157106395e+02
-1.011667839992526581e+02
-1.791249508514584932e+01
3.134631824227170682e+00
3.007324051388470707e+02
-1.542028442502432739e+01
4.073126053687053627e+01
2.416456380356941622e+02
2.257238176154436360e+01
2.740802167046869613e+02
-4.461589643892106238e+01
2.505154577512666947e+02
3.857554861546665848e+01
-5.652061819653341956e+01
-1.394603492059368577e+01
2.591321886843871880e+02
-8.196998087758390739e+01
2.551877894632193602e+02
2.347539829580179855e+02
1.783347058112212267e+02
2.441266401044994154e+02
9.363840152558168484e+01
-7.957037775394351797e+01
-3.336175235446930998e+01
1.567389817333188944e+02
2.703258409748956410e+02
7.860684002237542245e+01
3.145378171910644483e+01
2.326425584968092721e+02
2.279354808402401886e+02
2.338680236002069535e+02
-6.516402458825146482e+01
2.677833285953651057e+02
-9.166076421574828714e+00
1.837382059763036750e+02
1.728798384614461838e+02
2.001475930140571791e+02
-9.631551962258043886e+01
1.900098529496773665e+02
2.446164605953321711e+02
2.532073877314068397e+02
-7.027315815308223534e+01
2.370058695154527015e+02
1.909543856249583484e+02
4.429425876946214657e+01
2.474191951673080894e+02
2.416847494930680114e+02
6.338602949207727022e+01
-5.182285033607587366e+01
2.388588064106465936e+02
2.611804517497366760e+02
2.549990692160281469e+02
-2.555039269690069403e+01
-2.728423397418026397e+01
2.052494745389980721e+02
1.573460242075756241e+02
2.350455207171933978e+02
1.588024614228212101e+02
-2.763667014983012749e+01
7.269152026202996808e+01
-9.390257534208764412e+01
-2.215945625329200652e+01
-1.236665728447095773e+02
8.444377384701773792e+01
1.931431334227796128e+02
2.616743222057687035e+02
2.468200313209877947e+02
2.412686519321919718e+02
-7.444733251857665834e+01
-7.592072850288739971e+01
2.565434213195394477e+02
-5.598474444279811735e+01
2.681633095815182060e+02
2.554820064930065087e+02
1.008002018446881465e+02
1.603148921072208850e+02
-1.017292619812303300e+01
2.505974179745455785e+02
-3.104395889097053285e+01
-8.392784980067148126e+00
-1.044428009511986346e+02
-4.834227026650238912e+01
2.244246915632678565e+02
2.032505494030285718e+02
1.954787774904446565e+02
-8.803748837717301967e+01
-4.910604205091231478e+01
-3.927330700799210206e+01
2.255884041811868315e+02
2.495441159073940014e+02
2.486465326314607296e+02
-8.909061994150684427e+01
2.485377691023009561e+02
2.467697248005070207e+02
2.235450024172732242e+02
4.404675068138944027e+01
-4.998106153239618266e+00
-1.430105507081277949e+02
1.394217506180748956e+02
-6.479665511765064423e+01
2.402970302769856232e+02
1.445997178020990930e+02
1.563865409168811595e+02
-1.255727191073383331e+01
2.301802923358326041e+02
1.643283747040134983e+02
5.960982081192118898e+01
-2.898443759737070380e+01
2.310600536617859859e+02
2.035882620336054174e+02
1.898408301433743191e+02
2.260687177185340886e+02
4.252511634949290453e+01
2.251742085035070318e+02
1.427011183167120123e+02
2.231659375884559893e+02
2.323821162044020809e+02
1.675813449909189785e+02
1.924332230441018510e+02
1.579877703597193772e+02
2.668524642271626135e+02
-9.527094451717776025e+00
1.687863371456354571e+02
2.156187354490373025e+02
8.646813927046470383e+01
2.365970689591825646e+02
1.537707077634521795e+02
2.337275533060056603e+02
-3.230230886191678508e+01
1.647189062180768246e+02
1.982293365756521553e+02
3.593872548666368516e+00
-2.413715783099085854e+00
1.574572264340036476e+01
2.621477913195631686e+02
2.434709839401480451e+02
-3.602993645209727447e+01
-1.012531010762306352e+02
1.827033988847874753e+02
2.068965871469675335e+02
3.870723185175994008e+00
-1.041644822005578774e+01
-6.855042356849632768e+01
-7.823782332723237687e+01
2.086069825985510917e+01
-5.428235903538369200e+01
2.019934692054045513e+02
-5.065786142363534594e+01
-7.955677336313290482e+01
-4.501137601831829471e+01
-2.587118488225769042e+01
2.236079992466477790e+02
2.206036502185453969e+02
1.803278760756228110e+02
2.676798506433694911e+02
1.964138567312446639e+02
-6.199589310563469269e+01
2.342555468073667555e+02
2.434750568938663946e+02
2.598462176548362095e+02
-5.090877562411160540e+01
-4.935555993774569572e+01
2.161823105686318343e+02
1.943834396741103205e+02
-5.436677938540050548e+01
1.918437155166502635e+02
5.902287386956759008e+01
2.683327241223611850e+02
-1.753769738608685813e+01
1.208035902594612594e+02
-7.447187195478208821e+01
-5.483119076399555780e+01
7.853856952377764600e+00
1.107080990505751394e+01
2.379363227712595688e+02
2.562877386208908774e+02
1.818912457087893699e+02
1.176349769166233301e+02
1.429150980976189658e+02
2.167679097187840966e+02
-1.130975470555185893e+02
2.030810138180787590e+02
2.442687501887829455e+02
-1.133499194219102435e+01
-4.771253747435842740e+01
-1.142685501340912282e+02
1.898805745211683700e+02
-9.053417258699754200e+01
2.532522393920458228e+02
2.151911170361238987e+02
-4.786069665885221980e+01
2.353584862241515623e+02
3.759564787068585900e+01
4.444425713887029872e+01
2.457787906619038836e+02
2.126911084409672412e+02
2.128237173702286213e+02
9.215460089130188237e+01
-1.033256475114409199e+02
2.412235030914169442e+02
2.418696320674407616e+02
1.980884509216249398e+02
-7.656712045459168614e+00
3.132424549414468373e+01
2.253326642079445037e+02
1.290833713845979105e+02
1.111427951948931252e+02
1.132382354836789240e+01
1.542898854480806108e+02
-3.695078056505427355e+01
2.617167438430225275e+02
-6.516857282057686973e+01
1.934098097485282040e+02
1.490100294366419007e+02
8.828522977779924474e+01
2.217638057189367089e+02
1.987516903868694840e+02
1.068374658059094884e+02
2.839496869318844219e+01
1.806043403797899884e+02
2.355681911551762084e+02
2.389395880543133615e+02
1.955258725991778874e+02
5.220086064950845639e+01
-1.826235562999704598e+01
-1.359799976262650034e+00
1.887354096028029176e+02
2.416127165709940812e+02
1.743177692625612565e+02
2.283722070550813328e+02
2.580587518047700542e+02
1.699509686863884497e+02
2.445043470782859458e+02
2.059407321212480042e+02
2.322270879528771843e+02
2.107652280472323696e+02
1.936506335531041998e+02
5.143361456522055164e+01
3.022938628597033883e+01
2.497311677265306571e+02
1.456070261371541008e+01
2.378323737928174921e+02
2.126771008918452139e+02
1.659741702755011943e+02
-8.091241083099633613e+01
2.560112610872243408e+02
1.772691873366355253e+02
1.010319995078756676e+02
1.857475880024057346e+02
-5.120551727516362917e+01
-7.187452761183310201e+01
2.266415357648986344e+02
2.433157246428604878e+02
1.716094939272863371e+02
1.902849758233457749e+02
4.543997192136096430e+01
2.559035189193705264e+02
2.186815022231384091e+02
8.544145309763787566e+01
3.075516689894489630e+01
2.287826920976796998e+02
-4.257411718652316779e+01
1.416350007460744109e+02
-3.381139892029552385e+01
1.950632565671648706e+02
2.042364294496441346e+02
2.062631531780697571e+02
1.311301012342064212e+02
2.706671089073802250e+02
1.746347102301801897e+02
-4.299089136778256659e+01
4.569252795964725067e+01
2.465199746146160180e+02
2.196894342888408005e+02
-1.850955990682221142e+01
2.658470501854587837e+02
2.587525071370851606e+02
1.874551212921854813e+02
-6.347423026066964269e+01
1.944306159761431374e+01
2.139183995105012173e+02
2.431753153111649510e+02
2.173335488867623440e+02
-2.156725953713236521e+01
-1.707578699545319045e+00
-8.057443491697054583e+01
2.585809985089627503e+02
2.761611901098090129e+02
1.945661360451044004e+02
2.235082624532910245e+02
2.565930287815548922e+02
1.223225593529356203e+01
-1.506080834342097319e+01
2.491715498384321563e+02
-4.045929727848855606e+01
2.321365378818596525e+02
2.149099910402100022e+02
1.030607831706934689e+02
-2.874913200054882267e+01
-4.828089392648585942e+01
1.244668462935958075e+01
2.113189576828138172e+02
-9.563089808910575584e+01
2.516823052308042747e+02
6.152407866217804155e+01
-3.787668553279482353e+01
-3.670781003809423737e+01
2.431963572734448462e+02
2.444110719858190350e+02
-1.131046556208831788e+01
-5.201771523833684796e+00
1.676191161426901601e+02
-8.781981196603290130e+01
-3.794461855552245311e+01
-6.898817226236889155e+01
2.236777668228002369e+02
1.969018295123763096e+02
8.422208543848279305e+01
-3.651451738649091894e-02
1.291449030635225625e+01
2.682824833454939153e+02
-1.020039692119831898e+02
-3.832685278107394566e+01
2.580020923082921058e+02
-6.816072362132146623e+01
1.246836282595471488e+02
-1.195575832787529258e+01
-1.829509328971187454e+00
-2.024589538941399525e+01
2.703585338423382609e+02
2.651215603841436632e+02
1.363587561351346267e+02
2.773914610173913786e+01
1.545436510825497862e+02
-1.452899124012789116e+02
2.245031434192297013e+02
-1.517528878221272919e+02
2.561484065820244496e+02
1.987018275094439446e+02
-7.963077685183129972e+01
2.684733138364015304e+02
-6.745503799013297908e+01
2.595970875541660234e+02
1.055118143198251346e+02
1.527790576971676160e+02
1.827223504736292909e+02
-5.809243363069582244e+01
-5.452904624070891515e+01
4.951880698244450230e+01
-1.739081693720938517e+02
2.090224758157056897e+02
2.311832101483605584e+02
2.421865116065619077e+02
2.519326347226819394e+02
2.424722951536246853e+02
-5.527426920208150563e+01
-6.222454570376331162e+01
-4.450923634973415233e+01
-1.766468004548492843e+01
2.334738257634593595e+02
8.962321613332134973e+01
-1.006291569127501333e+02
-9.694074687530577705e+01
-2.238891053725329527e+01
-1.158047321999346906e+02
-8.013823068883059619e+00
1.453291254966293309e+02
2.435376968967446487e+02
2.111746808403131013e+02
2.555116233648390107e+02
-8.853305835932948398e+00
-3.572117988409834766e+01
1.829628711146657736e+02
9.214542422518657361e+01
2.382831378708941088e+02
-1.567537019323188758e+02
7.851716232219362723e+01
2.038346326049767185e+02
-1.068983939060886001e+02
1.573598665615051857e+02
2.258002147656294483e+02
2.059996845566842580e+02
2.248810927306567748e+02
2.152200839343471159e+02
-1.946310182735027094e+00
2.333823364131267795e+02
2.181329723832554635e+02
2.067016125290685125e+02
2.692162858269502408e+02
-8.464841801483981953e+01
2.238922507852637409e+02
1.066052542454742280e+02
-6.201049535512463251e+01
1.656459422683855109e+02
1.842875336275931488e+02
5.668780794038256943e+01
2.449792845385109388e+02
1.847684285164443097e+01
1.460477324885497978e+02
2.319470384267712291e+02
-6.209831494925686002e+01
-1.008987209750961540e+02
1.326377805301730106e+01
1.838571581378223527e+02
1.841695744662768561e+02
-1.084243960601303627e+02
-1.021047809106723463e+02
1.584669617067995944e+02
2.489439148674556748e+02
3.487643096114441477e+01
2.437770970348346964e+02
1.827407088059607929e+02
1.054062013496154151e+02
-9.006298709336945763e+01
2.206847292862643428e+02
1.505920296028004373e+02
-1.686262762122584604e+02
-4.514613623466670056e+00
1.671811233717307630e+02
-1.396912223568637330e+02
1.857520448750716469e+02
2.582013171198113923e+02
2.762416878799502911e+02
-1.490673731377523126e+01
2.456499601675078566e+02
-1.217453201245292433e+02
-1.001716242687960658e+02
1.729682857577076334e+02
1.944758988726795224e+02
-9.066762108602094372e+01
1.829832371083285238e+02
-1.178062189323756996e+02
-5.249325015791788118e+00
-9.049878147282107932e+01
1.951177317731902008e+02
-9.705889273996372424e+01
8.815829678246144852e+01
-1.316391804105605843e+02
-1.486637896161800541e+02
-1.221197449790009983e+02
-1.431755786590068169e+02
-9.910324339597707421e+01
-9.228103998358132287e+01
-1.130132541406948263e+02
-9.822003206603606884e+01
1.927502988128695804e+01
1.919236417355142521e+02
2.141786476108684383e+02
-8.308809336301010262e+01
-1.614299618250756509e+02
1.960314647191928827e+02
-1.538039810005571439e+02
1.078006472858721878e+02
-6.108320928932184302e+01
1.901632157423220519e+02
2.367170744632124126e+02
1.464508670280673925e+02
-2.245929111846451676e+01
1.333913228564151723e+02
-6.061536529220482095e+01
-7.852030178793148707e+01
2.096923100771914790e+02
1.343339706329402361e+01
2.546840752978534965e+02
1.902196665977303951e+02
6.055861361064420123e+01
-1.096711547327553937e+01
2.438582642340817870e+02
1.921844336238504241e+02
3.127464796706750860e+01
5.011160641782311131e+01
-5.169607267763971947e+01
2.082365042166206308e+02
-2.594792424594903224e+01
1.802184654898978238e+02
2.135824098266950841e+02
-1.885741960602078962e+02
-1.028219381213397270e+02
-9.284024457037244815e+01
-1.081534988997847435e+01
1.601836996713208805e+02
-1.160616251145533511e+02
-4.304740446029519774e+01
2.565097058541455226e+02
6.150390253583447020e+01
2.476970023861615857e+02
-6.505237977551907136e+01
5.989315225304758883e+01
2.211861686036094170e+02
2.447783870953485348e+02
7.941834250380756544e+01
2.392427954999103576e+02
-3.019877075888994966e+01
3.994795663916179507e+01
1.455519869735791190e+02
1.552454174079337008e+02
-7.144224775470694055e+01
2.158862392870787517e+02
8.674151968077303820e+01
-1.047562092394723692e+02
-9.652003624891425204e+01
-8.782539508376588344e+01
8.801132739454071441e+01
2.288004612982015260e+02
9.561521453134695037e+01
-8.040505753307184023e+01
-3.786646095882034757e+01
-1.245713220844575062e+02
2.208434305809619218e+02
-9.721583724930226822e+01
2.126348054342866192e+02
2.279564659493623822e+02
1.370174444606012116e+02
8.466601120915863987e+01
-2.790149841904408845e+01
-7.197654802693243425e+01
9.570469408951890955e+01
1.028156515753417750e+02
2.432335350115731387e+02
-1.221239047268252520e+01
-9.668596355153293587e+01
1.521278440205137485e+02
1.820731590721234738e+02
1.181508010420201629e+02
-1.749239381420329664e+02
-5.568760277699043115e+01
1.670405697581594495e+02
2.357558814806351393e+02
-6.697729200807307848e+01
1.845860785519057004e+02
-6.051881421730335830e+01
1.203632326135569883e+02
-8.192985657299026059e+00
1.586858122077932478e+02
-1.175428530610234077e+02
9.502445976611971901e+01
-5.930062772064756871e+01
2.172741268933326921e+02
2.166390247719216404e+02
-4.827301417014593454e+01
-1.336654763126831540e+02
1.302216909805952412e+02
3.565180921786390655e+01
-5.515464450869110635e+01
2.488783123549117704e+02
-1.602404522872172095e+02
2.739407852613120440e+02
1.739753565399176409e+02
2.141950265908440656e+02
-2.796832812111155420e+01
2.452236353772537143e+02
8.041790632545109929e+01
4.779869629309444434e+01
2.303429753816516978e+01
2.408860165751200668e+02
2.822855321314740422e+02
-1.478645277130053159e+01
2.285820308512818997e+02
-1.691636651269931235e+00
1.217654401265183708e+02
3.231975708463308194e+01
3.699023770671907130e+00
2.411361850023889986e+02
3.541743522214860462e+01
2.409112795992835458e+02
2.007108959202136020e+02
-3.437394471750287295e+01
2.496817629586383589e+02
2.426607464260674192e+02
2.294018424637906435e+02
8.387575932207320761e+01
1.258255035448688659e+02
1.635127099600067311e+02
2.712612253345966451e+01
1.666799706293221561e+02
2.208930569716893331e+02
2.288672498776025463e+02
-5.609425498715762615e+01
2.316720527145270694e+02
2.315664480985029172e+02
1.495361026925725412e+02
2.409569239107720762e+02
1.845241712593742704e+02
1.715219535004084150e+02
2.390684936901805315e+02
2.006089615750496762e+02
2.313888097459470998e+02
1.807914605413549509e+02
9.760821098063638601e+01
-7.863145337425657999e+01
-1.195617376319854372e+02
2.333940499278521088e+02
-1.578845482486454799e+01
1.829462567505803463e+02
-6.203409522947376331e+01
3.008610639490854055e+00
2.527722172233647484e+02
1.191327895243782962e+02
2.529788880119115504e+02
1.760387631997923847e+02
2.409870867480037475e+02
-5.928356291468210060e+01
-4.694641796601843708e+01
1.929910389787322060e+02
9.411453193123711003e+01
1.038985520120793780e+02
1.012307124640207689e+02
-1.788548749986165376e+02
2.209172559600775401e+02
1.884881515245923254e+02
1.405306711667960258e+02
2.159375087854751882e+02
2.170885065426965639e+02
9.942911103104123072e+01
-9.547597280095438066e+01
2.607425749625324443e+02
1.429742046287720996e+02
5.449339912941380248e+01
2.236306352912768034e+02
2.037412495484980752e+02
-1.057285039748036581e+01
1.953284756837945508e+02
1.793762370314583734e+02
2.167364008685437682e+02
1.437404234404796171e+02
-6.400166268707162942e+01
-6.231103380128880076e+01
2.173694733674060160e+02
-1.570257256909015382e+02
-4.161148371216374642e+01
2.134594427007727973e+02
-2.140081887450122622e+00
1.778310383693874428e+02
2.175194689533379915e+02
2.338940021999837597e+02
2.609853491510300501e+02
2.044860804492307125e+02
1.999302787922216567e+02
2.683395033774623926e+02
1.453185596949181786e+02
-1.405884492770935701e+01
2.332424945352347834e+02
4.277996421099176416e+01
1.447611127367141819e+02
1.478698764500123559e+02
-7.312576795741721014e+01
-2.489956771748614983e+01
-6.484319872472316604e+01
8.916334489325049617e+01
1.751223115919594591e+02
2.168760357268008931e+02
-7.703675508752888845e+01
2.230905595940942021e+02
-5.740057758250947018e+01
1.770788269793269194e+02
1.317677077167032564e+02
2.237862669877192729e+02
2.324232516023222388e+02
2.267888223293593342e+02
1.487782672787769798e+02
2.108242478035571708e+02
-2.937385337773490690e+01
1.362208111373902000e+02
2.499238910815529380e+02
-2.007209497537273819e+02
2.563798419546070591e+02
-1.697813207758483429e+02
2.446942720299866210e+02
1.783920792474865777e+02
1.872408159380217398e+02
1.496457600327765647e+02
3.259980156321016409e+01
2.634636532020952586e+02
-9.893945212238871534e+01
1.919133002027496673e+02
1.788879109233060944e+02
2.566288366879372234e+02
-1.990369430180225550e+02
1.651735365210913073e+02
2.278695231341461636e+02
2.129638153914905274e+02
2.114579197702230431e+02
1.547918377240997074e+02
-3.535862374560787202e+01
2.429442508408134529e+02
-5.631733851221424914e+01
1.438510197629329355e+02
1.127537657460297709e+02
2.497417635191279999e+02
1.831386126951169047e+02
-7.167964505796503261e+01
-8.623242136265947266e+00
2.173462726113730241e+02
2.282017305050423772e+02
-4.688692303672402772e+01
1.869258518383022647e+02
1.478748015644728753e+02
2.054525841153260330e+02
-7.041499678347797442e+01
1.834017979937947302e+02
1.770605138417037381e+02
2.092428688294485255e+02
1.679042716246065083e+02
2.544264453984497720e+02
1.606618758381376040e+02
1.665508666998831586e+02
-7.566599365993903348e+01
-1.365366808842491082e+02
1.662101001111565495e+02
8.621812249036024056e+00
2.608016019038337845e+02
1.865225183516626544e+02
1.137087493158964264e+02
-9.140331629473158159e+01
1.984369190374366099e+02
-6.487398119381870742e+01
2.411922948483953633e+02
8.504906295595599630e+00
2.537174385048049885e+02
-5.519070910560033383e+01
2.348256255552720404e+02
1.994758701018469367e+02
-1.650160238627464651e+02
1.967250412154583898e+02
-4.356921775504619632e+01
1.211862502571916878e+02
-1.470683227008723009e+02
1.825907348384440070e+02
-5.278092164562656308e+01
7.642826776057790994e+01
-8.127860331804507155e+01
-2.245432474842289139e+01
2.292230753545397306e+02
2.530608513761347069e+02
-2.145919420399095046e+01
1.275369657838486575e+02
-6.321570799931820517e+01
-3.610071536998100328e+01
-5.949960551177217383e+01
6.364041398140314243e+01
1.945677731474185634e+02
-1.003852228987052229e+02
2.324156340953695974e+02
-6.749857604779815290e+01
-5.703039528851019924e+01
2.449045919316068023e+02
1.949961791473791664e+02
6.770649962091096086e+01
2.419404029582074998e+02
-2.824447717222921028e+01
1.749300980812199668e+02
2.256935402573082001e+02
2.295082585555266235e+02
-8.549437432180371843e+01
1.412212455001130706e+02
2.023839463028958221e+02
-8.333105904736140701e+01
-6.273284564761344484e+01
1.938524904341755928e+02
-4.713671629199671997e+01
1.929818949308731248e+02
-3.558622903363970469e+00
-3.439849297896120106e+01
2.042570880206533275e+02
1.877349995796828921e+02
-5.384939892743219048e+01
1.529274985511847547e+02
1.093576065498393035e+02
1.546749699101272313e+01
-7.116780764937148263e+01
1.559747578752399022e+02
-1.992350926484626257e+02
-6.461886737450491580e+01
1.689022316689566594e+02
-9.360526982411951735e+01
2.505166734441802703e+02
-3.278034531135459950e+00
6.870310263834061004e+01
1.923240445835912737e+02
2.251469212493635723e+02
1.103148656458633070e+01
6.114936735425433767e+01
1.249769982395053205e+02
9.435515354503385765e+01
1.661274559363374976e+02
2.420416882319007925e+02
-1.994729441238115086e+01
1.938098663673910664e+02
-2.383749601822466957e+02
1.360334988844561508e+02
1.858222932819485607e+02
-4.194504409817103863e+01
2.140392425467026953e+02
2.283290543597983628e+02
1.923288099418098227e+02
1.395559364772181254e+02
1.882487022521417543e+02
2.267597440009066645e+02
2.547549752647104526e+02
1.812626216827808605e+02
2.093954126316938869e+02
1.781034292783202773e+02
3.394956813880113344e+01
-1.810084326900116594e+02
5.601731347589934273e+01
2.111164811032211901e+02
1.289677018729006477e+02
-2.751248086612050514e+01
2.043525449895025474e+02
1.966123555922015385e+02
-1.113161145425358143e+02
5.384643984856542431e+01
-5.346996662599737249e+01
2.460492694296309537e+02
1.841330399003043112e+02
2.483631338012389449e+02
2.141973064379558878e+02
1.899620286428032614e+02
2.124951065755832360e+02
-1.470066918326518532e+02
-3.199321048290352820e+01
3.709476733135231541e+01
2.024073398023425625e+02
1.693997183171495635e+01
1.098572648434301868e+01
2.229112044567468729e+02
2.258435579539954574e+02
2.536618733991121530e+02
1.308292331927941063e+02
-5.116721344839307761e+01
1.814954620042206557e+02
9.781990307976997201e+01
5.657540279176581066e+01
9.302503815607876447e+01
2.159803332713640316e+02
-1.457546133301688656e+02
7.271035460822452556e+00
2.185427263179854265e+02
1.346950197350808942e+01
1.732439828766999312e+02
1.730721017357996629e+02
1.560032847756946239e+02
2.211265427650971560e+02
-7.281687643446787206e+01
2.218283926488355178e+02
2.207526976044559319e+02
-5.482659326168995051e+01
2.076521599423033138e+02
6.148503517347888447e+01
1.880501306043885847e+02
2.433449986805685796e+02
2.146450603551797087e+02
5.379350423309741558e+01
1.309477914929686726e+01
2.016008861654031250e+02
4.728875237338671411e+01
1.402399435095603621e+02
1.078833278803080589e+02
4.044906919860864747e+01
2.136607023262840244e+02
2.491321119213732231e+02
1.328865000063313744e+02
5.588792167080757167e+01
2.288698048477390614e+02
1.043566416064696512e+02
1.471521330260346758e+02
2.041987227801943163e+02
1.753194604441592048e+02
-1.106853375239453641e+02
2.057972599386010870e+02
8.182204529234404333e+01
5.009581694261328266e+01
6.978351677961077826e+01
7.624359273573782048e+01
-1.810480948176895595e+02
1.030455256364764267e+02
-1.610152476519685365e+02
-3.852215899628232165e+01
1.779874052651289844e+02
-6.343971326156420787e+01
1.457601232379730618e+02
1.705567734596790217e+02
1.851979887621118337e+02
2.114643604669483352e+02
1.455320765908279554e+02
9.141313551741751553e+01
1.961820276727704027e+02
5.154467353222055692e+01
-1.241345706062892731e+02
1.838687560773730638e+02
1.991169979101580338e+02
4.192344938006068844e+01
2.063848688912281375e+02
-1.250332284854660543e+02
1.997378499782482777e+02
6.091572380158594591e+00
2.164123169949576209e+02
1.691021058760052824e+02
2.180674451437532184e+02
1.618357800514353073e+02
1.513288140203647458e+02
1.622543934442192608e+02
1.862003640054911671e+02
2.546703811214648567e+02
2.035852654739025240e+02
-4.397419449125216317e+01
5.088889349760739833e+01
2.499416559543895460e+02
4.723815588311290981e+01
1.227731607224921362e+02
1.656330286111885925e+02
1.903645071005083764e+02
-8.621095199963384914e+01
1.392046580262585564e+02
-2.699948982624160010e+01
1.489704876692692324e+02
1.584868915052157377e+02
1.154604826733601044e+02
1.639019392093176180e+02
2.429487513755557018e+02
-8.504388535651163750e+01
-9.289336943363492693e+00
2.127923735662764955e+02
-1.196760547095823313e+02
-9.840303297154997608e+01
2.352677273662947073e+02
1.417063756448326899e+02
-6.055896215629798007e+01
8.162105465709227303e+01
1.957113340518930897e+02
-1.771386416426577739e+02
1.695510964669557836e+02
1.686732535470578966e+02
1.920602257254172969e+02
1.964954974739145825e+02
2.350567700805534628e+02
1.049786550393444458e+02
5.287451765508724577e+01
1.887516888583191417e+02
1.875611061422124237e+02
2.175651127190164971e+02
6.730230777559444277e+01
4.112781794173636740e+01
-1.035775726137358959e+02
2.425955107968405571e+02
1.234726615000163150e+02
1.198477039278636198e+02
-8.352111693884718591e+01
-8.286294800956692086e+01
2.259080560416692265e+02
8.096394946170310902e+01
1.633011951558729038e+02
1.574635462767467402e+02
2.496619299708611663e+02
1.607961991172246599e+02
2.291746959202134803e+02
-1.075294076594536676e+02
-1.387719430751888581e+02
-7.226109363192213664e+01
9.239601224753724296e+01
1.860298628509397645e+02
-6.453043089752998185e+01
1.369669293185075105e+02
-1.097947280270686292e+02
-7.412975517477254073e+01
8.444349777324323725e+01
-7.775277866683801165e+01
2.808775398604848306e+01
2.304806479453718566e+02
1.880629442699353149e+02
4.647070969912488181e+01
-8.863929225023730396e+01
2.552360960425004350e+02
4.798057106093293100e+01
2.381968981409308839e+01
2.236139206729764055e+02
2.212277920250778891e+02
2.349557250496104075e+02
-1.108153674095380552e+02
1.651017561053994882e+02
2.485240879761775545e+02
-2.303035970495086815e+01
-5.418046945611736476e+01
-8.398225876676058022e+01
8.691050556092335455e+01
1.925331295473299349e+02
2.057533492116864124e+02
2.754410899646041244e+00
1.320527222459686527e+02
1.233964092416347569e+02
-6.815798863051625744e+01
-6.213443615377461526e+01
1.442606071534256671e+02
1.397173493162243858e+02
-6.138699175830704746e+01
2.204810330226642350e+02
-7.913262268840600200e+01
2.601319159986176146e+02
1.669175502502064887e+02
1.598059884011692873e+02
-9.925569510235303028e+01
-5.680097892765844136e+01
2.492675009039191423e+02
1.842699407011504036e+02
2.214474722728139966e+02
1.933540221639374863e+02
2.004107406805375433e+02
-8.403481538694809672e+01
1.369884409703944925e+02
1.660866017929444070e+02
2.416708280537010012e+02
1.244026082071608528e+02
-6.980906115507735876e+01
-3.636126151000528495e+01
-8.430952535621219113e+01
1.264328954983433135e+02
1.753442097037545864e+02
2.222470441329431878e+01
9.826690249208888872e+01
-5.138538663579294763e+01
1.610988257992100046e+02
-4.388211905303437277e+01
-8.373368876948356387e+01
1.738630613766997612e+02
-9.707400355142853243e+01
-1.050430315108746129e+02
-1.762634970901896168e+02
1.908852037943471487e+02
-8.622667255516527973e+01
-9.673821486428404626e+01
2.640943620476064666e+02
-8.419960577716130956e+01
-1.089201383452437284e+02
-1.084175483102589794e+02
-1.360389504782496317e+02
2.285870182534528681e+02
2.169789925834688233e+02
2.187151893648409668e+02
1.521705019187253356e+02
9.463735477026121146e+01
-1.430609752394411771e+02
4.832557602623928972e+01
-6.850405547384876570e+01
9.468007359355985386e+01
-7.698552937995911805e+01
-6.116661796156593311e+01
-8.478505771266628699e+01
-1.124156209291126913e+02
-2.994658925141040129e+01
2.210187312049408490e+02
-6.167856177720527455e+01
1.939187406609064794e+02
-1.160174287779946667e+02
1.967342482407429998e+02
-1.187991139902085820e+02
1.998296070044254975e+02
1.727109536255563853e+02
-1.357105999494333730e+02
2.045129757137381432e+02
-1.247851837429194148e+02
-1.361736706842777096e+02
1.631473234272632453e+02
-1.342177233441762496e+02
-7.382139533096849959e+01
-3.753759062899608523e+01
1.758405938853344139e+02
3.811206863225201147e+01
2.244210280182249733e+02
-1.114786391399126160e+02
-7.048178685298140067e+01
-1.512338383184815029e+02
2.368831353207967538e+02
2.189451364014557555e+01
-7.304001271956848029e+01
-1.265728097304007065e+02
1.968446792867129034e+02
-6.812998707932551667e+01
-9.040726902044502822e+01
2.223406670907236844e+02
2.317111929521977913e+02
-7.466640546223288766e+01
-8.883366797642869983e+01
-1.470023511603828013e+02
-9.159312974959543396e+01
1.971857393311779560e+02
-6.797876441871635222e+01
-9.993104521881309665e+01
-1.189481320071920436e+02
-7.911119039398471386e+01
2.293334424274834475e+02
-8.167335605670453447e+01
2.005288570097268632e+02
-9.896253133288497850e+01
-1.072400011021796047e+02
-6.146912460195692773e+01
-6.075442365758770791e+01
2.028395146515891270e+02
1.894619281249754863e+02
-1.084805435491304166e+02
-8.280143740419322285e+01
2.136945861965540701e+02
-8.502454788724512014e+01
2.122876116524946042e+02
1.629639137153599791e+02
2.044448246205441819e+02
2.415733742395935622e+02
-8.531026940373732259e+01
2.100341311417081442e+02
-1.035461614537704946e+02
1.624986279729748730e+02
-7.868773672223494486e+01
5.794061726598549456e+01
2.215358163234987785e+02
-2.171187630212722297e+01
1.861681953549128252e+02
1.819838306033437050e+02
1.784027985698790530e+02
-3.574202706065936752e+01
-4.905108916476413583e+01
-3.293981055452816520e+01
1.746060657640793181e+02
1.717087735494733636e+02
4.757191898593167423e+01
2.194965741570401576e+02
-8.364929084447621221e+01
-6.283645078919066407e+01
-1.750197498318157727e+02
-8.330158595528263277e+01
-6.752874417790570760e+01
-8.033910311135181814e+01
-8.021593009345535563e+01
2.342174319088817924e+01
1.991000302899103644e+02
-7.776337726674574924e+01
1.562374461158899521e+02
1.544657617734023631e+02
-1.089452063786885674e+02
2.498124549283519400e+02
2.489107536342623632e+02
-7.257138981466606253e+01
2.092959123427859822e+02
-3.873474795575092600e+01
-6.626303823765131540e+01
2.463021385906959608e+02
-2.043619155387197850e+02
2.417446129554696768e+02
1.545340568963906946e+02
-6.563117053502730869e+01
-7.655100799798255196e+01
-5.062013481248935420e+01
-3.203696540384284219e+01
-9.091596545054254364e+01
-3.738828146752417325e+01
1.475276101400599487e+02
1.801311646093749061e+02
1.894706813449449783e+02
2.030296425755366840e+02
1.217729414668013703e+02
2.298126750312787010e+02
-7.116290393374966072e+01
2.224887772797062269e+02
-1.139213614220566768e+02
2.103484852577473703e+02
2.025838308818613314e+02
-9.377292422791870763e+01
-4.140785624648560059e+01
1.585240304907177347e+02
-1.973663907819686969e+01
-1.234971936004506006e+02
-4.015296645535970299e+01
-1.067800349628969769e+02
1.702425131324019389e+02
-9.043409252408982013e+01
1.214166720432090898e+02
1.918783613791942457e+02
5.926119994187207141e+01
-3.083492224220518096e+01
1.925020142029322017e+02
-8.159611512502696939e+01
-8.031394365442832850e+01
1.448697889874011935e+02
1.583736715687820720e+02
-1.436026005404387433e+02
-8.907354277983246504e+01
1.925856380134484027e+02
1.947451598772259729e+02
9.610372420841767394e+01
2.232961502533404996e+02
1.454553796687819158e+02
2.291422850990800839e+02
1.890573531839051498e+02
1.601171427764156761e+02
1.903040830686739469e+02
1.633499197113967796e+02
-6.205390049070236103e+01
-7.699573220643516436e+01
1.554053204727749744e+02
-1.188343237344595309e+02
3.497227888496433934e+01
1.435471415849763730e+02
1.884838148457480997e+02
1.747519705697570203e+02
9.161844062686521184e+00
-7.777422891077962674e+01
2.025292310999139147e+02
1.878930156769640689e+02
-5.845518068437426962e+01
-1.009172929822308049e+02
-1.368163824565336881e+02
1.696469590063549049e+02
-5.352002230714316511e+01
1.084507018930828508e+02
-8.281656627845976004e+01
3.646183369037775890e+01
1.683818703971584796e+02
2.395535924269917700e+02
1.389755842369266077e+02
-1.015124995870587838e+02
-6.728226768497850685e+01
1.912513304984317699e+02
-9.026718386043597775e+01
1.415494929084072169e+02
-3.841663848721193375e+01
-1.349768121432848034e+02
-8.111844159841291457e+01
-6.128822322658190558e+01
1.312356977039813444e+02
5.013278967807839592e+01
1.899066922373737043e+02
-6.524247258716613374e+01
2.111646081585258798e+02
-1.021207419048791536e+02
9.416632088059917294e+01
7.196968511925351208e+01
-7.999512664390344696e+01
1.961657920172541480e+02
2.429256764110077427e+02
-6.747265113303808448e+01
1.856468929354639386e+02
-1.359287879604814862e+02
2.229324669898899742e+02
1.864123671922488938e+02
-1.827259632796080666e+02
-1.211029922364925540e+02
-1.059010601082955958e+02
1.491337969047004322e+02
-3.322644543611020396e+01
-1.165789197696636563e+02
-7.233179780763794042e+01
1.535743006749722213e+02
1.766695206473370661e+02
1.767355064551996975e+02
-4.651111310127533471e+01
-3.642216900241715294e+00
2.522632444321594676e+02
-7.659358164177476169e+01
1.352025709420852877e+02
1.783813280223270112e+02
-1.105020219361857841e+02
9.283105136324948603e+00
6.917353532566828278e+01
-8.067849280160845638e+01
6.625981330557449667e+01
-9.702869047003051151e+01
2.330895695330310105e+02
-1.064215532257087062e+02
1.780541750512298336e+02
1.758811549505778089e+02
-1.062086040798992883e+02
1.511963975336426529e+02
-9.377272400491177962e+01
3.343664868683119096e+01
-9.062072962787028985e+01
1.722635351734300002e+02
-1.255323583231547957e+02
4.408974983116093682e+01
-1.011728513400863392e+02
1.775948058345056779e+02
1.952052059728289635e+02
1.426100202457286059e+02
2.065356053834628369e+02
1.616272838841803150e+02
1.849032594805857457e+02
1.548337361034536457e+02
-9.991590958497666008e+01
1.977136390245354676e+02
1.596053079245147330e+02
1.593970653384249658e+02
-8.246610207568603812e+01
1.947853160639189696e+02
7.716767861225112313e+01
1.392016909493397065e+02
-7.092447011813146673e+01
1.513683544337693263e+02
-6.527941465516541086e+01
1.584983483827134592e+02
2.089781989138378435e+02
-1.202955980598152905e+02
1.732172510430647776e+02
-8.579465852988043650e+01
2.001521409779955434e+02
1.641917505360312646e+02
9.618305555632446158e+01
1.802542403634351444e+02
1.020403597898687025e+02
1.799819663444320099e+02
9.982580231041173136e+01
-7.392246357850049776e+01
1.005324065151392290e+02
2.099597977920959693e+02
4.977563879203184172e+01
3.395657504018460315e+01
1.176826052469283610e+02
1.977781673431990157e+02
-8.049256944576831074e+01
1.495211749293672483e+02
9.102912535704338381e+01
2.139011064299631926e+02
2.500163959255627333e+02
1.852815602821538050e+02
2.499237528749692672e+02
9.829461362659699830e+01
2.215770732446654563e+02
-6.671824824269219789e+01
1.707562011772792516e+02
1.507559890482658034e+02
4.593926785056586226e+01
3.382281838486242975e+01
-6.673856789693641645e+01
-1.177451706043370478e+02
1.237887379444951108e+02
-4.693674732627510338e+01
-3.457741310999941220e+01
2.411484902614826922e+02
2.189227234450629567e+02
7.484224692036333693e+01
1.160023102727429603e+02
-8.271735149684677424e+01
1.416476905515630733e+02
1.322160964126723286e+02
-7.324525418071777949e+01
2.007699474937194850e+02
1.425592453270843976e+02
1.962529488768209376e+02
-4.948637912616987933e+00
-1.213865521981898965e+01
-8.130110857094220478e+01
1.927572885393549029e+02
-7.771976823008688484e+01
2.004781129929575059e+02
2.483900383537565517e+02
-4.611560046559915804e+01
9.289506327037423716e+01
2.051726746277623192e+02
1.750410897934250443e+02
6.741160145640755275e+01
1.939873670076408985e+02
2.137018839547030780e+02
-8.236742937587848701e+01
-5.989929190999545483e+01
-3.804198367075090204e+01
-7.999053868707693482e+01
-7.731546574822600348e+01
1.594223011506692274e+02
5.399229785362716427e+01
2.149776439063704174e+02
-4.494021927420054396e+01
1.846615231779235557e+02
-8.074013030816455228e+01
1.382144389765791175e+02
1.471446538507602497e+02
1.877875015492651016e+02
-5.974584697608300843e+01
8.591097193116726771e+01
1.163059420269290456e+02
-9.694352969495821526e+01
2.422160247626917737e+02
2.124520464298620652e+02
1.481133518121946508e+02
2.385791480969982672e+02
1.130327415039257488e+02
2.333759297610097860e+02
1.677999234172688716e+02
2.072006037597554382e+02
2.589893581491334658e+02
2.324871649941098610e+02
-6.882425437434133642e+01
-8.738036239190051901e+01
1.632122497935816341e+02
1.811233468561497091e+02
2.113897041065246754e+02
1.082811434628925582e+02
5.850757342389058380e+01
1.797541737142713032e+02
1.985426749088861698e+02
1.791669641848687036e+02
1.705717274027695396e+02
1.942630837706220746e+02
6.018585784733447852e+00
6.556134207902427136e+01
1.945388940623203666e+02
-6.926594290429144962e+01
-7.041976197628520140e+01
1.737083707752986186e+02
1.271715811223665185e+02
1.150787560977154840e+02
-2.777426133750773829e+01
3.308063455363856775e+01
2.430107965196247619e+02
-1.456375283428904410e+01
2.454076877262022833e+02
1.134350396920143993e+02
7.940523316507797347e+01
1.515837716482703570e+02
1.934761306054489580e+02
2.249508918160403255e+02
2.224972092417108911e+02
2.250710668433340231e+02
1.474822362489724128e+02
1.406195484769716586e+02
2.160984529771519078e+02
9.937251861587130009e+01
1.803001390795800489e+02
2.170126116469261319e+02
1.917835500524396366e+02
2.509514051611586751e+02
1.842355731270495767e+02
2.455814001597844651e+02
1.299159297191218343e+02
-8.195297672980601078e+01
2.520624100998699362e+02
1.684526176135094602e+02
2.204564623172861388e+02
1.916499773970507761e+02
-6.389512048120016630e+01
2.232651091279737443e+02
4.014260491526840013e+01
2.080413639643146553e+02
2.574213011773550761e+02
-6.535254426163129438e+01
2.570399528433606520e+02
2.650366454379048946e+02
-2.175186678026283005e+01
2.610853471037041800e+02
-8.041551820268050221e+01
2.039313546375941542e+02
2.389267682350491668e+02
1.951600694765606931e+02
2.297294210646405190e+02
2.542263889014887184e+02
1.223044008372196458e+02
2.211152414942491760e+02
2.448548311128157877e+02
-1.159529740225363810e+02
-6.579256154097004128e+01
-8.444093686570920454e+01
-6.278413901130294050e+01
2.032075767242403117e+02
1.928686799686790323e+02
2.380289679800001750e+02
-8.464660464845576371e+01
1.496191742459150191e+02
2.104950839543097914e+02
2.357786184360664379e+02
2.522048153937152506e+02
-7.725628991451665684e+01
2.658999918327560863e+02
1.936964382089281003e+02
5.926905532363144857e+01
1.613078384783995034e+02
-6.044155712220427290e+01
2.372790683527042006e+02
4.932347684153813816e+01
2.303248710433268229e+02
2.528058297002653774e+02
-4.859002348368238700e+01
2.192375794497797017e+02
2.188244165395401524e+02
2.288991900190078468e+02
8.586814412542932473e+01
2.443001496880061438e+02
2.088051543107401926e+02
1.627864331859174172e+02
-1.192035065341544566e+02
2.170219157586630558e+02
2.358510177883672441e+02
-7.560661128719866042e+01
2.678988864849204106e+02
2.096824245317848749e+02
1.104556587386690865e+02
2.605007319709612830e+02
-7.728407479477817787e+01
2.420379873216694477e+02
8.641245791812372090e+01
1.972004290140340004e+02
2.350300198475535751e+02
1.697504233490622596e+02
-8.124683012383282943e+00
2.512498692117326584e+02
2.560139466107050339e+02
2.430615479581367140e+02
-6.309142351425805373e+01
1.701865872709661858e+02
1.958719107532193675e+02
1.569940880144588391e+02
2.007510179315919459e+02
1.923213063797623192e+02
2.312012049882287954e+02
2.229152445917487171e+02
2.376995265500959817e+02
9.842604256878951574e+00
1.500483514195864245e+02
-6.880422398358669511e+01
1.944422752880555549e+02
2.258209330759953559e+02
1.969849834528915835e+02
4.717046595209598081e+01
2.168606368187612929e+02
2.317798089649463122e+02
2.080359251213129994e+02
2.478960353131888610e+02
2.095452126003123396e+02
2.310157072458966923e+02
2.055479583671947239e+02
2.042489313600890171e+02
2.041445756588289271e+02
-8.732063745599424465e+01
2.096483695381895132e+02
2.167335194688026831e+02
2.193171294761095851e+02
2.222620282150587343e+02
-1.114190976587270825e+02
2.771033934643621706e+02
2.474580010647382267e+02
1.297356245014575222e+02
2.141693062199914550e+02
2.170180540778865179e+02
2.559998005061750632e+02
1.992606237668642279e+02
2.149470210499905534e+02
-1.392648750247674911e+02
2.147637675456004160e+02
2.266547190177790299e+02
2.188289134290087077e+02
2.181713713783876756e+02
2.102756008743830876e+02
2.253853327161056086e+02
1.359864178362144287e+02
1.985002776336980332e+02
-8.051291066378603034e+01
2.194918102026004476e+02
2.292928026539591428e+02
1.593786672757205736e+02
1.243219173242358835e+02
