-1.130869060618772579e+02
-2.525845610327947952e+02
-2.762068553041833070e+02
-1.458282634501555890e+02
-1.311503184062227376e+02
-8.113589033316240773e+01
-1.230348227037189588e+02
-3.266493678098369173e+02
-1.021424905129860434e+02
-1.069730138494927729e+02
-1.107166397259641286e+02
-2.370043571469619792e+02
-2.023086630513723776e+02
-1.184584027629015566e+02
-1.302878230785336200e+02
-9.322407552674081899e+01
-1.278066242543611821e+02
-5.429461032341207556e+02
-4.897716155805135827e+02
-5.035965758097698313e+02
-1.609594493598897884e+02
-2.959084616180772400e+02
-2.684004159849347957e+02
-8.804187988429205802e+01
-9.464554388284904007e+01
-1.478150939334224176e+02
-2.644712382907839583e+02
-1.484388589011449540e+02
-1.091010990163971286e+02
3.847382369819584369e+00
-9.856032584686738574e+01
-1.342518300104185016e+02
-1.140807113540994919e+02
-9.329333462880231309e+01
-9.753682283626037020e+01
-5.690228139332232331e+02
-2.248374624547949452e+02
-7.626682054460684412e+01
-1.237050435938455877e+02
-7.543216038744409957e+01
-1.451708965515095713e+02
-1.075509830290927766e+02
-2.024365961487993673e+02
-1.760341870963771385e+02
-1.147486260895690577e+02
-1.732116223123872487e+02
-2.747839956224327125e+02
-1.055519325695626378e+02
-2.787065927306305184e+02
-1.215789882099062140e+02
-2.141958117905549841e+02
-2.846146198965569738e+02
-2.706312693848019535e+02
-4.240624485503457777e+02
-2.962864639010726933e+02
-8.691147105873085366e+01
-2.329224642124416107e+02
-1.079351422609880160e+02
-1.495939738620168669e+02
-1.847950603403130572e+02
-4.435654482006122521e+02
-1.943961817215058545e+02
-2.799781711371603024e+02
-9.769962112060373727e+01
-4.157137582455440565e+02
-4.290646818716400617e+02
-1.437675610086481015e+02
-2.474075778322354893e+02
-3.472783423313313733e+02
-4.019380285992423296e+02
-9.938574937757293526e+01
-1.693583997850317644e+02
-7.715809686813742019e+01
-4.327530164813381219e+01
-1.219559055592230550e+02
-1.615657398400431930e+02
-6.027977257705835257e+01
-1.382570708001404967e+02
-2.566537799083174605e+02
-2.225580644115529196e+02
-7.273162135385631188e+01
-1.478575927174610456e+02
-1.073361533666813727e+01
-1.182829663279107422e+02
-3.887343372023889856e+02
-2.091353341189015964e+02
-1.698543014176948986e+02
-2.151025913842146622e+02
-2.926528060703726055e+02
-4.454218768975256921e+02
-1.076094190488725246e+02
-1.824979657804366013e+02
-3.399473835673405802e+02
-8.617766112639741038e+01
-9.057202738530506281e+01
-6.318715264545819821e+01
-4.268339155587270284e+01
-1.156830059669785271e+02
-1.152616778577560268e+02
-1.280617348000459401e+02
-4.801911616455010403e+02
-1.153264553934824903e+02
-2.032496677629085582e+02
-1.256819471427658783e+02
-2.696798772153627510e+02
-3.889286988830432392e+02
-8.039984800253122899e+01
-4.220488158042463169e+02
-8.668824153585025272e+01
-1.394294875689898845e+02
-9.211532252621205430e+01
-7.912962272442396738e+01
-1.675788827250416091e+02
-3.221065920360506425e+02
-7.442354468706358261e+01
-3.789895871927258213e+02
-3.002425725250117807e+02
-4.245914280963691567e+02
-1.386006991543030153e+02
-3.795961391250837664e+02
-2.816956015500776402e+02
-8.284725384968857043e+01
-1.498802537408411695e+02
-1.039225454020295132e+02
-2.966482080884770767e+02
-1.235399657933982951e+02
-1.183295648141661331e+02
-1.185058096840411679e+02
-3.284201822104229223e+02
-9.626700297750217317e+01
-6.495770202323419085e+01
-1.983993150146744142e+02
-3.345865929171602033e+02
-2.224986300085169830e+02
-1.295731723381196048e+02
-9.753329609434975112e+01
-1.152756408823359777e+02
-7.544045959946274138e+01
-6.343635098573784603e+01
-3.483704318748691549e+02
-2.310566479580612338e+02
-4.176128783992904800e+02
-4.076810276689527086e+02
-1.787613196227587764e+02
-2.135768988503805588e+01
-2.116751095630060888e+02
-5.516607635264816167e+01
-2.954445386900736139e+02
-4.972984023926202326e+02
-1.819385732607674413e+02
-4.188760728817022141e+02
-8.728578573943511287e+01
-1.322322206318260953e+02
-2.748757686724707128e+02
-2.712337354642650666e+01
3.749261278765445127e+01
-2.946233443791194304e+02
-6.722531795182229075e+01
-1.429468538068977352e+02
-7.604664430293547639e+01
-1.031923657381020973e+02
-1.353741265056605982e+02
-8.297707941694375222e+01
-1.011513065135571452e+02
-2.186737574614612356e+02
-4.052119267986375348e+02
-2.636586586015909006e+02
-3.684993094688049950e+02
-1.631201685421806928e+02
-2.548212889068397260e+02
-3.439757261201000347e+02
-2.912007664300612646e+02
-3.880374416318443878e+02
-9.079583532776823063e+01
-2.328157217843349542e+02
-1.131350609913485243e+02
-1.904375802330259546e+02
-1.834561302183555824e+02
-1.761196194450163830e+02
-6.619229166466968195e+01
-7.416964773105070208e+01
-3.697643856312360526e+02
-2.571297892917281160e+02
-1.306982909632932319e+02
-1.539562657387136539e+02
-9.589677264375237087e+01
-1.274435232175378871e+02
-1.335359087400648832e+02
-2.716822882112998059e+02
-3.572216913550174695e+02
-2.930345681009590635e+02
-3.219744719155618782e+02
-2.724238303529139102e+02
-2.708217196447186552e+02
-1.367812324096493057e+02
-2.380891697538309870e+02
-3.520534661646510131e+02
-3.851788222634946237e+02
-2.228187688673242803e+02
-2.458834464795760937e+02
-1.153613578232502732e+02
-6.602626824106894787e+01
-1.973566873767140919e+02
-1.683365924216909661e+02
-1.150366281950280722e+02
-2.043639390483075431e+02
-5.305919478656625188e+02
-1.004940717353182436e+02
-1.873409491035164081e+02
-1.295896878443861340e+02
-3.473167516796038399e+02
-2.334658497855342034e+02
-4.042975493908129465e+02
-7.056246991517900824e+01
-4.685080636675122179e+01
-2.555255988283948625e+02
-1.242097659082539849e+02
-3.583909103605323025e+02
-7.546062533639431535e+01
-5.765648411314772375e+02
-9.191797360308774500e+01
-8.777343886682643870e+01
-1.826795861456136549e+02
-4.781574344978486124e+02
-1.117418271483318364e+02
-6.667297077413780926e+01
-3.344909855629176718e+02
-9.472993621017170085e+01
-2.664025438711850029e+02
-8.701630120175258298e+01
-8.520312297087696152e+01
-8.396645756757699530e+01
-9.658787248339241671e+01
-1.742843915427929460e+02
-5.261801754561237487e+01
-1.726296051736511572e+02
-1.306761769476552217e+02
-9.406741591891233156e+01
-1.594930675865221872e+02
-2.142657121266860827e+02
-3.889026198946216368e+02
-1.144883685162209304e+02
-7.525910357023670372e+01
-3.304396153260186111e+02
-1.966484947658683211e+02
-1.231949424879788211e+02
-4.044013254926719583e+02
-4.259696507331586872e+02
-4.215637256317513106e+02
-9.500326336984227282e+01
-1.248888353866664573e+02
-1.021192072554176491e+02
-1.723786052220033582e+02
-9.468323338802684930e+01
-1.850387869095667952e+02
-1.274164640485026752e+02
-7.543742121299149517e+01
-3.612241201422622225e+02
-8.165121426671591109e+01
-3.291515916208156796e+02
-6.542715191425460830e+01
-1.967269121505566147e+02
-4.852531662362040947e+02
-4.532935340922457357e+01
-7.731101872080378712e+01
-3.460457768920018395e+01
-1.392256493587604496e+02
-2.315474339508608068e+02
-2.827697757773185003e+02
-9.536509818282937090e+01
-1.456623623694344758e+02
-1.364877865182326104e+02
-3.313335323099926200e+02
-4.546281677848276104e+02
-4.569085269737420276e+02
-1.381571299612533039e+02
-1.961517193219994510e+02
-2.685524658362718355e+02
-5.131105398838619891e+01
-4.023247997441906136e+02
-1.621119443728149463e+02
-3.088785412775098962e+02
-3.857298447289980459e+01
-1.263695895783163650e+02
-5.206488412209718319e+01
-1.247921142711190612e+02
-4.649349189520422954e+01
-2.331796140954811847e+02
-4.345730281986998023e+01
-9.675018950519201155e+01
-3.914997392401671163e+02
-3.218528692120753476e+02
-1.782607015311583609e+02
-3.441419111328256690e+02
-1.850283896427327477e+02
-1.970664185278315870e+02
-8.563556759883104519e+01
-2.327953265793903768e+02
-1.269489268444065431e+02
-2.266891888166125284e+02
-1.479025447659857377e+02
-1.702016548622702885e+01
-1.033770814657221706e+02
-2.469494833323166176e+02
-3.305798190694692380e+02
-2.922496765983280511e+02
-3.306782459859845744e+02
-8.626573645088424769e+01
-2.159320612830566120e+02
-3.607073703502276203e+02
-2.608012677446918133e+02
-3.648713995660087051e+01
-3.593317961250889425e+02
-2.812060331115540635e+02
-6.726086040780121778e+01
-7.690893218809881660e+01
-2.466490343239323124e+02
-6.637721014732147751e+01
-1.220410022259970191e+02
-1.111454355472662741e+02
-2.613783156421227432e+02
-2.021973075659213350e+02
-9.518510777300765824e+01
-2.538005563923184695e+02
-1.497304119014683579e+02
-1.160216172962672658e+02
-7.992364841662912056e+01
-5.207644449860047189e+02
-1.654532315794788531e+02
-4.332893250062313939e+01
-2.128249266049837729e+02
-1.228338430682347848e+02
-3.762071047620025865e+01
-5.477312493247441694e+01
-2.465496372021085563e+02
-5.653290739291983300e+02
-1.622008966961760734e+01
-6.900893853588411275e+01
-7.691286122902302225e+01
-1.049031732966016932e+02
-3.210970585019398982e+01
-5.666270150260695715e+01
-1.024870817241040157e+02
-1.304363013348619802e+02
-1.263850556403440066e+02
-2.711376504885670897e+02
-5.400224496844832345e+01
-8.340275003001497112e+01
-2.000701325086976965e+02
-3.798647824713395948e+02
-3.708100840516111703e+02
-1.426948782112537231e+02
-3.669409077757100590e+02
-1.894934471496459878e+02
-3.721507142947893954e+02
-3.111208182390929551e+02
-1.314537613322986829e+02
-9.033563573354173570e+01
-9.014316607571032591e+01
-1.088579860708313731e+02
-6.046375222688301676e+01
-1.107438809666952721e+02
-3.206769107968609660e+02
-3.062447499605676740e+02
-5.555256226443910350e+01
-2.719791905888325800e+02
-2.919126540107565688e+02
-3.001942523793873079e+02
-2.823967993934417109e+02
-7.932609559586785508e+01
-3.134941171862535612e+02
-2.148959463562896133e+02
-1.193231105813947295e+02
-1.008661756052821374e+02
-7.319052941714289773e+01
-2.689259489048193359e+02
-1.788073027330953551e+02
-9.292724172228747648e+01
-3.435794411057767093e+02
-1.305903977380275194e+02
-2.992240294342337847e+02
-4.588359676566540202e+01
-3.149593618394621899e+02
-2.341500826219771625e+02
-2.595269597131780301e+02
-2.867247686580036543e+02
-5.531674556973415946e+01
-1.416850737397500666e+02
-2.246023733732274081e+02
-3.827798925958485938e+02
-2.474906215282158826e+02
-1.008410815965589933e+02
-1.026840238875654165e+02
-2.132127245888690368e+02
-3.058186460530374973e+01
-2.830887651724969487e+02
-4.222604122463606018e+02
-1.523794723007754897e+02
-9.270219297273591508e+01
-4.849389489433364986e+01
-4.472936617872977081e+02
-6.592034022304329710e+01
-2.276282514164866200e+01
-6.434802820272597046e+02
-1.694553070022658972e+02
-2.521636157139060117e+02
-1.275939559760510633e+02
-5.149860605219808463e+01
-3.438447021211768515e+02
-4.782495867892251908e+02
-1.909302502565432178e+02
-4.666542808132102209e+02
-2.048665501665553279e+02
-1.130014175543991684e+02
-2.363297755389525889e+02
-4.406936086260658385e+02
-4.045477967040789622e+02
-1.440231779241238712e+02
-9.358411066954202795e+01
-9.240412885469625337e+01
-1.375400727715810092e+02
-1.282842142942197938e+02
-1.137389527563335321e+02
-8.842979614486176843e+01
-1.033612442196322405e+02
-2.484060697702067841e+02
-1.789350713175854821e+02
-2.207197774710465410e-01
-2.462330051322987856e+02
-1.145952217899383072e+02
-2.120543103897784931e+02
-1.055723075647050706e+02
-2.277472508621381166e+02
-1.058726002694947539e+02
-6.585655650642580383e+01
-1.276266457874189797e+02
-3.114304957880908091e+02
-4.643139908972293028e+01
-3.795178223648139237e+02
-1.591807554898742296e+02
-1.440784052682855645e+02
-1.795971065994055778e+02
-4.686231555136714633e+02
-4.240628609015619759e+02
-2.415894920418054426e+02
-5.996921794737427547e+01
-8.753974333659112972e+01
-2.741033267833556692e+02
-2.048381680226912920e+02
-3.298111111841075740e+02
-2.243722248954685483e+01
-4.205636499707467237e+02
-3.888782755171454255e+02
-3.154681213135631879e+02
-7.473885143735870429e+01
-2.305457685008501585e+02
-1.206171664285537872e+02
-4.733872475551783054e+02
-7.801777585421731942e+01
-1.369873839309374262e+02
-3.410184842967095165e+02
-2.319106405653589036e+02
-9.926567786994773712e+01
-2.208222484696372589e+02
-1.305684894485110021e+02
-5.802848469003080822e+00
-3.579448031619293147e+02
-2.544810536645800312e+02
-2.938073829761664228e+02
-1.023809633087650184e+02
-2.559597790733057820e+02
-1.238145826609917748e+02
-2.795118285632785273e+02
-1.209990544362719334e+02
-3.931109441887866751e+01
-1.807082545282273145e+02
-1.436087823583010845e+02
-1.627032322246423064e+02
-3.331841990033260004e+02
-5.533771530930227982e+02
-2.685402414302527632e+02
-2.466717081799626214e+02
-3.650343754398495548e+02
-9.961148133100934388e+01
-1.166724285275008697e+02
-6.024173820647058619e+02
-5.208739738475527759e+01
-2.028838024135409910e+02
-3.139288053456195939e+02
-1.524853687997111251e+02
-1.425297992499034763e+02
-7.409090686531610004e+01
-2.231095472575098029e+02
-2.099849102724757302e+02
-6.287096700036904906e+01
-3.248201780459033898e+02
-2.285819649674322136e+02
-2.634045728811981917e+02
-2.340530566690775913e+02
-2.513526565127637582e+02
-5.216422459594883776e+01
-2.045648657252783664e+02
-3.618379158080741718e+02
-4.316972548558743483e+02
-5.005584747948601603e+02
-7.486815176204967770e+01
-3.471675192479953012e+02
-9.490832931231724956e+01
-2.368368281784222233e+02
-7.144600998312462252e+02
-1.545499872522225360e+02
-3.819201778308064377e+02
-2.841382893122198539e+02
-3.299657302030753669e+01
-2.308565892627663061e+02
-2.634957894225071868e+02
-1.109054159434313505e+02
-2.088028474153991283e+02
-2.836102948098866818e+02
-2.755084710848967120e+02
-8.154132173962854324e+01
-4.965815691808786028e+02
-1.255594487842474933e+02
-2.275334255118315241e+02
-4.761031891295147744e+01
1.297978739746826804e+01
-4.199151839998266382e+02
-3.963362743584603436e+02
-5.158016416810680767e+02
-3.282771131428711442e+02
-1.917257011573611010e+02
-8.015857466411159749e+01
-2.087891901465994238e+02
-2.321483095063683209e+02
-4.061461280089558272e+02
-1.796440780308282115e+02
-8.531625559860066232e+01
-1.423460129969893728e+02
-2.226160040509502380e+02
-3.005036149467745190e+02
-3.490409346779869111e+02
-5.168303052870749070e+02
-3.848289638880174834e+00
-2.460993359854584241e+02
-3.118725220730118508e+02
-2.394399645664954903e+02
-7.091860368564231010e+01
-1.478299891515411275e+02
-2.074907446926652028e+02
-2.680156062934855754e+02
-4.578555715556547057e+02
-1.215384130704359080e+02
-1.036414130715102146e+02
-1.600586733101702066e+02
-2.773339634208391544e+02
-6.200208777488813894e+01
-1.350961469375172328e+02
-1.715131651913091844e+02
-1.454012313095967386e+02
-2.552107102478564400e+02
-1.724396080779151248e+02
-1.884144734555336811e+02
-4.794299348047702836e+01
-6.679957671478905468e+01
-2.479381633246194099e+02
-2.348973369509741929e+02
-8.091462959783544306e+01
-9.350626356400672989e+01
-3.399681780292604003e+02
-3.965203613556936375e+02
-2.926244996273770766e+02
-1.991384762895982590e+02
-1.766058950563590884e+02
-2.347536128547372414e+02
-2.629352890517840819e+02
-8.488025718252144713e+01
-4.460914175563729032e+02
2.445400743513941677e+01
-2.373370554510473482e+02
-1.126137452894763982e+02
-3.529781853918736942e+02
-2.456684380337363223e+02
-4.223132935609839365e+02
-2.970912477401798242e+02
-2.781356460945470417e+02
-4.166846040621798153e+01
-2.175591414959395138e+02
-2.159188450119329445e+02
-2.192976811101938210e+02
-3.104028689801054952e+02
-5.357278116333978915e+02
-6.574588911026063442e+01
-5.855433520166955077e+02
-2.362347996297734198e+02
-4.081416309405444736e+02
-6.542655600241974412e+01
-2.889525039506274311e+02
-1.668277532466059370e+02
-2.487977002685470893e+02
-2.669254215481748815e+02
-3.039032786474419936e+02
-3.423115194474693226e+02
-1.512887292706268170e+02
-4.072422495125977662e+02
-2.663711827494661293e+02
-7.158480629265596917e+01
-2.853789504809166147e+02
-2.916527201538818872e+02
-4.205177867983211968e+02
-1.890664884460854864e+02
-2.922647279320270854e+02
-1.008242154034862637e+02
-7.766110870833907143e+01
-3.778482926528212715e+02
-3.501260907332655847e+02
-1.114419953672199597e+02
-9.841637084835886640e+01
-1.962291809126334670e+02
-4.786981587272833849e+02
-1.905209938590462855e+02
-2.058991306902854888e+02
-7.674712256617996786e+01
-3.072890676246231578e+02
-3.046491662550532737e+02
-2.187052192228925378e+02
-2.658182919251775616e+02
-2.662288126173453975e+02
-1.108979378086055050e+02
-5.890626992555790764e+01
-9.102747962172611551e+01
-2.091614947223612262e+02
-8.101766884266322677e+01
-3.469024650697382413e+02
-1.021789460733464523e+02
-1.627296480386600592e+02
-1.101524848984584963e+02
-3.939794940978150066e+02
-1.519552526004682136e+01
-6.140346936188193183e+01
-3.553645545437149167e+02
-1.727675701843423326e+02
-1.736227797556093151e+02
-2.048818457316404249e+02
-2.493012786364071189e+02
-3.970639382352493385e+01
-1.226765669893014632e+02
-2.712246462080306628e+02
-6.527514358530693244e+02
-1.583692706460984709e+02
-3.401139771343097209e+02
-2.691332008071167365e+02
-1.204053811817384201e+01
-7.988955194355621359e+01
-2.867634904761820280e+02
-2.509304627524142006e+02
-1.362566941618750889e+02
-2.957908502328166378e+02
-1.748647952267297114e+02
-2.542610167197738349e+02
-4.917151098739043391e+02
-2.354384635566509303e+02
-9.234436793236103824e+01
-1.985024142496391732e+02
-9.631634400304891130e+01
-2.092971986708100189e+02
-2.917027658534042303e+02
-1.412683348062816435e+02
-8.192004691578779330e+01
-4.254642179956277914e+02
-2.761519376452270080e+02
-1.011598663286781630e+02
-2.638983132669657152e+02
-2.088958262858549801e+02
-1.137493231764580912e+02
-2.880592164466752365e+02
-1.284385247881940018e+02
-4.387114930933074675e+02
-1.982298167731725584e+02
-1.195630081089695693e+02
-5.048012409246522338e+02
-3.266369911754320583e+02
-5.278868643037028505e+02
-6.350119137785210199e+01
-1.936346467947987833e+02
-2.747185476985778223e+02
-3.035897851177212488e+02
-1.633535273999657988e+02
-1.364971450224177829e+02
-3.505413109811877916e+02
-2.800864189747487671e+02
-2.704197321219763808e+02
-2.944261133559430732e+02
-4.018346820907069628e+02
-9.396986934652957757e+00
-1.116305271091448503e+02
-4.171759205412818119e+02
-5.655597145888872035e+01
-1.752478305608474329e+02
-2.892972785317061266e+02
-3.593044420598209854e+02
6.542851551720588077e+00
-1.407078862146850042e+02
-6.606858104577629831e+01
-7.839802654628340406e+01
-2.452923218564265539e+02
-1.616769907307607355e+02
-3.950944967051708545e+02
-1.291729542403387541e+02
-3.078808904323518050e+02
-1.598369117586771040e+02
-2.585963964694883543e+02
-1.361583253585424131e+02
-4.259954683578106938e+01
-3.670019788983865396e+02
-1.057943331758062442e+02
-1.297751290679685781e+02
-3.149396694796835163e+02
-3.582786748712164808e+02
-2.165794046217449704e+02
-1.339196900708478779e+02
-1.717581085972038295e+02
-4.270994453377938953e+02
-1.346424568063854394e+02
-1.612849763077497300e+01
-7.201537623741634775e+01
-1.480051715643496948e+02
8.261892184512421977e+01
-3.867470574265057621e+02
-1.552846559308966334e+02
-1.554522196272190513e+02
-1.636772964182669625e+02
-2.678675042099264374e+02
-1.687841934625365639e+02
-2.862854112862127067e+02
-2.964335091642733460e+02
-2.007148742079305066e+02
-7.888952210562693779e+01
-8.633256577682482202e+01
-1.926170131117353321e+02
-4.351853837540478480e+02
-3.816587322352544902e+02
-7.250587340827708260e+01
-2.046440243594172159e+01
-2.525109666278391103e+02
-2.441235192751950365e+02
-2.457343963023255071e+02
-2.959972156777327257e+01
-2.964573549879240204e+02
-1.686894752128040977e+02
-4.290932646323352628e+01
-1.294426344124369166e+01
-3.940131658670084107e+02
-1.535785728355762672e+02
-7.687360856615985938e+01
-2.115938629548423933e+01
-3.256351901573344776e+02
-1.152158125999095688e+02
-3.056519043601734893e+02
6.622397487594895438e-01
-1.788406041253807928e+02
-1.826102521684552471e+02
-4.858290109032633808e+01
7.273627411159297651e+01
-2.852091714467729275e+02
-2.595442415730053654e+02
-1.116758966623603726e+02
-1.263209552288941353e+02
-2.507545734121942758e+02
-8.937654696632932882e+01
-6.065909688560830659e+01
-8.618755879510693774e+01
-4.890781464053940226e+02
3.360259800203411373e+01
-9.040376576939162589e+01
-1.060147043142607686e+02
-1.096047518853879410e+02
-4.380572782257851827e+01
1.213295229990296917e+02
-1.699976561096619037e+02
-8.679026135560485500e+01
-3.221534854594742114e+02
-1.772881989303001831e+02
-1.003321504926037733e+02
-4.191486510643139241e+01
-2.750147579540794140e+02
-2.010817268926332986e+02
-7.491815703876322630e+01
-3.755395905157325842e+02
-4.518320950274025449e+01
-3.002867110296092505e+02
-1.645640720230967702e+02
-3.134386011437927664e+02
-1.776957136651450924e+02
-2.858951729685637133e+02
-1.704023509867822384e+01
-4.134511303121568631e+02
-1.753619763086631451e+02
-2.931314236146438930e+02
-1.876518387292374257e+02
-9.106607844709377275e+01
-2.061156004622446858e+01
-2.638317102687997249e+02
-3.585148138122113437e+01
-1.788768337482431434e+02
-2.945076744785131950e+02
-3.056437065400878623e+02
-7.004781370064880264e+01
-2.634307251874361100e+02
-6.986839983190475323e+01
-8.146468761840287698e+01
-2.908333674503644488e+02
-2.514452393044961127e+02
-1.249673200679543328e+02
-1.425497221401158754e+02
-2.297368905086125324e+01
-2.553289652730624653e+02
-2.664251782704571951e+02
-3.818162512061322218e+02
-2.766516614182673948e+02
-2.891532490198262622e+02
-3.469119196217069430e+02
-2.161149811047672245e+02
1.136042380264061080e+01
-1.386624796300451408e+02
-2.154341582545649203e+02
-9.535302243344867179e+01
-3.527723615767275760e+02
-2.256048059939719792e+02
-3.603095897020414213e+02
-3.701308325020369807e+02
-3.329953791048379799e+02
-4.338042860862922794e+02
-9.761778591643674474e+01
-1.070914909336626835e+02
-3.042555897891645600e+02
-4.044352529697390537e+02
-7.431516443916314074e+01
-4.990691376653467870e+01
-1.121710267013962010e+02
-2.551584174206595605e+02
-1.806602021372897298e+02
-2.528812210207925659e+02
-2.879729058296428548e+02
-9.369612728412549529e+01
-3.299848455860739591e+02
-1.434077906390996304e+01
-1.337477499866969310e+02
-2.615251496162931062e+02
-2.523601048548704000e+02
-7.994658202879340081e+01
-3.425538294925863738e+02
-3.229433708732163666e+01
-2.980653541853455408e+02
-2.739046966413364999e+02
-2.210815565369591127e+02
-1.104130373334991049e+02
-3.076763081152549830e+02
-1.298733031699826199e+02
-3.196618282361266665e+02
-2.027562607901743377e+02
-2.643448293043086323e+02
-1.039497233228959061e+02
-1.989886859566298654e+02
-1.906353305213794158e+01
-2.975771592399510723e+02
-2.529155284948376732e+02
-2.783501549044769945e+02
-3.745927813367851513e+02
-2.836412752889308990e+02
-3.078607360143298592e+02
-2.517221932646095865e+02
-4.850346526883181753e+01
-2.879741659994231213e+02
-1.639587795829663435e+02
-2.835545274710846115e+02
-5.269648264990598818e+01
-4.431596754409505934e+01
-4.216429308110993475e+02
-1.951258078353084500e+02
-2.462265182324920261e+02
-1.472429903101245827e+02
-8.711697362827790414e+01
-2.564749083121899957e+02
-3.980099593390382751e+01
-1.836080444290090554e+02
-6.381663242458204621e+01
4.666142461803312358e+01
-3.306302006008938861e+02
-3.621366313031911659e+02
-2.415471244426068722e+02
-4.226381059244259575e+01
-3.731055288106331602e+01
-2.680562003251799297e+01
-2.847752517858892816e+02
-7.569550230512355427e+01
-4.813711161409910346e+02
-1.943268204223869589e+02
-3.332412154224811047e+02
-9.710773301335362362e+01
-5.346495841839213625e+01
-2.570405034741676218e+02
-3.262080217930609365e+02
-2.617709260984022421e+02
-5.885029964808248337e+01
-8.946698296137407169e+01
-3.246448542229604755e+02
-3.506157254897566418e+02
-4.845215888324029265e+02
-1.336281319003429644e+02
-5.152212979852408381e+01
-6.083710877131923667e+01
-8.539543573284868216e+01
-3.123157544882717502e+02
-5.652148100899795509e+02
-1.591965567806351487e+02
-4.846712691350942350e+02
-3.751683717574548496e+02
-3.745896873164213048e+02
-4.540103875700935987e-01
-8.567650534013992569e+01
-2.537868246812498683e+02
-3.516713344092051443e+02
-3.879722024261762385e+02
-1.207769072529802656e+02
-2.042415846951768401e+02
-2.682628224853289680e+02
-1.082026818843006168e+02
-4.920572250490594115e+02
1.315225010607758804e+01
-4.889399888115482895e+01
-2.142045061543586826e+02
-9.390472899319911448e+01
-5.204856049520958550e+02
-2.030039988457367031e+02
-2.206875933779143111e+02
-7.015731426336444088e+01
-2.829264071863877916e+02
-2.937043845062111131e+02
-3.269840905247086766e+02
-4.628732423365639903e+01
-1.742188569023828961e+02
-1.853006691739990686e+02
-1.327389512848016295e+01
-2.276216045246959823e+02
-2.006696299307001539e+02
-6.312502746771716033e+01
-2.071350483369449194e+02
-3.075771014244396611e+02
-6.927131556275193702e+01
-2.128135719648280144e+02
-1.178730726184989237e+02
-2.237317838553746583e+02
-2.879609266200723710e+02
-2.972598865590850892e+02
-1.549023577275412151e+02
-2.987616281041681532e+02
-2.013010151453696608e+02
-2.954066284366730315e+02
-3.461876067520496463e+02
-3.198261099094045790e+02
-2.419915671655559493e+02
-2.091549012367907494e+02
-4.092449280111372332e+02
-3.287452620996846520e+01
-1.912152670348041283e+01
-1.660401494039236354e+02
-3.915678836310318900e+01
-1.789401087462068460e+02
-2.475592820160091208e+02
-3.675769567691673956e+00
-2.458431681928813362e+01
-2.353787984628644381e+02
-2.998532604513717388e+02
-3.291955976725550954e+02
-2.320888226113103201e+02
-2.380103135805460397e+02
-1.137324386946674508e+02
-9.801388582935247484e+01
-6.928396881761156578e+01
-3.701329117604124121e+02
-2.134430013813961295e+02
-1.659348719016054474e+02
-7.975657626555545221e+01
-3.098687691168906326e+02
-4.836467483992696543e+02
-3.279334720960381446e+02
-6.402207891490334646e+00
-3.905798738513697117e+02
-5.910391106068738054e+01
-1.030641064590918745e+02
-2.066718902000868070e+02
-1.598587477912598729e+02
-5.931821327965884194e+01
-6.254899071300592794e+01
-1.856370249754151587e+02
-4.815221779315798472e+02
-3.067957841294241916e+02
-4.944078062002424190e+01
-2.025085829767501764e+02
-6.955467036747089082e+01
-4.755034217549792857e+02
-2.141250784011946848e+02
-2.471370569313612862e+02
-8.652383078753911150e+01
-1.630786038223893684e+02
-1.083610738041523547e+02
-4.793838648496912924e+01
-2.243870089475713030e+02
-2.223879059830359211e+02
9.180868100721511382e+00
-3.033294191866550591e+02
-3.732849796800601894e+02
-1.997575415835609647e+02
-1.168435806394107601e+02
-4.563436323954679779e+02
1.344827913280940379e+01
-7.405961080629461435e+01
-2.598790993360721302e+01
-2.367322563482221653e+02
-3.011720067818941970e+02
-4.450678864229239480e+02
-2.037060652251310557e+02
-4.455124277830377366e+01
-2.393247220205475116e+02
-1.776323224518483244e+02
-3.776063500172329555e+02
-2.302586640954321524e+02
-1.591589399618497680e+02
-1.759719069661139486e+02
-2.933142171097351252e+02
-3.306793119209935412e+02
-4.220650919170055886e+02
-4.201636364799035306e+01
-1.380569628120675532e+02
-2.600564551691528550e+02
-7.408141746204715616e+01
-3.894076022174726859e+01
-1.257701701532552505e+02
-6.602128147988062778e+01
-2.383337981655320164e+02
-2.340343211275916531e+02
-1.906106960694987436e+02
-1.171251525352885210e+02
-1.942055066415444742e+01
-1.032675173541697546e+02
-1.271012529404552112e+02
-4.405060014509960524e+02
-1.524703530193383187e+02
-1.858881450003944451e+02
8.562138403790783059e+00
-2.065052712563405635e+02
-5.006972196277217790e+01
-8.986565319520281037e+00
-1.808115823963231605e+02
-2.332167324533311330e+02
-1.616291498954429073e+02
-3.923108574976774321e+02
-5.074844471706565230e+01
-3.416099000600891031e+02
-1.909427669658642230e+02
-7.379744417660671729e+01
-4.046759950939511441e+01
-3.188618555792018014e+02
-2.623314730498488530e+02
-3.166614874769127823e+02
-2.070654860787947769e+02
-3.426174274350311748e+02
-1.797931803333677863e+02
-2.138051641901793118e+02
-7.983758812682225425e+00
-8.116345920977055073e+01
-3.813993174230839713e+02
-6.563282402373343416e+01
-2.963401732526019714e+02
-4.246980597045272248e+02
-3.900158408143590236e+02
-1.258740543663075329e+02
-2.743346718574886154e+02
-7.607528834637524540e+01
-1.878266527418092835e+01
-3.650743119812643158e+02
-3.272036181090583113e+02
-7.614538390085721176e+01
-1.232188936760944387e+02
-1.097956320516416326e+02
-1.574446204175510502e+02
-1.677981558680912144e+02
-2.983947672079676181e+02
-1.649731462340197368e+02
-1.456535166841597118e+01
-1.892075935623588805e+02
-5.271047479712150619e+01
-3.886312221515491387e+02
-9.549879958843156658e+01
-5.472298801227177023e+01
-1.710676605779769943e+02
-2.807229872062380309e+02
-6.779753800967070276e+01
-1.957730332747711941e+02
-4.243891542083705417e+02
-2.757806091681089811e+02
-5.756925129157995968e+01
-2.282128987318120039e+02
-2.959147505272803755e+02
-3.570953120753727035e+02
-2.092134086220041809e+02
-8.780297415220054802e+01
-2.233828695133069857e+02
-3.124417590844903714e+01
-1.847953546181713307e+02
-9.133593586623433680e+01
-2.237972690166513132e+02
-6.592060756519791198e+01
-2.742339711522579364e+02
-2.892200108212667260e+02
-3.304655422016860484e+02
-3.210139566616601314e+02
-5.488334609913203366e+01
-2.939323260622493308e+02
1.754267524437419468e+01
-1.694591764456947089e+02
-2.005764446089955300e+02
-2.763998653011905162e+02
-8.609622448686721441e+00
-2.617342032083909089e+02
-3.433832029931360239e+02
-3.810217717717989103e+02
-3.765282815507000009e+02
-2.961379842390084605e+02
-3.570406464834115923e+01
-3.117217116781078801e+01
-1.603174737952122086e+02
-4.916794514983713782e+01
3.824649819144249818e+01
-2.281185615534648150e+02
-1.975906414544197105e+02
-1.218046016356176438e+02
-3.108524688110566103e+02
-3.117563299955731964e+02
-1.663539515560318591e+02
-2.575792383667705963e+02
-2.215013003225513444e+02
-1.649117534035476353e+02
-2.586155459239882930e+02
-3.509269289418324433e+01
-3.207038454835904986e+02
-2.160692920418445624e+02
-2.897782409886167443e+02
-1.489219550014189792e+02
-2.215564827416998241e+02
1.681853903446565823e+01
-9.856194296941978905e+00
-2.098180432080288824e+02
-2.749272724368996990e+01
-2.278238632114737925e+02
-1.244871431204728651e+02
-1.703351110969593947e+02
-2.866618873549296040e+02
-6.402258722369361976e+01
-1.193341677650153656e+02
-4.236209041060626532e+02
-8.864673091345481737e+01
-7.823197833121341205e+00
-2.577015600282379637e+02
-3.890261494373767448e+01
-4.236922707194375448e+02
-2.025429675630672364e+02
-2.822998009321827340e+01
-4.068553196787701154e+02
-3.450354058940527011e+02
-3.828083549594158512e+02
-2.446987503777646111e+02
-2.108244409740640890e+02
-3.680533886521941156e+01
-1.967919603020150703e+02
-2.810848744680577624e+02
-2.480424569557198424e+02
-3.655320231760741194e+02
-7.813489736119817053e+01
-2.640328342191007778e+02
-6.482949218416962367e+01
-7.767496635668024396e+01
4.914770946298452259e+01
-2.435141689121768138e+01
-2.720811062505858899e+02
-4.243420724593875093e+01
-3.660282867099040516e+01
-3.721333306671068613e+02
-9.573572982012247223e+01
-2.190712498235996009e+02
-2.048425078202795930e+02
-2.382838361455069958e+02
-9.165006215100429188e+01
-3.033373980457554353e+02
-1.195706331949641168e+02
-3.233698314821977533e+02
-1.124267617365673715e+02
-1.519027487664182843e+02
-3.086751305829868670e+02
-3.203068907415853346e+02
-1.390654654241995729e+02
-3.075638569284853361e+02
-2.067800492536894978e+02
-1.921370314037922071e+02
-1.357935175824043768e+02
-2.456985226751239964e+02
-2.567457685205882854e+02
-1.765400234674283979e+02
-1.678391778381260337e+02
-3.401334711999685396e+02
-2.367622956823287836e+02
-7.360291924455239609e+01
-2.765808487440166346e+02
-6.315766889375790072e+01
-5.603475682564810967e+01
-1.172226354093005085e+02
-3.580036280288689454e+01
-2.648392256246443708e+02
-1.616035254314775784e+02
-3.155169055608731128e+02
-1.699398253256792941e+02
-3.713154903875837931e+01
-2.508225465887887822e+02
-1.550034003587898042e+02
-1.541355421469174303e+01
-5.592160200349873378e+01
-2.624323121429985122e+02
-7.227437547241736127e+01
-2.420739425600459924e+02
-1.419432875743254385e+02
-3.061203313907437860e+02
-1.970313777640694752e+02
-2.273542451722012743e+02
-1.429091185431057909e+02
-8.181763387617422723e+01
-1.267602221472601798e+02
-1.448918321857299532e+02
3.535388296991523305e+01
-6.841240601710012470e+01
-1.091662550732134207e+01
-1.835855801170164341e+02
-1.415609129083088362e+02
-2.511405695879965094e+02
-4.061627328582133600e+01
-1.848996271367046802e+02
-2.042753375753901821e+02
-2.290092271576423855e+02
-1.809918648589963652e+02
-1.565987731059638293e+02
-2.172668926503818909e+01
-8.266142365657161406e+01
-2.299133968574269034e+02
-4.282018230123127012e+01
-2.725804116553071310e+01
-2.169840690975862572e+02
-2.650718914449539625e+02
-2.418924456915857206e+02
3.775050592362009638e+01
-1.186049958256664496e+02
-1.503866858401900686e+02
-1.375059232291699232e+02
-6.441169953198894405e+01
-2.204247984872374104e+02
-3.035679894965526842e+02
-2.251357971451418223e+02
-1.611924320055369435e+02
-3.208389816263994589e+02
-2.316181618726777458e+02
-2.040368174987368093e+02
-2.274292252990863688e+02
-2.275306680841291040e+01
-3.439575803810303114e+02
-2.426967335918518245e+02
-1.903861132874055215e+02
-2.225545874403707955e+02
-2.286508726338815052e+02
-1.427001547075230974e+02
-1.902812727206432442e+02
-2.151298582202601324e+02
-2.229876371108492776e+02
-2.124979776976517769e+02
-6.101304922730577118e+01
-2.235217942887298648e+02
-1.576810740840302572e+01
-2.983716996692068335e+01
-2.797902774610213328e+02
-5.575974087136154367e+01
-2.096965728081179066e+02
-2.316988425994850047e+02
-1.245241961987610040e+02
-2.290724968938592383e+02
-2.348770918429630683e+02
-9.855736819905732204e+01
-1.135127940676497360e+02
-1.210664627063425201e+02
-2.100903701782332860e+02
-3.815003779783988591e+01
-8.010132126490968574e+01
-1.870207445772874166e+02
-2.837184200440663062e+02
-3.139248778158353161e+02
-2.973851295955859086e+02
-9.055338512487755054e+01
-9.843278736020185704e+01
-5.101353264207075711e+01
-1.268680371701702825e+02
-2.954099875222865421e+02
-3.945019273603735996e+02
-2.558314256018499577e+02
-1.129046460036881570e+02
-1.725944532366065118e+02
-9.563189839214346932e+01
-1.428537567289878041e+02
-5.992830270142628990e+01
-1.315719109367097701e+02
-4.877646885195665760e+01
-1.853477314527134467e+02
-1.845022251151548289e+02
-1.343007880258309399e+02
7.549797136348502136e+00
-1.532425491175351908e+02
-2.673754391542569238e+02
-2.833029965173243454e+02
-2.489358779914969944e+02
-2.508305136911400268e+02
-2.290424038707674015e+01
-3.390746627900330168e+02
-2.653860964918009131e+02
-3.032408896862918937e+02
-2.351094572185880054e+02
-1.004716014502933064e+02
-1.397442027287722794e+02
-2.839736588080465651e+01
-2.623978702016111129e+02
-1.395055431088550222e+02
-2.267700660650416467e+02
-1.701610115123743867e+02
-2.966869011087889021e+02
-1.715627430145539734e+02
-1.927034993068508015e+02
-4.362457770649838551e+01
-3.157099168891692216e+02
-6.806062972625400675e+01
-2.444529329346556210e+02
5.088129985856642890e+01
-2.582393769422145056e+02
-4.494976361079434923e+01
-1.590460021780579609e+02
-1.739512848586445841e+02
-2.384379563512304117e+02
-8.415119257998421176e+01
5.121756376223326157e+01
-1.931652161724284440e+02
-3.459184648578060433e+02
-2.510775628453141906e+02
-2.790253206569188933e+02
-3.374278536080082347e+01
-1.058595493433472825e+02
-2.232064387667713845e+02
9.145753143166786003e+00
-1.966420465684455507e+02
-3.403032199153270767e+02
-3.102008703585364060e+02
-9.665366921876788808e+01
3.724620059946666828e+01
-1.270113340869927470e+02
-1.509842348049759551e+02
-6.824344282436040032e+01
-1.641888779866819732e+02
-2.287468350819137299e+02
-1.936783960841410703e+02
-7.384005120472718886e+01
-1.458622908486168512e+02
-2.680526746659778610e+02
-1.640609441053020703e+02
-1.975942242480705318e+02
-2.148191081962199291e+02
-5.973847466462515854e+00
1.871124831075661632e+00
-2.720496283056902485e+02
-2.699528685685406799e+02
-2.756289779445535260e+02
-2.286415863374497803e+02
-2.877483130438048420e+02
-2.031695404487641383e+02
-7.379210204506532023e+01
-1.390126735630236681e+02
-3.053069518831840412e+01
-2.796519822279753953e+02
-4.547793270576343616e+02
-2.617222701274786232e+02
-2.430075960395064101e+02
-2.141821743235798579e+02
-9.019593671424897252e+01
-2.151914409419438812e+02
-2.254436318794692511e+02
-3.442181012853731659e+01
-2.503814849795820976e+02
-3.089020038842267013e+02
-3.059881024195475447e+02
5.974843101255893885e+01
-3.292735508739906436e+02
1.084124038233027143e+01
-1.628975323368713077e+02
-1.785919243448997520e+02
-9.787541540380931337e+01
-2.732988442748670650e+02
-7.048415588304007429e+01
-2.179442218406693712e+02
-2.623425623720092972e+02
-4.475787210791452253e+01
-3.883821445469084779e+02
-1.990445990495145736e+02
-1.590287216900700571e+02
-1.421177888121582100e+02
-2.882730970004397477e+02
-1.999326516802667015e+02
-2.845206420180173268e+02
-1.664303630314665270e+02
8.932953186965761461e+00
-3.988120042683715383e+02
4.971174659162443277e+00
-1.559606767338873397e+02
-1.051346500509147859e+02
-4.511596837031041929e+01
-2.943319213988023648e+02
-9.529952230582426864e+01
-1.660574398887845859e+02
-2.040154761568713297e+02
-9.211164553866291271e+01
-2.761189639542623695e+02
-1.026963938442705455e+02
-5.702217536018342514e+01
-1.595943167996388183e+02
2.258962675846075996e+01
-1.818636709975751842e+02
-7.615639843407844012e+01
-3.085925397491903368e+02
-1.008877485313840339e+01
-7.831209097670767960e+01
-1.814443102411387372e+02
-2.325411500688837805e+02
-1.923964089789420768e+02
-2.102592527794157036e+02
-1.231541927387331157e+02
-1.938841288636118634e+02
-5.752749581144693281e+01
-8.899492370348413317e+01
-5.433893264709746518e+01
2.718767219401976831e+01
-1.060896445329676681e+02
-1.123110829959715602e+02
-2.774664312746987775e+02
-2.714548149315638739e+02
-7.508884613440712030e+01
-2.382923442316400156e+02
-2.638819525056624116e+02
-7.334340414518504758e+01
-3.343155639323689456e+02
-8.089605509672904304e+01
-1.914991418592662740e+02
2.922614823265254813e+01
3.792433861925104566e+00
-1.507234021339031926e+01
-1.723262859430517153e+02
-2.130229385131813729e+02
-1.349929972335064008e+02
-2.055479776307056454e+02
-2.666317013375034435e+02
-1.274723447519189534e+02
-2.233032963592293640e+02
-2.773764083074581777e+02
-2.820849257805426760e+02
3.628841447118439589e+01
-2.549917392859840959e+02
-2.847193309089884110e+02
-1.541161927274515620e+02
5.821206641055334785e+01
-3.007382756235566035e+02
-2.790744011065889936e+02
-5.265601915709767411e+01
-9.513419281712987186e+01
-2.192928963220577714e+02
-8.304115571234578397e+01
-8.508681973476264204e+01
-2.204228700611534464e+02
-9.182231344442445220e+01
-8.168498081835960534e+01
-2.798326829719243847e+01
-1.495945503826658296e+02
-6.138992592135439708e+01
-1.786981038155363422e+02
-2.325726736696565524e+02
-1.041038846276041454e+02
-1.245532849737926000e+02
-1.840582983438224005e+02
-1.248814605667140256e+02
-2.138290773380733185e+02
-2.402254131254129277e+02
-2.149795049775742370e+02
-2.011973598675334358e+02
-2.590842930937613176e+01
1.543117578131032985e+01
-5.999478358615811402e+01
-2.941694884040797433e+02
-1.529653161494384221e+02
-2.378765632381237936e+02
-1.238654472987552282e+02
-3.610180832067533174e+01
-1.980714570677524193e+02
-4.591991696512755539e+01
-2.142465862638431418e+02
4.004651948119700933e+00
-1.353480941525290859e+02
-1.112739775130310846e+02
-1.905049931184287288e+02
-1.037134541166819446e+02
-1.245651913416494523e+02
-1.687508739432832385e+02
-3.343140615687035506e+02
3.407245458920772307e+01
-2.124856391177760884e+02
-1.195475912411310873e+02
-2.405866975790989386e+02
-2.311124895237152543e+02
-1.525918616598679591e+02
-2.026395541397880322e+02
-9.697556676357223182e+01
-1.729501105043724465e+02
-2.495310820755296390e+02
-2.150374428429609566e+02
-1.834107395578856199e+02
-5.639823020661556541e+01
-2.298573418313454511e+02
-2.754731228518968464e+02
-1.115871006218187631e+02
1.585472754731716805e+01
-2.103692209920928349e+02
-1.403464647528531373e+02
-4.574211382814250726e+01
-2.441314020315025175e+02
-8.343170215748125429e+01
-1.529722191872333497e+02
-2.169274352379287620e+02
-5.336015454881055575e+01
-1.731109325195363908e+02
-3.427008205632618001e+02
-2.042041541047080955e+02
-1.662959309826160847e+02
-1.518211637831034295e+02
-8.921870766907423445e+01
-5.407666192922505388e+00
-6.963205955885909759e+01
4.100645566092982364e+01
-1.250867577222469578e+02
-2.302063465055450706e+02
-3.389387677275728379e+02
-1.318670567078742124e+02
-3.858276581831140817e+01
-9.851562619878245641e+01
-5.606308617615856349e+01
-2.011169319766646311e+02
-2.121970899774882469e+02
-2.532793896310053583e+02
-2.362503962255374859e+02
-1.136441211021321749e+02
-1.229308506801010310e+02
-9.254828650912249088e+01
-2.140167952503504125e+02
-2.047125541793471939e+02
-2.461127377306472113e+02
-6.929690311663129876e+01
-1.018124777362495195e+02
-2.495312188102690811e+02
-2.108642741687137345e+02
-2.433806372694189974e+02
-2.878717220125660106e+02
-4.093064927418175216e+02
-2.193610643475187203e+02
-1.760432920075106438e+02
-1.218098265298499996e+02
-4.137003669629928737e+01
-2.417186559300126021e+02
-2.718573501807076127e+02
-1.767740545740939524e+02
-2.523174898870165919e+02
-1.847749695540919674e+02
-6.316495743067601865e+01
-5.497399317579223066e+01
-6.150900053686174829e+01
-1.728394560649191476e+02
-2.280356213333038795e+02
-1.289751839415898758e+02
2.749124813675383905e+01
-8.969872984983609854e+01
-2.608359983132714319e+02
-9.829276204012131757e+01
-3.515695755258175836e+01
-2.299407746458905706e+02
-1.298645106230829924e+02
-5.561616870340985486e+01
9.488306949262238277e+00
-2.678419379134354017e+02
-2.473499959421525887e+02
-2.180658569998314533e+01
-2.097525037298590291e+02
-7.193377850656239048e+01
-3.847901389903056213e+01
-2.825185634987118419e+02
-2.335700015748739418e+02
-1.689494225172772985e+02
5.437999176854924599e+01
-2.222746515088889510e+02
-2.889616319322630034e+01
-2.204524241575355745e+02
-1.593070735126256920e+02
3.149950818925862706e+01
-2.245322508945097582e+02
-7.482380447566025339e+01
-1.440324767252027129e+02
-2.254532381619538057e+02
-1.418429501579804253e+02
-2.152246591311990755e+02
-5.033128059011844613e+01
-1.538997953216980363e+02
-7.587888344934526685e+01
-1.805531540940406217e+02
-7.040130504936648492e+01
-1.591029254974455398e+02
-8.051884338962500465e+01
-1.811968198055959078e+02
-1.177908178609214929e+02
-7.419866533851025281e+01
-2.233342139239394442e+02
-2.593644652278502463e+02
-1.866441184640247855e+02
-2.237083472992436555e+02
-2.231262054591548178e+02
-1.544089977427840381e+02
-1.689234838796252518e+02
-1.658101715365630184e+02
-1.655128689457830546e+02
-3.270299091499208544e+01
-9.783198026246770951e+01
-1.715272924299475790e+02
-2.433659053725348826e+02
-5.613276473882665130e+01
-5.670955459321998404e+01
-9.116648710431019254e+01
-2.084756864444258326e+02
-2.260321204050168831e+02
-2.789407546885362308e+02
-3.021406066277775437e+01
-8.785243964505156100e+01
-2.143178788144990676e+02
-9.611840642457556783e+01
-2.455292280886381775e+02
2.466795832762936769e+01
-5.123983071434079051e+01
-2.710975568863716489e+02
-2.405089180172922170e+02
-1.980604748623434546e+02
-2.374985615302668123e+02
-6.980517064600559252e+01
-4.481394846874920290e+00
-1.603993462410604991e+02
5.524660370285442212e+01
-2.602236421446221470e+00
-1.660993197370511325e+02
-1.691569569472496823e+02
3.964852289010821096e+00
-2.434549683927682224e+02
-1.711300838812565530e+02
-6.156390262571574112e+01
7.704665671954342088e+01
-1.020323359002355801e+02
-1.836040375456134655e+01
-9.341554949137892550e+01
-2.127067713430864728e+02
-7.655169401216105030e+01
-1.088730540540309732e+02
-1.743286220752066811e+02
-2.799372914579777216e+02
-1.516268880665236338e+02
-3.184409745379115861e+02
4.172202246876182130e+00
-1.334689512223209533e+02
-2.047693743820646546e+02
-6.986296040202057611e+01
6.043945980290004627e+01
-1.899134351525457873e+02
-8.582151197585338309e+01
-2.124416245506643577e+02
-6.469925907540542198e+01
-1.732132552215483088e+02
-8.428499186242031271e+01
-8.778602037583705453e+01
-1.411716668784986268e+02
-1.468412808106417913e+02
-2.039801694290380567e+02
-1.665466194221419869e+02
-2.981506025877707202e+02
-2.179908250086882049e+02
-6.131176405792563600e+01
-1.288140488010481306e+02
-1.013735769620837885e+02
-2.937053092245522521e+02
-5.900817065135674966e+01
-1.320203589744868964e+02
-4.508431007910310484e+01
-1.731627684542754935e+02
-2.216693317798569183e+02
-2.393270622276556026e+02
-1.398804123467192255e+02
-3.128033365045957339e+02
-1.804785198990085178e+02
-2.735907982117821575e+02
-2.082203332561184936e+02
-2.504104322188446190e+02
-8.435966526511624863e+01
-2.976249834602034525e+02
-1.453791831326476540e+02
-1.672316848287790947e+02
-1.912606193315174892e+02
-1.505446935435336684e+02
-5.199661179600055050e+01
-3.304381915437738826e+02
-2.283786871776212024e+01
-1.247569474396719045e+02
-2.049551402460698171e+02
-5.736010194296882503e+01
-1.228449905033475034e+02
-2.056642296195086601e+02
-2.624510833539948180e+02
-1.181242454000150275e+02
-2.535429398902284674e+02
-4.524182168192066911e+01
-2.280380837239047480e+02
-1.437517934737653604e+02
-4.353564123668846975e+01
-6.914818909338941921e+01
-5.724807620054761514e+01
-2.578282790705981142e+02
-1.178665803242774359e+02
-2.317011171943191528e+02
-4.564293891767670175e+01
-1.143168147764771447e+02
-1.047551018318613387e+02
-2.312563886424917996e+02
-2.747710705972930612e+01
-1.459589160576363440e+02
-8.854580854128374767e+01
-2.720801597837638610e+02
-2.241275432822357061e+02
-3.291345744814499596e+01
-1.738590558689558634e+02
-1.504426247074194976e+02
-4.945372196751037563e+00
8.266868240064182416e+00
-1.631843678971026463e+02
-2.202804365176589840e+02
2.426013352191490924e+01
-6.614030933114588606e+01
-1.938468363090324260e+02
-3.517533554699696197e+01
-9.597372146213412236e+01
-2.012953413258337036e+02
-1.014876977959504103e+02
-6.395833553901516666e+01
-5.463429863777191287e+01
-1.060663815174919478e+00
-2.219325443104847011e+02
-2.338463867587857692e+01
-2.196759912174152873e+01
-2.097022849091589478e+02
-2.791416069178142720e+02
-4.522585528813105782e+01
-2.228692044477966476e+02
-8.966577082248051056e+00
-2.943203671380732658e+02
-2.479666345198918691e+02
-1.754248195278810840e+02
-6.804173226232990146e+01
-4.235745984651457263e+01
1.596439243081005976e+01
-1.894819503808835748e+02
-2.453094391522880642e+02
4.052617034141775321e+01
-9.372677032901812311e+01
-5.678171512783504227e+01
-1.930554073182452157e+02
-3.834536473278862445e+01
-1.868545284904294022e+02
-5.477501990442173252e+01
-8.068733433381115105e+01
4.229465739770735411e+01
-1.133690485850238900e+02
-2.087150246357437027e+02
-1.163797382239219189e+02
-1.702322876742738345e+02
-2.198248764718112227e+02
-9.920157299209483881e+01
-4.507766566562353461e+01
-1.024186925752155162e+02
-2.252913826954021488e+02
-2.066300955645555177e+02
-4.768442289987081040e+01
4.156895547279800951e+01
-3.226941508692996763e+01
-1.751646636813471787e+02
-6.476317721002598660e+01
-1.997213627196820482e+02
-6.921734906677899346e+01
-1.445986807644706573e+02
-2.909777006517376208e+01
-4.509259190896209191e+01
-6.789977302016229999e+01
-6.326970728592102233e+01
-1.958325155415518566e+02
-1.023117996805803500e+02
-4.811548918362686322e+01
-2.951239625803716535e+02
-5.439695460625790702e+01
-2.137825152986152943e+02
4.085041773476760341e+01
-4.707928767087456379e+01
-1.935126141259148653e+02
-6.443953053950974663e+01
-6.114400301849784114e+01
-2.503435743549032111e+02
-1.905153800118005449e+02
-3.984758411753555265e+02
-1.956764045689483282e+02
-2.002892919389743724e+02
-9.746203210890806190e+01
-2.141854102720189985e+02
-1.968753644787432791e+02
-2.534017440196776079e+02
-9.722667746297321401e+01
-3.397774419150218250e+01
-6.553981195839563156e+01
-8.320958263274553701e+01
1.629896552164584023e+01
-5.054534053092484669e+01
-9.295098784650438972e+01
-1.623649332163788586e+02
-2.071117288328295558e+02
-1.532868514514429421e+02
-1.871270372249208549e+02
-1.612827366384009053e+02
-2.793936344543840278e+01
7.332193022294961793e+01
-2.953057419427636887e+02
-2.740921936603756421e+02
-2.481864744993652323e+02
-3.009729380503362961e+01
-6.933079977440453945e+01
-2.143781425663669324e+02
-7.958321069452981078e+01
-9.409505805778756837e+01
-2.682022442195939220e+02
-2.032427441026982251e+00
-1.563071550768698330e+02
-1.612942061732918546e+02
-2.277165032846910719e+02
-2.742412327577538917e+02
-2.107359257821094616e+02
-1.790766537191260568e+02
-2.103861817516621500e+02
-9.910662863319758742e+01
-2.081833712347004166e+02
-6.397809133207540100e+01
-2.652554190954858768e+02
-5.728105657958008123e+01
-9.251120151497698885e+01
-5.102590018556669094e+01
-1.601903621255193286e+02
-2.204040728699647502e+02
-7.356400735631183352e+01
-2.314673321805556725e+02
-3.964716508585257770e+01
-1.090013505094811137e+02
-3.949265198002976263e+01
3.415141281978151255e-02
-1.874090732376369033e+02
-3.093288934253760090e+02
-2.802934938796898336e+02
-1.948398533760339433e+02
-7.019338602966702467e+01
-1.085477191519006652e+02
-2.394157050359368384e+02
-5.238722573210114319e+01
-1.828574188734942254e+02
-2.303546161695230978e+02
-8.730884103907364135e+01
-3.242839050784913297e+02
-7.982340469929775395e+01
-2.204067916438739303e+02
-2.660522078415542637e+02
-6.177056842368108391e+01
-7.338143825090010353e+01
-1.756887330031415217e+02
-6.825946685091321342e+01
-2.391382531080071772e+01
-2.237099691750195802e+02
-7.958872894946210863e+01
-2.753739043749394000e+01
-1.620235896199008607e+02
-1.432504745819262837e+01
-8.365006257534838596e+01
-1.237107999157387184e+02
1.601995253312544776e+01
-2.618359890231938607e+02
-1.872186002472347468e+02
-2.034858205225854419e+02
-1.408453684799229677e+01
-2.157942365856193305e+02
-2.193174103093653002e+02
-1.593569129901299277e+02
-1.283209438718806723e+02
-8.594087077814796771e+01
-1.985049703601652595e+02
-2.806950207305229128e+01
-7.713554397087162329e+01
-9.061687700794546174e+01
-2.484518628432222727e+02
-7.669926861093841808e+00
-2.490746123690427964e+02
-2.183828894569347057e+01
-1.843711900224668554e+01
-1.178536740012769712e+02
3.630153560379145716e+01
-3.413276447573837800e+02
-2.345173863731482697e+02
-1.929830007251080701e+02
-7.055473569134584011e+01
3.158215764590309504e+00
-2.272359461082587302e+02
-8.664986810530032812e+01
-9.023884774893478777e+01
-7.460070248012829097e+01
-1.104617970493430334e+02
-8.061015146097719253e+01
-1.991837002878476710e+02
-2.381223930553304626e+02
-8.480239574008123782e-01
5.809115974753412459e+00
-2.366247780696602092e+02
-6.858989440875670596e+01
-7.481735823169334765e+01
-1.607362335943452081e+02
-1.767901679371997261e+02
-2.311000498145812116e+02
-2.846604750127625039e+02
-4.928260230730010250e+01
-2.276465075196891803e+02
-1.324950361778893182e+01
-8.863103964912269817e+00
-1.479320591131150309e+02
-2.011015425602186042e+02
-2.714914358405350185e+02
-1.741230892321570991e+02
-7.901493618176219513e+01
-6.413795396451398290e+01
-2.026330521484222800e+02
-2.069483293640678880e+02
-5.620043506133005451e+01
-3.036051824342940222e+02
-1.100272316468422247e+02
-2.314577947311264268e+02
-5.593111483270280360e+01
-6.165264884831999836e+01
-9.100783391464275951e+01
-1.917447982133504922e+02
-2.374537486386595901e+02
-4.738610782040176872e+01
-1.597145587974416117e+02
-9.704840156460295475e+01
6.836445766390623646e+01
-3.311573268192078956e+01
-3.296976055734863849e+02
-1.870669298340188789e+02
-2.108532997447867672e+02
-2.266061487510486359e+02
-9.130637367419348038e+01
-2.074042420819061476e+02
-3.639601977037548863e+01
-5.363735214468441370e+01
-5.779178991767715701e+01
-3.432839831109724571e+01
-1.264283793613019213e+01
-2.192984350965856777e+02
-2.061107114547863262e+01
-2.452657974210091254e+02
-1.590956545915221056e+02
-7.687681247802645146e+01
7.874275405515894022e+01
-3.485148641960566920e+02
-1.181197127444272894e+02
-5.852765059903030931e+01
-1.188224786400819823e+02
-7.555093314826757478e+01
-1.441462483602840905e+02
-7.727858813590937359e+01
3.761264351792490856e+00
-1.557152633861402933e+02
-5.208963331163941746e+01
-3.026854092176886013e+01
-2.581481824051327294e+02
2.029087623021355924e+01
1.866914411606994406e+01
-2.305110292042897981e+02
-2.470283110374223554e+02
-1.760350724109284783e+02
-1.978352970817194887e+02
-5.334903883663743329e+01
-4.642269953067309984e+01
-6.754124081271768887e+01
-2.095107287861633836e+02
-2.748112882163364930e+02
-2.159926263183890853e+02
-2.272519665111144036e+02
-2.955753000518055842e+02
-2.131303695505120572e+02
-2.061817328829326357e+02
-4.030073399021692637e+01
-2.179122290427398525e+02
-1.688123061935988289e+02
-2.345032513095554521e+02
-1.405659570670275968e+02
-2.218350705557101037e+02
-2.996569426131062528e+02
-1.301422983685961015e+02
-4.872346900456265217e+01
-4.922271671857039621e+01
-8.922600663395866150e+01
-2.759987058148594770e+02
-8.746291786982368421e+01
-6.041675126111414329e+01
-1.697531596718407059e+02
-2.523460008861084347e+01
-1.036106998291033392e+02
-2.330299670701470234e+02
3.757989866019827474e+01
-1.679295751388155509e+02
-8.679867235732800168e+01
-2.379577326862598738e+02
-1.722982714462035005e+02
-6.332925991139917699e+01
-2.359174802971282645e+02
-7.083136897115261377e+01
-4.890127264701413878e+01
1.830051389189364386e+01
-3.640008519971802770e+01
-2.058040449775265870e+02
-2.318381455201787844e+02
-1.425730991106681245e+01
-4.058361614905074077e+01
-4.372676153240731622e+01
-2.375180994350403978e+02
-2.219341146802497633e+02
-3.191228279267494372e+01
-2.021452052824704424e+02
-2.131191992988055972e+01
-2.729836365844920465e+02
-2.513314855772001692e+02
-2.280833438857370083e+02
-4.831867878289622809e+01
-2.279192571584208338e+02
-2.612046361369760916e+02
-2.960192575873915075e+02
-1.981222520450435809e+02
-1.978555022204280931e+02
-2.185288527919362878e+02
-2.210697398769996198e+02
-2.129199189008843405e+02
-2.112464299658876143e+02
-1.195807649650469102e+02
-1.972222405580619409e+02
-5.652627423179274047e+01
-1.090345105337691081e+02
-2.424568027765227782e+02
-7.443306147848838350e+01
-2.220818890970923007e+02
-2.333960216336774351e+02
-2.778631679406064450e+02
-2.544696871551271613e+02
-2.363464379459458655e+02
4.234907176867535838e+01
-6.520747693663606981e+01
-6.005791037750086048e+00
-2.464215497657424692e+02
-1.342570044113222139e+02
-1.664881166326514972e+02
-1.114370590340229228e+00
-1.425041268048233576e+02
-2.116572457036048434e+02
-1.207003109845359603e+02
-1.401412175185349440e+02
-1.305524941746935497e+01
-4.851811034522060595e+01
-5.090118457040862410e+01
-1.871151269785640920e+02
-2.216028830961557219e+02
-2.469067107619345620e+02
-1.544799824408169684e+02
-1.964321736031594128e+02
-2.286244678882814299e+02
-1.093861173008424998e+02
-1.654686235810992230e+02
-1.626272878006030851e+02
-3.663341676582403750e+01
4.406152726710564593e+01
-3.493357851981106421e+01
-2.250722983598870144e+02
5.290535120730766749e+01
-1.184245231695712732e+02
-5.651705271091509530e+01
2.992143102298101098e+00
-1.694183908475739031e+02
-2.061280353429039280e+01
-2.208775832021620431e+02
-2.572921280767122880e+02
-1.987628300221635129e+02
-1.820360274729656567e+02
-2.043739397094737171e+02
-4.268045032279219697e+01
-1.552199047887613688e+02
-6.687527508115658748e+01
-7.517585334053234192e+01
-1.340589928759844440e+02
7.995092073711209224e+00
1.578202053938743177e+01
-1.096936773347565008e+00
-1.929602842957719986e+02
-2.967818611755639324e+01
-2.369580301022268145e+02
-1.658587397703429929e+02
5.166509231690895376e+00
-2.724742693264948912e+02
-1.880743982464924784e+02
-6.695015637801057551e+01
-2.981581980690577893e+02
-5.513360659305593714e+01
-1.201495554067043656e+02
-2.008216485705854382e+02
-8.078037707333804462e+01
-1.503172788133969959e+02
-2.151094373101814767e+02
-6.006191774104288328e+01
-1.069342932810124438e+02
-1.868894913244706970e+02
-1.745984324339424347e+02
-2.830102416494665931e+02
-2.391855553264228149e+02
-1.069891570713876945e+02
-8.862723061411911374e+01
-2.185981486302392227e+02
-2.204384844530291332e+02
-2.085831666512040385e+02
-2.010403408560310936e+02
-1.994373193503402319e+02
-6.793250316032269609e+01
-2.884199117865001085e+02
-3.154993449554820018e+01
-1.737739374913041956e+02
-2.014992938950009602e+02
-2.528678612228909515e+02
-1.887771756411059414e+02
-2.787062268973060100e+02
-2.217259345593987518e+02
-6.648873879382226448e+01
-2.189103801398451310e+02
-8.995057200788751572e+01
-1.473915582203051144e+02
-8.285093414280130730e+01
3.605010757501034391e+00
-2.301106606350310813e+02
-3.611942665804838981e+01
-1.894412476908162546e+02
-2.515821057291215936e+02
-2.221700388936356205e+02
-2.646680257816371409e+02
-1.846027996197864525e+02
-2.681056785207533721e+02
-1.347109848013801070e+02
-3.845156536812253023e+01
-2.029870648266270052e+02
-1.670886388035173411e+02
-2.264298102480923944e+02
-2.603014802041896019e+02
-1.931757239275761435e+02
-1.851442644259304302e+02
-2.164812632363278908e+02
-2.193946576851683972e+02
-6.966513147569315834e+00
-3.189112239209275401e+01
1.953202278082517296e+01
-1.398715126465725120e+02
-2.262010365483408521e+02
-2.202003121416847762e+02
-1.570894152537112518e+02
-2.453475841506011079e+02
-8.651636858312985012e+00
-3.817926692683133183e+01
-5.834675459842397061e+01
-1.984027841318402352e+02
-1.851594078713528120e+02
-1.706030596535980237e+02
-6.549554679908229105e+01
-8.735608134187772578e+01
-3.205291951215311030e+01
-2.627848024508516573e+02
-1.874492277656358112e+02
-1.450199622613262420e+02
-4.288627884630099629e+01
-4.137901732294290014e+01
-2.165016441342217206e+02
-1.307636433724498488e+02
-1.884774735041291933e+02
-1.690075298484473763e+02
-1.815901162402252567e+02
-2.134999841267586476e+02
-1.281725051521355567e+02
-1.886260519245904561e+02
-1.618359882556678997e+02
4.409953463370666071e+01
-2.154593414912241940e+02
-3.227873209662746934e+00
-1.663552606607464384e+02
-6.049578769915432019e+01
-2.197639590001478496e+02
-1.922493360771849780e+01
-2.200963444585630668e+02
-2.199828450748325963e+02
-1.847879603853283186e+02
3.564992095809858341e+01
-3.032574533970379775e+02
-8.940474078180318429e+01
2.187944267402635390e+01
2.921366552234104930e+01
-2.631309513222289524e+02
-2.791808089631657595e+02
-4.774742282065020049e+01
-1.217191465668884547e+02
-2.037241805367944494e+02
3.033647108432936079e+01
-8.916079200602031563e+01
-2.408312222019405908e+02
-2.491665509949494890e+02
-6.861772936128446077e+01
1.493272290716399020e+01
-9.097364606337792736e+01
2.234905241527401998e+01
2.055215801822980737e+01
-2.568163588972788602e+02
4.640381177738331253e+00
3.146462868690394998e+01
-2.514899015581564186e+02
-1.828857868329175176e+02
-5.153773281079136837e+01
-2.152223204031819250e+02
-2.584501671608554716e+02
-9.051436179275981431e+01
-2.117146251785241873e+02
5.912725290968131731e+01
-8.432407812491459254e+01
1.842271347006843030e-01
-3.135975267946804479e+01
1.446667525276812860e+01
-6.181939971015307123e+01
3.837700960397233985e+01
-3.480018397886571080e+01
-1.176970731506287393e+00
-7.390542894524446638e+01
-2.488790069904771940e+02
-9.399466769817108514e+01
5.891796191826790619e+01
-2.375011004943342243e+02
-1.067275657939574103e+02
-5.238716514604882235e+01
-1.883868301318670433e+02
-1.894876984243072684e+02
-5.942486326179886191e+01
-9.560928748728557025e+00
-1.604812235628500048e+02
-1.381153836944189379e+02
-1.848534103758640015e+02
-2.259521285980071070e+02
-2.414307508535405304e+02
1.088650798608148307e+01
-2.569167625230056728e+02
-1.090391814615168897e+02
-1.624935195662234833e+01
-2.791631463183692858e+02
2.883908834669336230e+01
-2.326040965074309952e+02
1.333335839009332391e+00
-2.003587593160054325e+01
-2.400439610722028760e+01
-2.015613443408309706e+02
-2.051648324821680944e+02
-7.098484779927093768e+01
-1.719906003357504858e+02
-2.368358933809433609e+02
-5.964041059112952325e+01
-2.627234660119871137e+02
-4.829721668459892214e+01
-2.299684072659124183e+02
-2.750769786241112342e+02
-3.578198089457423237e+01
-6.683263015927531114e+01
-2.073360343090197944e+02
-1.947319839199534215e+02
-1.667917337193496508e+02
-3.658723979789272818e+01
-1.803475460209779726e+02
-2.415409154503197442e+01
-5.187536827583019061e+01
-2.513076604401686893e+02
-8.201580745687293472e+01
1.387745244842624359e+01
-2.232234477242127468e+02
-8.118296199769039845e+01
-7.786261618280819619e+01
-5.277171328854029753e+01
-3.268329487993938187e+00
-1.840921797697537841e+02
-5.718111320701851241e+01
-2.181280568032784117e+02
-2.186946599112060881e+02
-3.489940316781503782e+01
-9.268860955765019582e+01
-2.467277362526017725e+02
9.507180131723103500e+01
-1.953699926171011327e+02
-3.593996384871495309e+01
-1.855811738003706068e+02
-3.365121104690442166e+01
-7.738964951203035980e+01
-2.201611486073059041e+02
-1.622045885736642958e+02
2.172874092383987943e+01
-8.466736001964179081e+01
-5.551352707181911939e+01
-2.549617881884179837e+02
-1.038761844305252708e+02
-3.895067880579303221e+01
-1.401863217740475989e+02
-8.199760793642377621e+01
-2.952510137886176267e+01
-2.780915888108117429e+02
-1.152255405759672016e+02
-1.906566406314197195e+02
-5.511955620132535216e+01
-3.719275522993825689e+01
2.618051056338283900e+01
-1.670753642305905942e+02
-4.885534928900679574e+01
3.163546805052988908e+00
-2.414093837714073345e+02
-2.702310719336570628e+02
-1.540866234623763376e+02
-2.060696891029693916e+02
-2.680812548196839771e+02
-1.308263664737579859e+02
5.241670295169741678e+01
-2.035389703823789205e+02
-6.020461259092608231e+01
-2.257858022560835707e+02
1.501539921249734100e+01
-2.004602664850648068e+02
-5.552337505017510466e+01
3.421820010234400655e+01
-2.378220957819464161e+02
-2.875680948241237616e+02
-2.982689044681238784e+02
-1.232158611397922527e+02
-3.103047769817844710e+02
-6.747985975207154752e+01
-2.359213587021363594e+02
-3.997607516633739522e+01
-1.984613082473210568e+02
-2.895295753416217508e+02
-5.948137972548292396e+01
-2.068273633252971422e+00
-9.010907419955053399e+00
3.749777193625269689e+01
-1.979450537504006604e+02
-8.772948002216041630e+01
-2.318392515049374936e+01
-3.266319525248466960e+01
-4.989880068361466670e+01
-2.574740540147545289e+02
-2.344956821708531720e+02
-6.075629562164997566e+01
-1.001818131065898569e+02
-3.108063570614916671e+01
-1.022071435751728927e+02
-2.619904407117856522e+02
-2.449458716154258298e+01
-5.305789804606617110e+01
-3.458836736783884191e+01
-2.922181961918617787e+01
-2.227399489840093452e+02
-2.610828640004316412e+02
-2.527843414410746448e+02
-3.035194138237332595e+01
-3.125119158945422555e+02
-4.631611906684299385e+01
-5.127666974102744746e+01
-1.188916074929816062e+02
-2.171301396539094526e+02
-2.160691843132382246e+02
-6.227027003458002952e+01
2.284288200876991581e+00
-7.442031620014755333e+01
-1.183333731711037302e+02
-2.450381075024477298e+02
2.898726451824930450e+01
3.442568762959672846e+00
-5.740673006220367824e+01
-8.057589636937814248e+01
-1.915923024272054533e+02
-2.378960991890102150e+01
-2.407074627232984767e+02
-7.028072332945370704e+00
-1.989260045176210951e+02
-3.860047527718120364e+01
-2.213775886428686590e+02
-1.870886408197372930e+02
-7.747525387965698940e+01
-1.850138052959329684e+02
-2.397437100987887959e+02
-9.472982308099764737e+01
-2.065826427529004832e+02
-1.599151021811901785e+02
-1.548307590202256279e+01
-6.615109511352376614e+01
-1.798336583003140277e+02
-1.978788306559042951e+02
-2.485212792683814769e+02
-2.367677046377377081e+01
-2.204198609784251062e+02
-2.049885119240619815e+02
-2.720783223510688913e+02
-1.763025275548230866e+02
-1.966794235360939069e+02
-2.184367465732371727e+01
-5.342095750750023342e+01
-2.727528636445790085e+02
-1.216690440886848990e+01
-4.070807134145664463e+01
-1.123920934807982661e+02
-2.450475612910724976e+01
-5.712290166793802371e+01
-5.245945836688289887e+01
-7.746271827207280580e+01
-6.224111558321350657e+01
-2.510407327225746599e+02
-1.938570281271531712e+02
-7.151046254463817320e+01
-2.951364040827093049e+02
-5.157286340650379941e+01
-7.009824011736871796e+01
-1.050017071877378783e+02
4.108621598814102782e+01
-2.235543919499689309e+02
-1.083307218713225240e+02
-2.587772323748662302e+02
-2.384213592268365005e+02
-1.895195489484748919e+01
-8.461711798790048533e+01
-3.016667816343974664e+02
-2.594519911373892000e+02
-2.092374287724744022e+02
9.781275955722125559e+01
-2.755805176433162842e+02
5.051297743678223640e+01
-1.469436478871747624e+02
-3.842033797400726769e+01
-4.572244793770752835e+01
6.260192710166749208e+01
-2.730867524202917593e+02
-3.894676956365802312e+01
-3.024756129074901878e+00
-1.561924137069962057e+02
-1.192623642280300658e+02
-2.633323564656205917e+02
-2.469179040906710156e+02
-2.856035996175097011e+02
-2.354800592651151305e+02
-6.794293275738408511e+01
-2.518379798880740452e+02
-9.373922612212126637e+00
-2.677696203553101668e+02
-4.243128981503912200e+01
-2.618851598839175665e+01
-1.282620682140793349e+02
-4.793308081014298239e+01
