-1.553092622973036612e+02
-2.143721994305329588e+02
-1.411678461240687739e+02
-2.463474718555017375e+02
-3.968290598998457881e+02
-3.263304019983896183e+02
-1.651000318264625832e+02
-1.413150837898187433e+02
-7.493911556776636473e+01
-5.782427303626484161e+01
-1.981138598366326846e+02
-9.562237554228231318e+01
-1.926724767458818235e+02
-2.852429725679392050e+02
-9.725813815499543580e+01
-1.274282655260543038e+02
-6.246679868720748630e+01
-8.801829337213681015e+01
-7.928118215954900450e+01
-2.013050125845863079e+02
-5.739607697704077793e+01
-9.378501857027859501e+01
-3.425757035559859105e+02
-3.515646838288016340e+01
-4.774067036163486222e+01
-3.433039901077364107e+02
1.850793713092890869e+01
-7.684787389484297648e+01
-1.513922645184440512e+02
-4.128158269486297627e+01
-7.065755427101134956e+01
-2.080258491622976180e+02
-1.554413000563318121e+02
-1.535420505917492733e+02
-2.518624579180653598e+02
-9.240368149796691455e+01
-7.079345164013709280e+01
-1.094340993615742548e+02
-3.686754343695672560e+02
-2.315783323265833360e+02
-8.840007229234005592e+01
-1.297146474424164921e+02
-2.964698278158814446e+02
-2.267738940920597770e+02
-2.678998577699532007e+02
-7.596902015500279504e+01
-3.635195991062722669e+02
-2.515790132094378748e+02
-8.055174970529694178e+01
-3.124607104869000977e+02
-1.514157152286797725e+02
-3.540423020654705510e+02
-2.998077064754806997e+02
-3.348526379393363186e+02
-3.597983719687627513e+01
-1.993325098392326993e+02
-3.948759391490743269e+02
-1.851809306368851935e+02
-3.199447874180137887e+02
-3.749104369740254583e+02
-4.175992244088266148e+02
-2.923665931106546054e+02
-1.985093055015132109e+02
-2.074731474440364423e+02
-2.357570544567858519e+02
-2.595030797965934539e+02
-2.112716100166125557e+02
-2.012590689248183651e+02
-7.623525224088299979e+01
-2.428825793378244668e+02
-7.536762425275567523e+01
-4.984160409611334330e+00
-1.608226002422753425e+02
-7.183966920177226712e+01
2.982945368736093883e+01
-1.606898765783387262e+02
-1.396867776235253586e+02
-3.850271696233131280e+01
5.143066156545782519e+01
-3.130905648366668004e+01
-2.114896890016224233e+02
-4.416838153955114876e+01
-3.493768762491716018e+01
-2.039583262816655633e+02
-4.555788438149672714e+01
-3.329433697001094572e+01
-2.412242651052980023e+02
1.199999199303526325e+02
-2.905632455943522530e+01
5.376898358637919273e+01
-1.754423217227993916e+02
-1.626740275584474489e+02
-1.969336632066983270e+02
-9.389994824466612044e-01
-2.114987217801352415e+01
1.988311129998217552e+01
-1.959703078820139410e+02
-1.763757253021190081e+02
-3.486822999748123664e+01
-2.301951146918230222e+02
1.444082882715956089e+02
-1.925788367744968355e+02
-1.298815329057249812e+01
1.494405528654186526e+02
-3.798260688967103249e+01
-2.449783055364451059e+02
-1.140972099964903919e+01
2.225849022971750912e+01
-1.939425656169249805e+02
-4.036481855358876203e+01
-5.298494883666187860e+01
-1.817168304326295356e+02
1.324815147056683884e+01
-2.848170006096310658e+00
-1.519843538038311692e+01
-8.447687957002528947e+00
1.750416088355919442e+01
-7.356404936327123778e+01
-2.431605215106635001e+02
2.126713306700673911e+01
1.385627592224631996e+02
1.397458803223337327e+02
-4.885480103444412237e+01
-2.064641772835644247e+02
-2.098442356701525568e+01
1.000041731523336210e+02
3.425876514279298135e+01
-1.854120370544991374e+02
-1.944032008406641694e+02
1.287707771404950563e+02
-1.987975016104616088e+01
-1.938306846050562058e+02
-5.576589522982966685e+01
-1.900141149675920076e+02
1.520930062747800946e+02
9.062392599071279164e+01
8.024534872646636074e+01
1.382507799084306725e+02
1.759719032366527358e+01
-7.254721558182353647e+00
-1.863911431496021862e+02
9.815458841332798556e+00
2.366862210279120404e+01
1.553389421711026728e+02
1.480018774509578350e+02
8.270142209257561206e+01
3.017475648857339365e+01
2.855302326125907797e+01
-3.916546310054002333e+00
-1.900796056509874177e+02
1.363918612054965251e+02
-7.941308409778636701e+01
1.459684937268898466e+02
1.892993090364660134e+02
-1.041128823023873906e+01
-1.889385984671847609e+02
1.949644668151240978e+01
2.352720062126095968e+00
-3.375794708728969340e+01
-6.817228858441461625e+01
1.762511805849392488e+01
-8.580278871579366751e+01
2.815615636737102250e+02
2.165214271713759899e+02
2.162521453783267305e+02
-3.077553973083473693e+01
2.285124337037892985e+02
-7.143663732262055532e+00
2.941337390001812082e+02
2.265892950236281536e+02
4.617393562809162688e+01
1.552145083532616923e+02
-4.050341021344422643e+00
2.162950198077947448e+02
2.536995677313132376e+02
-4.494384963153093793e+01
-1.024554484866223447e+01
-1.576290436860455770e+02
8.980633648480008446e+01
2.782299557471010303e+02
1.852373178802488383e+02
-1.864926680387020212e+02
-2.195742260640257086e+02
1.092173021834074120e+01
-1.623196960321695883e+02
-2.807502635488627618e+01
-1.857248272558683766e+01
2.379359101393867491e+02
-7.814331746044662452e+01
-1.859977000747754801e+02
-2.371130433932481196e+01
8.229484602853187880e+01
2.072724287447416032e+02
-5.044480496180810292e+00
1.867114575247147741e+02
-5.610068494497485858e+01
1.550021504397402339e+02
-1.699118972367850233e+01
1.477358649383498914e+02
1.067746124665980716e+02
2.169167854509830420e+02
-2.521231254340582950e+01
2.244969656793099659e+02
-4.703381609041529288e+01
2.337075862304636189e+02
-5.143282351709036959e+01
-1.534875415604082605e+01
2.243234705456750362e+02
-1.501115234579356184e+01
1.964357138993033800e+02
2.058429657818819578e+02
2.619070937002459800e+02
8.470170430616724389e+01
-2.142300723714839705e+00
-3.030574360302644266e+01
-5.887283199342500950e+01
1.939006402884380122e+02
2.535710495551133192e+02
2.319019917963421449e+02
-5.002504670938049003e+01
-3.260618649805427083e+01
-8.258704456216636913e+01
-1.753776607624976691e+02
2.235678554285592554e+02
-1.565257753873240176e+00
-2.031310561713405605e+01
3.722544582362331766e+01
-6.506433041099317904e+01
2.311096805354550554e+02
1.122881522652020578e+02
-2.670128183608082963e+02
-8.972034183267128071e+01
1.802969378163439274e+02
-5.319594385572601425e+01
-1.564514237914482564e+01
-1.362615195605224017e+01
-2.401971718884790619e+01
-3.513520425298364103e+01
2.293066228730779130e+02
-6.113056210097592924e+01
2.714145803389554601e+01
-1.384573137092077957e+02
-2.997090718837668533e+01
-1.336406429518928576e+02
-9.951825314890646723e+01
-3.830589254148966205e+01
2.077398413193550084e+02
-1.858977350199404555e+01
1.376184744363115442e+00
-5.586569516468699703e+01
-8.555380791429128351e+01
8.224843491386138794e+00
6.619197682359883572e+01
-2.024220215251587263e+01
1.733730479731120795e+02
1.056418379666642977e+02
-1.052163113411971551e+02
2.062049312730902386e+02
1.712170208751633425e+02
2.320657361613801299e+02
2.982772353458357770e+02
1.917333147023411755e+02
-3.994731062146709633e+01
-1.574999681345651368e+02
2.268960857541385963e+02
4.578728243494882122e+01
6.085573871454238315e+01
3.368659135015527539e+01
-1.284090613301885924e+02
-1.677170796911029242e+02
-1.521709940012950995e+02
-2.515609211858895833e+01
1.957398564678588571e+01
-2.292342070344192848e+02
7.452918412045369223e+01
-2.626242157409413949e+02
-2.140720378116348286e+02
4.988171531217048482e+00
1.941572953081278285e+02
-4.150635128003463592e+01
-1.814736630461871698e+02
-4.404548809830899359e+00
-4.516648563876245248e+01
-8.145540409169606733e+01
-2.526304933060606288e+02
-1.799482985776066357e+00
1.937416212829734832e+02
-2.446158180583943533e+02
8.850747867389728185e+00
2.725211081058408809e+02
1.157458744291654966e+02
2.038108265388461859e+02
2.024333500715646892e+02
1.058636744252000028e+01
-4.360990361959483863e+01
-4.940049275987661304e+00
2.436678866191670920e+02
1.200359080232766473e+01
6.837710140088238120e+01
-5.545370155839588477e+01
2.850586666741668864e+02
2.514426136521579735e+02
3.513977423072347506e+00
9.224849535348792529e+01
-1.433539356878367244e+02
-3.209534324042148512e+01
2.134588290008645686e+02
4.319205024551280303e+00
2.949719430407956793e+02
2.302170500164196767e+02
-2.418529551059387472e+01
2.438337327655077047e+02
-3.061679717430274650e+02
1.664913997092606053e+02
2.407078102419601464e+02
-1.204473306912762212e+02
1.797502819160083618e+02
2.565485693819853168e+02
-1.954474002166661251e+02
-1.571384626512774787e+02
-1.401464887529049008e+02
2.494466708399158961e-01
-1.766347701488713540e+02
2.714648775973371357e+02
-2.208121439174271075e+02
-2.465747363151223226e+00
-1.948709980980915191e+01
1.747467742961241584e+02
2.402871505382283885e+02
2.215690669720175947e+02
2.305538403304216502e+02
-1.947639652101841534e+02
1.869547521837316424e+02
2.295741637678724487e+02
-1.363959167950745837e+02
3.893810278167174488e+01
1.938594949005882313e+02
2.146928460777488397e+02
2.322782479926267740e+02
4.472609206214538347e+01
-2.691106306648215707e+01
-8.981795597941450637e+01
-1.048273100268299629e+01
-2.568077847681291814e+01
4.760818979542801799e+01
-7.644085409322187274e+00
1.673737211817640969e+01
2.476794072396148181e+02
2.691629895736310232e+02
-1.099628531875197837e+02
1.720162820264037009e+02
4.603996998818109887e+01
2.956063899861649134e+02
2.840987004564362906e+02
1.558319821334651749e+02
-1.855046122992002608e+02
4.780048337453601448e+01
-4.474292536911207918e+01
1.966635597926924390e+02
2.292991330564266264e+02
1.908051916647752932e+02
2.322723139846854679e+01
2.335749239966242783e+02
6.435239248663137346e+00
-8.781417198016100656e+00
1.608714069811176159e+02
3.271386223315124653e+01
2.495970152937925377e+02
2.170086599531120157e+02
2.651716818387781132e+02
-2.656097868625610658e+01
-2.372445485344347560e+01
2.677811786619664645e+02
3.051390603779367439e+01
3.167412805418635457e+00
-2.979886297349949587e+00
2.575587959916960017e+02
2.140479434256823765e+02
3.954152351711519486e+01
-2.649234033154446877e+01
-2.557292794665508495e+01
4.153357412398548831e+00
5.073933521375266764e-01
1.972236830870365623e+02
2.442625395981707470e+00
3.721138383832533236e+01
-1.472657757706726045e+01
2.268329670042356838e+02
2.394575508559738353e+02
2.294221372598644564e+02
8.755393707323889885e+01
2.099822316493405197e+02
-1.517101412476547750e+01
-1.869773385623271054e+02
1.382905085922188277e+02
2.406336163082750943e+02
2.037398781959365408e+02
-1.522627707758463700e+01
2.054343777167025564e+02
2.788251312482472031e+02
2.135820957848130206e+02
1.456399387434559571e+02
2.172946801237743557e+02
1.701395868406709724e+02
2.629948775638049483e+02
2.841516671189237968e+02
-1.707318508553082381e+02
2.445179855044320334e+02
2.887647199356707688e+02
-1.240719843540610299e+02
1.480976126174373348e+02
1.649481659848601964e+02
1.041722571854231205e+01
2.298489977751339950e+02
1.897324199136721745e+02
2.487883233811607226e+02
-1.613936687124295588e+01
1.647266782474012246e+02
1.401470305799489324e+02
-1.879739020415659922e+01
2.543637034527421292e+02
1.065757713658416606e+01
1.278803771859847274e+02
2.423601970618581163e+02
1.821152900194219342e+02
-1.785369727777239177e+02
2.176731866199168905e+02
2.399948419949462277e+02
7.084161524086803752e+01
1.764495786003127478e+02
-3.738772235185717996e+00
4.781552511949280415e+01
2.400938063484366864e+02
2.458913411719563555e+02
2.477847764681155809e+02
2.227166279382813627e+02
2.126205461425739145e+02
1.176077698168617189e+02
1.836367416275566882e+02
-1.581376788243838938e+01
-6.975981780851547853e+00
-9.470714677954322269e+01
1.623163670649283006e+02
2.310194025198273948e+01
1.380258414659597292e+02
-6.843741534968467022e+01
-2.150990264045260858e+01
-1.449842420726650971e+02
1.600541250655474528e+02
3.588013259774496078e+01
1.356631103496536639e+02
2.681467513771539188e+02
-3.258973610301657686e+01
1.990638411580741263e+01
-5.363479800763373362e+01
2.112852908055592138e+02
2.153459085648480595e+02
2.450732357460347544e+01
1.857478978740414561e+02
-4.285648738060095297e+01
3.233710116195068736e+02
2.926169153646509926e+02
2.639534253607502023e+02
2.303117628476506979e+02
4.900571941908324902e+00
-2.476548891199762181e+01
-2.651605990852294070e+01
2.651513208462754960e+02
1.711229622546274527e+02
-7.869072434786504289e+01
2.894000033450499814e+02
2.966613660235078669e+02
2.911420088957524968e+02
-2.989703766266277185e+01
1.652091388150344287e+01
-2.164407821544144213e+02
2.628228305746526416e+02
2.771139837773017121e+02
3.978940587786675565e+01
1.270755715027092947e+01
-2.831102829096975881e+01
3.159041824607294302e+01
2.760896616858811967e+02
2.747824169437471653e+01
1.967884730651851442e+02
1.597947428526682074e+02
1.208511281440058411e+02
-1.541797373378405496e+02
-2.315544466478407060e+00
2.525799784384975055e+02
-2.082720863179191610e+02
-3.805718965870133275e+01
2.652307400340334311e+02
1.807399884508917012e+02
-6.913770477153062188e+01
2.244092243605302883e+02
-3.896164176977444527e+01
2.054375842651664925e+02
2.585817771925320017e+02
-2.233207887088314010e+02
2.046842097261611571e+02
2.233305577891506744e+02
-2.056806429445141049e+01
1.781486947805000227e+02
2.547590007072302853e+02
2.399175000171521219e+02
2.867237223859652886e+02
4.561230490412913241e+01
-7.121509587467460278e+01
-3.659289511985856791e+01
-7.229702958699212445e+01
2.899744648671260165e+02
5.986247560818110713e+00
-3.323027517884610660e+01
-1.435698084133518933e+02
2.450764299820669692e+02
2.885968432749022554e+02
8.765572920988539352e+00
3.675026374195562084e+01
4.255423622641268366e+01
1.308581713062671383e+02
-4.979212531251294038e+00
-3.046776564955086997e+01
-2.992826855303715661e+01
1.056532452925874921e+01
2.802152284759366125e+02
2.155202841448623303e+02
-1.150031415291034254e+00
-3.527003118980042817e+00
2.771565324672527595e+02
4.474097795521365128e+01
-2.882020294410556005e+01
-1.405498564516203786e+01
-4.491641984439203483e+00
2.410458696501515305e+02
2.904630437669233629e+02
2.742589374309044388e+02
-9.453462486733671710e+01
2.430629707169044309e+02
-2.554334512541877444e+01
-2.645237520620394207e+02
-2.984713646513057483e-01
-1.902968992989937647e+02
-9.388303272291778967e+00
2.638923792678496625e+02
2.058569634308550462e+02
1.747795490704968131e+02
-3.889659944427839378e+01
1.266437734645835178e+01
-3.383863102155371561e+00
2.741511509719915693e+02
2.084151204865823956e+02
1.926695169792043316e+02
2.917815586959980578e+01
-2.756361940888940154e+01
1.214550385492054687e+02
-9.730469816701685204e+00
-2.018438664206955195e+02
1.253348450831265382e+01
2.918527045922771208e+02
-2.295760345131861300e+02
2.606995200985856798e+01
-2.297751938113005110e+02
-2.478493499924973165e+01
2.453905813737446806e+01
-3.923293756052123271e+00
-2.018137135430501417e+02
-3.958416672480217358e+01
2.128737507399188189e+02
1.561458170165805655e+02
2.399911271760729790e+02
1.260753199140639680e+02
-1.733098981819966156e+01
2.419917009069052227e+01
-3.189885960445640123e+01
-3.011384694487968545e+02
-1.206388015594356844e+01
1.745361389213856569e+02
1.868142807604657207e+01
5.999371016538337642e+01
1.794369729155233699e+02
-1.115107164844708265e+01
3.210081136403902065e+02
8.732604516252443716e+00
2.364240382526051008e+02
5.068969798658980785e+00
-1.940645630654967491e+01
3.402193023059589372e+00
3.828291033395538534e+01
2.799519574861022306e+02
-2.684251998266644534e+01
-3.192837093707855090e+01
1.791927864750850858e+02
2.678821256515642517e+02
-1.280707852702604441e+02
2.391942037624386614e+02
1.831661911910561713e+00
2.102864578267912634e+02
-1.751777624864097334e+02
-1.443537681241984494e+01
-1.548547406396637882e+02
-1.352478874257815846e+02
2.034239296245711444e+02
2.047643025837585355e+02
-3.209900992869024350e+01
-2.515685230090832647e+02
2.321310547298793381e+02
1.303872490895903802e+01
-3.803494024740445667e+01
7.735255534569892788e+00
-3.879776078280855955e+01
-1.556049139344598586e+01
-1.615623836978023746e+02
-2.498846264731996598e+02
2.189471883081689612e+02
2.195577380579848068e+02
3.573826953057758260e+01
-8.220776470161426985e+00
2.957403665798600514e+02
-5.110938933264094430e+01
4.891696787812452385e+01
-2.502074252021136829e+02
2.307019506885793589e+02
2.508947485018521490e+02
9.324030970867664081e+00
2.076199699984390179e+02
4.932201188291932681e+01
-5.166161725074830002e+01
1.031228518845377629e+01
-6.258846973967848726e+00
2.490839631797322795e+02
-2.917003672808789361e+02
-1.071422070149807837e+01
8.422693081677667948e+00
-1.509730160242091124e+01
1.659488189524608970e+02
-1.689926439647587131e+01
-3.687604871127101802e+01
1.890289437564747388e+01
-1.603097416079081654e+02
-5.302094898954094049e+01
-1.483110807679940457e+01
2.051657735202950050e+01
-1.214042659377684430e+02
-1.868633070825336517e+01
-1.912535153514344088e+01
1.126382433324011600e+01
2.943454024938564544e+02
2.588435856892280640e+02
-2.932145736680946584e+02
5.742721027821951374e+00
1.939511098720916493e+02
-1.955204330454555617e+01
-4.952143880024427602e+01
-8.964774246923399303e-01
2.141960327068888432e+02
-1.861127702749887476e+02
-4.039834421099053685e+01
-1.895788450565189009e+02
-1.492325779952959230e+01
-4.857450412842251097e+01
2.965947494266531592e+00
2.908231951879936439e+00
2.104054008996340599e+02
2.928942071289645241e+02
-1.396564319362253670e+01
-1.728890086927233654e+02
1.256208540706196715e+02
4.341651064771218671e+01
-3.497793244113959332e+01
7.068340529689687735e+00
-3.035255714145658601e+01
1.126629814532705609e+01
-2.075626105815503593e+02
-2.932613665240912582e+01
-2.051467721256134666e+02
2.094575746159075322e+02
-1.982097141701646592e+02
2.484181969012746549e+02
1.826396061099085841e+02
-1.052107968933743365e+01
-3.702320923019679633e+00
-9.992907818118384355e+00
-5.208817104412105436e+01
2.402437215652471707e+02
-5.655074148633465114e+01
1.765435322194653978e+01
2.359666443920371535e+02
-2.184257860212527547e+00
2.356422089580071884e+02
-1.099038367614062395e+01
2.422895947588227905e+00
2.199580077721743407e+02
2.137399108845807234e+02
1.831939294612690219e+02
-2.647242223210225021e+01
-1.291671011655536461e+01
-4.758655197173675333e+01
-1.952286577079811458e+00
2.260652558764712126e+02
1.973802799169818627e+02
-1.697691310067253880e+02
-1.817555082150735046e+01
2.433705738601254041e+02
-3.339066528130447864e+01
2.631471689950083714e+02
2.918344439284038572e+01
-2.360377116200641012e+02
-3.350747498100835742e+01
-3.656503482390759174e+00
-1.040681780122583167e-01
2.716905651473754233e+02
-2.006438176343671671e+02
2.832310317694002606e+02
-2.253767734579108151e+01
-3.434776718747738045e+01
3.167879209110997607e+01
-9.580685123870679831e+00
-2.071653623172069558e+01
-3.030785272219787885e+01
2.593451163869412994e+02
-1.250916447971135526e+01
1.372126422266622647e+01
-1.135855376259120808e+00
2.503210241108487821e+02
-2.561308516464771969e+02
2.487787533160924056e+02
2.192575265415371177e+01
1.627885923616304922e+02
1.683156705186732438e+00
2.359294362584428768e+02
2.037336304902067141e+01
-2.206590812741524132e+00
-5.833832265796567640e+01
-3.041674550065084759e+02
2.022218126809814862e+02
2.289004784394520300e+02
2.378201229028005343e+02
4.688535295879579401e+00
2.462962366701659676e+02
2.208492109970351009e+02
-8.197888089791206312e+00
2.397265071493593496e+02
2.884219379527522165e+00
2.334976423297695192e+02
2.736831320384483206e+02
2.677473657890622007e+02
2.360549069873613917e+02
-2.420819297799376386e+02
3.356179552313354009e+01
-2.393365817259108610e+02
1.417297566188308053e+02
2.369313535895320229e+02
-3.642577636435258626e+01
2.626155274431354201e+02
1.925853511712881243e+02
2.556389280450359820e+02
-1.331712224654611703e+02
-4.174543071518157689e+01
-2.219593687141811529e+02
-4.374995646827505880e+01
2.670750306473217393e+02
1.918924465185576196e+02
4.576802410615741223e+01
2.853348235682486802e+02
2.376536106783620994e+02
2.259762960042655777e+02
-3.324636144516904324e+01
1.811956580100444114e+02
-9.473260244417645026e-01
1.552963442681827360e+02
2.705541728861148272e+02
1.611399720182419060e+01
-3.649016724404320655e+01
2.166140535256287194e+02
2.433646108993061148e+02
-1.190317935390373805e+01
-2.834487413828063040e+01
-1.314898983815243412e+02
1.670778753182381138e+01
-1.256454067441227096e+01
3.889680604320855650e+01
2.525911710405772794e+02
-2.234474013617179011e+01
1.684529293965728698e+02
2.445520303048340338e+00
-3.432813204890623382e+01
-1.329073899317332064e+01
-4.716345184027493787e+01
-2.610721086532711155e+01
2.844827369195158440e+00
-1.856412431278398003e+02
-2.123065860785787038e+02
1.935770235803125274e+02
-1.888320031552586897e+01
1.026746244931795893e+01
-1.239578628992899212e+01
1.079801249946205957e+02
1.773446547792600825e+01
2.656050218688519067e+02
2.421250096580288016e+02
-2.237696021947268932e+01
1.921238400785621820e+02
2.368614673227453409e+02
-3.238136858788168837e+01
2.654069544775490499e+02
-1.354901379579970921e+00
1.177516601887523677e+02
-2.113272834024123270e+01
5.842963603876142997e+00
-4.048915872703086194e+01
7.078222824960121784e+00
-1.908272224777757629e+02
-1.059495765836711634e+01
1.188856418059370412e+02
-3.785189115931035531e+01
1.889288032668503092e+01
1.514655901052381637e+01
2.458668672792794609e+02
1.546150842885978172e+01
1.544775476956862690e+02
3.161254759114888202e+01
-6.356060670790213862e+00
8.189239587973936807e+01
4.335362210261109794e+00
1.325804423217986994e+01
-2.009442926957871407e+02
-1.715760174055169562e+00
-2.938834531117679205e+01
-5.223341016175194795e+01
-2.597517575853096616e+01
2.374171508293463262e+02
-4.972683928145843879e+01
2.446881885098372607e+02
-7.211437509611335450e+00
1.808645352877433865e+01
-3.049301078807917342e+00
-1.938931192327981989e+01
-1.519415624480147926e+02
-4.166163668645052098e+01
1.191192308124364629e+01
-1.709693269510859750e+02
-2.365584914423567753e+01
-2.574508218436690754e+02
-1.540594888684414059e+02
-8.484793825369436604e+00
-3.827617534187930204e+01
-3.443248824353994451e+02
2.544474621435736310e+02
-1.446941038485362583e+02
1.441123171472285662e+02
2.226016541851678312e+02
2.072089460136420058e+01
-1.392447101781873187e+01
-1.562281937487413188e+02
1.025442680602019720e+02
2.149009818877941314e+02
-1.637184964456008913e+02
1.628356488519823131e+02
6.341266062568192297e+01
2.632303259206445318e+02
-2.694117324286850135e+00
1.251994144861640734e+01
3.003886809907363613e+02
2.335203527103854526e+02
-9.122830988513888073e+00
1.429919775094465422e+02
-2.734915891596738788e+02
-7.175585341524246541e-01
2.256337987960791338e+02
2.222443985892531657e+02
1.966329313756632757e+02
1.333707796625058961e+01
-3.324589820791208350e-01
-2.627469638257058477e+02
-1.194226979099410215e+02
-3.685557838588372448e+01
1.420941421696344662e+02
-4.162854532126373641e+01
2.344423897964876460e+02
-1.863377943326923969e+01
2.541223736626628238e+01
2.277113244485639427e+02
4.182896070341419659e+01
-5.927494675257745982e+00
-9.165869508324166759e+01
6.003863270212237424e+00
-1.822170255977040370e+02
1.034584111539347759e+02
3.109000881180017473e+01
-1.896145689574119046e+02
-1.469162761030185571e+01
2.305793750442213508e+01
-3.769142011971099038e+01
2.268642080166158621e+02
-3.252651685136666515e+01
-4.649542345520387698e-01
-8.696235143815982838e+00
2.178550591551471598e+02
-4.068707619497212846e+01
1.553723178644663392e+02
-8.898605282131200056e-02
2.255003176501605537e+02
2.166488278672268279e+02
1.816524530113801106e+01
2.491583487845588252e+02
2.170504062781575385e+02
-2.462651254900217168e+02
7.538946315418695754e+00
9.441938072893191247e+01
1.946600599006519587e+02
-4.016296443081577650e+01
-2.725952186527273398e+02
-1.170680068654360895e+01
1.961149872031903669e+02
1.327522629131104281e+02
1.545125550090293700e+02
1.826872387155061404e+02
4.208742375339925346e+00
-4.217756751462990650e+01
4.313809939164516294e+01
2.237867157736465273e+01
-1.366946936124677769e-01
1.056363571030374118e+02
-1.678317249916616447e+02
9.033388821960291182e+01
9.009200373970674036e+01
-2.068995723725469134e+02
1.911604911294439546e+01
1.262615859417430215e+02
4.480511633361518875e+01
4.951441725318892395e+01
-1.486717634893847730e+02
7.241147289505038032e+01
1.417233941892341136e+02
3.948992491291647866e+01
5.941441761690218470e+01
1.437076447048436023e+01
8.064453459728379414e+01
1.201322052055058265e+02
-2.417596366283343912e+02
1.438840916375424115e+02
3.598240463037868153e+01
1.376026502383253387e+02
-1.428933335260818183e+01
7.740062309223692694e+01
2.169234945453985119e+02
5.477691160474443421e+01
1.559063245500827009e+02
1.784427958165599364e+02
2.380125832150443443e+02
2.888977976003628783e+02
2.175968237302012369e+02
1.509647035588596964e+02
2.547990623535728503e+02
-1.786197328075148789e+02
2.085798353466928461e+02
1.626111239827083352e+02
2.182325629319048517e+02
2.671759498456203801e+02
-6.452469335176319021e+01
1.525139475727900731e+02
1.321826611827491433e+02
1.466403256896503251e+02
1.273785725278825396e+02
1.305568912927147949e+02
-1.354800490821116910e+02
2.081413440375347079e+01
1.196639009429752747e+02
1.675530299971322563e+02
8.500439595265950743e+01
2.193208810417818313e+02
2.420080626369743584e+02
2.301970853337297171e+02
2.213233351652505121e+02
1.772841430614915055e+02
-1.881094563635679151e+01
1.804284003772604876e+02
1.854379374265553793e+02
1.885834288167042416e+02
4.695915763736024928e-02
3.576425306398694204e+01
9.163924567234204233e+01
1.894980363335128288e+02
-3.363108435796085871e+01
2.328402311727045060e+02
2.197984444491617921e+02
-6.059279718784353008e+00
-1.557326916298674746e+01
2.057660491548396635e+02
-1.795367376427724935e+02
-1.021434883011816908e+01
2.050163559119267234e+02
2.057610672255115958e+02
2.083590886097123871e+02
4.466805793775836264e+01
1.315003378800173550e+02
2.392437273652010106e+02
2.203406755941813344e+02
1.824114338840150253e+02
2.042431047233335448e+02
1.970014736974405309e+02
1.591529765040726829e+02
2.310963883722680805e+02
1.115850137008445842e+02
2.390234921161300008e+02
-8.402022744613475425e-01
1.934991650850149654e+02
1.981366852113465029e+02
3.227833421320076468e+01
4.108312171562147341e-01
6.080212649310905704e+01
2.352386152573134837e+02
2.344058548912875608e+02
2.655002306217240857e+02
2.759716967183850898e+02
1.864993918667676382e+02
-2.317169299563789764e+01
2.020057004461457382e+02
5.388469275673543279e+00
2.266586972246666392e+02
2.562973775091766981e+01
2.771240613512858317e+02
1.567332778870420817e+01
2.336501505586821565e+02
2.170032321239763178e+02
1.840717695130077232e+02
-2.542120914891141581e+01
9.280240571449219544e+01
-2.711740285434760267e+01
1.824022698895633425e+02
2.278485329942057547e+02
-1.702666043242456340e+02
2.583095007301238866e+02
2.345971066384639414e+01
-9.944649441027223702e+00
1.938680228642798227e+02
2.433093302607969406e+02
2.615370606031902412e+02
2.302234548478168961e+02
1.336940340160783194e+02
2.699468340781734241e+02
2.337883291323602748e+02
2.351798844160329907e+02
8.614528324584964025e+01
-1.132012577083598615e+01
2.258466392688750375e+02
-1.637453193913239602e+01
5.170561723208248850e+01
-2.301405814660412830e+00
2.855354929033667304e+02
2.448647352947530464e+02
2.519749428887466820e+02
1.824032106446624368e+02
1.201817576189074543e+01
2.759624423458511160e+02
-1.825712326113331869e+02
2.191456252483486935e+02
2.606485247857685295e+02
-3.884322418928095288e+01
1.038449772298828577e+01
1.330755310981993205e+02
1.693332973820105849e+02
3.047215963147775142e+01
-3.955040135090872866e+01
7.357271007639293714e+01
2.699929544412819951e+02
1.316220046156687431e+02
1.246122018804256868e+02
1.820755251329738087e+02
-1.654691969060831980e+01
-2.086928547046517224e+01
2.153227682848208246e+01
-2.589872501646500780e+01
-4.713801100292138813e+01
-2.462559552474553470e+01
-2.123148827097722346e+01
4.864895645072067509e+00
1.888600698233079527e+02
2.177549884542738141e+02
-6.934036410696859498e+00
2.055443631706891949e+02
2.211688833746058833e+02
1.888614324937860260e+02
-1.044758338377583300e+02
3.043843089604229135e+01
2.618596862135688070e+02
2.453481810106687533e+02
1.835794173658197792e+02
1.607960722141272072e+02
-3.537334520658353654e+01
-2.035582575739015851e+02
2.683106112647860755e+02
2.124411164685835161e+02
2.311100505815262807e+02
1.730665807271680308e+02
2.956044209956529585e+02
1.706957002783921951e+02
2.400430797903329960e+02
2.431722927272055585e+02
3.625769366402440141e+01
2.355048339311774157e+02
2.386303706545715499e+02
2.092093005814832338e+02
-4.302607748474991922e+01
1.720509128820169735e+02
2.395357693085065307e+02
-3.361777312742565016e+01
3.353802476240940678e+01
-1.147772167598245119e+02
1.720510688252866203e+02
2.558930205856532325e+02
2.276898975892236763e+02
-2.250408428467804924e+02
-2.455332043616691351e+02
2.004237117438404141e+02
1.996195835942113490e+02
2.608775058557229443e+01
1.804795756311482364e+02
-1.537522417165490651e+01
-1.030554540028448685e+01
5.948291623821137364e+01
2.452499153700536283e+02
-2.058096240722966286e+01
1.716440181036920194e+02
1.938071156805042392e+02
1.528049175393350367e+02
2.269676130780291032e+02
1.774936116501084484e+02
1.998470399151414654e+02
-1.205559781187149326e+02
2.288007825087246090e+02
1.882943661496679795e+02
1.379482710841425899e+02
-3.344133048396321328e+01
2.842064315138911752e+02
1.979899397707849573e+02
2.801237452017574014e+02
-4.845517369270045549e+01
1.774488486631675812e+02
-1.698098021394672230e+02
1.601411806805579090e+02
2.314380200255414479e+02
2.847160360149652547e+01
1.778638876639976729e+02
1.122115827651350628e+02
-6.527278423899048221e+00
1.218236490281252031e+02
2.546447791834775671e+02
2.782503638139609166e+02
1.868374058693537449e+02
-3.054315023746039515e+02
2.173267531375988995e+02
2.025963655753588739e+02
1.417119992711841405e+02
2.640976980126912395e+02
2.277004998237781592e+02
-4.902160784981173691e+01
-2.646546194701913350e+02
-1.652692367175730510e+02
1.832727829545559644e+02
2.054772916125462530e+02
-1.299792862561928253e+01
2.301308957377230797e+02
8.544881361403113829e+00
2.374265620887922523e+02
1.486027866372025699e+02
2.065379117749927218e+02
-7.278907512769973209e+01
1.998816511517172216e+02
2.980840855281310269e+02
8.434643987115687480e+01
-1.017321219667276182e+02
2.601884020774102737e+02
1.602769667566248870e+02
2.523758834190854543e+02
2.186938241955523381e+02
1.752550960014422117e+02
1.910669960477136442e+00
1.499523243839458360e+02
1.330452743167855090e+02
1.003200119455844685e+02
1.727107124508998766e+02
1.348499246828301921e+02
-6.181065583278524400e+00
-9.990599056785214316e+00
1.106389526986991854e+02
2.627533660372705526e+02
2.539203721662411510e+02
1.200198405623964106e+02
2.144904663019610211e+02
1.020468345755574262e+02
2.317157459580338923e+02
7.775523867194631578e+01
1.813443204550037251e+02
1.395001006015631333e+02
3.810709824834754045e+01
5.131958075369090011e+01
6.653924858546679388e+01
1.188937008166857083e+02
8.072436611511285776e+01
1.078514479001648141e+02
1.491078512814613077e+02
2.035038721449521404e+01
2.511851563119405455e+02
8.096829223583948476e+01
1.075751062777689526e+01
6.825236637868317580e+00
1.207144611820263265e+02
1.207370810988280709e+02
-1.233006529227793635e+02
1.240587678686826649e+02
7.264482878774870755e+00
4.952449621134866931e+01
8.941066057417654633e+01
-2.752448697565654356e+02
8.528976126877923036e+01
9.438496488623511027e+01
-4.809588227149537687e+01
6.829234781483111760e+01
8.145254881859999330e+01
1.108406252063764157e+02
1.076636031513816363e+02
-1.030640102900191550e+02
-1.661398655588211000e+02
2.463333186064765243e+02
2.087605353973652029e+02
2.307738208498610391e+02
-5.934266674097727901e-01
-3.061885301866404063e+01
1.759231987663939663e+02
9.914303131836393845e+01
1.369784358881168203e+02
6.685199138095974547e+01
2.485550012278181953e+02
-1.510199214295224976e+02
-1.536664129148294933e+01
-5.536007268802677572e+00
1.791714482970132849e+02
-1.630023613436363235e+02
2.616261812164124194e+02
1.280735103903128049e+02
2.100174544397709155e+02
1.927443816051499823e+02
9.297094373833017755e+01
1.198508572256721010e+02
1.739492514305436544e+01
9.636264309076172196e+01
8.524800963342372029e+00
1.942906911884615795e+01
-3.648832908085269366e+01
1.401202013071416275e+02
1.150323368359695166e+02
-2.058769895772883274e+00
-1.572705916638421400e+02
-5.097932710493900288e+01
9.026875772943596132e+01
1.188506321474256708e+02
1.801311198613886404e+02
1.840500478016871853e+02
1.555558251585083269e+02
7.327562038574370717e+00
1.045009142212353481e+02
3.799974950031972298e+01
1.635531495370848347e+02
1.089572789540133329e+02
8.347780249615139780e+01
2.415819980527412554e+02
7.293952408299368528e+01
1.996631527698492619e+02
1.936512259585992979e+02
2.062300585676626952e+02
2.520121864389997199e+02
1.254263188443435553e+02
1.160043471913324424e+02
1.189496249848853893e+01
1.104668536079872325e+02
-1.820580443229475520e+01
3.549218042759886771e+01
2.888527911608314298e+02
1.812223180454776639e+01
1.352519363892622550e+02
1.213295613453241515e+02
1.429247539409480794e+02
5.808108507150890887e+00
6.638868902028298180e+01
1.181834882518280381e+02
6.679200359823565236e+01
1.289007767862206606e+02
2.430340021643285695e+02
1.744733707323365479e+01
1.016945263447921377e+02
-1.861157917799573625e+01
1.230296111615244286e+02
1.647786733444113167e+02
2.615015989588054026e+02
1.409380019993033386e+02
4.382507410367816902e+01
1.642634275291052859e+02
1.308606507175201443e+02
1.095155046223525801e+02
2.036024753598381754e+00
-1.617728348852452314e+01
1.180737510022136263e+02
-1.282741201352243365e+01
-1.563272689885992577e+02
-1.755093126257710878e+02
1.478418672331378900e+02
-1.617015058276407444e+02
1.036490357233150803e+02
1.202875154776119757e+02
1.237784751794851417e+02
-1.186139593076093774e+02
2.382545839920643402e+02
1.825056657721658837e+01
1.569671441100953189e+02
1.990029914462426319e+01
2.247585524008495668e+02
1.416995185069240222e+02
2.088963913671452985e+02
2.494750940091128939e+02
9.659285324193831457e+01
1.231618902172044017e+02
2.798376912746532525e+02
2.152772377048942474e+02
1.166986339458426727e+02
-1.979729053724331038e+02
4.706235973092779545e+01
2.313361020795719014e+02
-1.713031493293302390e+02
1.113857136812088982e+02
-2.249747575135011175e+02
1.819915741639959492e+02
3.117244085993847591e+01
2.617323874540781503e+02
2.298894498904257091e+02
2.666051177987584424e+02
-1.722724652373932486e+02
2.680158940759521329e+02
7.392244597643836812e+01
-2.027623818800693130e+02
2.639384465551817129e+02
4.015138770455561712e+01
2.882681021500610541e+02
1.507422093005022816e+02
2.891305517338857385e+02
-1.696044498811109236e+01
1.202074349708986603e+02
-1.562106586341143100e+02
2.433741642669192515e+02
8.883950964647554827e+01
-1.542609630163127576e+01
-6.845541208366412889e+00
1.203545529935020113e+02
2.243536593317687107e+02
-1.695350587561543989e+02
1.840224049507245923e+02
2.622477998973789113e+02
1.383545280979551535e+02
6.222014342284016664e+01
-1.318045579340918323e+02
9.695114083036757791e+01
8.550424967706084090e+01
1.336485891269917943e+02
-1.281694915454721695e+00
2.430666575532092395e+02
2.552114000346084026e+02
2.782641168511751175e+02
2.931692866021501800e+02
2.848563283870253144e+02
-6.245049910408781102e+00
1.995763824099394697e+02
1.058394303256383040e+02
2.231521774457123399e+02
1.675189016498932517e+02
2.277204904451090783e+02
3.863151162548663820e+01
1.036124730322969612e+02
-4.506038292735328810e+01
-9.997012262430132523e+00
1.862982984000577176e+02
-1.391790395342761144e+01
-1.362609783106381087e+02
1.889944581135597161e+02
2.091002022913696692e+02
-1.465314834539074980e+02
7.467769000153915648e+00
1.989955381866295738e+02
1.220352397662796164e+02
2.815290004785674114e+02
1.956260832996417207e+02
-4.636767423642743324e+01
1.659425797395811628e+02
2.295911718896757634e+02
1.893663982165040238e+02
1.173704819574091260e+02
-1.076208318728947262e+02
1.368852410982541983e+02
3.838338567125546774e+01
1.184176008652154906e+02
1.639945955216663549e+02
-4.960899541294720905e+01
2.357192393577323344e+02
2.153334077745181219e+02
2.115955933777456437e+02
5.416556511830016518e+01
2.362852123618855842e+02
1.300467861420814870e+02
1.105775531612965494e+02
1.260988488842029653e+01
2.062582598453072933e+02
-2.303276255497412706e+02
-1.272648173180315894e+02
1.437053223846459673e+02
-1.854994204140761553e+02
1.808890116421130188e+02
2.945745606127835003e+01
1.047004672012716213e+02
7.730269248922823522e+01
2.918704931378789524e+02
-2.681141027583731216e+02
2.153141805609984090e+02
2.343918197147111755e+02
3.299934456519341097e+01
-1.700584220617896563e+02
1.237607133023232535e+02
2.130882132417829098e+02
9.009129708148654458e+01
2.112063094672697616e+02
2.902260046302358205e+02
-2.636419897941408408e+01
1.533454848979405938e+02
-4.165418357649545555e+01
1.977088579048382257e+02
2.656097025277629200e+02
-1.556132373716176573e+02
1.443491397510926504e+02
1.477490229600066129e+01
-3.323132713548346828e-01
1.712475011639705826e+02
1.446064691399404580e+02
1.702751436304855019e+02
2.083119337801592792e+02
1.747387421155649179e+02
1.141095416448259812e+02
2.180493673307336167e+02
-1.889144979133685069e+02
2.298540328837597713e+02
2.123988894684591457e+02
2.613300748167599750e+02
2.263982526287781809e+02
2.508174253480195546e+02
2.766425909787594719e+02
-7.965085225157697124e+00
-1.705415172333211160e+01
1.199981220498351036e+02
2.394159449524919978e+02
-1.715611221411741099e+02
1.972502933808748367e+02
1.723026195823764226e+02
-2.099806726878878180e+02
2.732892836621131210e+02
-4.577980814620528349e+01
1.391005659489886170e+01
-2.201807530779103104e+02
2.311484422509868182e+02
3.927324353165448656e+01
1.975565379484172581e+02
2.332340339870434889e+02
2.392018734036255694e+02
2.130436907956976711e+02
1.315878395657111355e+02
1.825757175069193465e+02
1.284160166521409678e+02
2.606887771459076362e+02
2.479245424363473660e+01
2.298711029328670463e+01
2.340281059997717819e+02
-2.507089548877753771e+01
1.160801243081865941e+01
2.337262844423363504e+02
1.564928819483621680e+02
-3.329226716013938869e+01
1.674760779226818670e+02
2.525829699370783601e+02
3.939527925444670586e+01
4.117175390294929116e+01
2.583622494234360261e+02
2.705583876445053875e+02
2.325656630667844240e+02
-2.540077382442747478e+02
-1.882638115932533651e+02
1.488022218085792474e+02
1.383558003306478668e+02
1.661920753695672488e+02
-1.741070337265033174e+02
1.395499112943951729e+02
2.591870572977661027e+02
1.241816490382528713e+02
-1.628661126382599491e+02
1.652883330565488507e+02
4.699779907123181033e+01
2.256854214000235004e+02
-1.180164913453803877e+01
-1.898212437155832220e+02
2.198503850880892685e+01
1.575101273821900634e+02
-4.556010205389320333e+01
-2.023613959405089986e+02
-1.768584149335120514e+02
6.689924385395295303e+01
1.785861106403287408e+02
1.827681540301844336e+02
1.347637219081762510e+02
9.674769829726949411e+01
-3.474950582061495652e+00
2.639673645967716311e+02
6.702647956161617060e+01
8.608152610739895749e+01
2.653271265714110996e+02
-1.482854464964273120e+02
-1.202386986153197057e+02
1.050541289488391783e+02
1.250219166276338854e+02
1.425135027841557473e+02
1.164388742319958681e+02
1.122267728443978001e+02
1.490930614062309019e+02
2.126373212635318168e+02
1.344146868752113164e+02
-7.146151280240576398e+01
1.805913748289179068e+02
-1.935288044623432597e+02
2.374704933636506610e+02
1.405572974836273659e+02
2.324850586088516025e+01
1.268987748489439440e+02
7.535655680346970087e+01
-2.542647267205576043e+02
-1.920093773521037690e+02
-4.322078618076058376e+01
3.054654850650341018e+02
-2.148007012247701937e+02
1.242744305081252065e+01
2.491283311805597407e+02
2.712482855052756463e+02
1.252825298254252004e+02
-2.542294497566010136e+01
-1.349003574383152397e+02
-2.579070243184382605e+01
2.437431561851663275e+01
2.617809765663321286e+02
2.243178928166454966e+02
7.933746655881761001e+01
2.318229807362301642e+01
3.405645966745768760e+01
2.450838538690653081e+02
6.550386051827246092e-01
2.463385370777335197e+02
-4.628950177920174269e+01
1.687699142542242043e+02
1.064082015836975899e+02
2.452043027970328239e+02
5.547137123808057169e+01
1.300814282523603538e+02
2.373683696494442756e+02
-3.595649842417068953e+01
-3.747914994711443626e+01
1.862633374741832313e+02
-1.945277458742407362e+02
1.443120905343948550e+02
-7.620476721367811024e+01
1.840595718106649485e+02
1.452347705802429232e+02
3.546992138646817239e+01
2.455676287415685692e+02
2.135461698865939866e+02
-8.190306516419204286e+01
2.543553427199601060e+02
-1.314249296052541638e+01
-1.637202789458360428e+02
2.592854556709430085e+02
3.117539326457991820e+02
7.472330533606051262e+00
-1.165043478425202750e+01
6.410759308872121665e+01
-7.510510752193319206e+01
3.704917619721328492e+01
7.834563765300737259e+01
2.970178684298497842e+02
1.333209092892305421e+02
-1.768149001354883580e+02
-8.064130620974397345e+01
2.880384695935692321e+02
7.444611968621214260e+01
-1.925271656405215026e+01
-2.954361620630044882e+01
2.325685774796332907e+02
9.085919637594150799e+01
1.214962412551240334e+02
-3.603490001654014918e+01
1.508275858944263348e+01
-2.698020868947028816e+01
2.158059167477549920e+02
-2.659249590994237167e+01
-6.706267180126872063e+01
2.494045644297156059e+02
2.688469779509200634e+02
1.328774624017897565e+01
7.624340336871298973e+00
4.153039940761510707e+01
-4.922699648413478002e+01
1.339131755820651506e+02
-1.085610451154590095e+02
1.679912398972406038e+02
-9.491088692151596717e+01
2.530620767343219200e+02
2.021536168662051409e+02
-1.510287100310176811e+02
2.450252655019380370e+02
-3.145653043530841231e+01
2.915146063612319267e+02
1.994428490272424881e+02
-1.268810761590765139e+02
4.982479457312751947e+01
-4.536692378497093614e-01
-1.096545893849101532e+02
2.323877237647056404e+02
1.215093677395550742e+01
2.723689728853368024e+02
2.562054088575643505e+02
2.362465314286920659e+02
2.808250335355581342e+02
2.541976671571024724e+02
-1.015584522287275604e+02
5.530371108542759373e+01
2.493214046511215258e+02
2.544096854262225236e+02
5.268364348277778220e+00
2.325721059848201548e+02
3.196244349046835964e+00
-4.862846245413518176e+01
1.612026142975277594e+02
-3.047013276262082115e+01
-1.320222709112839254e+02
-6.819106933974445894e+01
1.662511433439827329e+02
-1.743580712445496061e+01
2.713462868949411586e+02
-8.432977186742529341e+01
1.913477110571630817e+02
-9.583951833421565425e+01
2.488224404602432855e+02
2.809139987388467716e+02
4.519477633300969899e+01
-6.118308890511759301e+01
3.186664828378980019e+02
-3.182323522386253956e+01
2.629177912229411049e+02
-5.698593284790476332e+01
-6.218983738870426237e+01
-8.215011800111800255e+01
2.576560562139017634e+02
1.537514647114958848e+02
1.965277588454613351e+02
-7.580672079526128471e+01
2.367244493698207179e+02
-6.582350980752670466e+01
2.668948435661147300e+02
-6.262812241926380352e+01
-8.471130385294513587e+01
2.222729991537349861e+02
1.142863658963802465e+02
1.770934997880943911e+02
2.222869239570765387e+02
2.445701640496189668e+02
-1.102143364263635448e+02
-7.552971849083185418e+01
-3.519038856120138092e+01
6.353718399532060523e+00
2.859849202128521597e+02
-9.559690823997408415e+01
1.597050031190559025e+02
2.386918034177744801e+02
-7.449800731771274798e+01
2.776480176865678118e+02
2.298804349807324456e+02
-9.861998781951730564e+01
2.086960851832122898e+02
1.392123726657133602e+02
-2.784518922976218391e+01
1.447560383931466106e+02
1.671651619188679661e+02
2.571313690191293517e+02
-5.711325373999844146e+01
-7.221926666689719809e+01
-1.595858554214464675e+01
-2.126481210670995381e+01
-1.982464458850024585e+02
1.613152842909932758e+02
6.883341119329458024e-01
9.890691263750099438e+00
1.702990916955334342e+02
1.523102348199277571e+02
-2.887084015009477866e+00
2.269036120470790934e+02
-8.387777642246594212e+01
2.790220600343945989e+02
5.944109103418726647e+01
4.849610152772450533e+01
-7.233388994591631160e+01
1.229303210834314086e+01
4.367224426187295450e+01
1.562740764911659710e+02
-1.654647690095964379e+02
-7.850229004338693528e+01
-2.062615159754944472e+01
-1.836055763325807675e+02
-4.060710844456762914e+01
1.761656436246117039e+02
-5.106723521061255155e+01
2.946661439463753851e+01
2.520383092791853983e+02
3.676218714851491143e+01
3.954367705426070501e+01
3.596903262692856629e+01
-2.580023388840349341e+01
-5.454643087062636653e+01
6.405772462710123705e+01
6.709827382364747450e+01
1.237116278545270944e+02
1.736104898735819120e+02
-5.414723246402640200e+01
3.665171839777632101e+01
-5.122029228721542893e+01
2.823414152096332828e+02
-2.705757982509956605e+01
-3.086978717333768074e+01
1.084111888895769340e+02
2.783151210891991241e+02
2.713063609122754656e+02
2.238119171921632642e+02
1.495945971491770194e+02
1.338297450239629711e+02
2.860372148258381344e+02
-1.053752587263695233e+02
-7.182888066656076376e+01
2.856298524684091262e+02
-5.481807962144257829e+01
-1.082967892753077876e+01
-6.815864881124257124e+01
1.156166087676619192e+01
-5.675777677918735975e+01
-5.592833340406153297e+01
1.127227180830030022e+02
2.606912875084768189e+02
8.754367362127894125e+01
2.274370510594774260e+02
-2.373931570373901678e+01
-4.958312994822028941e+01
4.856427021163594304e+01
2.554033652671904804e+02
-3.006221219307222015e+01
1.623934583530800353e+02
-5.479920548384999535e+01
1.306877078825686489e+01
-2.624803068275265971e+01
5.313535270753748563e+01
4.483410007796607744e+01
8.543219943301616581e+01
-4.128689480112018373e+01
8.994050026334963377e+01
1.578725966900947810e+02
-2.590524580367240048e+01
9.256563261541039367e+01
7.765603358866776773e+01
1.933445525374317597e+01
1.373236586057095110e+02
1.735364816961812835e+02
9.042159210744142683e+01
-1.172920801822166936e+01
1.257741803378361567e+02
1.477322908207048044e+02
2.156597664653850757e+02
-6.164801740388614348e+01
2.105744489414258851e+02
-1.231639222431928999e+02
2.825344273691542867e+02
2.119337131304491209e+02
2.733896424091293511e+02
-6.774136815410520285e+01
-6.417589665345614947e+01
-5.493730637974500297e+01
-3.997429993740747278e+01
-6.005893615035019906e+01
2.426606546721618827e+02
4.043110263350961020e+01
-2.133039763289416868e+01
1.886277552896461600e+02
-3.715853487699918389e+01
-2.268979053518291522e+01
-2.887946925764111938e+01
7.226620411540750410e+00
3.094579440047714769e+01
-5.879094816726850325e+01
2.205719775605324458e+02
1.361557261577322606e+02
2.857333408701139206e+02
-1.185570416327868770e+01
1.107354144701782701e+02
2.770545551262962363e+02
1.160270578357764464e+02
-6.987721988697272479e+01
-3.636829292681282766e+01
-1.825194567102361702e+02
-9.852171003612355094e+01
-1.633761053378630734e+01
-4.617711436273022940e+01
-6.876831316711731290e+01
2.187260705514896131e+02
2.138709057824126702e+01
2.311784724530899382e+01
4.618395388746352381e+01
-5.545638682137718689e+01
-3.655675026821970164e+01
-5.661051311710826894e+01
1.440136754721180878e+01
-3.210649667385034434e+01
2.441815963187952150e+02
-2.212227546184112725e+01
-3.650347730723471784e+01
2.025308315291470080e+02
8.002993706182142120e+00
1.484567735807801796e+02
1.619808421797981737e+02
-1.392477267216825254e+01
9.647403829970025413e+01
-4.516000531341792623e+01
2.922598392618009484e+02
-1.310448646036888931e+01
2.717541404040445059e+02
-3.970238577800284219e+01
-4.237929961303728987e+01
-3.072580657791703374e+01
1.351773817691487700e+01
1.607780504468174456e+02
1.231107289878730526e+01
2.734969249418997492e+02
-7.274561778203648466e+00
-9.984533741144149488e+00
-3.777431178106510146e+01
5.137465985987712713e+01
1.821829499008352968e+02
-3.749322065248468672e+00
-9.391172293891010270e+00
7.223881744048953557e+00
-3.162583757885447255e+01
-3.936347868776566372e+01
3.080635016563260109e+01
1.822925756049049539e+02
2.468939367779135239e+02
-2.152149924368557343e+00
2.256990162075684907e+02
-3.951265236231531475e+01
2.081644757780824193e+02
8.187568872364725792e+01
2.840052759859107709e+02
-6.979611672899102359e+01
-3.702255973722456872e+01
1.361594090981248257e+02
-3.287885205325108728e+01
1.721640815004170406e+02
-1.129949701197652701e+00
-8.429924904469802982e+01
1.441099044695132250e+02
2.806650364433392610e+02
-1.218032171228136491e+02
-6.299731438472768730e+00
1.122946122462191276e+01
1.115728974821827251e+02
-3.600881394704803995e+01
1.162155986225255617e+02
2.949907162668516776e+02
1.614145660198207963e+02
-1.444646352146556865e+02
-1.622538504640301582e+01
1.222032497667785833e+02
2.311592657663425499e+01
1.521469450412348010e+02
-2.532078266622064433e+01
1.900654099029125410e+00
1.793722373655475053e+02
-2.469409930683881385e+02
5.891943391144783959e+01
1.063902539734170176e+02
6.657851739102567024e+01
1.484869263149619201e+02
2.700556050400300592e+02
1.234688803096055807e+02
-3.022858840425373117e+00
2.386550317987355729e+00
1.596971081892370989e+02
1.348465648804404964e+02
1.148405102348914966e+02
2.374309388766897086e+02
1.357893053686788676e+02
1.271276515355089174e+02
-3.484183730523154310e+01
-5.212153316200243580e+01
3.209548826074848193e+02
7.794409236874770386e+01
2.118563916850745841e+02
-5.118472787255453227e+01
1.087656856429577488e+02
2.399308823105773314e+01
-5.687156335325496315e+01
6.590273287712726358e+01
-4.682443190998190374e+01
2.031905836538582548e+02
1.370764016150068301e+02
2.991202037640262006e+02
1.139441070918524304e+02
2.487847239547740799e+02
3.526704157459741396e+01
1.896199297301143929e+02
2.555615445425817143e+02
1.242297943176768769e+02
1.166929664665091479e+02
5.269174020213938547e+01
7.333973093789697373e+01
2.933112152421836072e+01
3.586371364770258197e+01
1.880702239479837772e+02
-1.692541124477529735e+01
1.990892374523792796e+01
2.233367210064407686e+02
4.348785832094503689e+01
1.928946554935196218e+02
-1.253415001516131042e+02
1.359238800126943545e+02
1.664442973518078972e+01
1.256238469013400163e+02
1.703111157085653531e+02
2.065281424767730982e+02
1.083959080980933152e+02
2.978467895848931448e+02
1.921303722306167572e+01
1.055494204720917111e+02
2.129238990336796533e+01
1.183485928953979567e+02
1.419046859215796417e+02
1.145099269525769330e+02
2.034489892208048047e+02
2.060069958916032249e+02
3.326656877448183280e+01
5.016122261420883888e+01
2.884952136311997037e+02
5.863650431153010345e+01
3.224042404222505809e+01
4.986535999782995532e+01
1.260911223249113249e+02
5.130506122845087447e+00
2.796391889157047217e+02
2.756088042080006630e+02
-1.672458952219978414e+02
2.954968771365125804e+02
1.486995422980292005e+02
-1.967769956642243301e+01
2.308439667670153881e+02
2.358498112137054648e+01
2.485186223581266916e+02
1.917331712820251539e+02
1.768879383204511555e+02
1.997881551183078273e+02
3.613643262140391244e+01
9.682188513850184108e+01
1.766331994548033890e+01
1.861653486457909707e+02
1.275545429645069646e+02
1.343274380738364187e+02
-4.411058612339574836e+01
3.538669054044200379e+01
2.683323472114397532e+02
1.502165451839372281e+02
2.502410742937624661e+02
7.579470572507173642e+01
1.613227364972390205e+02
2.639794603774931261e+02
2.705873259849682881e+02
1.879174098466763780e+02
1.480476681180042249e+02
6.097837341454476245e+01
2.480072478640846327e+02
6.524567044805010596e+01
3.865938245011332697e+01
2.581164135336232448e+02
8.407578086931643213e+01
1.518088845811522845e+02
1.680954164454467730e+02
1.592404857945242043e+02
1.675958903027555991e+01
3.373472479426418147e+01
2.792362656744087417e+02
2.582408471389499027e+02
1.361601338579771152e+02
3.152859597023065135e+02
2.953514676785115967e+01
6.382115718927461501e+01
-1.742938145508971104e+01
6.399946486361567111e+01
3.088635547882199717e+01
2.133885095099263367e+02
3.038608570655280801e+02
2.140941858832529192e+02
2.903113707348368280e+02
2.953432179657783081e+02
2.697866500514618338e+02
1.635900682051372428e+02
6.236717180984156528e+01
2.709038645462856039e+02
6.779576818040983710e+01
2.934555449842346775e+02
2.815255315567870298e+02
-9.248411380309519814e+00
2.020963869980209893e+02
7.236794429051246880e+01
2.497135051200023099e+02
2.393505470158007711e+02
2.652166062198101599e+02
-9.439345252028250854e+01
2.251865520363731434e+02
1.916466867388880075e+02
5.058633381132455042e+01
-1.719734199103774017e+02
7.432642015386537082e+01
3.062488227866432453e+02
5.502792433217195622e+01
1.046993406445653818e+01
2.809088323963217704e+02
1.755550593309774001e+02
1.350123959691867981e+02
2.129641652033224659e+02
2.751926383193444394e+02
2.648578958169370594e+02
5.562993356469706896e+01
2.357381189896593412e+02
2.050837194259094076e+02
-3.973490301710194217e+01
-2.150443809366340986e+01
8.298080155729152807e+01
1.843017150578419603e+02
2.901352902672400660e+02
2.916049955959592808e+02
-1.928700447115923851e+02
2.238134829448175083e+02
2.665340163647910572e+02
2.629712271619971631e+01
2.044087929626288940e+02
2.484187538608617842e+02
-2.314721454075697693e+01
3.177924243395825599e+01
-3.483279393338879970e+01
1.145696374231035293e+02
2.435763801909384654e+02
1.483240177116513223e+02
2.192366414404982038e+02
2.427201708669063009e+02
5.344342404011533176e+01
5.384411817537269229e+01
-1.249873340088951892e+02
4.657654232972961950e+01
2.228994950666275372e+02
1.852838646456567631e+02
2.184817417473417436e+02
2.678083739655388626e+02
1.649551571956310170e+02
2.285237308992799967e+02
-1.099278427638025590e+02
2.611817059245657902e+02
2.492122165620767476e+02
2.455183980591744159e+02
4.931788505526498056e+01
2.699606197527663198e+02
3.647481169579526750e+01
2.939800032374754437e+02
1.824761246338934484e+01
8.266009201565533715e+01
7.647934071001969869e+00
2.321121291721839839e+02
2.003626288023961877e+02
4.527902013560563432e+01
5.141253041196998197e+01
1.199628743048979516e+02
2.088568507482409586e+02
2.641668498194146650e+02
1.656656962371020256e+02
2.242655012425813368e+02
1.557718255474490547e+02
1.694985198735716949e+02
-1.468133291331439239e+01
2.752920999494112948e+02
1.886056357970772694e+02
-1.928903006505923656e+01
1.775470064333160281e+02
-1.321361591226762471e+02
6.128495548721218711e+00
-1.251802450116963428e+01
2.798855393995754639e+02
7.968255826566536371e+01
2.897089210856523209e+02
-1.858970351908894925e+00
1.972029761769454979e+02
2.025961891100624257e+02
-2.728475983225688140e+01
2.042978251357250201e+02
-1.541387863909448015e+02
2.699865754034433962e+00
6.380723951805077832e+01
1.997344132258068612e+02
-1.890492818089615525e+02
9.370638394240860691e+01
-1.793360241355084383e+01
2.674258118588245452e+02
2.119472333851975350e+02
2.164122521415345659e+02
2.487744063119118891e+02
2.500973295032137287e+02
1.953105799724777398e+02
-8.508649470281586957e+01
1.331100046057383679e+01
5.437366852898952629e+01
1.929880267011305932e+02
2.756234525529197299e+02
1.599132875282398913e+02
1.417790130688543684e+02
5.499094748023924240e+01
4.751330429038461034e+01
-4.403140733586262456e+01
-2.577565002035083097e+01
1.685941166774709643e+02
3.634265432231185855e+01
-2.871400851399964438e+01
2.398740656325742577e+02
8.480114795502896641e+01
1.736812647618726828e+02
8.070080695722168684e+00
1.154345490490468080e+02
2.558446508747885559e+02
1.596858802846257959e+02
1.086870197214376361e+02
1.480342978330760957e+02
3.749516634050004882e+01
-6.989186391736369330e+01
1.330842487939049477e+02
-2.487051133097575928e+01
1.597474356424285418e+02
2.066551069161454564e+02
2.131211597554875823e+02
1.819840422805168600e+02
3.960933966456609312e+01
1.163221108731930968e+02
1.744133023315724813e+02
1.421800777739795762e+02
-5.079642710237573766e+01
1.682601735183647236e+02
2.216984376440809967e+02
1.833193514485936930e+02
1.776646121580949966e+02
1.267881597313957656e+02
2.587206249689518245e+02
1.379957390913258450e+02
1.886144245051119981e+02
1.787631333742600646e+02
8.782296927395168495e+01
2.135053225003742341e+02
1.512036515203728584e+02
-1.664165849028909747e+02
8.605668634193132505e+01
1.721446824864082146e+02
1.796180374071639676e+02
-4.128696536759358082e+01
1.714802579495975010e+02
2.560857598382847300e+02
2.746155693672359348e+02
1.340561233983404463e+02
5.329284872466834599e+01
4.104117697813654786e+01
2.849735358557279596e+02
2.808387941549146376e+02
6.010282478828439423e+01
1.171700996453027699e+02
1.756087629093747751e+02
3.793103844467006525e+01
1.974814629822817551e+02
6.246985160185657548e+01
2.748031989974494991e+02
2.599121140159879815e+02
5.698835242156837921e+01
2.340655144660568396e+02
3.128978345661142271e+02
1.037673136162982530e+02
1.105570255703414375e+02
1.796205076796046853e+02
-4.533365877934996035e+01
2.207029410840200114e+02
1.950947046585240798e+02
2.394096421222044171e+02
-2.712257133079909011e+01
2.807195456356015484e+02
2.046865518972051632e+02
2.754319268506819753e+02
-1.621451964241858832e+02
2.129376710655054694e+02
-6.580813649370358576e+01
1.993501554238812332e+02
1.572768721121650515e+02
-3.517000954610416841e+01
1.416993340179322445e+02
2.787079254937857513e+02
2.763893682856527221e+02
2.501692453972875967e+02
-8.404363731339734045e+01
8.650168341385499104e+01
2.515825971411291277e+02
9.054177839618057533e+01
8.460359767022997346e+01
2.955381373216517886e+02
2.808741527903928272e+02
1.189997525933317775e+02
2.499500471588419543e+02
2.007726408805948495e+02
-5.325032114878466416e+01
2.778821602668872401e+02
2.474220105396583449e+02
2.859103313987872639e+02
1.333144133887119835e+02
8.163207831866115782e+01
-3.762580459078124306e+01
1.970235810048212954e+02
2.423816227319138363e+02
9.113927580549730578e+01
6.780868289769756529e+00
5.546294460189983511e+01
7.345634005311632109e+01
3.698563757300111376e+01
3.226724287719055440e+01
6.433259344912343636e+01
7.656922005728672787e+01
-2.099493101506602954e+01
1.115580906736731315e+01
1.523601148996234258e+02
8.551379327556499277e+01
2.402796421124808433e+02
7.220456014021551994e+01
2.716272855228658045e+01
4.021597216873217917e+01
3.066327825662969886e+01
5.160258574290617162e+01
2.803766589457067226e+01
2.281703894408701387e+02
1.821473569842156905e+02
1.602481479603244736e+02
2.536702532686347809e+02
2.631504349786539478e+02
2.034569297475391636e+02
1.994725680846871114e+02
1.791412439438292381e+02
7.329834050844759474e+01
2.662739824845878047e+02
6.847765029533995573e+01
2.276768528898801094e+02
8.960840292006332675e+01
6.495586395511395494e+01
1.820058352160052664e+02
9.162579679731013016e+01
1.205165178069448046e+02
2.023338042945028405e+02
2.724662992118940110e+02
2.700603301476634783e+02
1.184670668111257896e+02
2.944261507301099527e+02
2.671353084924409131e+02
1.008477867804963068e+02
2.018780112037075014e+02
2.382732071091015200e+02
1.872740084297118699e+02
2.396911492459319675e+02
1.865481666864448016e+02
2.062130934394408541e+02
2.518264713437517628e+02
2.426680894096377870e+02
2.458671771690814296e+02
2.592676820571126086e+02
1.839172131270968862e+02
2.276846646343633722e+02
2.540933385159941906e+02
2.031998101033216244e+02
1.180200270550321306e+01
-1.097388116241262424e+01
1.719290642039595127e+02
2.839881058217954433e+02
5.038401892197677512e+01
1.063766563571031156e+02
1.282603626285842324e+02
2.577402674776985236e+02
1.124093098053173350e+02
1.042211531571335925e+01
6.977196563524067585e+01
8.573118128305310393e-01
1.181581868352077720e+02
8.848823720710706198e+01
1.035191686049481632e+02
1.890110783165164889e+02
1.525693012418150545e+02
2.006171373873433694e+01
9.907362133990442032e+01
1.303589771242645554e+02
7.893416985317149681e+01
4.432199117817171441e+01
7.950730765828608071e+01
6.118885837930901062e+01
2.865139026682302301e+02
2.790920759196906147e+02
2.710240050188964460e+02
2.669469422623691344e+02
1.062544244735319694e+02
2.580593951506606345e+02
6.135535145619689956e+01
4.866879754219147713e+01
2.706564222408082969e+02
1.377648948838025262e+02
8.039160252142107765e+01
9.634728424400863389e+01
1.347678482837567913e+02
1.605831916162251503e+02
1.864321962091279374e+02
2.727376670769369866e+02
2.221737521839298779e+02
2.349000314941020235e+02
2.741687044827385762e+02
2.355055676845151993e+02
2.064336924898670134e+02
1.751439510971763980e+02
2.374564434546042264e+02
2.355542874304048269e+02
2.161680173530177456e+02
1.144838400257664546e+02
1.914978048279888867e+02
7.516253105514257982e+01
2.971703982419857653e+02
3.068063498414963419e+02
2.052731969626938735e+02
2.287763275751655101e+02
1.427444047772117131e+02
2.861554173239095462e+02
2.515929212713039362e+02
2.898992811907487521e+02
2.675981372459340264e+02
2.839552253461943678e+02
2.841020379943639682e+02
2.555811295378042018e+02
2.470597174331281849e+02
1.504780216891684006e+02
2.677231444402315219e+02
2.930318776965359575e+02
2.361178966615216268e+02
2.749932890597342521e+02
6.635427173308136162e+01
2.522245885113430859e+02
2.645068778429570671e+02
2.352535988537434264e+02
2.641517011567079862e+02
1.178062553933232550e+02
2.857577254532858433e+02
2.296218417789322075e+02
4.702048938710063908e+01
2.120981592509470772e+02
4.101060007680013086e+01
2.710651440326740271e+02
2.668953093074574099e+02
2.722992516535085770e+02
1.252730057346441583e+02
1.197471449885198354e+02
2.561700605462535805e+02
8.077295660499009955e+01
8.645608786966559478e+01
2.591256491104624615e+02
2.712786989404822862e+02
9.274389642931136279e+01
2.810148328690571589e+02
2.200359434881724496e+02
-5.389935423548291737e+01
4.950741539426434201e+01
2.205240269855725046e+02
2.737331168003717607e+02
3.108919477413035111e+02
1.095915139835001213e+02
2.202943211388565317e+02
2.661301609653585274e+02
2.649960007625393246e+02
2.739142157771822781e+02
1.912057702925409046e+02
3.671571492846010187e+01
2.558921723793110914e+02
-1.834291238045622663e+01
2.742672208361831281e+02
2.747918459696216473e+02
1.272592166342956830e+02
2.604816589587782119e+02
-2.137312014371885027e+01
2.290795590398695651e+02
2.163771412208246261e+02
2.564798891866826125e+02
1.687304047173329025e+02
2.770862141308216451e+02
2.475002615130635775e+02
2.126950038134041279e+02
1.314236171806923039e+02
2.865682073712213196e+02
2.734190352046677219e+01
2.480606270075466853e+02
2.246191705390273796e+02
1.381373477393972280e+02
1.697633499476717702e+02
1.285448954987364232e+02
1.503308316151422446e+02
2.245993946740638023e+02
2.126255187733547984e+02
-2.206158155432848211e+00
2.665039008150489508e+02
1.130477632790006055e+02
1.962865384186214044e+02
2.378305559772335869e+02
2.111851275846493650e+02
2.035513453968795261e+02
1.659461331086193354e+02
2.915135188069257310e+00
2.194765309375350171e+02
2.043022780515760530e+02
2.600595343209049588e+02
1.923530188367191727e+02
2.810321267931747684e+02
2.421868541066240539e+02
2.148162209473436803e+02
2.559675421160221731e+02
1.492325621820779986e+02
1.968337141330743805e+02
2.694428396567038249e+02
2.696197393312708073e+02
8.273343157502212364e+01
2.723920330363633866e+02
1.044813207697162056e+02
3.621591055480294585e+00
2.670789664849520477e+02
-4.765606345510111197e+01
9.382470021512759217e+00
1.294427667633494536e+02
2.689404489040233557e+02
2.459124052524831541e+02
2.490981195266831207e+02
-5.497988378573593593e+01
2.590585318857409902e+02
2.551990135635502384e+02
2.901659794107296193e+02
2.048095036399726041e+02
2.447478695903898824e+02
-1.817329764898879603e+02
1.412238796987215608e+02
2.472189617860584576e+02
2.733417071269560097e+02
-1.793546158291557546e+01
-3.119312984149431145e+00
2.046455674565470417e+02
2.087073384772798761e+02
2.431707874054527281e+02
2.412615051884894228e+02
3.891804163593647559e+01
1.551243412381261919e+02
-2.625104184755471124e+02
2.329260381266203126e+02
2.457548058655091836e+02
1.260670095978526604e+02
1.216974114981116060e+02
9.966969646407608252e+01
2.123142919322965838e+02
1.768024915986139831e+02
2.002228777990544017e+02
9.733704744907525708e+01
2.623251540541772329e+02
1.234294338901853365e+02
3.575012851338192377e+01
2.186594861489644757e+02
1.030649067812323523e+02
1.366002655039722526e+02
1.017626029800654521e+02
2.940281678917137924e+02
2.499603317713535375e+02
2.038522505560978857e+02
2.612355116056875204e+02
2.464196529086854923e+02
