-5.161542216654895583e+02
-3.535680034246663581e+02
-1.436095056407296227e+02
-6.607906389659308388e+02
-1.589965323227922624e+02
-7.870771252688217601e+01
-2.746043299894565735e+02
-2.989649218937361184e+02
-3.067275387514398517e+02
-6.240808420219827468e+01
-2.070225760680818325e+02
-1.260917242917543035e+02
-3.605784455080069506e+02
-2.594595414215333449e+02
-8.427343574922736025e+01
-6.521128022278955427e+01
-2.327459234145136975e+02
-9.256800117402492845e+01
-2.304782237319788862e+01
-1.467411028862561579e+02
-1.510281640561882455e+02
-9.862157700533239790e+01
-1.369353433206931925e+01
-1.289299715497718921e+02
-1.744259622402958883e+02
-1.588238225169903046e+02
-6.941799056569607274e+00
-2.773104945640002938e+02
-2.352123119906951558e+02
-2.354485645345177716e+02
-3.086909149272215700e+02
-8.882498332704516031e+01
-1.477034123215706813e+02
-1.096039684087050148e+02
-8.280388399456282400e+01
-2.410462147262174142e+02
-1.646219845115835767e+02
-3.979647011012152547e+01
-3.952356429229013770e+02
-7.845814217838041316e+01
2.274858184600000754e+01
-2.601062690304066791e+02
-1.386076222479800322e+02
-5.942479501667707353e+01
-3.088681451426477338e+02
-2.666193751883735104e+02
4.443573563079013411e+00
-2.082570412774385886e+02
-3.102442369963488886e+02
-3.612927030253765111e+02
-4.205995792342274626e+02
-1.440262519688377836e+02
-1.573271051282226551e+02
-1.820577159798354501e+02
-1.495733037118935727e+02
-2.093788454471131217e+02
-1.991653635548995567e+02
-1.352149411731251689e+02
-1.763056555424745966e+02
-1.181519349513236961e+02
-8.261569843887636466e+01
-8.621771839327614373e+01
-9.556822467686963307e+01
-9.901573314669111880e+01
-1.552246599374299763e+02
-2.282021593530431574e+02
-1.971815398161186295e+02
-1.781375894878594295e+02
-1.911425925663076555e+02
-1.348517149809443083e+02
-2.571289844174463042e+02
-1.529338634295639849e+02
-1.463191088157535660e+02
-2.109295349330881209e+02
-1.267233472805234982e+02
-2.021707081408601994e+02
-1.616988297243236730e+02
-1.709978653850938883e+02
-1.947517470825771113e+01
-2.712697308542323640e+02
-2.504609440725864999e+02
-3.789992365923163788e+02
-1.055312565274024337e+02
-1.944478466748474830e+02
2.739490838974876397e+01
-1.630193872102647106e+02
-5.450888820519261913e+01
-2.825552178355129627e+02
-1.610769864700878884e+02
1.062051631709326749e+01
-1.203682848546374373e+02
-1.750761329531412684e+02
-2.255934124530004965e+02
-1.362123371635299840e+01
-1.260385777976489408e+02
-2.399107610947313844e+02
-2.398185031572215848e+02
-1.844906774254833408e+02
-1.505399895675937501e+02
-1.464433802366693556e+02
-1.491409892709976930e+02
-1.054339268059761849e+02
-3.624785378016005097e+02
-3.706408093878735599e+02
-4.810974079555434173e+02
-5.824776155322089011e+01
-2.322067681452178931e+02
-1.881161418309375790e+02
-1.249197648291678036e+02
-1.302735585854665032e+02
-1.405776631229104510e+02
-8.262858686343099635e+01
-9.658333701241926406e+01
-1.570326149326791665e+02
-7.368389359955691020e+01
-1.172182942504215646e+02
-3.324029625215979991e+02
-2.944469874580133251e+01
-8.198844546431371327e+01
-6.429821540697997762e+01
-1.033671349513651307e+02
3.204268623495056367e+00
-4.799803387217972528e+01
-2.494431342223560222e+01
-1.047520022110267206e+02
-3.351165825373586813e+02
-3.736296563540328748e+02
-2.914654380931254991e+02
-6.214070967679769097e+01
-1.055389462319202067e+02
-3.750021456149070787e+01
-7.847200655303893768e+01
-4.862056094969212694e+01
-1.381392711293991624e+02
2.194456625905797864e+01
1.681049379453010317e+01
5.181965244151648164e+00
-6.147932526414075483e+01
-4.259695564696933729e+02
-2.807367840182993177e+02
-2.746968471473394970e+02
-1.442606786797052507e+02
-3.082521809523229877e+02
-1.251367752615450115e+02
-1.440846603935670487e+02
-1.515977150045355017e+02
-6.389268419517955522e+01
-8.516633662662938775e+01
-1.569863140224168205e+02
-4.978965490867999222e+01
-2.425409247580809335e+02
-3.479827905681810876e+02
-1.534531055353866122e+02
-1.944964004406487845e+02
-1.072484275669625475e+02
-2.091594491168387151e+02
-1.251986213642993562e+02
-3.081388984311275863e+02
-2.484852929110883792e+02
-2.902950409963698348e+02
-1.767298487988975921e+02
-6.723026562374387538e+01
-1.301947346315490108e+02
-5.990630301283619019e+01
-3.226989731478738008e+02
-1.168733981525000303e+02
-9.831428034341045930e+01
-1.031601772802563666e+01
-5.189175199485283230e+01
-5.443942436053654887e+01
-3.776587663933947425e+01
-5.060825462084106618e+01
-9.271234134902741175e+01
-7.317330176586774826e+01
-6.977835689095543614e+01
-9.859112770632290790e+01
-6.708325098460495894e+01
-7.778740701366356802e+01
-1.910266761813612391e+01
-2.492846636191546494e+01
-5.541974421361095438e+01
-1.074614159910590772e+01
-1.069185386558870334e+02
-3.355301109457003150e+01
-4.252150790405480763e+01
-2.867069475834288994e+01
-5.122136311900012373e+01
-3.562841454860696189e+01
-5.811301904497590840e+02
-6.022772129169187139e+01
-3.596710101072000043e+01
7.869188597967209375e+00
-4.427999296970877197e+01
-1.861770808400100918e+02
-3.863462351749654999e+02
-2.866866475335395421e+02
-1.344983207508418559e+02
-2.690694957749210516e+02
-1.691390694181503704e+02
-1.825812170455053263e+01
-6.567454693774195107e+01
-1.274206631351598986e+02
6.219138925540903529e-01
-7.895420779477129258e+01
-5.479291356206501717e+01
-7.592350423836691675e+01
1.110294631037524198e+02
-6.653670149466792338e+01
-1.001108865007184932e+02
4.393057178842811439e+00
-3.276714670277463881e+01
-9.011202575957780425e+01
-3.591265095144090083e+02
-9.411711072483893759e+01
-3.345045408717770670e+02
-4.410660549608753911e+01
-9.220385090649325832e+01
-1.327596685172003106e+02
-6.269343224768680045e+01
-1.363449045603823322e+02
-7.091938605856003619e+01
1.547224978326858391e+01
4.931200796559058119e+01
-6.138513257873989915e+01
-4.392739894953540869e+01
-2.944951509262900657e+01
-1.313515225084888698e+02
-1.422189808149447572e+02
-1.705224933793717241e+02
1.438041782709408700e+01
-1.268766232488492136e+02
-2.313396476911138393e+02
4.939320597083224129e+00
1.428088669135892133e+02
-1.846737000832922035e+02
-8.622252069455100809e-01
6.694299440406547319e+01
6.971965873540841585e+01
7.376557985394060779e+01
-1.944162089364214125e+02
1.774953434973628319e+01
-1.940048062285173501e+03
-1.390015248357177597e+03
-2.331357066627415406e+03
-1.531879589347271065e+01
7.941079558336842581e+01
-6.770652499614732278e+01
-1.605222507996423360e+02
-1.215097046366793450e+02
-1.033507211940142838e+02
-1.071493570863983535e+02
-9.891942932571608083e+01
1.378876104616325904e+01
-2.353007323596049218e+02
-8.586907563798320098e+01
-1.330828475045213395e+02
-8.395323219053292974e+01
-4.887107328509456039e+01
-3.047711618894621211e+01
-4.972677648819633589e+01
-6.766517010347342875e+01
-5.587762746333352482e+01
-5.751854836970709073e+01
4.924957024274988271e+00
-6.906411880411023674e+01
-6.666558842969985221e+01
-7.197895075500021278e+01
1.005790116611572671e+01
-6.811244217384279409e+01
-1.126318056108020755e+02
-3.740235738269778665e+01
-8.480916564375694122e+01
2.293297282070538401e+01
-2.114869432155276119e+00
-2.992025190554506935e+02
-2.032228810440558391e+02
-4.477919808454034722e+01
-2.150076802497744666e+02
-7.933739111395468626e+02
-2.294000417952962323e+02
3.538512185435607194e+00
-3.419068370862415804e+02
-5.103114557064204604e+01
-3.646871434523529842e+02
-1.464760519402227601e+01
-3.639266215495920846e+02
-5.094811677468157995e+00
-2.807783368501354460e+01
-2.724486180162497249e+02
-3.411217306240945391e+01
-1.338876343006361935e+01
-2.960492090834493979e+02
1.965876969718351575e+01
2.304403223730595585e+01
-1.962754930363320227e+02
-2.580260920822652224e+02
-2.086654539387802174e+02
1.740203850789844182e+02
-1.557653026498394695e+02
-6.538901219409810039e+01
-9.103499800181586465e+01
-6.101732028674957320e+01
-2.270993433848700249e+02
-3.256512187202972086e+02
-2.041459701697385754e+01
1.405896614361371633e+01
1.737474898245559984e+01
-9.952707330603870162e+01
-1.788327289902183566e+02
-2.660986673029395888e+02
-2.407485807352514371e+02
-1.591698064568268762e+02
-2.717526731897531818e+02
-8.465788807036952335e+01
-1.353374756767979932e+02
-2.387636480982108083e+02
-3.788817056813362569e+02
-4.628610069604059731e+02
-2.897833210338205845e+02
-2.013662053468480053e+02
-1.989530718278166148e+02
-2.960433491485165405e+02
-1.976760251231623897e+02
-3.544165312617874406e+02
-3.687248591395494941e+02
-3.463926067725266194e+02
-2.790986550054907411e+02
-2.559195341492822422e+02
-1.636163736197725314e+02
-2.657534427463068596e+02
-2.065850969550276943e+02
-2.521871694214070772e+02
-1.805982120417650663e+02
-1.519882081697089689e+02
-3.598335109750887284e+01
-4.432963809038798786e+01
-1.886906493414695092e+02
-3.964801215045662985e+01
-5.184393318394035077e+01
-4.124589141088552680e+01
-7.610367532563289217e+01
-4.786689535645700033e+01
-2.192617699761916583e+01
-6.488071268726862684e+01
-2.515410637944452432e+01
-5.660358708627878599e+01
-4.039953198377431676e+01
-2.360776289224406099e+01
-8.048255559353054878e+01
-1.089289103636656364e+01
-1.866108580803275530e+01
1.913449706433097930e+01
1.067586710819092843e+01
5.964677989359088883e+00
-2.308915743326843995e+01
-3.479804835623210835e+01
1.022122036476914673e+02
1.948733846624652699e+02
-3.581847403570084509e+01
-4.306803709402198876e+01
5.496152781940267573e+01
5.695204241571061488e+01
-8.256031888143313324e+01
5.445233635220947832e+00
-2.372482483180311874e+01
-9.144514260387734339e+01
-1.240561912653445233e+02
-4.050619195703015407e+01
4.776366913539422399e+01
1.021697637403576664e+02
-3.043023346493995973e+01
-8.506295699087397111e+01
7.109720582444410297e+00
-5.155538316499317375e+00
-1.939308699177281881e+01
-8.800540835320892086e+01
7.329561662900655961e+01
-7.824299064649534330e+01
-3.127816453386468254e+01
-5.576534874482461390e+01
-9.628671982459940182e+01
-5.009030297406340537e+01
-1.312679428490334601e+02
-9.913972488775824843e+01
-3.195674270379046789e+01
-1.507488886525967473e+02
1.034197872654536923e+02
-7.273864094550333448e+01
1.171738807006858991e+02
4.123232537338518711e+01
1.113230903982851459e+02
1.423784459795440114e+02
-2.267045219583037010e+02
-2.356917718190818789e+02
-3.007250019176564138e+02
-5.307713130901105814e+01
8.346822432295986971e+00
1.366780300560354533e+02
-6.235504431613486531e+01
-7.360547612661039807e+01
1.261987204058083876e+02
1.000160568506255174e+02
1.679566916625848805e+01
-5.722964291039426143e+01
-8.342026176225029133e+01
-9.145737641628939230e+01
-3.686803610830445876e+01
-5.725778496296658204e+01
-1.461995099216346716e+02
-2.153527802338894332e+02
-2.142298582971375822e+02
-8.741885166941976593e+01
-1.234889328621982827e+02
-8.845532195507283291e+01
-1.640779186440975081e+02
-1.497772386744928212e+02
6.718781316036165663e+01
-1.255165032992913012e+02
-1.095731054937742499e+02
4.302540264485168109e+01
-6.842074314125227374e+01
-9.933393256235285662e+01
-1.296942192411738120e+02
-1.945414050481630568e+02
-2.589713352695611661e+02
-2.571086163808739684e+02
-1.944865436959902922e+02
-1.706461149459094031e+02
-3.697354246869082885e+02
-2.864918379942769775e+02
-3.615174901951745596e+02
-4.857346168329605689e+02
-1.519835311129992590e+02
-4.647397826952245055e+02
-4.439420749487471767e+02
-1.767787318318455050e+02
-1.485699344545126053e+02
-2.129184585312040667e+02
-1.164011508597771609e+02
-2.737609849518644296e+02
-1.074179947040749852e+02
-1.967052229295132690e+02
-2.553445341168937262e+02
-2.409120324099991137e+02
-3.003940552374043591e+02
-2.152704942081965953e+02
-1.628051328093266079e+02
-1.658919038372793011e+02
-1.159811790632083870e+02
-1.765071618582289261e+02
-3.076214910943450604e+02
-1.100475782478821145e+02
-1.283686958666133933e+02
-2.055500411401345673e+02
-1.862880060350705662e+02
-1.707779792248742012e+02
-2.170559669626803725e+02
-1.128747297436700592e+02
-1.124482742195160938e+02
-7.950477968807166462e+01
-1.956743412569068425e+02
-2.281849933293320873e+02
-8.023711275281186772e+01
6.184140135873391131e+01
-6.880086008005500275e+01
-6.847881810951189152e+01
-7.215031869108501894e+01
-9.480426617885501628e+01
-3.063062037743337385e+01
1.772361206952646739e+01
-4.682165880573487016e+02
1.906877277811058491e+01
1.867845088472599286e+02
-8.841059919308881376e+01
-5.009214520967212536e+01
-4.142134353795114521e+01
-4.524089713717891215e+01
-1.010767724558238712e+02
-6.253397251959464853e+01
-2.841937443544088993e+01
-2.935613393004595650e+01
-3.397652750479132777e+01
-3.254872399820337137e+01
-4.788840111154694767e+01
-1.138955577169356204e+01
-7.156544672434378640e+00
-1.317542350589357341e+02
1.087642444379069318e+00
-5.837309003859694911e+01
-6.589436541858300700e+01
-2.434289868977571913e+01
-7.442848123581091713e+00
-4.742875299712213177e+01
3.391626342943595773e+01
2.965819172641396761e+01
-4.015244646855213517e+01
3.567946831248476514e+01
2.073752903737725362e+01
-8.654622557883405065e+00
-2.286850909947720467e+01
-1.765625830598918355e+01
-1.066741490673067005e+01
1.958184396241568948e+01
-1.208698228646977526e+02
4.960454155602741366e+01
-2.975286195198723931e+02
-3.724802166125849681e+02
1.687601579233010796e+01
-5.751622720665808686e+01
-3.033179282048648702e+02
-2.607310761361328559e+02
-1.229517364283606469e+02
1.191417187985076964e+01
1.718166870428645154e+01
-4.456039224874940601e+02
-5.213901303778409329e+02
-1.214936030754080321e+01
-1.910328138774892182e+01
-3.465458060245107674e+01
-3.620583998262792420e+02
-5.613863527381392942e+02
-6.852330092598764395e+02
-6.214613621314556440e+02
-8.661623952548552552e+01
-7.536921453339849108e+01
-1.732055148028306064e+02
-8.826137067493874611e+00
-9.746045490248405940e+00
-1.527553914232028092e+02
-8.739786945446951449e+00
-1.190115228282317759e+02
-1.078076449732171795e+02
-1.049538403876115211e+02
-1.214908890838595923e+01
-4.315297255236818330e+01
-6.829480306264537148e+01
-8.438613570088581639e+01
-6.416560095302848765e+01
-1.922955433297797754e+02
-2.898432917751543414e+02
-1.755845605734878632e+02
-1.200801891770767185e+02
-2.680980463860426539e+02
-3.938248003745370625e+02
-3.672978141257216862e+02
-2.571196072877199867e+02
-3.285100436846030902e+01
-7.073555834359444816e+01
-3.319527416713685852e+02
-1.817981091677552854e+02
-1.800943131667042110e+02
-1.950181114847981974e+02
-2.000586102912395745e+02
-2.282830239783476429e+02
-3.797438274551350901e+01
-4.819766056360446527e+01
-5.550614555028877461e+00
-2.869010409971186615e+00
-7.720252425256344253e+00
1.515222788363183071e+01
5.735885120673360404e+01
-3.855037100432968344e+01
-2.190231729648284329e+02
-2.103550340778113537e+02
-2.106050991017762897e+02
-3.564749401333820344e+01
-2.351329964205229146e+02
-9.129030807745876075e+01
5.267797559449067357e+00
-5.078866488513750710e+01
-3.252687947194588958e+01
-5.242696207839750144e+01
-5.956638769343084761e+01
3.669337997301468590e+01
-1.079453322509406235e+02
1.725598044424814930e+02
-5.288546359332272573e+00
1.246413799885201570e+02
1.502514603308636651e+02
-1.619810467622013661e+01
-1.959494374843709750e+02
-1.124730019043230271e+02
-6.082779596437389813e+01
-1.440472758505199238e+02
-8.209016724835140622e+01
-1.389989435504373034e+02
-7.722657487224884676e+01
-1.149708090383747390e+02
-9.102589683875223159e+01
-6.771582726496885130e+01
6.070099510667586884e+01
2.976990450070656635e+01
-6.382305906018312669e+01
-3.908439613462835638e+01
-1.606491494956253874e+01
-3.371346514777185632e+01
-9.441486802588796934e+01
-2.660913227560723726e+01
7.698692000048870554e+00
-1.708937320632273327e+01
-2.823532456582320549e+01
-3.405402241955011533e+01
-6.138065692825851016e+01
-1.728461196167857494e+01
-6.502074577731893612e+01
6.070482960838817377e+01
-1.817191629256384431e+02
2.002321704071945163e+01
9.416832936637945295e+00
-1.927925968832200851e+02
1.475592831002450680e+02
1.085801808346932944e+02
-1.292224958412024307e+02
5.502853028878627129e+01
7.536076894890905464e+01
6.675681317235739698e+01
-4.731028051447142957e+01
-4.157804956520351425e+01
8.106796603002806023e+00
2.000683900753131468e+02
4.524066643593957338e+01
-2.347353541218546980e+01
3.612365508108112522e+00
-1.942956251446738634e+02
-3.346799917757716685e+02
-2.385036493521742784e+02
-1.096810468590959431e+02
-2.112199601606536135e+02
-4.023892242050877854e+01
-2.289050196360589382e+02
-2.877255283746566761e+01
-2.087200810417283492e+02
-3.289219170145406679e+02
1.039483735076337325e+02
2.054464181060234296e+01
2.084818554883946717e+02
1.167494114272536336e+02
1.146938400597838381e+02
-1.264620198589333313e+02
1.210587382967352283e+02
-2.930346561088811086e+00
-3.601803295486174505e+01
-4.716475694072542524e+00
1.223800210871775533e+02
-3.748644011118773278e+01
-2.703290995682534970e+01
9.476446878731874790e+01
1.371710530706997702e+02
-1.182109637268332847e+01
1.932350476072090828e+01
-5.160384352487443493e+02
1.268181452130118174e+02
1.320172401586598596e+02
-4.426596342460949813e+02
9.464819184343565439e+01
8.795152922467666201e+01
1.453488953947155267e+02
9.655675661461641468e+00
4.553854563044174597e+01
-1.867496137534854483e+02
-3.148919255406738671e+00
4.520845154110062936e+00
1.206956261406179181e+02
-3.920026317935516147e+01
-6.097193970734018649e+02
-1.654942530093499954e+03
8.502809608170409206e+00
2.258776162036303958e+01
-1.391849396075396044e+02
-8.090094490690945861e+01
8.040601540480804488e+01
-5.500892267772067044e+02
-3.998132922602944745e+02
-4.922917451728750962e+02
-2.789642973232335521e+02
7.718931452221072220e+01
-3.181262059265422693e+01
3.726921907451711036e+00
9.532116375356125104e+00
-2.152543864248134753e+02
2.702569616288106502e+01
-3.472727810491490175e+01
1.870418882581016362e+01
1.461011035978985717e+01
-2.482944875107929761e+01
1.114016220590396387e+02
2.465453209165870305e+02
-1.276861175950554781e+02
-2.190736029115092265e+01
1.798529083998673173e+02
1.098734257166712247e+01
-3.120137833606948163e+01
-2.346948004643412844e+01
1.450567879012986339e+01
1.619458563606809776e+01
2.278851047329638391e+00
1.832105660340724285e+02
-2.693281004536717091e+02
-1.892985633779786099e+02
-9.021643891153686923e+01
-2.064972621617102959e+02
-1.526519227917355579e+02
-8.787910679515148615e+01
-1.696421923062033557e+02
-1.655165038664786081e+01
1.659646221899021725e+02
-2.367248694987067381e+01
-9.154038317177318618e+01
-1.024780157288744249e+02
-2.384257988868550626e+02
-1.863764673859174081e+02
-1.705168330918141066e+02
-2.187339247449985180e+01
-3.944508327705088391e+02
-1.142529204045180933e+02
-1.349779813785206954e+02
-2.765442993561085814e+02
-3.179980223130823447e+01
-2.007049301868959219e+02
-1.032864253431399817e+02
-1.580757364106926559e+02
-3.039825961335088778e+02
-2.767560374407239578e+02
-1.196647163944383578e+02
-1.824435360617659967e+02
-1.183881068870574040e+02
-7.970834774333731332e+01
3.816012278242879319e+01
-4.706883477392778303e+01
1.468019668458921956e+02
-2.248974340320773990e+02
9.957270996195319412e+01
-4.152309760071985778e+01
-1.087732012038911193e+02
-2.109048383864853804e+01
2.157889186988876418e+01
-2.186480870362685494e+02
1.173223916901765307e+02
1.083537944912460205e+02
1.217886535094407208e+02
-9.303147142700791505e+01
1.203783891475469972e+02
-6.214262825930188683e+01
1.405894288966731835e+02
5.937977836837389134e+01
-1.406013953463347832e+01
-4.628496987209148728e+01
1.152025180971348561e+02
-2.756801721156962230e+02
5.897801985121804336e+01
-5.125202100502251596e+02
5.253847863021773890e+01
1.764373682516590520e+02
1.583296533727884459e+01
9.485448610539006609e+01
1.176474061001073466e+02
2.182691261771451536e+02
5.881900284615015551e+01
1.899748741175831697e+02
-5.950478804573206304e+01
-6.448534311707643951e+01
-4.504862712848933626e+01
-6.841482986482779438e+01
-8.074862014399982968e+01
-1.056468517866014736e+02
-3.642147918148689314e+02
-2.231648438154608982e+02
-2.245175141581111120e+02
-5.635106589377488007e+01
-1.119197537766933920e+03
-1.381697637371514134e+02
-1.516126440077488553e+02
-1.176522489505089624e+02
-1.008973361694473624e+03
-1.725355236276565307e+01
-2.178918846176829049e+01
-6.200877459599860231e+01
-1.202500040457364250e+01
-4.729258831473388369e+01
-3.506556716216020675e+01
1.462056504042969252e+01
4.615115712617388510e+01
-1.237990288154586160e+01
1.570234637910361073e+02
2.176615636893877763e+02
1.906390142711650810e+02
2.542847959265291991e+02
8.847148806007226085e+00
-3.873662355472092145e+00
-2.887343849170918020e+00
-8.396692557343392593e+01
-1.016961921674776903e+02
1.514389337414277747e+01
1.123591729556326015e+02
-5.778023081616320411e+01
-8.605577416348205588e+01
-1.163931604084319389e+02
-1.812948649533596779e+02
-1.161775586729197016e+02
1.301104516191049356e+02
-8.377551883865496052e+01
-1.841342401327461857e+02
-1.026777050968771050e+02
-9.938588484486415098e+01
-9.151944195866981602e+01
-6.009709626275755312e+01
-4.806017108342633293e+01
-7.835260091037450536e+01
-1.993948701248922362e+02
-3.051920985228134242e+01
-4.838057252264018615e+01
-3.747860985042603943e+01
-4.251421623776310810e+01
-2.944828068220087047e+01
-1.273309841604608295e+02
-1.629111187325118522e+02
-4.515553284282273694e+02
-1.633170239754703061e+02
-1.105588419891387417e+02
-8.572138900007180951e+01
-7.355806671151991338e+01
-8.866720491516660729e+01
-2.179195767282200791e+02
1.564898518421956624e+02
-7.488779212335214197e+01
-1.969685999048172107e+02
-5.737388545621254110e+01
3.706814805217648967e+01
-8.896189437015749490e+00
-2.621858947719831008e+02
-2.699619416908948324e+02
-2.425401867692421263e+02
-5.447250173332276546e+01
-1.217295997787550448e+02
-1.078034851407207668e+02
-1.010768029075278207e+02
-5.709773592900081951e+01
-7.204953669746852540e+01
-1.358199876334411442e+02
-1.034774451504136437e+02
-8.556088271665572620e+02
-7.415715018022375205e+01
-1.211865337858817497e+02
3.388516345708237054e+01
-4.582989002168559978e+01
3.089300123742194160e+01
4.801999789465318713e+01
-1.043664446726265425e+02
-1.721920587624929055e+01
-8.746614287252386077e+01
-2.663346687653228173e+02
-2.075691558441512541e+02
-5.355936088474118861e+01
-7.197147464277398399e+01
-2.370691414886676966e+02
-1.057532858082853551e+02
-9.958625914608768426e+01
-1.667472537837299456e+02
-7.008319382325133517e+01
-2.871266325623297178e+01
-6.248572626552204667e+01
-2.230278429632824952e+02
-4.320015937240721655e+02
-4.201061718700600522e+02
-4.979111470775137605e+02
-2.787184857530065756e+02
-2.097376673801457798e+02
-1.126917619069159997e+02
-1.444204983941447438e+02
-1.420660966754858805e+02
-5.428313733124908822e+02
-1.355029468049044965e+02
-1.651018969578793474e+02
-1.279906674309343657e+02
-1.977201659788225072e+02
-3.627114936541055386e+02
-1.779192153163552916e+02
-9.711299436646770573e+02
-7.149110639965253995e+02
-4.537328073276838154e+02
-1.892744121077030854e+02
-6.549742420095371642e+01
-2.769491264531505976e+02
-2.815340077634158433e+02
-5.511370327613456084e+02
-2.728853627427125730e+02
-9.106296568528954083e+01
-1.124693674634872735e+02
-1.144503836075810312e+02
-5.781909436920430778e+01
-7.172929173170440720e+01
-5.851562602861163498e+01
-9.156356514721321105e+01
1.690519924535495306e+02
-8.755615748610270543e+01
-3.948638470346352847e+01
-3.906710805045035073e+01
-5.736773925432738963e+01
-4.835698212004130596e+02
-3.984067883675772350e+02
-4.681043187360473894e+02
-3.141447509214612523e+02
-5.833111228756199580e+02
-5.540566199058320080e+02
-3.877677907596042814e+02
-4.666323993909497858e+02
-3.852660266715832336e+02
-7.592328776235782470e+02
-9.281223246041018911e+02
-3.827866179571193470e+02
-3.834027170123055157e+02
-5.101767736598099532e+02
-8.327389136620843146e+01
-8.939741373281523806e+01
-3.040272335284232597e+01
-3.155138070719735310e+01
-3.121113720326635388e+01
-3.456505781325124360e+01
1.850442901882773583e+02
-9.528057897985206637e+00
-1.026041532100729654e+02
-2.554395778618559234e+02
-2.128501252211861470e+02
7.795412111900511754e+00
-8.264458469967040344e+01
-1.150166534543632082e+02
-1.096440652802709508e+02
-8.358670547346756052e+01
-1.483261747084692388e+02
-1.222272516743990280e+02
-1.249088433410491348e+02
-1.352100358128455184e+02
5.655772442291825541e+01
-2.564454277374028948e+02
-1.222370903647601494e+02
-2.579285229278991665e+02
1.286378609581307728e+02
-2.905304111013458623e+01
2.033209940278776457e+02
4.368845356065801866e+01
-1.318474647088308416e+01
2.043322919587773185e+02
5.543066805247534745e+01
-6.548858249446391255e+01
-4.722694501549139545e+01
-3.793900546215675007e+01
-1.336854411103021505e+02
-3.661658471136801154e+02
-2.843797008134787347e+02
-2.697408009377833196e+02
-6.044250008747351330e+02
-4.194830175479042396e+02
-3.313622458120581200e+02
-6.134134677581935193e+02
-5.186415814217423303e+02
-2.006364332803190678e+02
-1.543090856684553387e+02
-2.593497066348759290e+02
-5.462513316164897788e+02
-2.806347514536011545e+02
-1.009894434730782109e+02
-2.823650208654871676e+02
-4.585627170850393242e+01
-1.712989986728284180e+02
-2.103803553265812525e+02
-3.293658759944405006e+02
-8.697387889646694248e+01
-2.530089644530991677e+02
-1.317013240560550287e+02
-1.247645047123937445e+02
-1.727117602499248505e+02
-1.186352474687007970e+02
-1.426365012754903319e+02
1.863983160192784680e+02
-1.732756291529830719e+02
-9.037193523068727075e+01
-2.356038128447068232e+02
-1.623993558109588378e+02
-1.490525672126555605e+02
-8.798832589962795225e+01
-3.862817128293978840e+03
-6.437710262545155047e+02
-1.062412878212043324e+03
-2.948353779346573447e+03
-2.173221519154807027e+02
-1.447085096706769036e+02
-3.833495358904111072e+03
-3.079494751271420682e+03
-2.309158824647995061e+03
-1.474541369332417162e+03
-1.399805371529312879e+03
-1.654042184867270635e+03
-1.669425046618335955e+03
1.332336399660494521e+02
-1.261636653152397230e+03
-4.696379271554273771e+01
-2.033079985098421503e+02
-8.403448426833230656e+01
-1.276342485419976782e+02
-2.421631400642120582e+02
-4.244362220508540418e+02
-9.270818802091704924e+01
-3.230876159860616212e+02
-3.097798023284676674e+02
-2.562131137310534541e+02
-1.183452294548435191e+02
-2.092406633449538731e+02
-6.647329887887224231e+01
-1.890586271547594492e+02
-2.436746800589046131e+02
-1.837248845590646340e+02
-1.719493746319432717e+02
-1.098407562732203075e+02
-1.873712264114602135e+02
-1.258545111908368597e+02
-1.758422050711135682e+02
-1.339569267089014772e+02
-9.913052551069147000e+01
-1.798063405713272402e+02
-1.271162071399957512e+02
-1.374879549666863454e+02
-1.453452311763932130e+02
-3.677226319619966830e+02
-2.127627728870302803e+01
-2.599376439551834892e+02
-9.169518600068056458e+01
-8.876074014429372028e+01
-1.110870120663863219e+02
-1.602620819671417962e+02
-1.673271790591957426e+02
-6.952406712987483672e+01
-1.140379150528503800e+02
-1.057443345991596999e+02
-9.067622254896156164e+01
-1.562936385087383997e+03
-2.463967893413719423e+02
-9.159562395860028516e+01
-3.048410826612299047e+02
-1.857331600605621986e+02
-1.399568706943029497e+02
-1.637168076043708425e+02
-1.276111834352233103e+02
-1.651778376951978089e+02
-1.480057820485385491e+02
-1.728255086452405180e+02
-3.281338969565383081e+02
-1.736932492102036178e+02
-1.381411763799353594e+02
-1.227549126888063711e+02
-2.208558297243454263e+02
-2.265011332364069006e+02
-2.212512266967140704e+02
-1.222871720721758493e+02
-2.232891818211263910e+02
-1.138161860050453242e+02
-1.935270037261989273e+02
-2.017823047407860031e+02
-1.538691071942721464e+02
-2.123463151504074631e+02
-2.188629370881233172e+02
-1.905861608004833272e+02
-1.248452393586461824e+02
-2.323796608742118508e+02
-3.355913458211523448e+02
-1.786994438086130970e+02
-2.183735785439927213e+02
-2.129967269531184684e+02
-2.141317767764094526e+02
-2.254974809208387114e+02
-2.145479953367761254e+02
-1.918312937762980823e+02
-1.107018627525191334e+02
-2.837705837923899708e+02
-1.509732340044898535e+02
-1.597820777590386285e+02
-2.724869922926185382e+02
-5.382075619026185223e+02
-8.006096851290610630e+02
-6.570136218463007935e+02
-7.213782705778096442e+02
-2.201303596224295802e+02
-2.513154017045012267e+02
-7.226328197553423252e+02
-1.377408494187492636e+02
-8.755736116490697896e+01
-2.356368039384013002e+02
-4.636392258958713910e+02
-1.615998204104197953e+02
-1.641858801601346158e+02
-2.529997206202262419e+02
-1.391099780193671904e+02
-3.676256543063580580e+02
-3.227988957385337017e+02
-1.173617956051512010e+02
-2.521282951052891121e+02
-2.768932931553482604e+02
-7.277206066062087757e+02
-2.824476058012845670e+02
-2.413814347666922515e+02
-2.432067454706920842e+02
-4.833110566766976604e+02
-2.229709538518025056e+02
-2.909286490577956101e+02
-2.890337595485628412e+02
-1.550871163127177113e+02
-2.454085308901965448e+02
-8.834111687488302778e+01
-8.163294249012722048e+01
-1.240274789042165509e+02
-1.136202645996791603e+02
2.487322703780619690e+02
-3.253046691123108758e+02
-2.183553853419062420e+02
-1.403729178854617317e+02
-1.077283385669910132e+02
-1.190230213754477546e+02
-3.294587755284433115e+02
-2.694355020314595777e+02
1.035381957028278066e+00
-5.995407838786792354e+02
-4.294528959239443680e+02
-3.941983595711388375e+02
-1.437474948068409617e+02
-1.700643646296625775e+02
-3.532134799056593977e+01
-1.168119299163132041e+02
-2.072976609440780749e+02
6.314066606028603701e+00
2.444512442227550935e+02
-1.491031600983643841e+02
-6.390089267672479991e+02
-2.414133463676985514e+02
-1.610903303968193825e+02
-6.298767449126160045e+02
-4.288934454715651157e+01
-3.182770100739709918e+01
-3.517855133818187596e+01
1.760835333398131652e+01
-6.240825565111647677e+01
-2.947045206566480715e+02
-3.693504547752694833e+01
-9.194278130697684048e+01
-3.923155367413827577e+01
-1.329504954990632015e+01
-1.012946716292242684e+02
-5.067362269438100952e+01
-3.139233170290607333e+01
-2.085985094140617093e+02
-7.921270380297546865e+01
6.523270558077499004e+01
2.171428909212910128e+02
-4.792883753872771280e+01
-6.690325071925431644e+01
-6.866765980359812147e+02
-5.650096726424329745e+02
-6.372970370463120560e+01
-6.145286315190077175e+01
-7.327330680819034114e+01
-9.808335510344116415e+01
6.771312528791702334e+01
-4.930347820864049879e+01
-1.299479080400656130e+02
-4.177108586062458073e+01
-2.629371279185491517e+00
-1.707670565621725700e+00
2.296244100956022010e+02
-9.437708938321321739e+00
2.558562777889984829e+02
2.024451127422395587e+02
-3.847581658845690811e+01
3.630221718802712871e+01
-1.354451794432597751e+02
3.329971930617784892e+01
-1.780506338177255543e+01
-3.909199654698944215e+01
-4.883626877847412118e+01
-8.918286272374700729e+01
-1.059194980856475894e+02
2.744844118827198542e+01
1.306881519680943882e+01
1.443152296754800545e+01
4.645167923721973580e+01
3.860425280279841331e+01
-1.164995062947195379e+02
-6.608042475692609230e+01
3.537511271475665353e+01
2.942495882910591831e+01
-2.799256703738296892e+01
4.984459817799057646e+01
-3.576231105276973210e+01
-5.140732567467411229e+01
-5.332293183528562963e+00
-3.671246869730250495e+01
-3.064862129695150372e+01
-2.603848246380939599e+02
-2.134646739031229856e+01
-7.747499074764812121e+01
-8.048353310770863800e+00
-2.686884698310612407e+02
6.400078586827490312e+00
-2.631202857194576836e+02
-9.413588414698304518e+01
1.325716622800916866e+01
-8.589702692311567489e+01
-3.740742197759183796e+01
2.633193276201627100e+02
-3.559230294749742995e+01
-4.467209284733858254e+01
-4.969210910981730223e+01
8.993317866307820907e+01
-2.883945769704120039e+02
-5.912592815531584733e+01
-2.804550536369658857e+02
-2.666455355794307707e+02
-1.997028412764092025e+02
-3.084231870780089366e+02
-1.877629149306773968e+02
-1.491227583189825339e+02
-1.929494242858298207e+02
-1.512743201887342082e+02
-1.498688175664198639e+02
-1.559433240337784241e+02
-1.224376177538721464e+02
-1.575853371763459165e+02
-1.493332494828644599e+02
-1.625504330764279075e+02
-1.454472761419821722e+02
-2.890961837071990885e+02
-3.457140390507982488e+02
-7.628776163427939139e+01
-1.350978115899144143e+02
7.330770152667213324e+01
-5.547176606510806351e+01
-1.450823059429782802e+02
-1.238283313924934532e+02
-7.275952490094071834e+01
-2.590432518160370989e+01
-5.350870006254540812e+01
-2.335064673885412390e+01
-5.524568933037225804e+01
-1.035650609368481838e+02
-1.366506786250158711e+01
-8.932223494828957655e+01
-6.799998681663950606e+01
-1.326799058958030741e+00
-4.425283005231150213e+01
-1.419061124039139088e+01
-5.010991675380866184e+01
-2.914643249466391239e+01
-1.390741096833545498e+02
-6.660864376103205586e+01
-1.065960764516704700e+02
-5.663453293446698211e+01
-1.068074800606694907e+02
-8.041970851490299310e+01
-4.609461811822014852e+02
-6.938881522160874056e+02
-3.324368154218288964e+02
-2.190159085743774483e+02
-1.583202355685303360e+02
-2.145578755384328531e+02
-1.516574975969286356e+02
-1.070072469384899563e+02
-1.556726694492845411e+02
-4.462945473101837024e+01
-5.156308693946341748e+01
-7.187916779059433736e+01
-2.617292347110487754e+02
-1.758393348634982658e+02
-1.719042681144134406e+02
-1.421619206743302186e+02
-1.407669597184174961e+02
-1.488975915378639172e+02
-1.461094424905077176e+02
-6.781852354727112697e+01
-1.194869292743290146e+02
-2.288417225298582593e+02
-2.054882827612765368e+02
-6.393994671536441956e+02
-6.574296146147474929e+02
-3.621053198256226580e+01
-7.575598549069303544e+02
-1.325203069078515625e+02
-1.985316530015087437e+02
-1.322056392763079202e+02
-1.111797770989991534e+02
-1.646444120017428077e+02
-2.832541485011197437e+02
-3.991073172292870481e+02
-4.275870578654639189e+02
-3.686043058868881985e+02
-3.849523194156573709e+02
-4.648481190668954355e+02
-3.484132176709563282e+02
-2.462812946377244714e+02
-2.846355960388012818e+02
-2.748681357260852565e+02
-2.990732969761542108e+02
-3.271777481375938237e+02
-3.310333009401463187e+02
-2.870208921958085284e+02
-3.145279742926575182e+02
-2.463010874223624285e+02
-3.574516790779460393e+02
-4.316299849536925990e+02
-3.387782362477390734e+02
-2.334767478888019241e+02
-4.269777578147229633e+02
-3.500659098421408544e+02
-3.398672506430816043e+02
-4.010907168698195164e+02
-3.782580734770325535e+02
-4.048173277459202950e+02
-3.521038659211232016e+02
-3.649097968706973916e+02
-2.697678272066709724e+02
-3.016051748494319327e+02
-2.909682931155645633e+02
-3.343670133975729186e+02
-4.036764006343271944e+02
-3.199881035509426965e+02
-3.236187416317666248e+02
-3.453390407119089787e+02
-2.458463167595717778e+02
-3.738775626631947375e+02
-3.200631075983843630e+02
-2.854322430153277992e+02
-3.892446518028523315e+02
-3.028938493860851509e+02
-2.435231854196203756e+02
-3.256797337997329578e+02
-3.587386115984689354e+02
-2.481433362122305368e+02
-1.393925002920609586e+02
-1.598332741265519132e+02
-3.057938440954981729e+02
-2.173060230481855228e+02
1.020948772419373540e+01
-5.235912535075084406e+01
-4.661674142614389638e+01
-2.138826647080320242e+01
5.159129943290696474e+01
2.205376037865755166e+02
-5.904641919166294883e+00
2.356124760263104463e+02
1.720605818960769682e+02
1.874642022911355923e+02
1.862977700545437756e+02
-3.071620274074942358e+01
-2.106726399584627529e+02
-1.487638218480424257e+02
-1.896839861356849042e+02
-2.917773264573509664e+02
-3.648851527888333379e+01
-8.407324340246113081e+01
-3.035521132305794367e+02
-3.803744573120151813e+02
-1.319587608260882234e+02
-3.995100084225502428e+02
-7.103175909443599778e+01
-4.928481628920010138e+01
-4.028983118222972593e+01
-7.242691134699857685e+02
-1.064066963548745406e+02
-7.244666365507139290e+02
-1.338606468818500730e+02
-1.632590551119895679e+02
-8.236931091790168011e+02
-1.643328881676227127e+02
-1.568880616149642435e+02
-1.256860384296484057e+02
-7.543801207174429635e+01
-1.725541461723685188e+02
-1.391293055964781615e+02
-7.096855464529537585e+02
-2.158539635500694658e+02
-4.148419140271770971e+02
-5.510526534370841318e+02
-5.346481917677431284e+02
-4.220285990912794887e+02
-2.364856702503558097e+02
-1.344825299810474633e+02
-1.681505510761018627e+02
-1.153363494939482052e+02
-1.335690767138245292e+02
-1.284974374679561038e+02
-8.905898041052083158e+01
-4.605650599134729362e+01
-1.205919696199712092e+02
-1.053541685594900059e+02
-1.991397093408068599e+02
-2.034350270222289510e+02
-2.109633345081404912e+02
-2.092750200659435222e+02
-4.907556777164917605e+01
-8.439763106445060714e+01
-6.311470361638265558e+01
-1.845129074054073612e+02
-1.901998560362688977e+02
-7.027313686740498611e+01
-9.186434920384404279e+01
-1.524217586319703059e+02
-1.922808771765475910e+02
-1.721501900972144199e+02
4.152827318953953295e+00
-3.322398439455064079e+01
-1.419993725968414537e+02
-1.816832609714828664e+02
-1.486557176217754943e+02
-1.498318424180857278e+02
-1.126347860659904825e+02
-1.733264449698620524e+02
-2.218137086390067907e+02
-2.590113336989546724e+02
-2.398858136107929795e+02
-2.545050448437260400e+02
-1.749849355861909999e+02
-2.145666068744931181e+02
-2.327380150208098257e+02
-2.109133374231739992e+02
-2.169429150962095036e+02
-2.651796886899306855e+02
-1.888262825637243338e+02
-1.475125000765255550e+02
-2.539084608202302604e+02
-1.646848071303459733e+02
-1.684169116602332110e+02
-1.448646169626039466e+02
-1.444895785207351935e+02
1.462519966855758469e+02
-2.002460415853076370e+01
-8.622749828980457210e+01
-1.334079470543985053e+02
-2.610435231061944137e+02
-2.584781186552232839e+02
-4.921741143941310526e+01
-7.195061725618342052e+01
-7.166626922002294009e+00
-4.077443597770014350e+01
1.719049516863877614e+01
-8.302173295171743916e+01
-2.331793705608519929e+01
-1.212349965833286234e+02
-1.443731818255952817e+02
-9.127775568518266880e+01
-7.881837536759340423e+01
-9.544904630725466177e+01
-8.004074839521686613e+01
-6.568022269587353890e+01
-1.322586046627635028e+02
-1.329384248321551922e+02
-8.643082761360530242e+01
-1.170900042247570525e+02
-1.074498115455553204e+02
-8.393743528450495717e+01
2.624956886711260040e+00
2.983194773036956349e+00
-5.460016731296403947e+01
4.387105537843200409e+01
-8.344188993179255931e+01
-2.153558701461409441e+01
9.011496926400255347e+00
-1.207376715012412660e+01
-9.323790125538729967e+01
-2.525628627727646247e+01
-1.077277379849067103e+02
-8.900063137880887609e+01
-9.672217391034536149e+01
-6.698352753682367222e+01
-8.365995436660358564e+01
-9.719668401830014659e+01
-6.854216454589941065e+01
-2.252436941876356116e+02
-1.390368810110778952e+02
-1.278436252371862736e+02
-1.405737207685672558e+02
-2.553947028498626537e+02
-3.144185331801235179e+02
-2.279389334659484803e+02
1.891809299073854334e+01
-7.599981927010327354e+01
-1.813490512385652664e+02
-1.942603873661133207e+02
-5.065006961704291655e+01
-1.864546307387259105e+02
-1.734359711113989420e+02
-5.680156430781178756e+01
-1.738888835266595834e+01
-4.562593663188629023e+01
1.590522487681256223e+02
-4.609574335645283583e+01
-4.042054785828321428e+01
1.803732434722517155e+02
-9.153542777341968417e+01
-2.313836511245545182e+02
-1.740734032072945183e+02
-2.290277372932865205e+02
-2.394427077930319285e+02
-1.964934790653279038e+02
-1.809550935768508566e+02
-1.946482190161767392e+02
-1.250923215348359889e+02
-9.941166258927738397e+01
-2.461691823513366444e+02
-2.170446076309000318e+02
-6.575313909436070503e+01
-8.272963920948168948e+01
-1.749272185770125816e+02
-1.285047302340551312e+02
-7.040030023213141419e+01
3.384780752594116393e+01
-1.085314531539386174e+01
-6.124278543807246677e+01
-7.015365358822968744e+01
-4.682573831585590796e+01
-2.998872365826928643e+01
-1.838162382019155316e+01
-6.109389816813285279e+01
-8.044275248749373830e+00
2.493684197810245351e+01
2.249353877143385105e+01
-2.388430193098283638e+00
-9.873884305884962131e+00
-5.044954265934685367e+01
-3.315560500161799951e+01
-2.778346381850256286e-01
-1.717991403829773844e+01
-8.193353803702099469e+01
-1.838718129802098744e+01
-3.275203846463119817e+01
-2.183761649884239020e+01
-8.515876641847260942e+01
-2.334912234824608106e+02
-2.249474718955610228e+02
-5.750057222102564936e+01
-2.443547352407685480e+02
2.901679507955515191e+01
-5.744219016563629339e+02
-2.338054042917775064e+02
-2.657839478406933722e+02
-2.281313420432126406e+02
-4.562837158701950671e+02
1.009716537485591914e+01
2.373232220325392916e+02
-1.988937037356499218e+02
-2.191822551694558285e+01
3.418854555874955281e+01
-1.501527252464580897e+02
-3.714441201543835973e+02
2.018699021991251925e+02
-1.407223787620548023e+02
-1.067344932444755869e+02
-1.592186326395036531e+02
-3.484202433403717123e+02
-1.498620962443607709e+02
-1.395770448728819133e+02
-1.738129074837291910e+02
-5.304722570342038779e+01
-1.768457236599653584e+02
-1.364107006321457902e+02
-1.138402541263805290e+02
-1.760430040327031520e+02
-1.968662270093726079e+02
-7.629584127978971253e+01
-9.097185947618700652e+01
-1.084105021180960620e+02
-1.146845762426105324e+02
-1.043975564697551874e+02
-1.677429391401407770e+02
-3.547360481113889819e+01
-1.313210067112493959e+02
-1.266617039321103988e+02
-1.299279818786063174e+02
-1.671905404385793759e+02
2.293984926520720080e+01
-1.769197961789685678e+02
-1.423288710215792889e+02
-1.251363989069283207e+02
-1.682175844198241634e+02
2.668665645666757200e+02
-1.487533708048565586e+02
-1.920514687636737392e+02
-2.102943766032506119e+02
-1.751438702875842921e+02
-2.137587593550882161e+02
-1.879750380570871471e+02
-1.299608697870241656e+02
-1.452410660374560791e+02
-8.805241200807931534e+01
-9.605157459292748001e+01
-4.857536890207819624e+01
2.249534772476234252e+02
1.020895911584197790e+01
2.600093714972922498e+02
-1.193197134521623468e+02
-6.291247977656662727e+01
-1.863972643409648100e+01
-8.217834953071378834e+01
-7.183557557860784470e+01
-5.736212529629086276e+01
-1.429950792070049488e+02
-3.871208488445084868e+02
-3.044378343229949451e+02
-3.834019141089565892e+02
-2.099065644474166561e+02
-1.252596523488280411e+02
-2.365226386316192588e+02
-2.125161114760442160e+02
-2.358738110828021775e+02
-2.536064382397644010e+02
-2.827484628390659509e+02
-2.805064623393321881e+02
-2.518072773325807816e+02
-1.651760509804164485e+02
-1.624934547993530600e+02
-2.241141327068161786e+02
-6.761733958755975493e+01
-2.013299921780962265e+01
-1.113886000310933184e+02
-2.765574874909824530e+02
-2.578043831600149360e+02
-3.037836736697037168e+02
-8.427966553579970821e+01
-3.652203101586727030e+02
-4.017788637499674564e+02
-3.418361564130173065e+02
-3.056280139945913561e+02
-1.954394401461698010e+02
-2.526214725261193905e+02
-1.300804104694381067e+02
1.141814271557923632e+01
-2.571872548305179293e+02
-2.014678930160575305e+02
-3.149083370943455975e+02
-1.545203390058781565e+02
-4.339737511990640684e+01
7.307819441505592373e+00
5.462925049629845375e+00
-1.060725713679960336e+01
-9.321389226746390477e+00
-5.047541660803466357e+01
-9.449064150578131205e+01
2.140650397046301734e+01
4.808135117869085207e+01
-2.703128621178802860e+02
-4.639500269889639128e+01
-3.035968453432255032e+01
-4.477653088548123606e-01
-1.288082351976971154e+02
-4.368756270266609221e+01
-1.297238807183734082e+02
-6.929392565329031584e+01
-1.175524276920053950e+02
-7.418254284473420057e+01
-1.413430160185786235e+02
-4.512465813392380483e+02
-4.208835539385962647e+02
-4.431936147489676614e+02
-5.243324442572600219e+02
-4.462755815782005016e+02
-3.881929277876020592e+02
-7.191295460729655815e+02
-7.107824870193250035e+02
-6.683456856996405122e+02
-6.764339189540817188e+02
-1.160081979720587384e+02
-1.150647538080286978e+02
-1.233744532006838597e+02
-1.305528102032183995e+02
-1.384887859334606048e+02
-1.038758371390475617e+02
-5.201797421364604190e+01
-1.374325106699548655e+02
-2.155898753462271316e+02
-6.972006873233230806e+01
-4.572502184643052914e+01
-2.482199905208719315e+01
-7.079352785608803345e+01
-1.231071137912596640e+02
-1.433488045480360995e+01
-1.797674075357178367e+02
-1.403949068097616646e+02
-1.007801837913509928e+02
-1.120983156626700890e+02
-9.571910722824767959e+00
-1.018430005065683730e+02
-1.973676510261871613e+02
-2.029148645232501735e+02
-8.625418638638768698e+01
-2.109425069667602202e+02
-1.631895476815676602e+02
-1.238862908526540423e+02
-7.655539781498512752e+01
-1.012895789550378964e+02
-2.501058543903392604e+02
9.716707197751262015e+00
-4.677187715754454445e+01
-2.899004938667680449e+02
-2.540364076936001254e+02
-3.048915746501870103e+02
-5.441443750943871009e+02
-6.769627244239006814e+02
-2.061469875082645444e+02
-1.646849669102158487e+02
-1.744867137773455852e+02
-1.482333637334775176e+02
-1.458401967294834378e+02
-1.428079121149953608e+02
-1.427222219581239528e+02
-1.110039563284978641e+02
-1.075984224867613932e+02
-7.537200738961522006e+01
-1.233019597792232247e+02
-6.302405893847976159e+01
-1.156038623076760530e+02
-3.096093717568000443e+02
-3.535198622249403115e+02
-2.342487544295069029e+02
-2.830114150005445026e+02
-2.215820496153836814e+02
-1.872148652903971993e+02
-1.262748662977413119e+02
-1.628884029150231925e+02
-1.352065392796214383e+02
-1.121308498316095665e+02
-2.052347763408758397e+01
-1.963634101261897911e+02
-6.280542198964963063e+01
2.182630947788990028e+01
-1.451316430654173644e+02
-2.115984000367487852e+02
-1.499194539231141619e+02
-2.301455230635015141e+02
-2.460356699140031083e+02
-2.277070485481675632e+02
-1.228510921890850511e+02
-1.633010388084474869e+02
-1.759975838628868416e+02
-1.834666410463230477e+02
-1.923243169390743219e+02
-2.065163972121848133e+02
-2.318081479304020149e+02
-1.415047291083376706e+02
-2.036104605849762379e+02
-1.803926403739117461e+02
-2.563959108580381780e+02
-2.408845558396865840e+02
-1.856692578854570854e+02
-4.152883987240354031e+02
-2.880096253183402268e+02
-1.803112606516939707e+02
-2.143259924704108244e+02
-2.324789722977213842e+02
-2.597343594702456357e+02
-1.682412675406741016e+02
-2.999496230858633794e+02
-2.379503684297218342e+02
-2.647748084963292285e+02
-1.814360216336161500e+02
-2.109706329956860316e+02
-2.623741380876746234e+02
-3.833725716176410856e+02
-4.397441416999542980e+02
-2.274322342305717939e+02
-1.860753054173589760e+02
-1.631145603281886451e+02
-1.984676816441150322e+02
-4.697401900066329858e+02
-2.695253107074061063e+02
-3.004011209896931405e+02
-1.254763924262830699e+02
-2.366884607038857098e+02
-1.488861202069777789e+02
-1.615132384503363312e+02
-2.231678313729911451e+02
-2.714502914689248882e+02
-2.054850298110827111e+02
-2.431821457723063986e+02
-2.333322911667788446e+02
-3.740086484478543412e+02
-1.506828571394474352e+02
-1.236705699207746818e+02
-1.728176006802768256e+02
-1.947066262055342918e+02
-2.480721755449107775e+02
-2.206337294362817545e+02
-2.426255187123294377e+02
-2.481980308131988124e+02
-2.061622360785118531e+02
-1.274398972965961150e+02
-2.115058167184517970e+02
-1.366412475671471611e+02
-1.180521048987354504e+02
-2.312459149810939607e+02
-1.502994828248774866e+02
-1.174788072841480755e+02
-2.406024663752880315e+02
-2.321418306231346662e+02
-1.626860391954275258e+02
-2.019489237601929972e+02
-1.488656645532988989e+02
-9.773022864425817602e+01
-1.206352907618588119e+02
-5.446632808348167742e+01
-8.290418838102644372e+01
-6.805271319111106720e+01
-8.051315104009890433e+01
-8.940831053220476576e+01
-8.022610048671509730e+01
-1.553641729876262900e+02
-1.199436436425018826e+02
-1.098189238167735624e+02
-1.044727113871770428e+02
-1.572236385198027904e+02
-1.430609605034831873e+02
-1.154745766072363153e+02
-9.301119327988372731e+01
-2.920807557378491310e+02
-1.948695816406229540e+02
-2.391567768176145421e+02
-2.524639045825104517e+02
-2.209934026880706313e+02
-2.113254581400304062e+02
-2.209453707598039500e+02
-2.229424888909084359e+02
-2.149627906201711198e+02
-1.108379177536221789e+02
-1.555723876205401837e+02
-1.593049381277606642e+02
-2.152565155016778817e+02
-2.532555893028916500e+02
-2.191783377566969477e+02
-2.153085211074890140e+02
-1.598410680764284280e+02
-1.673617954984201788e+02
-7.253115367385858292e+01
-1.732877642588586582e+02
-1.799188996608190507e+02
-3.573921350258647749e+02
-1.411997173800257315e+02
-1.382151074308570742e+02
-1.688649398096546861e+02
-1.758362977304424817e+02
-1.762533597343351062e+02
-1.545444116405504076e+02
-1.462560349995610238e+02
-1.393498350307478972e+02
-1.375275292403377421e+02
-1.611704755240989471e+02
-1.645447000472174466e+02
-1.653915531747449563e+02
-1.504183040262547024e+02
-1.397503116581743825e+02
-1.568728975886754426e+02
-2.244984697226097410e+02
-2.076930958054754228e+02
-2.152233275623948714e+02
-2.018520989481664287e+02
-2.042982512829246673e+02
-2.103803825455773904e+02
-1.698054381341157182e+02
-1.591368606113971680e+02
-2.180899385316446342e+02
-1.743288820787560383e+02
-1.733064298171298674e+02
-1.364571170129375233e+01
-1.611675930623967190e+02
-3.818946397043477248e+01
-1.335121726181993154e+02
-5.253117554239075560e+01
-1.484028940599318673e+02
-2.366227192158171988e+02
-2.683356498021275911e+02
-1.088718041466332949e+02
-1.186367033381394265e+02
-8.998288206674197909e+01
-1.069406798160113539e+02
-8.114326922154563704e+01
-8.953903593409171435e+01
1.291692674208394287e+01
-5.691640182027529704e+01
-9.893678708900834806e+01
-1.782485425652661206e+02
-2.885517079708394022e+02
-3.058262071570029548e+02
-3.425739509996636798e+02
-4.130710180643386025e+02
-4.144973598940507031e+02
-7.509441777589555613e+02
-5.553056292224363233e+02
-4.559698683127315917e+02
-4.624888423891471803e+02
-4.003011627542085193e+02
-4.067326120906631104e+02
-3.985313426757084585e+02
-3.293843217015729579e+02
-3.597025304675206598e+02
-3.352495823474832832e+02
-2.631307615087723661e+02
-2.027811104267094038e+02
-1.610663095544711041e+02
-1.037805051871010704e+02
-1.235362968573039097e+02
-1.344071711628142509e+02
-2.826892597785009897e+01
-2.921298561887534788e+02
-3.063589456196905871e+02
-4.250391903593034613e+02
-4.533069463517115310e+02
-3.786049451251403184e+02
-3.718864779483241705e+02
-4.323987747157474928e+02
-4.210368806077989348e+02
-3.843446053026511322e+02
-4.072964743206905496e+02
-2.207986488444485360e+02
-2.514035975901937832e+02
-3.858641876786700919e+01
-1.937272540490064614e+02
-1.950703379264422495e+02
-2.713999155053310801e+02
-2.684709477077756787e+02
-3.952964215227196974e+02
-3.026223277496802666e+02
-3.949280073683797241e+02
-2.223169738674379801e+02
-1.836246405249498537e+02
-5.784513105320913695e+01
-2.837876130153451868e+02
-4.303413230326744952e+02
-4.919775554388238561e+02
-4.656818682404986021e+02
-5.597721669627587744e+02
-5.209429629758666351e+02
-3.492906087943167677e+02
-3.322377243208993605e+02
-3.569168616992179750e+02
-3.914772332977181009e+02
-2.749526412312677053e+02
-2.559415155354651574e+02
-1.353808083990305988e+02
-1.746485192619668396e+02
-2.345736581475901517e+01
-1.046183790785363783e+02
-1.285750736543297990e+02
-1.129574031303520627e+02
-1.186860045281059399e+02
-1.348389568202873079e+02
-1.032449509919636341e+02
-1.597622649466922553e+02
-3.921699942595779476e+02
-9.661179143726062080e+01
-5.452821971690502778e+01
-2.819132480350565402e+02
-2.861154142378594756e+01
-2.308100494694190559e+02
-1.161265205569054615e+02
-7.890182035376093950e+01
-1.143355710619455579e+02
-8.639654058897572497e+01
7.798314563145069656e+00
-1.361935994607349585e+02
-6.759468145198898981e+01
-1.494090908043126262e+02
-7.511094615699749966e+01
-1.289280054407830676e+02
-8.794583545623741827e+01
-5.297396048131663093e+01
-9.414368750800117880e+01
-6.281429652871257474e+01
-1.901858823083189804e+02
-6.187753956033424885e+01
-6.794274569342000802e+01
-1.120931285556830801e+02
-1.125973940629613566e+02
-9.075343132635624954e+01
-8.342552460248715818e+01
-6.209883568235552787e+01
-9.041853343439498758e+01
-7.369049392964259937e+01
-1.207502529875028472e+02
-9.904996401433064079e+01
-7.815992046034018870e+01
-1.045831314973333122e+02
-1.223021601970133219e+02
-1.895082123155978877e+02
-4.590766691431338131e+02
-3.175013005581348580e+02
-3.099191425682313934e+02
-2.432120388176283825e+02
-4.425666320275711882e+02
-1.224332239113362704e+02
-1.363835258319220713e+02
-1.309273907617728696e+02
-9.565207656860650332e+01
-2.226159511779436002e+02
-3.165378540573158261e+02
-4.425074377664770964e+02
-3.320496707053319483e+02
-2.908213042178780370e+02
-2.505217291636878372e+02
-2.737346603598950878e+02
-1.988934426347900626e+02
-1.720164139916392685e+02
-1.034125379394059792e+02
-1.082720713504234880e+02
-1.451643383717831739e+02
-7.760109826481365758e+01
-2.036727547195803822e+01
-2.861947638496221202e+01
-4.896755836402358852e+01
-5.209780068560671396e+01
-6.110723404781790435e+01
-5.082317204071098615e+01
-4.583242385841617050e+01
-2.756483481266042190e+02
-1.671360937560255309e+02
-5.160381255474592308e+02
-1.031569758126473459e+02
-3.605324001065820880e+02
-3.599216377947504952e+02
-3.019012311041357748e+02
-2.993268141125917623e+02
-2.357175847086568581e+02
-2.582460054060944685e+02
-2.914355107966702008e+02
-2.945079130645347618e+02
-2.819997117145286438e+02
-4.338336232890147812e+02
-2.958714994863294123e+02
-4.931538653540201267e+02
-4.910953785589247218e+02
-1.767243932353413527e+02
-2.571557409074340512e+02
-8.569946346194340947e+01
-4.493598371847318163e+01
-7.416629803909914642e+01
-5.160700529472335774e+01
-6.671015482447887734e+01
-1.085602368155697661e+02
-1.027955106908219420e+02
-2.044445247455446690e+02
-2.302334764584900029e+02
-2.439856568157485697e+02
-2.088759272914460894e+02
-8.966790674126532679e+01
-2.289974979594188369e+02
-2.398879312893788267e+02
-2.876745051448406230e+02
-9.615286538559404050e+01
-1.997713340932955361e+02
-8.396988263907527994e+01
-9.225902502774083302e+01
-2.389693958573900261e+02
-1.598029126461766509e+02
-9.591300436696261045e+01
-1.260451252435276643e+02
-1.368446294256753788e+02
-1.055526375540777337e+02
-1.235973510246248424e+02
-1.297246846929472497e+02
-2.818363639634787887e+01
-3.657035152505130071e+01
-3.044516761358365216e+02
-2.080415849439048657e+02
-3.121577448965941812e+02
-2.978217947184449486e+02
-6.386497484434063665e+01
-2.196528550394270383e+02
-2.273243554880073702e+02
-2.140819363614078270e+02
-1.646873539757519893e+02
-9.818594362929283648e+01
-2.359318354554474126e+02
-1.993192694088254484e+02
-1.922808301898826926e+02
-2.263900437981458538e+02
-2.148825447945682185e+02
-1.919898563220612573e+02
-1.653088358018123643e+02
-1.569457753395035411e+02
-2.402598579058910389e+02
-2.225987646450116131e+02
-2.138371579971132803e+02
-5.150206324639511877e+02
-1.788474327948015343e+02
-2.471623856734741196e+02
-2.500780054734882754e+02
-5.023962478267262668e+02
-5.496081456994054548e+01
-3.075729493333416258e+02
-3.787020689861191727e+02
-1.329621630524781040e+02
-2.892557566173462646e+02
-2.107996915829408238e+02
-1.309388689988259955e+02
-1.184084461099215275e+02
-1.155503015899769395e+02
-1.047886509988223622e+02
-9.600434759849386523e+01
-5.999884430170876470e+01
-8.308846355562580754e+01
-5.156216977842944260e+01
-3.126008907577808031e+02
-5.715373315392988474e+01
-2.201051918081024183e+01
-4.608336994827987354e+01
-1.387067075909894243e+02
-1.937688616490010816e+02
-1.053813960999209201e+02
-1.296243238979705268e+02
-3.548914506295297429e+02
-4.751209072151253281e+02
-3.874230004156273139e+02
-5.780625694081876418e+02
-4.242633229946338815e+02
-2.577391797503096313e+02
-8.927410001333232970e+01
-1.402414554451083859e+02
-1.341594942753580995e+02
-2.545986561951940530e+02
-2.802628502718279151e+02
-2.180762783832106493e+02
-3.959677434987004290e+02
-4.423359171819596440e+02
-5.856685788594334099e+02
-5.401101167459687531e+02
-5.393068236014450179e+01
-5.563931582664831694e+02
-1.436053033264786905e+02
-6.016064767677762575e+02
-4.068255067557407045e+01
-1.414562122025085955e+02
-5.655887339456512564e+02
-9.426851789630030964e+01
-4.129066371336460861e+02
-6.246637530043765310e+02
-6.349780458533981431e+01
-6.252055417447201080e+02
-6.411324738518621871e+02
-2.028610080914527316e+02
-2.041383778995020464e+02
-1.251504537890090774e+02
-4.705126237925828292e+01
-3.176946189078026350e+01
-2.308742548432662431e+02
-8.747525281038981859e+01
-8.053570027107161877e+01
-9.207225647004375446e+01
-7.316121672057832370e+01
-1.200892227115851654e+02
-1.006791517413566623e+02
-8.221973319990645734e+01
-2.761321933375269566e+01
-4.705388270666287553e+01
-5.080569395745342121e+01
6.777697591607520167e+00
-2.174344699233181188e+01
-5.386731708259314644e+01
-1.384046638842416712e+02
-1.001882666537136686e+02
-1.293960595227104022e+02
-6.105502489413873235e+01
-3.431956387602688352e+01
-7.238340375964733653e+01
-1.568692158951504894e+02
-3.604187022488625303e+02
-3.153935179980236398e+02
-1.858614277774170205e+02
-3.344067079935148286e+02
-4.313138359942922193e+02
-4.451659620010124172e+02
-3.036869780694402152e+02
-1.363654294214531433e+02
-1.958803602503641912e+02
-1.362580776897836472e+02
-2.277419319108713580e+02
-2.802206184000252733e+02
-2.936012662040515409e+01
-1.009092226965844787e+02
-1.611485536894073789e+02
-2.918195581913073156e+01
-1.110848137456473239e+02
-7.349676495262150411e+01
-7.039757037388406502e+01
-6.407254552554961435e+01
-1.213677759372388891e+02
-6.539294065825295377e+01
-1.200534609675808895e+02
-1.690873910297326574e+02
-2.149646346411203126e+02
1.470857015544683577e+01
-1.223667041595261651e+01
-5.538041079085336804e+01
-6.642778632082664103e+01
2.270070789396795874e+01
-6.559290665046391666e+01
-6.754479611829957264e+01
-1.112366823570400243e+02
-1.033244889410417926e+02
-6.171789176843472546e+01
-2.228428174856940416e+02
-4.269949796402240167e+02
-4.314483703581203713e+02
-4.834655553189489297e+02
-5.087039122132369471e+02
-5.418593396769081210e+02
-5.752486525784332798e+02
-4.599881327047797299e+02
-3.777575816979926344e+02
-5.483475168779368687e+02
-5.710835702774743368e+02
-5.119623733370796117e+02
-3.964707344692404263e+02
-3.762117130312620930e+02
-3.710047020855419078e+02
-4.923085714354731977e+02
-5.606627457896585156e+02
-4.056356743978495274e+02
-1.523064258365234025e+02
-6.649683627017324739e+01
-4.514791853406744337e+01
-1.069478930309768572e+02
-2.355775737887695982e+02
-1.145928870841189422e+02
-1.674080691565235384e+02
-1.883945786131820341e+02
-9.570816997767575174e+01
-9.877421006797844427e+01
-1.213522914654479621e+02
-6.054779585271513298e+01
-1.321571777049128968e+02
-2.412716790221833776e+02
-2.497804385454118119e+02
-2.327919555153064550e+02
-2.542832815514748859e+02
-2.749176580018244067e+02
-2.066866773081382007e+02
-1.674576622826321852e+02
-1.587054699436499732e+02
-1.354333746428473546e+02
-1.267188698067729717e+02
-1.707443244325658611e+02
-1.208404119297783694e+02
-1.060009777535640580e+02
-1.544749645421838977e+02
-1.813455099847058136e+02
-7.124353455711369065e+01
-2.159439768370112347e+02
-2.482277818829769274e+02
-1.427281546254931186e+02
-1.871946995095399870e+02
-1.405558549424071657e+02
-1.586456916175885112e+02
-1.388264735218541546e+02
-1.702858905868498880e+02
-1.632662174472461345e+02
-1.874993252715050005e+02
-1.487523395382563081e+02
-1.809337766148305207e+02
-1.598310095087519471e+02
-2.003077547381120667e+02
-1.105175803352843360e+02
-5.041531991735435270e+01
-1.332345730142083937e+02
-5.854839209191361533e+02
-6.511731700935168874e+02
-8.838775955875463808e+01
-8.598804916694158464e+02
-2.239614015244343932e+02
-2.180763782537586906e+02
-2.432394518944618085e+02
-5.954421325823343523e+02
-6.770859808740148083e+02
-1.525328333729113979e+02
-4.343758571969858906e+01
2.217026805908815845e+01
1.546476864675368290e+01
-6.372185858494292887e+01
-4.649370786407382639e+01
-1.167523982742906554e+02
-1.869627792108817061e+02
-1.629586711467851501e+02
-1.508372174325502613e+02
2.979227332106675874e+01
-4.277990744353599695e+01
1.476404159765203872e+01
-2.605267894280563041e+02
1.138102419361972295e+01
2.573768807793142628e+02
2.364233020310398672e+02
-3.017822032078801158e+02
3.499346869802081272e+01
2.896260070896736138e+01
-5.571787998913397644e+01
-5.041403588835436977e+01
1.730444753619103153e+02
2.446871399785758001e+02
-1.304905882636433034e+00
1.641801947451500610e+02
-3.323536920073402712e+01
-6.471551805040854788e+01
1.902423612232479968e+02
4.930317244061470205e+00
2.315769652912320282e+02
-8.173823514743163798e+01
-4.952605373803620381e+01
-1.786708832343612130e+01
-7.055132920210488123e+01
-8.315476064708053627e+01
-1.211788806724055405e+02
-4.496705317162635396e+01
-7.134325183519808888e+01
-6.675773966475907173e+01
-8.162686778499502793e+01
-2.790697881663115822e+02
6.922006213206330472e+00
-1.013699669794721245e+02
-6.050028756613864545e+01
2.843545656883051720e+00
-3.588720257334199459e+01
-5.048693350183981465e+00
-1.104779548885163649e+02
-6.438910267269713472e+01
-1.977861817362764896e+00
-5.164393446690839085e+01
-4.167096669708866585e+01
-3.839955036120414889e+00
1.202858414976307699e+01
8.706257830264291897e+00
-3.184179061483668249e+01
-6.192960895108803498e+01
-5.420593479682563043e+01
-3.560769409612736069e+01
-5.694155338952313627e+01
-2.719071217639016709e+02
-1.770137118827508971e+01
2.051770736538121298e+01
-3.316922566818914788e+02
1.524674422618511471e+01
-6.217594878728171182e+01
-5.310267175954480479e+01
-1.019704619149416658e+01
1.815787103217240883e+01
-1.828853330193781801e+01
-4.269162960289008879e+01
-5.479552829356673271e+01
-1.497224786133401153e+01
-5.144344685009830442e+01
-5.342974364702084245e+01
-6.961808512648677549e+01
-6.994162093168127114e+01
1.176687401946611544e+01
-1.078257741994555943e+02
-7.182500307558930785e+01
-4.377363703174500387e+01
-7.422701210873610478e+01
-6.166448661566693801e+01
-5.806568070580486562e+01
-1.043282145589537464e+02
-6.765119891059377721e+01
-6.174797370096327143e+01
-6.023533874902572194e+01
-1.138438660295212372e+02
-2.166110310236539362e+02
-2.350821890834263570e+02
-2.499967097222698271e+02
-2.567789713354750347e+02
-2.307293972518927205e+02
-2.170047529057070506e+02
-2.496644924008231214e+02
-2.333259506487680426e+02
-2.294205492037372096e+02
-2.514264531795373614e+02
-2.127036372035821614e+02
-1.880619081668494346e+02
-1.756706073114357878e+02
-1.806690120795890948e+02
-1.358323603085337936e+02
-1.440600795680325916e+02
-7.270382662167463650e+00
-1.471316260762872048e+02
-5.834688445086939623e+00
-1.554983835546847217e+02
-1.397221231409016582e+02
-5.915536661918024919e+01
-4.913299917981337472e+01
-5.118440457438635605e+01
-1.769914769979047264e+02
-1.671294722060579829e+01
-1.420825755550821725e+02
-1.319506827583049642e+02
-1.420647960592373238e+02
-1.522417743272251869e+02
-7.468690471189168534e+01
-5.566380345448573053e+01
-5.051521433256972387e+02
-2.906249512725769932e+02
-6.364982986665800127e+02
-6.216436100646579916e+02
-6.073522270311383409e+02
-2.754544775010758713e+02
-5.280352420006618104e+02
-2.567506627731728486e+02
-2.863715258573489564e+02
-2.393229595935636382e+02
-1.851237564289975239e+02
-2.307270824196269530e+02
-3.746385057352673584e+02
-2.728346265023110391e+02
-9.117058335022009885e+01
-1.875947300401631139e+02
-1.766937099452269706e+02
-1.948682116704556506e+02
-1.679819553698920345e+02
-1.470448170189129371e+02
2.034993018340955473e+00
-1.325262046040907933e+02
-1.360836107346790129e+02
-1.235135055977756764e+02
-1.074998821717381503e+02
-8.556669146149556582e+01
-3.804947517495028109e+01
-3.962612154556241251e+01
-2.265565470817339246e+02
-1.068037768704136425e+02
-1.618965118586725183e+01
-7.249997195375061665e+01
9.508486502964501597e-01
-2.515918120602535168e+00
-4.676987685791659999e+01
-4.031930214587018213e+01
-4.673298842973480305e+00
5.921908665798980564e-01
-1.320264057460960316e+01
-4.853866299865773470e+01
-5.932901185426054980e+01
-3.241120796034705620e+01
-3.162057851627146476e+01
-3.732473889926269806e+01
-1.900461447860089947e+01
-1.688248603059541040e+02
-1.250826280396149883e+02
-2.678973649618782247e+02
-1.371355606135607559e+02
-2.827275203641966641e+02
-3.057454724298219730e+02
-2.491598133254574350e+02
-2.219378801061749016e+02
-2.506740402697672891e+02
-6.359264480084210902e+01
-4.844010858279027616e+02
-2.519517861598299646e+01
-3.645711079545981192e+02
-3.978980599312625372e+02
-3.403036015442489770e+02
-1.480088695166895718e+02
-3.406892955314571054e+02
-1.728083618761399123e+02
-2.005266822689240485e+02
-2.148513164005150884e+02
-2.002902616922132211e+02
-1.499023741076813394e+02
-2.167100930759678477e+02
-2.390130866143802848e+02
-1.743336115992483428e+02
-1.921951193699182170e+02
-1.994821920093152130e+02
-1.302196235337642918e+02
-9.458316357821445308e+00
-6.606943431894616481e+01
-9.119559080575137955e+01
-8.658248932988180968e+01
-8.388487425796301977e+01
-9.398844751588808322e+01
-6.962438250979617749e+01
-1.168251122396159403e+01
2.037805189608232315e+00
-3.906189965571393685e+01
-7.107930065555071053e+01
-2.863313792865139007e+01
-5.315135170863285907e+00
-1.107509900888729391e+02
-7.837390534879961024e+01
-4.764586004744167980e+01
3.931355720023687184e+01
1.346459601075357284e+02
-1.572361477333501512e+01
-2.275770718888907140e+01
-8.005853943399272055e+01
-7.059556991097554146e+01
-1.103848545396306946e+02
-1.631259839315845284e+01
-2.039248724855988470e+01
-1.977751170163928691e+02
-2.131142709453895350e+02
-3.293771575212987273e+02
-2.473854901212190214e+02
-1.713734319059472568e+02
-1.995397572886604109e+02
