-3.461437124744717266e+02
-3.776056970309803660e+02
-3.849379612858786004e+02
-5.511885446294211306e+02
-3.668649486080361157e+02
-3.477829696474690309e+02
-2.659273537903277429e+02
2.738120219095094399e+00
-3.031015074053420335e+02
-1.803310199337141171e+02
-7.616791024634704854e+01
-3.960564720721562253e+02
-4.336036222006614480e+02
-3.102818107224849200e+02
-3.174592956347484005e+02
-2.294343090261286591e+02
-4.374321271546679100e+02
-2.454748678311576668e+02
-9.611376309820421682e+01
-5.071071032234580684e+02
-8.386165450840920244e+01
-2.164460806480087456e+02
-2.082556862140563112e+02
-4.619451849669169263e+01
-3.143888731627018842e+02
-1.014902603286352019e+02
-4.487180958919505542e+02
-6.581426798279713353e+01
-1.214433234159575079e+02
-3.997490186010439857e+02
-4.229265297403629802e+02
-2.495062945251437156e+02
-8.184019515855817417e+01
-3.767701259742171942e+02
-1.937627301829685962e+02
-2.136719410203654093e+02
-3.196137800267166540e+02
-2.514411088657474238e+02
-1.197683554035571944e+02
-4.897269854816667589e+02
-5.980124751349599421e+01
-2.502862694398693577e+02
-8.942780875022880593e+01
-2.940514806306259743e+02
-7.794445022441391302e+01
-4.415702603758494433e+02
-3.741028644027231849e+02
-9.184397854290163821e+01
-2.467057683559903296e+02
-5.056728319101555371e+02
-5.751963514044076931e+01
-2.017980879485039623e+02
-1.596972265954173054e+02
-2.029306037474100890e+02
-3.023729537557276785e+02
-2.271010270236321844e+02
-4.514537545089815040e+01
-9.709634328938680881e+01
-8.270795570628308724e+01
-5.875060034516577900e+01
-5.794596697712654532e+02
-2.803742029930228910e+02
-5.815712961280812010e+01
-2.757907572165913734e+02
-2.006554472002950433e+02
-1.327000823271381478e+02
-6.841190435144326898e+01
-1.110785641161677688e+02
-6.845682459438556577e+01
-7.096624870987469080e+01
-1.966744401385672063e+02
-2.488329958948266096e+02
-3.162227000124228198e+02
-1.389447564831405657e+02
-3.211647868644803339e+02
-3.886506663542916158e+02
-1.797414124642482705e+02
-2.910587545524211350e+01
-5.750994126745710133e+01
-1.597356292192535250e+02
-2.504062363703926337e+02
-7.595909504334431972e+01
-4.063783449420177476e+02
-2.754903989611631232e+02
-1.138603165197031615e+02
-1.705872874575346714e+02
-3.059680904678284605e+02
-2.430990612167138920e+01
-1.865224926436065402e+02
-5.878294370767828241e+02
-1.149597079787866676e+02
-1.520387671943224746e+02
-9.342359405567920305e+01
-9.031866851998930201e+01
-6.129840489979760605e+02
-1.141480311692918690e+02
-6.609863680629143801e+01
-3.048512681099417705e+02
-1.795727312406792180e+02
-1.280562374908170682e+02
-4.001235879223833081e+02
-3.817295922561042971e+02
-1.226155874211812744e+02
-3.736079432564083618e+02
-3.570238519206196770e+02
-1.736570841285311531e+02
-1.961561621695937561e+02
-1.698834792764052111e+02
-1.777892085156173607e+02
-1.422994407432389039e+02
-3.396138250064859108e+02
-3.925335125237400575e+02
-1.126810837058416155e+02
-1.170039013496780882e+02
-2.787047035941848208e+02
-1.689887449246807307e+02
-4.588689736152313117e+02
-1.599753954370794133e+02
-3.083187276385309872e+01
-2.552163148036488565e+02
-3.588553966633706978e+02
-1.551013074043652296e+02
-2.947858098093410035e+02
-7.060596628741275538e+01
-1.097596593903742956e+02
-7.464159714841112248e+01
-5.809274416853493221e+02
-5.773668060301767468e+01
-3.474913231080596461e+02
-1.153461816198797578e+02
-2.791601842733455214e+02
-1.409929026465969173e+02
-4.197787119098574635e+02
-1.691173471417899918e+02
-7.611678106958757439e+01
-1.990684561060447493e+02
-7.025373468928409970e+00
-9.162160141727339635e+01
-2.386543987442011314e+02
-1.289306148617539804e+02
-3.451978498077832000e+02
-3.619786120556754554e+02
-1.521220800940188838e+02
-4.159224293967158701e+02
-4.844409864543245021e+02
-1.218504680710365449e+02
-1.224255264636722984e+02
-9.460608458400970733e+01
-3.321831760053463256e+01
-2.903736603160655250e+01
-5.930372325832743741e+01
-1.529801856891601801e+02
-1.122098612341783053e+02
-4.662560232645096221e+02
-2.194495404120766864e+02
-1.603470495580077113e+02
-6.372625075586115884e+01
-4.198208972551000784e+01
-2.457832248576230825e+02
-1.971373767793714364e+02
-2.494187046623224830e+02
-1.501501102607410303e+02
-2.395577918762683112e+02
-4.840956370048534723e+02
-4.304452767259005554e+02
-5.470863330013619361e+02
-2.914948519784762766e+02
-2.756113793478492653e+02
-1.914194765845620907e+02
-3.127249921809221860e+02
-4.614127867019923315e+02
-2.520814430225078411e+02
-1.126637904856040251e+02
-8.882263262287892758e+01
-4.633476260111565352e+02
-9.614399033283569906e+01
-6.661648694720904018e+01
-2.172055503212279177e+02
-5.236075404639507269e+02
-3.911235200989561633e+01
-2.028673642061762621e+02
-2.978154955123128502e+02
-7.442017724759304542e+01
-3.006095784446756056e+02
-2.681121548360224551e+02
-3.530946283830909351e+02
-2.336857049190687121e+02
-3.096527479698899583e+02
-2.348282036753732029e+02
-3.480223615789627161e+02
-4.000011567322725341e+02
-1.582289736416637993e+02
-3.715052691747357017e+02
-9.597387798968614447e+01
-2.312936477752187443e+02
-9.234156998902147961e+01
-3.426175552418041548e+02
-2.792273297373135392e+02
-3.355217322332021013e+02
-3.129679342785458402e+02
-4.689021394588872340e+02
-1.154794802871604986e+02
-8.135430489030508738e+01
-3.086915884727147272e+02
-3.018004882686595920e+02
-3.220848969621212063e+02
-3.321344020118892786e+02
-1.071281331205346135e+02
-2.479832990650249656e+02
-2.571930324484884522e+02
-3.509445467971601147e+02
-7.745514531531237878e+01
-1.748093934272501428e+02
-1.291986014293982521e+02
-8.016527092558183654e+01
-3.414029939320297444e+02
-1.126575418686209673e+02
-8.392339362741414277e+01
-3.317902380423133764e+02
-1.236568393226012859e+02
-1.465755868357032909e+02
-1.797318492494699740e+02
-1.112315585883985136e+02
-3.171253587802921174e+02
-3.300137153401049659e+02
-3.797413527275636511e+02
-2.951169122767926183e+02
-2.922141541761690178e+02
-1.439461782687784819e+02
-6.041820775182914076e+02
-3.793592193376335331e+02
-9.690953463129412171e+01
-1.670489535156158354e+02
-1.473926759750589781e+02
-3.582357292122953254e+02
-2.984322238597267756e+02
-3.799380905251035188e+02
-2.616089764811703162e+02
-9.202568889408073005e+01
-1.892291928952882358e+02
-4.139496746138981962e+02
-1.170146013062491619e+02
-1.016438187600914631e+02
-4.133320952698036876e+02
-7.950174142425635182e+01
-8.816527750981701672e+01
-1.419374855658145407e+02
-8.867737986525037286e+01
-2.801521887378327733e+02
-2.238996073542393788e+02
-4.374604919482603691e+02
-3.956571658091180552e+02
-3.949100938430185579e+02
-2.261866782582448252e+02
-2.971491698251934395e+02
-2.610647341971937863e+02
-1.728295468926099261e+02
-3.967618209874233344e+02
-3.301917554672422170e+02
-9.387621010887252737e+01
-1.018332611458041583e+02
-4.329486637023987328e+02
-3.155125343145385273e+02
-9.001223697253340106e+01
-1.569618600063168117e+02
-2.054568229193034199e+02
-2.447282176378375027e+02
-2.201431393222482029e+02
-3.115961260855260662e+01
-2.408577248988601127e+02
-1.040892180129487485e+02
-2.932496538228727445e+02
-2.334091306572783253e+02
-1.093812305249418699e+02
-1.865248204455295991e+02
-5.129953726857468155e+02
-3.017859070168751714e+02
-2.110141422930442161e+02
-1.296852718893724727e+02
-2.723041344001867969e+02
-2.335332608280849627e+02
-8.593294502975830085e+01
-3.053471553692003226e+02
-8.324764498869578233e+01
-1.970448418478878239e+02
-7.929200912922851785e+01
-4.754371643398625906e+02
-3.097315646243048377e+02
-8.053813694346058583e+01
-3.154790877854118776e+02
-2.678022504101961658e+02
-2.975830870768634782e+02
-1.175375679923629946e+02
-1.384414807776209955e+01
-9.081824127861422369e+01
-2.344170509820386599e+02
-2.626374921403884173e+02
-1.182979702577884211e+02
-5.505708624743122215e+01
-7.651905956222854854e+01
-2.646997124679301692e+02
-2.066919650464841425e+02
-2.988285627144451837e+02
-2.191780299776041829e+02
-7.968419495658415030e+01
-6.845372777506455009e+01
-1.868287304624289789e+02
-2.465853054323936533e+02
-2.405588990227217892e+02
-4.538995311287310415e+02
-1.333179224048484457e+02
-7.070535671567931502e+01
-4.427959402415291379e+02
-9.306179415906383667e+01
-6.149406919677834367e+02
-1.289969522025732545e+02
-9.822905704179493114e+01
-1.334076822863769678e+02
-5.870721069072537546e+01
-1.491495308709839094e+02
-2.352571111196293145e+02
-8.658217096320711903e+01
-1.602017267565552174e+02
-2.444744253333323059e+02
-8.034649359935789903e+01
-4.471667712169237916e+02
-1.429338627511370987e+02
-1.504815021372670003e+02
-8.187676402906438966e+01
-2.589334646511966298e+02
-1.085070586625702731e+02
-1.971081323645476004e+02
-3.046265534078344785e+02
-8.392509441605295706e+01
-3.078472713343467149e+02
-3.646943428830148264e+02
-2.921604423607093395e+02
-1.179404916439754061e+02
-1.139281862439138706e+02
-4.537898192845613607e+02
-3.430067190500697052e+02
-2.586076334136125752e+02
-2.590082836620404123e+02
-1.871357106012529528e+02
-3.489112557354642945e+02
-7.335962040779165250e+01
-9.948371666091678378e+01
-5.800748758613512734e+01
-6.741234958063631666e+01
-1.220272802880440253e+02
-1.321079714162389962e+02
-1.295301670521834012e+02
-4.292346979239015781e+01
-2.622808649217141692e+02
-4.265915849258128105e+02
-1.262692075986198859e+02
-3.438547455643437445e+01
-2.997636039533203984e+02
-2.236111124543396613e+02
-2.050169855992525072e+02
-2.146706716861771440e+02
-7.228519320692437589e+01
-3.496344339806017842e+02
-7.358366180439053039e+01
-1.184056386602912596e+02
-1.064031123696298948e+02
-3.735859311050562610e+02
-1.362098838539477867e+02
-1.537187493390270276e+02
-8.795395693478027965e+01
-3.893640800579521510e+02
-2.487425585464064284e+02
-1.020628606748445577e+02
-2.874447201826308742e+02
-1.163341595264101187e+02
-1.781486091156747875e+02
-1.019155943505725048e+02
-5.141978653555830903e+01
-3.694130300109151221e+02
-2.441104000841525306e+02
-5.039717140303436054e+02
-1.233632803278717631e+02
-4.888891222218978072e+01
-6.419750104620351294e+01
-6.446648053910045917e+01
-2.456061202287857554e+02
-1.628004911657317280e+02
-2.098045293239239868e+02
-2.188312270157513524e+02
-2.180918342001937447e+02
-3.075138895586827630e+02
-1.514654027184295160e+02
-3.080318505706229644e+02
-1.024672996063580683e+02
-1.699603152231574086e+02
-8.616359179861369455e+01
-3.848521316817991078e+02
-3.477721988133789637e+02
-4.181584464911827013e+02
-1.259123389903801922e+02
-4.783130069841054421e+01
-1.469466963561436614e+02
-7.280270927921687019e+01
-1.304242964561241820e+02
-1.214506334969172627e+02
-8.428796561959995870e+01
-9.936024402543495171e+01
-1.281197010250940309e+02
-2.751954898461527250e+02
-1.095629556590072013e+02
-8.908602987468702850e+01
-1.348056422229483928e+02
-8.475103527190958630e+01
-3.834150289051939922e+02
-1.065271192399052040e+02
-2.743667480464756636e+02
-3.113042442298512924e+02
-1.837575271726708763e+02
-7.457913236251408762e+01
-2.142273396663315452e+02
-2.586373783073893833e+02
-1.560650368261330811e+02
-8.438829965105826147e+01
-1.120154308128439737e+02
-1.587634958481662295e+02
-1.289249689858713737e+02
-1.991888699733164003e+02
-4.812599825416202037e+01
-2.438863899734721201e+02
-4.265255231131202436e+02
-2.921409054196188890e+02
-2.487324445214209163e+02
-7.310194876184370116e+01
-3.625081934209291035e+02
-7.577301118898215293e+01
-1.146729189287441955e+02
-2.760320165290866044e+02
-2.089851281443327764e+02
-1.496720253432861796e+02
-1.934539095575822500e+02
-9.643542759157493549e+01
-2.998645100691996959e+02
-1.304396353078263076e+02
-1.009997195145202511e+02
-1.187618638624949625e+02
-2.840192106525635154e+02
-1.346310608196025669e+02
-8.527743275541777734e+01
-1.806476544089133540e+01
-8.490930261123068590e+01
-2.532209393833074387e+02
-1.636544451278274721e+02
-1.431769768233120317e+02
-2.205870273413168832e+02
-6.046894102069425259e+01
-2.404432118178577866e+02
-2.872465415997137939e+01
-6.221979396682013430e+01
-4.104250446215586123e+01
-1.255966988141284730e+02
-2.508324004502874516e+02
-1.181607448669247873e+02
-2.344943089504953093e+01
-1.671395892019559426e+02
-2.452072911814198051e+02
-2.067234199092197855e+02
-3.887984770227892284e+01
-2.555222292509235160e+01
-2.211132496749495715e+02
-1.648737395607601854e+02
-1.615419657796836361e+02
-1.334148153742532941e+02
-2.461895926411343964e+02
-1.074084855265185325e+02
-2.420647008748114786e+02
-1.607939016036524436e+02
-1.535762827082733679e+02
-9.785432015167491215e+01
-1.500224283583182228e+02
-2.458902361874155247e+02
-2.569084078634079447e+02
-1.195593054908835740e+02
-1.105357532355011898e+02
-2.915535734166296606e+02
-1.245866901632286670e+02
-3.081622159601764679e+02
-2.423159273937862679e+02
-7.346252599150838591e+01
-2.573617798347232224e+02
-8.020683708560025593e+01
-2.481249659040258280e+02
-3.884939409707744176e+02
-1.118132943676937145e+02
-9.403511371079321179e+01
-1.486646529813488655e+02
-2.776897014851133463e+02
-1.530574709358522796e+02
-1.461974050163950665e+02
-1.144324302364666579e+02
-1.055046098726667481e+02
-3.318328041240469588e+02
-1.151295579504700299e+02
-1.839441367825397435e+02
-5.749631318192129470e+00
-5.519435686750084642e+02
-1.250432993091560405e+02
-3.331975038947269923e+02
-7.712430517732298085e+01
-7.251646055391151435e+01
-7.219957171518653638e+01
-1.256612931969137321e+02
-1.257007457161868871e+02
-1.285967376623561336e+02
-9.626956124195322673e+01
-6.191032751730483596e+01
-9.389553198075623186e+01
-2.597550950124234532e+02
-1.486481464327816298e+02
-4.626370072135966183e+01
-1.321533125248597003e+02
-9.405588077441203154e+01
-4.857031402234566286e+01
-1.126566709621233997e+02
-1.472811197889786285e+02
-1.375573226739088852e+02
-1.806700263090272074e+01
-6.089731240318511851e+01
-1.880554769410618405e+02
-6.658073921143814289e+01
-1.405773845322143245e+02
-7.136176454308801453e+01
-1.316611500577459992e+02
-1.209306209081331360e+02
-8.591998431181069407e+01
-1.381364590677964941e+02
-8.031805854263765809e+01
-1.212203154960393050e+02
-1.668296618208991617e+02
-1.162427216605649960e+02
-3.942023382744166327e+01
-1.428557626046473956e+02
-1.566816677284999741e+02
-1.188896561435446415e+02
-7.975189711706039475e+01
-9.915246445169977108e+01
-1.933929560524335329e+02
2.087740197576481194e+01
-5.992036705941562502e+01
-1.102649891937680593e+02
-2.237839641766742034e+02
-5.137027814651198554e+01
-1.392430933479026578e+01
-2.625278744351459181e+02
-2.066870917310115487e+02
-6.608945674977188389e+01
-1.650653479907400083e+02
-6.138343932246024082e+01
-1.063004689080122063e+02
-2.035409985246178337e+02
-1.455082794788586398e+02
-5.536152622804372925e+01
-9.977798170332633276e+01
-1.138417510494758886e+02
-1.797061591132995773e+01
-1.167233456937640312e+02
-6.521813817402468771e+01
-6.713431558016731060e+01
-1.702449951062923788e+02
-5.544320666922821772e+01
-1.137701348128288004e+02
-1.998814314745107197e+02
-1.269321561162938963e+02
-8.454114505048336525e+01
-2.225756131269051821e+02
-1.523929015253388002e+02
-5.929844530047911633e+01
-5.877398175950680326e+01
-1.771859000110546845e+02
-1.897295359844877112e+02
-3.073198215989655182e+02
-1.620124743676088599e+02
-5.022667417075674479e+01
-9.428998451371691658e+01
-7.540697629985334061e+01
-1.585099806198669228e+02
-6.906504080879371088e+01
-6.552834008370260221e+01
-1.475388508771935676e+02
-2.041671183041268307e+02
-2.883135992995428296e+02
-6.215515897063103523e+01
-9.608955198722506452e+01
-6.179359396435889096e+01
-1.027068601814701196e+02
-7.145888512502583012e+01
-4.614549170473700457e+01
-3.027521102704370719e+02
-7.124614640646032626e+01
-1.637481410049938404e+02
-2.635307418289559109e+02
-8.507675413464779979e+01
-6.917982663349272343e+01
-8.979760656441578703e+01
-1.328661272371321616e+02
-9.536468888421595125e+01
-1.216382869615420930e+02
-6.401702501864430417e+01
-1.455577498267922749e+02
-6.877266575360624756e+01
-2.123515041810667299e+02
-5.941124061792960731e+01
-5.307013982635907468e+01
-9.371060373933818255e+01
-2.328596341888937218e+02
-1.100552900241665952e+02
-1.058446076951345560e+02
-3.408774029392351395e+02
-1.166949876409008056e+02
-1.813039333712588927e+02
-3.125272837022982912e+02
-1.759016063533114504e+01
-9.128424320682020721e+01
-2.965233729886564902e+02
-8.477852276384120955e+01
-4.875705741172508567e+01
-2.130875837910361099e+02
-8.174817584281890959e+01
-4.507654487149980582e+01
-1.352392085127227119e+02
-7.452194253009913893e+01
-2.892837362064221907e+02
-1.397502734998407448e+02
-1.153894558934410952e+02
-2.350025914780637493e+01
-6.963862266399458179e+01
-1.171098819039677750e+02
-3.188387394614358072e+02
-1.118419021195059884e+02
-1.208607692309323198e+02
-1.161619248085308982e+02
-3.329913031270251622e+01
-7.193944823694137369e+01
-1.238217405143168293e+02
-2.544655158280206422e+02
-2.447548660783567982e+02
-1.239474140502808837e+02
-9.072941069605239761e+01
-5.102323594057068590e+01
-1.225414156609804479e+02
-3.507247149565425843e+02
-2.434823005158513638e+02
-8.042985949698892512e+01
-6.964684533839670166e+01
-1.414294395529613269e+02
-6.367545473371836806e+01
-5.008151881806693240e+01
-1.933250132153789309e+02
-1.702219653262167753e+02
-1.083877651795251609e+02
-5.596187492213778825e+01
-2.871577886892130778e+02
-2.223976334816759959e+02
-1.059648942954205211e+02
-1.044302811514911866e+02
-2.155642930875004026e+01
-7.053039656482326336e+01
-6.700526348548925171e+01
-8.832947245366517564e+01
-4.417907308333295902e+01
-6.659378621581836910e+01
-1.817188764256288209e+02
-8.562889327946000151e+01
-6.072133981199954178e+01
-1.205474143762480423e+02
-7.266028615477819130e+01
-1.127718279633760687e+02
-6.663772354125066499e+01
-2.431281657848545024e+02
-1.121173311360220026e+02
-6.692351048756614773e+01
-4.767746194376888269e+01
-9.847905359585004703e+01
-9.324004981066477171e+01
-3.264396702102616246e+02
-6.312418708917596888e+01
-8.372095481143068696e+01
-9.605572155806751766e+01
-1.061043123984644296e+02
-5.331346453909051775e+01
-1.662486555397933330e+02
-1.532599995210249517e+02
-1.539834805924272132e+02
-9.399337952555836750e+01
-7.980608224299393783e+01
-8.725741373336499862e+01
-8.319780266681891590e+01
-1.048663290782233304e+02
-2.239904691137928694e+02
-8.929301487425917117e+00
-2.144953602905663956e+02
-1.031186958767827520e+02
-9.398294092682409939e+01
-3.316876825242843552e+01
-1.957983011914996609e+02
-9.656093524970417263e+01
-1.540799387718992648e+02
-1.659314057917221419e+02
-9.921658296897444984e+01
-7.231933341389482450e+01
-5.060813280164508399e+01
-1.066074202451168134e+02
-7.711984361806234745e+01
-3.963885486665344615e+01
-1.143074733823250853e+02
-5.690357553942276070e+01
-7.705847496389129958e+01
-6.403007908688135785e+01
-8.742749451718272269e+01
-2.132103365339656307e+02
-1.253022517556732112e+02
-4.467871377308699721e+01
-3.166171105706045807e+01
-1.050914306820356785e+02
-1.188903647742817498e+02
-7.849665418540382689e+01
-2.911230806825703610e+01
-1.290979249952285386e+02
-1.063515170412603652e+02
-9.251616798442508127e+01
-3.534237579126724427e+01
-8.028756815238374145e+01
-9.521013906210603750e+01
-2.376963913074573895e+02
-1.005596017245377993e+02
-2.602029602791397451e+02
-8.621276553243278329e+01
-3.421487932844918589e+01
-5.970078749174619759e+01
-2.634872861727063764e+02
-7.572867306950416832e+01
-7.481038143492241943e+01
-5.510572460037661813e+01
-6.541243156590503816e+01
-7.391689761980400419e+01
-1.358581814762830504e+02
-6.975063376732492770e+01
-8.725025424819770592e+01
-1.138588863364268349e+02
-5.519196810811966714e+01
-1.385391758609141561e+02
-8.617615696223535338e+01
-1.146161196595904386e+02
-1.013200579933734673e+02
-2.845053965890949712e+02
-7.769777173262102110e+01
-6.620496937940383475e+01
-1.038300247242206495e+02
-3.147185797590624361e+02
-9.746887310055215892e+01
-1.769160748724924019e+02
-1.185564665552513475e+02
-4.107018880300636710e+01
-6.510538834849796785e+01
-8.395807303458995818e+01
-2.389419412858278804e+02
-3.354337787693330597e+01
-9.241688175884503664e+01
-1.182591596447801976e+02
-7.440507314875628708e+01
-9.936846903389388785e+01
-5.595397223784900831e+01
-6.044228378843416039e+01
-8.785070165560192379e+01
-9.603461304506748775e+01
-2.161266255927928341e+02
-8.203942299994673704e+01
-9.699717792973061137e+01
-2.608011883168367717e+01
-5.230469470282966427e+01
-1.091233636161680636e+02
-9.033839620426033434e+01
-1.224812618366750598e+02
-1.995554308743629690e+02
-1.813696274875141512e+00
-5.504277979299183698e+01
-4.946056738567726541e+01
-1.135621159265589171e+02
-7.833850376271381322e+01
-6.684139688862106254e+01
-8.559447730119624964e+01
-2.382074723584591709e+02
-1.217788439805159300e+02
-5.814249180667769679e+01
-8.107698289473161424e+01
-3.395268321679296264e+01
-1.243218135295201989e+02
-5.497154612323817702e+01
-7.540090744483620711e-01
-3.466548460962584954e+01
-2.163321912442859514e+02
-1.598949699628686290e+02
-5.818907996075369482e+01
-1.081729194960271769e+02
-1.587223609662450485e+02
-8.650727938346848589e+01
-1.221542409929234623e+02
-1.174190381414343278e+02
-6.483997209813178131e+01
-6.213340566389012309e+01
-9.657056968589770918e+01
-1.081497412491843306e+02
-1.093700477735795147e+02
-8.684534167248915537e+01
-6.191088849211813994e+01
-9.533590793912354400e+01
-8.594132694098345837e+01
-1.197638935022633007e+02
-1.605932157840213677e+02
-1.026074481298707894e+02
-2.367515539413778640e+02
-8.300614496323260028e+01
-7.745913668336993396e+01
-7.547805648596535377e+01
-8.305168132281744420e+01
-7.235454285748092218e+01
-9.298471995699850368e+01
-4.434123566220247881e+01
-1.891437254880932528e+02
-1.263977096862045073e+02
-7.128482646350877872e+01
-8.038943760848667353e+01
-8.382702727766042017e+01
-8.213314337004145216e+01
-9.310223026465271801e+01
-1.434851221777852857e+02
-1.080313447312721422e+02
-2.953138095548388264e+01
-9.682058138328605423e+01
-3.749418739213737695e+00
-1.080619855713700588e+02
-1.018993175368712514e+02
-1.018394536805551809e+02
-7.846529145553699891e+01
-2.155681777908224603e+02
-9.022917062878546801e+01
-1.070482183168099937e+02
-5.491046978238324527e+01
-9.756117260681760683e+01
-9.780666841913311771e+01
-2.350181514313075581e+01
-9.820753357229494895e+01
-6.901516768530355250e+01
-8.266447585318373115e+01
-5.637235222917871624e+01
-9.754522498338802450e+01
-5.950998509416164950e+01
-1.406647110115081034e+02
-1.354357922044614497e+02
-1.058039959324201646e+02
-8.636193361215950404e+01
-1.161573881736591005e+02
-4.505634570310573395e+01
-1.089847256378150888e+02
-1.126849356135471538e+02
-5.214587989448294536e+01
-3.011513022793737946e+02
-1.358142364822377317e+02
-2.856335300130329813e+01
-6.734093011993311961e+01
-9.387753025331788592e+01
-5.765984483600954036e+01
-9.748483201143653787e+01
-6.770179033416937386e+01
-6.721071821178472305e+01
-6.982775432872138310e+01
-2.570140803790685879e+01
-1.015533586880975321e+02
-1.239536064917301132e+02
-9.668766328989534031e+01
-4.827982333522477632e+01
-7.960333739866199210e+01
-9.538738791848994936e+01
-1.922885335132875184e+02
-8.457568509928807998e+01
-1.191710750283198053e+02
-1.795693522858501581e+02
-6.070791203667621971e+01
-6.796825175482497627e+01
-1.547876949881855353e+02
-1.522251980384600927e+02
-6.671078997736381666e+01
-5.935732574618441504e+01
-1.061814224286444386e+02
-2.365590359663192999e+02
-3.383208183404084366e+02
-7.756633471640657262e+01
-7.981158539440386335e+01
-8.911045934243492184e+01
-5.035379707112925018e+01
-2.809018378694064495e+02
-1.465435818821674729e+02
-1.127515306887818696e+02
-5.718069238804831400e+01
-7.963946119644062094e+01
-9.047238630189715991e+01
-1.477050141169023050e+02
-1.051719227281482603e+02
-8.069953722491072767e+01
-1.172136422045347501e+02
-1.216364664120416279e+02
-8.734500346112955071e+01
-8.450482720553772253e+01
-1.004447851767613997e+02
-1.129708685420002467e+02
-7.384136098648870927e+01
-9.000118720787608595e+01
-1.601294800726580547e+02
-8.399111627067597396e+01
-1.001790320233195359e+02
-9.658365166910020605e+01
-1.587255316114608377e+02
-7.885299238175302605e+01
-3.226984947703213891e+01
-2.145868665352128346e+02
-7.365421551876582384e+01
-1.091164269208131685e+02
-6.984853180109296034e+01
-1.906298623002068950e+02
-1.719614328331101660e+02
-1.696509594955909677e+02
-1.648621801484232492e+02
-6.835164723652704311e+01
-1.440912716543058991e+02
-3.803752806796265418e+01
-1.181444557409172660e+02
-1.005592005713149035e+02
-9.332807211633550537e+01
-7.131791883484628158e+01
-9.535754761033456361e+01
-5.550390181570707426e+01
-1.082436809466888121e+02
-7.259710991521714618e+01
-6.401408016608738194e+01
-6.834133839286965895e+01
-1.360434438889037665e+02
-9.392267539499985674e+01
-8.165474768024620289e+01
-1.003064612148931758e+02
-1.144358759310624976e+02
-4.709801506209161914e+01
-5.011590144975253480e+01
-7.431103720619758235e+01
-4.501667572279733776e+01
-1.113390632267190625e+02
-1.295114540163905588e+02
-7.793389112264981122e+01
-1.337448105505921774e+02
-1.190638984532678393e+02
-1.134892998893821385e+02
-8.326997201695697015e+01
-5.495573570250087414e+01
-8.248029608443063410e+01
-2.666789339098597793e+02
-1.917013405310017902e+02
-1.194039056628285920e+02
-1.835153027686939708e+01
-6.754666996463153339e+01
-1.514109738253488331e+02
-5.830795772190377591e+01
-1.091600862049988336e+02
-1.026354264775290517e+02
-6.027648647446262231e+01
-1.349795962164581624e+02
-7.340193999691769022e+01
-1.006627286155189012e+02
-1.123087162748806946e+02
-1.748432018917717983e+02
-1.063025183162286709e+02
-1.285079056866698295e+02
-8.562883326224280722e+01
-9.056248637710903893e+01
-1.012470991319607521e+02
-1.066443865219444689e+02
-1.046640319819746594e+02
-5.888567650501149586e+01
-5.829898452307139678e+01
-4.845919104442614866e+01
-1.197385651004409226e+02
-1.715301647840018688e+02
-1.058943470353389671e+02
-4.307399023062509258e+01
-7.786293876673420300e+01
-6.587344577716632443e+01
-2.110260702045212895e+02
-9.107254828604952479e+01
-7.523273283649339760e+01
-5.676276096540158278e+01
-5.319260324608302426e+01
-5.186838506855295350e+01
-8.522310002867362755e+01
-7.628353998436767824e+01
-1.695656180229192387e+02
-7.995066931594475079e+01
-7.555142488305969550e+01
-7.205529294625036130e+01
-1.222573844762114277e+02
-6.763278942521343140e+01
6.224732687974153578e+00
-1.732707205452149424e+02
3.742633286629313005e+01
-6.689642493076831897e+01
-5.951387175682012298e+01
-8.054159927611905800e+01
-2.431126081094361382e+02
-9.320881873001751217e+01
-9.063446862283950622e+01
-5.481418125041041378e+01
-6.392019289571865670e+01
-1.616535811550093626e+02
-3.771551772005340553e+01
-1.089047636728386976e+02
-9.445420627868601571e+01
-2.099486624682319871e+02
-5.867759471334441201e+01
-9.691068392918843699e+01
-7.735492917666765322e+01
-7.990333141094876623e+01
-8.678718131183887863e+01
-2.024500821075645263e+01
-8.627227572358137309e+01
-8.099104759021622613e+01
-7.248910473406725430e+01
-2.678047162799680336e+01
-7.918868434923521704e+01
-1.345316061150125790e+02
-8.675682263475923151e+01
-9.062782365346360791e+01
-2.866355715247520664e+01
-5.556868757005922532e+01
-3.669437756413117313e+00
-1.173942236389135445e+02
-7.991512979802651273e+01
-8.557200658064240884e+01
-8.183461877927848604e+01
-7.773244997119032007e+01
-9.213834760122436762e+01
-2.872709210865136242e+01
-9.681396861058372849e+01
-5.014880998958210512e+01
-7.909883802989224932e+01
-5.031684436094612778e+01
-6.669152805423750863e+01
-6.719482848078689585e+01
-1.095587511596273487e+02
-1.131183366581329039e+02
-7.294180989079301014e+01
-5.993854850039976867e+01
-4.415233270505573415e+01
-5.528150380735628744e+01
-1.057977957810330452e+02
-5.251074104268272436e+01
-9.349329926915392264e+01
-1.814675431295491421e+02
-6.971624089743784225e+01
-5.562370791336088161e+01
-8.124755922014240639e+01
-1.108950598631068232e+02
-7.530754748002135557e+01
-6.150116883841115367e+01
-1.088357095872682407e+02
-8.039497929895728134e+01
-5.273401077338996856e+01
-1.509858822132162857e+02
-1.889932007103619753e+02
-6.333813376666842032e+01
-4.089606390283469040e+01
-7.501556719897570247e+01
-8.600939563183084147e+01
-8.157982442999255568e+01
-9.272650716497180667e+01
-7.734576420239551453e+01
-3.432055296364285368e+01
-1.120440847859190114e+02
-4.666954893074188249e+01
-6.960747044058675215e+01
1.165269379377540133e+02
-3.008193705328696979e+02
-9.123749725850332482e+01
-7.538630236021175790e+01
-8.786214497649410760e+01
-6.226751028932125109e+01
-2.223251178784875037e+01
-5.009145658163575376e+01
-9.055772081086843173e+01
-7.675436662172869262e+01
-5.513575049631867842e+01
-7.111547267792245464e+01
-6.166312323517435345e+01
-8.177464655804492111e+01
-7.732304328879060051e+01
-3.013537530869811576e+01
-6.622438713512605091e+01
-4.428466129272992902e+01
2.536254678335243895e+01
-8.017173116959799017e+01
-9.091621888547973640e+01
-4.317253557010901943e+01
-2.790461742365103248e+01
-5.048568410864613298e+01
-6.320567211455700374e+01
-4.810629551386408309e+01
-6.419383076567146418e+01
-7.461231050476152404e+01
-2.775602965605342831e+01
-1.525952994186653200e+02
-3.921740328984957813e+01
1.841049176099616602e+01
-3.667038649389770910e+01
-7.140933534883572520e+01
1.471580732780864764e+01
-2.299274831056888502e+01
-4.955888952132305292e+01
-7.785887032075771685e+01
-7.154523413980072633e+01
-3.760505924611667865e+02
-6.079453906440457445e+01
-8.676704786530874003e+01
-8.030436060532339582e+01
-6.860489882436363018e+01
-6.275392894574562774e+01
1.156437174621564168e+01
-2.623230898581653037e+01
-1.122390963247514719e+02
-4.039950874236869538e+01
-7.532149715802930245e+00
-9.848299900600991919e+01
-7.739847113397496514e+01
-1.085973965956718246e+01
-5.317362889265116621e+01
-2.509203736025649221e+02
-6.498613591117728561e+01
-1.015307220283577152e+02
-7.283885133752242780e+01
-5.512515352124170676e+01
-2.931161055167653728e+01
-8.209407196573677368e+01
-4.552365610361994186e+01
-8.633862136584724567e+00
-2.179780644387859923e+01
-5.801097529621630144e+01
-3.030437007768327362e+01
-6.274592597006206773e+01
-4.343799466474862925e+01
-1.527815405549357592e+02
-3.761362868661819903e+01
-4.427229198846379177e+01
-7.160561045483419207e+01
-3.378997094622752684e+01
-2.419960370142155170e+02
-8.015605076690781061e+01
-7.210412422186661274e+01
-1.497091799962745995e+00
-7.876900282880700388e+01
-4.491470944174783142e+01
-1.462447266256487808e+02
-8.750779529414711533e+01
-1.071746285185104171e+02
-5.521209618333007541e+01
-5.363750677324532035e+00
-6.073225684578641648e+01
1.784002112625537961e+01
-4.620965480562711036e+01
-1.879512453656489868e+01
-7.795596916728767667e+01
-1.565949369524331303e+01
-1.382149119501475241e+02
-3.771239129022735170e+01
-4.770078477859918564e+01
-8.789754232977104209e+01
-4.029682083588545538e+01
-3.332167935436102368e+01
-8.279990720610207688e+01
-1.887387613056677367e+02
-9.509682272457837371e+01
-6.722261769607440840e+01
-3.603142657247681768e+01
-2.831920414589295660e+02
-2.979967778462020078e+02
-1.176213744517140469e+01
-6.034849940769581877e+01
-7.921882158185644585e+01
-5.448870792771664640e+01
-4.032235702671965782e+01
-2.769380649796665921e+02
-3.425439982399279870e+01
-9.418756036811672061e+00
-1.279187741193078267e+02
-8.321525783295012957e+01
-1.085661026714945194e+02
5.002564051774726295e+00
-3.220638510831130361e+02
-2.175391047184348281e+01
-3.101779991839721333e+02
-5.107411369686279556e+01
-1.596023472344618028e+02
-9.109242071448676370e+01
-2.790477784401362555e+02
-2.486092543698252655e+02
-1.743799317818233021e+02
-2.600627226973895745e+02
-5.384038979954637938e+01
-3.603468579538294847e+01
-1.598645810769727404e+01
-9.477055262471597530e+01
-2.203341723784727435e+01
-4.751841026922892297e+01
-5.534703739677723888e+00
-3.578715342989397641e+02
-2.010721784631165576e+01
-4.472974942101765095e+01
-8.633128293437810896e+01
-4.657832177601098067e+01
-1.062693565685056569e+02
-1.037690747041699524e+02
-2.031531346267342428e+02
-5.365877805566945113e+01
-2.629252820355522999e+02
-7.955809921665529316e+01
-6.214585686632572958e+01
9.727764055786082054e+00
-8.969615025718957213e+01
-3.045558974151178688e+01
-1.293484124720060606e+02
-5.909997652140881286e+01
-6.806793459338064167e+01
-1.811062084190683663e+02
-4.479305456133573671e+01
-3.210976178722366114e+01
-2.772768908560427690e+02
-1.134604644643279698e+02
-2.892085315762662390e+01
-7.076871815979622227e+01
-1.158579474336735871e+01
-1.093115197420217442e+02
-6.353778853911884283e+01
-1.485266953099943521e+01
-1.297263509151094922e+02
-2.531445833482252965e+02
-5.936516060047768661e+01
-7.638542166530638156e+01
-1.073086003795946795e+02
-3.754976706999622138e+01
-1.109376513630819261e+02
-7.205174969433035415e+01
-1.157566080611843660e+02
-3.460925934754308742e+01
-6.375707291075258354e+00
-7.491860154703627472e+01
-7.220864533843449351e+01
-1.794762354913214608e+01
-9.159935574906857880e+01
-8.832975607874327295e+01
-5.714045958864247154e+00
-1.029367399141951296e+02
-7.553349399802431208e+01
-3.219980609591081588e+01
-1.265178543774482023e+00
-1.007623324139710519e+01
-4.088928355208167886e+01
2.249687677871398250e+01
-9.734380856484249023e+01
-3.708104646015310379e+01
-6.377754997738653486e+01
-5.382185956935455096e+01
-2.133682778365310639e+02
-5.261951686500202641e+01
-3.163503734920146826e+01
-6.242761201868668763e+01
-3.802274646140032246e+02
-1.143267057831377826e+02
-7.847221508805449730e+01
-1.032220201252120830e+02
7.355965235188676843e+00
-1.556684066088379836e+00
-9.806503618482157947e+01
-3.925902709118953737e+01
-6.897237271587069074e+01
2.283812410761991885e+01
-2.181253696383577676e+02
-6.752127354537179826e+00
-1.084805342775428301e+02
-1.408351365080722530e+02
-1.613170749088666867e+01
-4.456363527568891669e+01
-3.751642206205436736e+01
-6.109619337691957242e+01
-4.265332156983518530e+00
-5.080206497177086788e+01
-2.365909754841850088e+02
-4.310289548954838068e+01
-1.437627356172191355e+02
-6.996768041704882535e+00
-2.927508636778877360e+01
-5.531787472575938125e+01
-5.720877132250407726e+01
-8.090629902048604549e+01
-5.127620975698943084e+01
-2.843726023943787595e+02
-9.792424553933358311e+00
-1.035833017256543798e+02
-3.130030640267651165e+01
-1.372205553931258635e+02
-2.693750272713494098e+01
-2.788915782635380083e+02
1.853064900560843853e+01
-6.557002998012509920e+01
-2.375691301452050652e+01
-4.486340817826962279e+01
-6.828650387657160081e+01
1.096486360228941237e+01
-1.528439414228944884e+02
-4.279656697072780247e+01
-7.200277752299919598e+01
-2.784535766791294975e+01
-2.896795371055699775e+01
-8.267718033831867785e+01
-2.911525014019261448e+01
-2.789252995077025332e+01
-7.601069610413344435e+01
-5.528801320455592361e+01
-1.750558571800273739e+02
6.604463272190614020e+01
-6.236886622762356325e+01
-6.738051550535601564e+00
-1.876552482093044318e+02
-6.737565648291950993e+01
-1.765043811152181661e+02
-1.409870003526171445e+02
-1.667895633195086873e+02
-1.529661513050518238e+02
-1.833878396226580776e+02
-2.321140657105470950e+01
-8.091493531135435546e+01
-1.657797122968915460e+02
-9.816194349757400062e+01
-2.156293706578378249e+02
-3.622519533811286152e+01
-1.388896428854832550e+02
-6.199578887686763551e+01
-9.454259634139293667e+01
5.290044520398723193e+01
1.486373392404763649e+01
1.137276043001136827e+00
-4.117486133429265749e+01
-8.375273514183047041e+01
-1.025814766069375139e+01
-1.453255282346461854e+02
-3.478379638210195424e+01
-3.087377732335221481e+01
-4.901541885227291573e+01
-6.231149860342710411e+01
-2.904912566708293298e+01
-7.409356064022011878e+01
-3.155258074091251785e+01
-9.395415630194219148e+01
-1.792539157383943689e+02
-3.052666184513842040e+01
-6.599717540096065704e+00
-2.460579342473434394e+01
-2.006117559066101137e+02
-5.149887066205306496e+01
-2.900557594463717805e+02
-3.370615410905428178e+01
-7.406567631252073625e+00
-2.332069487692146481e+01
-9.726282093355612801e+01
-4.466511072730132526e+01
9.980380606299348756e+00
-7.661033451878569167e+01
-6.828396749654702091e+01
-2.900501696685723800e+02
-3.776819581925995806e+01
-2.084854034005325616e+02
-8.807474046111597943e+01
-3.577311233015119285e+01
-4.143416068128290419e+01
-9.621189013160220327e+01
-5.101442497070222970e+01
-2.363848415183953477e+01
-1.094100011023469960e+02
1.840396768725737786e+01
-1.803136019534610170e+02
-2.130160441925490318e+02
-2.420069144827921548e+01
-2.697104044692078162e+01
-4.559283681189940012e+02
-1.337542714207693280e+02
-2.317239880580652311e+01
1.551390269042106240e+01
-1.007479710153634755e+01
-5.357467309184181659e+01
-8.035502406883372828e+01
6.338830883224697743e+01
-8.848670350630257531e+01
-2.455076368583224280e+02
-3.718211362591302418e+02
-2.512115194270481311e+01
-9.341616705479299299e+01
-6.201703519151313060e+01
-8.594819611241175039e+01
-1.322548971709962871e+02
5.946725261818363606e+01
-3.033500229492653943e+01
-3.739578377416463013e+02
-2.364838539208690804e+01
-2.922322104889683487e+02
1.011983777796530148e+00
1.615687853415536779e+01
-4.686241499126414567e+01
-2.677025173582028401e+02
-2.477072581314740773e+01
-8.287345095773839887e+01
2.009922483226289103e+01
-7.983290455874438862e+00
-2.019886420482936273e+01
-7.890109022544262984e+01
-1.171342420768915815e+02
-9.187298267072208091e-01
-3.372782655104703053e+01
-6.919613135219779565e+01
-4.497624537160400848e+01
-1.357956601114403838e+01
-1.822015578039207639e+01
-1.710516750974021249e+01
-5.664044288094634538e+01
-2.543621529638950562e+02
-9.253078325431496864e+01
1.504884503861728717e+01
-1.847012232540720333e+01
-5.085664338885179347e+01
-2.636943105032851520e+01
-3.645329955620654800e+02
-5.657577177105032717e+01
-9.472431240573814648e+01
-2.900540345693885058e+01
-2.217856077103633083e+02
-2.247092714762198966e+02
-6.549917282331718127e+01
-6.390978612568339656e+01
-3.712440074698504588e+01
-4.366860562561794978e+01
-1.026951540947415253e+02
-4.538201641220914695e+01
2.715534345704938346e+00
-8.064668038565723407e+01
-4.414388699454223541e+01
-7.796565873300265537e+01
-2.005664880400854031e+02
-7.842776144754857626e+01
-1.338825143286342438e+02
-1.923790025516862556e+02
-1.419129846935915680e+02
-3.104979512556959662e+02
-1.087600812447201122e+02
-3.497748001654017003e+01
-1.885666092337501709e+00
-2.100351193706352433e+02
-1.368389097404771348e+01
-4.996214053918900078e+01
-5.713665044307678187e+01
-6.039550371179946353e+01
-5.131578661999844826e+01
-2.787635575343983305e+02
2.321987118098746805e+00
-9.495084984148417107e+01
-4.524498793300747224e+01
-3.851028458054494052e+01
-1.696470777189957744e+02
-2.365678724383766394e+02
-5.184195266593472695e+01
-1.076219053746144709e+02
-9.426022387745516085e+01
-1.568417086223899446e+02
-1.269127159950629533e+02
-4.979588169255609387e+01
-2.288529924283348294e+01
-8.632311612448461347e+01
-4.045480118100896050e+01
-2.936394982391250608e+01
-1.065864657248416307e+02
-1.015814875836163651e+02
-1.036812040552739518e+02
-1.402383835459298211e+01
-9.781834564510450036e+01
-3.101650278893630741e+01
-4.215166007541611748e+01
-6.112672905182246552e+01
-3.085032013005246654e+00
-4.860333453216964017e+01
-2.155649345503893528e+02
1.512772588664603290e+01
1.986466668754373188e+01
-3.475403615020607617e+01
-7.259063779466066535e+01
-5.979516626075032804e+01
-6.810722319830837534e+01
3.962689270360380078e+01
-3.022409296545563961e+01
-8.256618137965075732e+01
-2.190543577097587047e+01
-2.032505491163233842e+02
-6.795050432532110563e+01
-1.017765669556761026e+02
-4.827417185891637530e+01
-5.130006728732055166e+01
-1.651182676904244886e+02
-4.549656176447556533e+01
-1.840365071347449089e+01
-3.008858409350656871e+01
1.184478063792982994e+01
-5.374755595166376310e+01
-3.472844098321795059e+01
-1.351398555027358839e+00
-7.546679762236787781e+01
7.577542381181018527e+00
-6.720767037840181501e+01
-3.025356872698279176e+01
-2.099979646698472493e+02
-1.099287726239155916e+01
-2.562562384822037984e+02
-7.762858819486538664e+01
-6.562197066187555095e+01
-2.234582569981808717e+02
-2.767964457259323581e+02
-9.290289489495165753e+00
-1.019040785763621528e+02
-2.034205129664268270e+02
-2.381191201461340938e+02
-2.046981048735100899e+02
-1.654793239874011306e+02
-4.417545435772780138e+00
-1.508435556062239868e+01
-1.313471621513357945e+01
-8.775715832396338101e+01
-5.797665133912233415e+01
-2.288385518231763740e+02
-7.129159719220541547e+01
-2.311755214511323118e+02
4.611646898496843505e+00
-2.521783635334365954e+02
-3.102042956398507556e+01
-1.758611767118235321e+02
-3.228639724684113617e+02
-1.708414048198265505e+02
-2.339175167520648699e+02
-2.886719698360200255e+02
2.682527249005855197e+01
-2.096258494015759481e+02
-2.082961510767648861e+02
5.161120967072585586e+01
-1.755307576147330622e+02
-8.632720994614118126e-01
-9.074330634159288422e+01
-4.751013712214266604e+01
-8.998964189468685504e+01
-1.806246806156717355e+01
3.644022581415129025e+00
-1.613040162327848179e+02
-1.790196987338600820e+02
-1.227207618102764570e+02
-1.692388658109963160e+02
-4.826191400498127848e+01
2.656995164458902536e+01
-1.043452747927437372e+02
-1.495170729814069546e+02
-2.621626916368595630e+02
-1.811837566389151561e+02
-1.088311815913087344e+02
-1.381204498908662686e+02
-2.534249206311178000e+02
-8.762187357748597094e+01
-8.561506335305199400e+01
-2.074910984394497859e+01
-1.131294845771482187e+02
-7.388189416213593574e+01
-6.043086935854013575e+01
-3.825976991604013620e+02
-1.811405979206055292e+02
-5.697487153592828690e+01
-1.666284611018153328e+01
-4.772714290889027211e+00
-7.887945040786695472e+01
-1.664572296833114535e+02
-2.340067988737801556e+02
-4.398548527728961943e+01
1.005072384984645026e+02
-5.453265602590296623e+01
-2.410575345064685848e+00
-2.289058131660711126e+01
-1.594846904466474200e+02
-2.272006239285969968e+02
-1.440234145376447827e+02
-6.331091928343528963e+01
-3.037143571793660612e+02
-1.776071717100918477e+02
-1.146450026370427082e+02
-2.089747772284057419e+02
-2.191332684416437075e+02
-5.826370342855886975e+01
-1.679948187433587634e+02
-5.705693550460834729e+01
-7.378023367080059813e+01
-2.669096603586538663e+00
-5.140281236789891040e+01
3.519112487589538318e+00
-2.806114976532171568e+00
-9.668227188873224520e+01
-5.858596690702483301e+01
5.491675073882589686e+00
-7.435753244352736147e+01
-1.848718982701696234e+01
-7.181138249514292227e+01
-2.111705867675271975e+02
-3.830331870556786811e+01
-4.981593385337092172e+00
-6.959807218636727555e+01
-2.726194529233882804e+02
6.774297451664253344e+00
-4.706580948712428381e+00
-4.352780988443308274e+01
-1.110336259065522739e+02
-3.973049063198504882e+02
-1.484974375729176188e+01
-1.115764805072128922e+02
-6.072725231009945190e+01
-2.671827122505538910e+01
-9.156426281413877177e+01
-1.300947587351537038e+02
-2.362514428323464699e+01
-9.163575997060320333e-01
3.703530036663050851e+01
-9.428454906946667791e+01
-1.350135190393658036e+01
2.534033309671855250e+00
-4.592468806237786083e-01
-6.544647816210101610e+01
1.173976969623173261e+01
-3.895041978307193631e+01
-1.338249197311065757e+02
-9.322012190646152874e+01
-1.656984931691181373e+02
-6.783692782365076823e+01
-3.585438219127051696e+01
-1.577011495224974169e+01
-1.459378640932430358e+02
-3.512969397922194048e+01
9.954877161598659541e+00
-6.951181763224212773e+00
5.823858555006438564e+00
-6.908673682369968816e+00
-5.280547076666325523e+01
-2.070353738518052467e+01
-3.358193013607791499e+01
-4.271157397502013708e+01
-7.742026208334004878e+01
-9.477501459991147215e+01
2.793600649738259278e+01
-8.110813507143461720e+00
-3.972119236737171377e+01
-1.747789650751744261e+01
-1.384430955348299790e+02
-3.569718620566665379e+01
-4.085867116754134543e+01
-9.318138580432398044e+01
-1.912534856577120479e+01
-2.422032789971622435e+01
-8.855518528691989388e+01
-2.304138252162370293e+01
-4.142235621539024493e+01
-8.750878145305793510e+01
2.177245564764406538e+01
-3.764276273077868495e+01
-3.230736072057844410e+01
-5.793053571521441114e+01
-8.028877462130905940e+01
-6.613804692090957360e+01
-5.499506695428856773e+01
-3.359904800341739417e+01
-7.926283530460057136e+01
-3.416824084264602845e+01
-1.101879093598708721e+02
-8.200808882273645395e+01
-5.670382961120937182e+01
-7.086921964087481740e+01
-5.268097612399510865e+01
-8.032615858199369541e+01
-5.597690114300873176e+01
-3.912810213256847192e+01
-5.292425179798620860e+01
-5.885304925051382696e+01
-3.157963562931918489e+01
2.554707579813523921e+00
-8.890184569853791174e+01
-3.425061797041766454e+01
-6.162930096895991028e+01
-7.275823954223807277e+01
-1.718768337788237943e+01
-6.564159884521036759e+01
-2.670263117312103418e+01
-1.503739751883634881e+02
-1.202125399661149174e+02
-4.353320516415054442e+01
-4.054164827216737166e+01
-3.660213227104464551e+01
-5.438668360371221411e+01
-5.596486577408890639e+01
-1.089578261415668692e+01
-8.155836930232933923e+01
-6.713915768543444074e+00
-3.044093588825899133e+01
-4.034462368317436187e+01
3.568078809819454023e+00
-3.274085035455145487e+01
-2.962713652652803376e+01
-6.472710063130448077e+01
-2.420280001134213421e+01
-4.787222232468894845e+01
-5.790531179938998463e+01
-3.415462544900090336e+01
-6.044017188748563285e+01
-4.040931353602542231e+01
-2.645855468052221227e+01
-4.479448825700973202e+01
-6.408482042299741011e+01
-4.700617446490756635e+01
-4.089106557562138988e+01
-4.458871100187995040e+01
-5.223319904503092204e+01
-6.923809203141564694e+01
-5.216858121515393520e+01
-9.051261551281484685e+00
-7.887848217199845635e+00
-7.833321463923772399e+01
-3.220530500198975687e+01
-7.759402427128635793e+01
-3.971156093501420514e+01
-4.232533887305577736e+01
-5.291104989762075661e+01
-2.969962339344826319e+01
-3.137086796189892368e+01
-2.932300944096745354e+01
-2.098234945187502376e+01
-5.936817398752516084e+01
-4.946742814415298284e+01
-4.285710252573318257e+01
-8.885226239735759179e+01
-1.785186625458706544e+00
-3.885939640398702721e+01
-5.715086010300871777e+01
-1.877221598309677688e+02
-4.852392863436681836e+01
-6.816801623929850962e+01
-9.405754753925695866e+01
-9.660864775755933920e+01
-4.540588458909980574e+01
-4.764903840142167724e+00
-7.625668827927945870e+01
-7.837936003064618262e+01
-6.815901350859772378e+01
-3.443524513730497461e+01
-5.433211864555158144e+01
-8.272273269903000426e+01
-5.652644398133580950e+01
-2.619123912329456516e+00
-1.294591255979314326e+01
-6.555474187366360184e+01
-9.951291583449244627e+01
-3.174852725977014245e+01
-1.972111035324105899e+01
-2.322643456515551463e+01
-4.488016296746176437e+01
-1.988159588764746104e+02
-7.502604669883463373e+01
-3.842954379331679604e+01
-7.352803510790613473e+01
-2.821062793321971185e+01
-3.721308876516885533e+01
-2.956765468544004705e+01
-3.095893934576065476e+01
-6.173727206599907902e+01
-4.479016538104925615e+01
-8.140804281383488217e+01
-7.949090612274213186e+01
-3.553946317282930067e+01
-2.803669143931287522e+01
-4.609116682675129084e+01
-5.508798342857508601e+01
-3.889606153087073892e+01
-8.394488371516783332e+01
-2.254329362117363189e+01
-8.571483536641204637e+01
-4.539799979790960549e+01
7.434247624446186364e-01
-7.319509547520938497e+01
-3.304304200295328542e+01
-7.470960969216343983e+01
-4.584464410849477645e+01
-2.870502822956905220e+01
-9.271120954697069294e+01
-5.207602333311670861e+01
-2.551834151976738951e+01
-2.740793096479400504e+01
-8.569578086203075884e+01
-4.872948156426378574e+01
-2.577895301120769034e+01
-2.075502467315197919e+01
-7.723861469793122581e+01
-6.111491770901241694e+01
-1.015661031572710584e+02
-8.633229958089991385e+01
-6.982399441092968573e+01
-1.029447966643432721e+02
-3.901213299515654853e+01
-4.475820908136077492e+01
-5.149417832934606309e+01
-6.773315384907166958e+01
-3.350322884896944231e+01
-2.480087650118426268e+01
-8.061495449633537191e+01
-4.853967498892754406e+01
-5.349860179397376214e+01
-8.306238067696897076e+01
-7.368288757939760103e+01
-5.221790012948234505e+01
-4.396631059229878247e+01
-8.700702110674505718e+01
-5.027770174302318651e+00
-8.140623974699023790e+01
-4.307792043747186028e+01
-5.843397777563789930e+01
-3.505355353124257078e+01
-1.104266231572840695e+02
-7.454029511936103347e+01
-1.368223820357297029e+02
-5.534650356743149047e+01
-8.786295173776349543e+01
-4.896914976557906840e+01
-6.647062158465138282e+01
-9.727287742845939533e+01
-3.563029795051372162e+01
-1.315888938722162038e+02
-2.930086100842382280e+01
1.087228446723514708e+00
-1.717324476970314606e+01
-4.285524256117323461e+01
-6.409372961701741644e+01
-9.092472791659183429e+01
-1.169255825774720563e+02
-5.048608243104002469e+01
-6.924711982307013614e+01
-1.666339626363141235e+01
-5.576358684127453103e+01
4.119963617258463273e+00
-7.751980933919082872e+01
-6.718170507999585084e+01
-3.721895899536652763e+01
-7.075558005430293917e+01
-5.149318772321137061e+01
-8.439803955674572933e+01
-4.668545480109153090e+01
-1.346400140857059000e+02
-8.764629956558314916e+01
-4.241379541085194660e+00
-4.088132703741249685e+01
-6.700711310734082815e+01
-9.107739008792476909e+01
-6.070226937720204319e+01
-8.919762073645391354e+01
-2.715644051085827471e+01
-6.304316088459361112e+01
-7.135134921647592421e+01
-6.328446639481474278e+01
-7.950265911924127238e+01
-1.016341469564616915e+02
-2.105701758646119970e+02
-1.054836593804713800e+02
-1.939675238078416442e+01
-1.087231705551206034e+02
-6.469677740640787533e+01
-8.813879673674205151e+01
-4.978903446362367902e+01
-6.751436448398786183e+01
-2.320388946243012640e+01
-9.119655113563891291e+01
-1.212423071532897723e+01
-1.451183203412737441e+02
-3.014244451178528550e+01
-4.413308753758929726e+01
-5.240048361683374623e+01
-5.595945090337269079e+01
2.429828920801159597e+01
-9.187629679521046455e+01
-3.227484161954467368e+01
-7.986700010534475780e+01
-6.552966721261682892e+01
-6.391856867941314135e+01
-1.848996952166740471e+01
-4.548582243603563313e+01
-3.904063738546425100e+01
-6.847862137045335373e+01
-2.003306972132199348e+01
-1.226321491331434004e+02
-1.051103989902112943e+02
-8.031913113999107168e+01
-2.283127695195008755e+01
-1.378971112656935247e+02
-5.979172482319049209e+01
-1.239160487599855145e+02
-2.117183147371147527e+02
-9.859125008663718859e+01
-3.430440710190885056e+01
-3.972139950889026494e+01
-1.406578177639418925e+01
-1.486809675951965062e+02
-8.784288271564889783e+01
-6.613949053045745075e+01
-8.526260453376342241e+01
-1.193169944209138578e+02
5.750824870438449921e+00
-4.543291959750008857e+01
-6.843411355236747795e+01
-1.683688349598729417e+02
-1.006420774393258597e+02
-8.690416598887462385e+01
-1.177415961866053351e+02
-7.287717636583359138e+01
-1.009209040254376077e+00
-6.693220095942922399e+01
-8.655969148577344185e+01
-8.846479269367132758e+01
-4.302918710637578670e+01
-9.291108558225010938e+01
-2.480190586593650437e+01
-1.325756057768300593e+02
-1.923617244232182202e+02
-6.663482896137520584e+01
2.307604982244955494e+01
-1.068682251893706052e+02
-8.554373171187819480e+00
-8.575067401605122086e+01
-2.297389074908045359e+01
-1.317723433659288332e+02
-7.249888314346969764e+01
-6.368386876580454725e+01
-6.640702499369987777e+01
-1.158372143574269870e+02
-4.199785574870729477e+01
1.722788387482664518e+01
-1.119314864663998890e+02
-1.091472532841555392e+02
-1.936904513790723854e+02
-1.190519199011167899e+02
-8.741998620588833546e+01
-6.659080539012330746e+01
2.986641094323516654e-01
-7.030880084939380481e+01
-6.325590651035813750e+01
-1.205398393968746973e+01
-1.450654265734492583e+02
-1.757948226464016557e+02
-3.894283824795913063e+01
7.372685374192030849e+00
-6.062321516208231742e+01
-2.713859941822553310e+02
-9.299839763788487801e+01
-6.259176340445362996e+01
-1.158663856824427398e+02
-2.355732469530049400e+01
-5.012538226889204651e+01
-6.738135120669764433e+01
-7.517958442064441726e+01
-6.842108104259914114e+01
-9.515247824831040191e+01
-1.686986783071996285e+02
-1.468505734256316089e+02
-6.152387131130440423e+01
-2.053964205398412446e+02
-1.281489560117047404e+02
-6.691840306415556938e+01
-6.059457615807700392e+01
-1.197493987456445268e+02
-8.909866449836859204e+01
-3.091969709201100613e+01
-6.063307670618907963e+01
-1.480935685933573325e+02
-5.504307770555857360e+01
-1.149922238965226455e+02
-7.542309593297002834e+01
-1.831077396572396765e+02
-8.081996074367668825e+01
-1.521070605145260402e+02
-1.873488986753366135e+02
-3.452075734627953807e+00
-5.446073436414419433e+01
-1.665341796331441060e+01
-5.753136220958126046e+00
-1.936033436035213811e+02
-1.117973439029160971e+02
-1.362807949360438613e+02
-4.950273742410661271e+01
-2.703545119839773747e+00
5.903980546139877106e+00
-5.152581948956356683e+01
-2.140254513507735794e+02
-2.364838162312186398e+02
-9.655329153035754075e+01
-3.120044386789041369e+01
-3.242733753457370938e+01
-9.146786950918429682e+01
-2.902650244802757129e+01
-1.496488676217434772e+02
-7.226928486619972603e+01
-9.045071985065156639e+01
3.281865077427255528e+01
1.166331547548738001e+01
-2.103872585184186619e+02
5.862361365707599248e+00
-1.233883471333597868e+02
-1.657609830146760146e+02
-1.020069586436142544e+02
-6.121751249458366573e+01
-1.087857138120693890e+02
-7.703334331282712810e+01
-1.574730386072983777e+02
-1.092411606574367937e+02
1.500852010875608755e+01
-3.150001501901800793e+01
-1.798218253451877331e+02
-1.039608477308060941e+02
-8.406249002141932181e+01
-3.547346342800763352e+01
-1.479881724717265001e+01
-1.128553502843225544e+02
-2.231633926415366034e+02
7.676695907005438357e+00
-1.097900389895238362e+02
-9.161349403184435403e+01
-4.428213166772599862e+01
-1.572627458475338358e+02
-9.599253341173697152e+01
-2.587906848291970050e+02
-1.469024466203063639e+02
-9.013862953917900711e+01
-1.368148341887391837e+02
1.956748226228313570e+01
-1.261680336574647328e+02
-1.519738313612471075e+02
-3.013343886158988028e+01
-1.545523761135739846e+02
-1.628355495778316993e+02
9.616122213041325750e+00
-1.211871703537433831e+02
-1.109703043093553987e+02
-3.216613653815156226e+01
-1.593333825516771753e+02
-1.255115471139895647e+02
-5.951919887807488863e+01
-1.264837721963942840e+02
1.951292998837423909e+01
-8.671834156501499535e+01
-1.294188333849089361e+02
-1.343695657771007177e+02
-8.831264824026031590e+01
-9.073781049247109820e+01
-8.976946638250758781e+01
-9.797293314387947305e+01
-6.857700513961088973e+01
-1.499317014371717960e+01
-2.368845721000865581e+02
-1.714892378036674927e+02
-1.721841467630760576e+02
-6.336030009209361680e+01
-2.612981150280042186e+01
-4.877707700881169472e+01
-8.851548072858133764e+01
-1.780299372091965893e+02
-8.315180247324590823e+01
2.574380692967285711e+01
-9.018996811819071979e+01
-2.443179434874615197e+01
-1.046551363666810630e+02
-6.770291139057587770e+01
-1.090160092990321630e+02
-2.365714045745806686e+02
-4.029937882156431783e+00
-8.479996439443368672e+01
-1.369277639075248771e+02
-1.179192184449131986e+02
-7.685929143528214524e+01
-2.685489097327449315e+01
-5.099783088734389480e+01
-8.162674101127967674e+01
-9.781517260818787918e+01
-8.784028014902578718e+01
-1.042920581124500643e+02
-1.525326762265135585e+02
-1.526513403426096147e+02
-1.356922864443782544e+02
-1.324177894061860172e+02
-3.125553289290921555e+01
8.381608122384150761e+00
-1.443033228879670560e+02
-6.989404594308116714e+01
-7.592804654441177092e+01
2.587183292910746957e+01
-1.740136782755871536e+01
-1.737224091662657770e+02
-3.868932813492254752e+01
-9.397935842965502218e+01
-5.972960567535703547e+01
-1.980775427856838746e+02
-1.635964025720798816e+02
-1.736721925512643452e+02
6.952463438491420789e+00
-3.419661524392664376e+01
-1.460100329175839704e+02
-5.082932765959623111e+01
-3.702697637279997878e+01
-1.316809406515061482e+02
-8.329345240865308142e+01
-9.936217659105082589e+00
-1.399478666360839441e+02
-1.532039739234611488e+02
-1.311436610552498223e+02
-1.075700414881612090e+02
-1.902552845573864033e+02
-1.048571195094489781e+02
-2.803628062832696344e+01
-1.962185826211654103e+02
-9.418446709047348975e+01
-8.853474817903025951e+01
-5.754591613884547030e+01
-7.229364754329178311e+01
-1.817684443785020107e+02
-1.362298910911882786e+02
-8.534681666739565742e+01
-6.401953815322724495e+01
-1.184803696790852143e+02
-1.773346731956187057e+02
-1.480001419749889919e+02
-8.055957027121171166e+01
-9.848135035846091512e+01
-3.019535490911164288e+01
-9.459012979802724885e+01
-1.813621145588386128e+02
-1.163657282201011611e+02
-1.291619669646653961e+02
-5.207175157956099554e+01
-2.184186230252315966e+02
-1.088124445452556870e+02
-1.322707951859482023e+02
-1.169414332954163740e+02
-7.776434439677836963e+01
-1.286550433892917340e+02
-1.254737676979653997e+02
-5.962647612266072628e+01
-7.313755202663152488e+01
-6.882791195654569094e+01
-1.732105960008738066e+02
-1.052040854591007957e+02
-2.974596187333060016e+02
-6.458223268167131437e+01
-4.107614279016173953e+01
-1.640661937046575645e+02
-5.005141139169778342e+01
-4.901388933754466848e+01
-5.081401185795693465e+01
-7.290435512221331749e+01
-5.587361798758200138e+01
-1.064525001257511292e+02
-3.564615072394718709e+01
-1.538823837636142571e+02
-7.516261462575657504e+01
-8.981690048656949443e+01
-1.423296689176227119e+02
-1.200436719859660855e+02
-8.839066774006809624e+00
-9.364598015819747445e+01
-1.277276694248701858e+02
-5.165949161918513255e+01
-2.014125513278118547e+02
-3.252051575027579133e+01
-1.295227285342514278e+01
-1.113255684438035331e+02
-1.431019114117650588e+02
-1.304299052250352702e+02
-7.062023978042599026e+01
-3.096969564673837283e+01
2.863921115526696326e+01
-3.607985058655346222e+01
4.105875577880089367e+01
-8.038504958119298749e+01
-2.164143756157013740e+02
-1.008570140747022919e+02
2.611792311961390567e+01
-8.317547528535180845e+01
-1.488926594142747604e+02
-5.172212781042540541e+01
-1.104005152813832495e+02
-8.389283653898405646e+01
-9.236823522605733672e+01
-1.398022699649760625e+02
-2.461808757579547091e+00
-1.170332998414856718e+02
-1.088056838363624053e+02
-4.849400693604485468e+01
-1.109574389894964952e+01
-1.602438448862547489e+02
-6.511284804020230865e+01
-7.937684895029619270e+01
-9.294234687085260305e+01
-7.695177207896387017e+01
-1.072212183208345948e+02
-7.818013667992464377e+01
-1.951698816585623604e+02
-9.610679924127359186e+01
-5.227776572114994735e+01
-1.988299094559290836e+01
-1.137016745780865250e+02
-1.136220466418736805e+02
-1.408029882252086793e+02
-1.109516161494468633e+02
-1.068518841862925939e+02
-9.526554952043986191e+01
-8.583836674054367677e+01
-1.322004544653626965e+02
-9.136382395627354924e+01
-1.126307181701128286e+02
-1.048144675241459822e+02
-1.334921392028819014e+02
-1.762888036089480011e+02
-1.315158832872604648e+02
-8.972764480323576208e-01
-1.495355062233640524e+02
-5.095023115324111274e+01
-1.710328656925382234e+02
-1.346766146663891845e+02
-9.768772492588594503e+01
-1.519550295556303752e+02
-1.233639016490109412e+02
-1.260549987479758158e+02
-5.516287137363168824e+01
-4.053968833679618911e+00
-9.574024030171725030e+01
-4.545472589669529384e+00
-2.165645458764644218e+02
-1.237808558316573908e+02
-8.905322312520019068e+01
-1.622939498348881671e+02
-1.109302683591743204e+02
-1.909208556062120579e+02
-1.751267913017258309e+02
-1.887043558384319226e+02
-5.940222941027338521e+01
-6.984654284072229302e+01
-1.033679504833894072e+02
-1.095870665359041141e+01
-1.287585531575586231e+02
-1.316907561247839169e+02
1.172588787786841635e+01
-8.874038888921658952e+01
-8.651532765357811172e+01
-1.198728382337464780e+02
-1.131655354001971432e+02
-1.405548036907491962e+02
-1.164655873417066516e+02
3.443293668173823363e+01
-7.016681139942977552e+01
-1.536098992382186452e+02
-5.799096612698247810e+01
-1.030655511257035926e+02
-1.359837976164537849e+02
-9.789761141993784577e+01
-1.549215800810742394e+01
-7.754423559335035065e+01
-2.394348012508616819e+02
-1.361004733176544335e+02
-1.710912260017420294e+02
-1.558748490781343321e+02
-1.214116325197045683e+02
-1.698601762537102502e+02
-1.919403875709969043e+02
-1.779527728328318119e+02
-1.551837620674893969e+02
-1.905477427190516266e+02
-1.557679191672723960e+02
-1.055166679234886118e+02
-8.888982679710667867e+01
-1.459104207847613850e+02
-1.704844187278291372e+02
-2.962035099718109166e+01
-1.636960496642399505e+02
-1.493693430760060892e+01
-9.139312309783947796e+01
-2.008206048174327520e+02
-1.304528983890484994e+01
-1.672084332761712062e+02
-1.515179409961929196e+02
-5.566180024018124328e+01
6.377282662389865209e+01
-7.633533503461188729e+01
-9.453488658722278615e+01
-1.426589833659093642e+02
-1.335521470411702865e+02
-3.355652233897956194e+00
-6.223561953897672083e+01
-7.467708105560346610e+01
-2.168049238929669400e+02
-6.185923960668304744e-01
-2.972201336484424417e+01
-1.545229877041751365e+02
-1.250244079840191205e+02
-2.033526659967341175e+02
-7.575514626640516269e+01
-2.165985515943257838e+02
-3.460654993441934835e+01
-1.271620004148898317e+02
-1.185316276322054279e+02
-2.054557344721079630e+02
-2.096084790584729376e+02
-2.260130636850890085e+02
-4.873686262706200978e+00
-1.620778646554157376e+02
-7.773559565653130221e+00
7.222369621781339788e+00
-1.078263550369155155e+01
-1.674835503349546855e+02
-4.085565849505515246e+01
-1.067561293814852093e+02
-1.099347546070800945e+02
-1.728769024698365229e+02
-6.018562666232502778e+01
-2.162608978073072308e+02
-1.661831835925808036e+02
-1.031089571250841317e+02
-1.298983539929498647e+02
-1.666354075357889144e+02
-1.631012987419966294e+02
-1.807657438196325757e+02
-1.911779824391853708e+02
-1.748654206876389026e+02
-4.057442189067543836e+00
1.026337943619220994e+01
-6.880166596456908223e+01
-2.627859150880715333e+02
8.570909941309551527e+00
-1.216202058709344698e+02
-3.080908321115823583e+02
-2.223722229645413790e+02
-1.529387417842605998e+02
-9.367662818014328252e+01
-1.431078661338978577e+02
-1.809180813686744500e+02
-2.121308938679051721e+02
-2.376386812201423027e+02
-6.827894078232142760e+01
-3.658182694072378922e+02
-1.514964371318198744e+01
-7.776510726733454248e+01
-1.605340778175432206e+02
-5.414393106282886947e+01
8.946217882643094299e+01
-9.222810416794999355e+01
-8.285522645922588936e+01
-8.817707807963518007e+01
-4.126610095539479772e+01
-1.850826377122297686e+02
-3.980278444226257761e+00
1.531274600673599195e+01
-5.031985950540678942e+01
6.686431466876214813e+01
-1.803239510693945817e+02
-1.623343326667335589e+02
-1.550794827313048927e+02
-1.628697200560467309e+02
-9.111291037644508606e+01
-2.075894664365983431e+02
-1.002124771002459056e+02
-5.592365488188056588e+01
-3.947099569699430077e+01
-1.374851902897272282e+01
2.736796464088243397e+00
-1.831521972026288836e+02
-2.016896454082365153e+02
-9.379130853828412739e+01
-9.326841373906934507e+01
-1.512495017747253030e+02
-1.000301050378202916e+02
-1.550735506836967375e+02
-1.785229623542058164e+02
1.765556052161500133e+01
-2.145958400029991822e+02
-2.224936248976054571e+02
-8.205148085457128104e+01
-4.287685391017130598e+01
-3.826038307347249656e+01
-6.987144395360820681e+01
-1.825306583478138123e+02
-1.026434474903075227e+02
-4.437112520863291110e+01
-1.891565275913966389e+02
-4.967434311173391848e+01
-9.276355311564613260e+01
-3.982193965398130331e+01
-1.974057689476818496e+02
-7.465423520674065117e+00
-4.543198729167185235e+01
-3.138689809201812864e+01
-2.206531559838568342e+02
-1.095854430514905005e+02
-6.037790754666406912e+01
-8.310649891955682733e+01
-1.006059524278921913e+02
-8.372694285452639917e+01
-1.981854833748991496e+02
-2.746127184439416169e+01
-8.947573886551394651e+01
-5.334125850588216622e+01
-2.038613450475472177e+02
-1.270878275642801896e+02
-2.072871509029723143e+02
-1.682488496408630851e+01
-2.781170228977215402e+02
-2.135057148053352023e+02
-9.582328799314765888e+00
-6.535314674357036324e+01
-7.193892313422307438e+01
-2.382203759155784439e+02
-2.567980276757577940e+01
1.289022666232021486e+01
-3.731358382016101700e+02
-1.590365222627394814e+02
-1.325238835275822282e+02
-1.266835122257866431e+01
3.440792170948319040e+01
-5.231956953931532439e+01
-2.218183225943024297e+02
-2.426381151018186131e+02
-1.273789403615650144e+02
-1.667308349867938091e+02
-1.719705247518018609e+02
-2.423561294133035915e+01
-1.830240931944812814e+02
-7.757240530384802923e+01
-1.801119369788461313e+02
-1.995638340094865271e+02
-1.694397096055840279e+01
-1.219176755816160238e+02
-2.256791334391982957e+02
-1.689972865968586007e+02
-1.432742975440094142e+02
-8.432426842530107081e+01
1.681064580579732137e+01
-7.945445846626653008e+01
-1.221180353664726539e+02
-9.444966785623820726e+01
-1.621850750221427973e+01
1.258755745016969740e+01
-5.613389879037947594e+01
-3.789110751969776913e+01
-2.067205214862425464e+02
-2.498056124988771387e+02
1.749854807539301760e+01
-2.334268242500674830e+02
-4.632902224970793270e+01
-1.574969077357738172e+02
-9.045054499398150938e+01
-1.171445367102078450e+02
-2.853333911650543087e+01
-9.896771434810183621e+01
-2.773669830592456265e+01
3.002093088320083325e+01
-4.765225357807818085e+01
-5.431573919234760695e+01
-1.780854493741569513e+02
-2.938431199306010910e+01
-6.211815718155332178e+01
1.041901120717133722e+01
-6.708053011304829738e+01
-6.653193469469474053e+01
-1.481376122075231478e+02
-9.784608704660415412e+01
2.148971098986990569e+00
-6.329321631330579123e+01
-1.339840839665708643e+02
-1.440367151586174543e+02
-1.105034340723214541e+02
1.200080967516731789e+01
-4.871599381587959954e+01
-8.225508112034523833e+01
