-4.192170445362363012e+02
-3.432297159642010911e+02
-1.208333541605988302e+02
-8.650266681461002349e+01
-7.150013589473127240e+02
-8.011626352048853050e+02
-2.309736529799617699e+02
-6.259629973535635372e+02
-3.144167586901559730e+02
-5.027221618773976957e+02
-4.090076459456017801e+02
-1.500135566073877271e+02
-3.365962860259212448e+02
-1.670928230859773862e+02
-2.117616231623565000e+02
-1.555516822262305823e+02
-1.135677162651365535e+02
-7.460201035173980699e+01
-6.496082892002175413e+01
-4.670433553858498499e+01
-1.268463487697154903e+02
-2.145749174768866396e+02
2.875202821920325391e+00
-1.315587162444093678e+02
-1.096822735536121911e+02
-3.484447837710665397e+01
-2.059755849072224123e+02
-1.011208853257798523e+02
-2.012692866954144506e+02
-1.643311732951864315e+02
-1.002100803641358908e+02
-1.189089397993336803e+02
-1.259630966597309367e+02
-1.963097764355332515e+02
-1.154139592213012833e+02
-1.972828205478352857e+02
-1.282469520077848699e+02
-1.316940963464924153e+02
-2.327534250581304036e+02
-1.094360528618588404e+02
-6.311919868878960926e+01
-7.861068981347908391e+01
-5.822798130223196722e+01
-6.001914383204431402e+01
-6.473442167158373195e+01
-4.716105167463671677e+01
-6.927396860856237026e+01
-6.098576003957914793e+01
-2.207343954065510161e+01
-2.699634076138337946e+01
-2.268899795499779941e+02
-7.033762999703785113e+01
3.982946602726622132e+01
-1.015088663541896352e+02
-2.299675395683329953e+02
-1.517805781507568668e+02
-1.796228999303940839e+02
-2.823340135301319833e+02
-1.993613703157806185e+02
-1.405877523535526166e+02
-2.794853441445613953e+02
-1.988269238008823834e+02
-1.053869891351244945e+02
-3.111804967052886468e+02
-2.469387840346251153e+02
3.043100047437891753e+00
1.372753953751776557e+01
-1.286313661486958040e+02
9.217521996405968920e+00
-2.951659725363523421e+02
-8.119365909602827003e+01
-4.705504648705166915e+01
-6.186962854573775417e+01
1.604004848689035256e+01
-8.653060322366906121e+01
-1.081344312349257706e+02
-6.446704021834312925e+01
3.651144009937218726e+01
-7.351783752249298232e+01
2.968760412798758352e+01
-1.034616064130965754e+02
-3.030194854407540106e+02
-3.897711433468476798e+02
6.855969807271076633e+00
-3.936345448711325190e+01
-6.404060142542002154e+01
1.104711251384779871e+02
1.291656870466182738e+02
5.426017854146043362e+01
1.340497904874266055e+02
-1.855345933442800401e+02
1.747062940033872280e+01
-3.970033011749885077e+01
-5.263227874083775504e+01
-2.063600634122722113e+02
6.728344179363226374e+01
4.349849649240861993e+01
-2.901944163427643844e+02
-2.347367298581809223e+02
-1.879873144086549246e+02
-1.243709168549721866e+01
9.506433475527838084e+01
1.369727706313401541e+02
5.030182910187330947e+01
-7.153428006504260850e+01
-1.078715625619239091e+02
-2.227309789583690929e+02
-1.728352195199312860e+02
-2.038925164344652501e+02
-1.182245511057401366e+01
-9.529804768156526507e+01
-5.536699575720432875e+01
-5.946939615462225248e+01
-6.818216994664783215e+01
-8.704194078294811732e+01
-1.197619276696012633e+02
-1.307947227483097379e+02
-1.383639362658327059e+02
-7.450776657483859822e+01
-1.875977652212593512e+02
-6.838892720884696530e+01
-7.379552579902920684e+01
-4.103070821575893490e+01
-8.673650555567739673e+01
-1.136270659226082529e+02
-6.647825155444280654e+01
-9.233645411732867103e+01
-8.394684066273626399e+01
1.230180723125864617e+01
7.400990819987231362e+01
8.102435386876113910e+01
6.587324582007066454e+01
7.059539704887491496e+01
-5.109766249263802251e+01
8.654502786844001605e+01
2.923221487744105218e+01
1.199549800909675241e+02
1.443305170166132996e+02
1.044152866010947065e+02
1.035718008350193031e+02
-6.981025506548205612e+02
-7.135513918039899295e+01
3.511056398868873885e+00
-1.850322958049732733e+02
3.784499978562996603e+01
1.206862205104726797e+02
1.172678028416051319e+02
-7.078612272722348564e+01
-3.593421261986192405e+01
-6.274834914562853072e+01
-6.120275310394567470e+01
-8.179609970665576668e+01
-1.334583714825675997e+02
9.196755011807903202e+01
-6.681230176610746696e+01
1.277378709485397508e+02
-1.018142409247136158e+02
9.227426541023537254e+01
-8.912239644781675452e+01
-1.182807109364254643e+02
-9.863650843747394958e+01
-1.241839204345543379e+02
-2.696137168964584774e+01
-1.011381974061107343e+02
6.455666652355347424e+01
-1.465336289555123699e+02
1.904794890468642521e+01
-1.144501817664364864e+02
-3.482161151533951227e+01
-5.265233979837452694e+01
-5.018303822436938333e+01
1.051017693049668225e+02
-3.316401680640164074e+01
-1.362031989222460027e+02
3.634058258535513630e+01
-4.829912124512293303e+01
-5.840483236595677852e+01
-2.006542311060331372e+02
-1.909238322950022280e+02
-6.067511371572107493e+01
-7.555139601592557597e+01
6.150671164134966773e+01
1.751521253429602965e+01
1.200483118641897136e+02
1.197040844503739265e+02
7.937722970620966123e+01
-1.760901504379840787e+01
-2.716309754715174307e+01
-8.680298424375576971e+00
4.728888547409803067e+01
8.100111141425135486e+01
9.748440052078875340e+01
7.174604439343011109e+01
1.341079573711196531e+02
-4.910940015026629624e+01
5.431615674200730837e+01
5.815484454821218208e+01
9.720189106802952494e+01
-9.692718021451028676e+00
1.235429895063994650e+02
1.082035745078494244e+02
8.266155103294546791e+01
1.085638885673497924e+02
1.045686626071581458e+02
9.571848069555437633e+01
1.165533905017088045e+02
6.431934963705786856e+01
5.594701495929081858e+01
1.249033427484812933e+02
1.080397804844236376e+01
1.252595315234709688e+02
-2.800169252895440763e+01
7.479320297395163664e+01
-5.233365030704919718e+01
5.660753607677844457e+01
-2.064739210691601201e+01
-5.130762457019891372e+02
-3.486542184365139292e+02
-3.087700873279826510e+02
-2.813194886149831291e+02
7.392702874600777818e+01
1.102989359281672819e+02
1.334576975927346609e+01
-4.826579988183275418e+02
1.229217857944906456e+02
-4.245210257987581315e+01
-9.756482178006442041e+01
2.454245115410867584e+01
1.513915825998330433e+01
-1.498071658956068859e+02
-7.620394079976944113e+01
-6.346943616289442502e+01
-6.050925449256182986e+01
-1.653911104948554112e+02
-1.206602973825981593e+02
-1.159568362563659036e+02
-1.456554227358919320e+02
1.163257263395904317e+01
-1.667932128290428295e+02
-1.248467900255323997e+02
-9.431379633430330500e+01
-1.292087035962034349e+02
-8.478101761642869860e+01
-4.812641555813961958e+01
-1.508252131002608394e+02
8.226194694801188234e+01
2.201266123302596611e+02
-1.242316458606830452e+02
-2.506191562905047476e+01
4.237104335856912485e+00
6.929188094748994331e+00
2.257546190337414771e+01
3.788498944020378190e+01
1.594430322013378714e+02
1.303719038137807331e+02
3.669874672062982768e+01
7.798099636085160569e+01
-1.156840143076468053e+01
-5.519475849292746261e+00
-2.005411931930107983e+01
-2.483746408395228400e+01
-3.907662437097195607e+01
3.892090548457986188e+01
8.742595764374706846e+01
1.516318461844733747e+02
-7.414396213258011414e+01
8.304705108987823792e+01
7.565026426856496755e+01
8.590671331200782390e+01
7.171776180856019778e+01
3.006651643254644313e+01
9.969043833461691406e+01
1.191817833262595769e+02
-2.324947468043472441e+02
1.331378315289837246e+02
-4.616988656842744732e+00
1.099326547923217419e+02
1.397582408904471549e+02
4.461034077488952221e+01
1.072364077422001287e+02
2.618114472705348561e+01
5.459566590053623258e+01
8.160986270531448383e+01
8.247731181983397164e+01
4.797382334985478991e+01
-7.200109720297375304e+01
-3.405722793541374926e+01
-8.630346607092140232e+01
-2.186298978262085768e+01
-6.485013840219964720e+01
-2.397578086090398131e+01
-1.237310619835369607e+01
2.868622660662385471e-01
6.796632665360984049e+01
9.276226980581212445e+01
-7.677180250312915177e+00
9.157709371721826130e+01
6.714222135828664761e+01
-1.138802930127212960e+02
1.474699072385650993e+02
1.437215930847546019e+02
-2.275605159947226497e+01
2.969865344162828436e+01
-1.633862904607758537e+01
4.786996962099357233e+01
1.469391551253287673e+02
1.844049595171543672e+02
5.349109349824454540e+01
-6.096619227616604064e+01
5.479744793019477811e+01
-1.011423685409891533e+02
1.517624789780726076e+02
9.319162973783267034e+01
1.584006179922699005e+02
1.334446541753108590e+02
1.150094817381575609e+02
-1.667434271924021516e+01
1.122655912744896654e+02
6.678644526242187851e+01
4.950277187197002604e+01
1.068086575978081925e+02
1.534888319458722492e+02
4.948419616680652666e+00
-8.570452029598362742e+01
2.786733346099808273e+00
-6.927810431045600126e-02
-1.182727091294596278e+02
-1.033993199019823948e+02
-1.084809462540333982e+02
-9.832846506751486970e+01
9.505263100591523084e+01
-1.085516340421540917e+02
1.257802665203741554e+02
6.767360026184921651e+01
1.051592488276640296e+02
8.056414976136485961e+01
1.462119940969704501e+01
-5.612716208075005397e+01
-8.617067551280857174e+01
4.146789607991498627e+01
1.312779034610096858e+02
1.542503609474383381e+02
-4.931157497591368610e+01
1.047861491422510340e+02
1.041285472635967579e+02
1.283833426179804178e+02
-1.076618109450989635e+02
-5.482947077208251585e+00
-1.433885627271649525e+02
1.059030238371367574e+02
2.233691407297909848e+01
-2.087096791586833078e+01
5.051213932326533751e+01
1.823857374191141645e+01
2.260971424101682459e+01
6.245263157525112518e+01
3.529665647080317825e+01
1.312868359874454427e+02
9.325451230336611275e+01
1.151228901937416111e+02
1.258636218661925881e+02
1.507220332113242023e+02
1.363185890539491254e+02
1.261384767192359959e+02
1.142711732238153246e+02
1.967801170274040317e+02
1.477318036967185435e+02
9.617569581691455483e+01
1.394241659888564300e+02
8.941329498368776285e+01
9.815523079327492439e+01
7.690855302370840718e+01
1.864634426475167572e+01
8.679912910156701855e+00
1.263096410467654636e+02
9.456721876929465509e+01
1.096716652226710096e+02
-4.249435986716308378e+01
1.076035673405794597e+02
7.331958300152170693e+01
1.563673590302959155e+02
-2.004339469494397008e+01
1.535023634978882967e+01
-3.757325108949185477e+00
1.117418066513714763e+02
1.074534390065157652e+01
3.167961885270824496e+01
1.353928114038100432e+02
1.528369779145917846e+02
9.030108967393127273e+01
1.174336957309208316e+02
1.159539326232172414e+02
-1.970937077207292702e+02
-3.566949732588763311e+01
-1.786083618103136530e+02
-4.767195982570882506e+01
-1.801048272413556219e+02
-8.081069219369925349e+01
7.656345949801450956e+01
8.303878239245321424e+01
-1.217754622473454731e+02
-5.259419065059633880e+01
6.990607671187260053e+01
2.989329520044530852e+01
5.567445121153072307e+01
1.127973461795397441e+02
3.098363250284827686e+01
9.548714612395103529e+01
1.287920389166744144e+02
9.428800632521995340e+01
1.489244363134921514e+02
1.348409620676367808e+02
9.030946475645110638e+01
5.825221549260792386e+01
-6.074116067132489860e+01
1.243012875020792336e+02
9.915832291963050693e+01
4.061261749284320643e+01
1.214836098054258855e+02
2.155830686965903453e+01
1.447198713567894686e+02
-6.856747191493012927e+00
1.230626499062654773e+02
1.030781311202565007e+02
1.916609489073749160e+02
9.504847323685281424e+01
1.155708513005807418e+02
-3.777976967129361583e+02
-4.563138289816470206e+02
-3.089308454755028492e+02
-2.900285194272764784e+02
-8.438742180935219039e+02
-6.998552269491245852e+02
-2.682767300587257182e+02
1.071755248288637858e+02
-8.456376657030753563e+01
-4.201479796018930557e+01
-2.091665787219558865e+02
-8.487263450578915069e+01
-5.553772629198213195e+01
-1.431306867004797141e+02
-1.243070113556552201e+02
-1.231429674000455350e+02
-7.040880343808588293e+01
-3.888527785620203758e+01
-1.995633313885099085e+02
-8.553971937061527342e+01
-7.539679739851474949e+01
-5.942328123832234610e+01
-4.321364813914110670e+01
-7.454451956899740139e+01
-3.384812445440786632e+01
-1.355558969956804845e+02
-1.162105713846987669e+02
-2.281532005532280039e+01
-3.068324287284060858e+01
-1.283371648943155776e+02
-4.376069556606200308e+02
-4.983213605864619922e+02
-4.130570654116370974e+02
-2.686863736016528037e+02
-2.734149550115946568e+02
-8.734656033224801774e+01
-8.182976207176309913e+01
-8.256127631966401736e+01
-6.816499641528754694e+01
8.723198975437384206e+00
-2.433174676556282350e+02
8.344122007353412585e+01
1.390894369084346920e+02
-4.841227111976012765e+01
6.218150569367387703e+01
-2.650624087037403953e+01
6.731815242088292450e+01
2.488358851226792723e+01
-3.031040986348767774e+01
4.581753621186839354e+01
8.915776707565470360e+00
-6.809662432497242435e+01
-9.124294878304552991e-01
1.744170863815149914e+02
-5.914414992859359899e+01
2.003178164650962003e+02
-7.136731444248138700e+01
-2.999495353640326698e+02
-5.364200833853662971e+02
-4.491345581730504932e+02
-8.228591660510844008e+01
-6.449480281451594976e+01
-3.694433207240857797e+01
4.133796694005067707e+01
2.643792467074236185e+01
9.498897433016392711e+01
2.073280206410721860e+01
-1.423269342559515849e+01
3.624615871297461922e+01
1.208549272500870586e+02
-4.352526571082380258e+01
9.781491185979328407e+01
2.383808673586927185e+01
-2.839965556366661303e+01
1.222057856084505687e+02
1.278640059034707406e+02
-1.239364417075352520e+02
5.524994858811018617e+01
1.004470433041754944e+02
-1.449893672270089837e+02
1.158012551783707806e+02
-3.089547149795653525e+01
1.175455495433291730e+02
1.036610188196589490e+02
1.166552360606085017e+02
2.106325860302134458e+02
1.529522481282677404e+02
1.480098327673227345e+02
1.157183084804321993e+02
1.414290009383805113e+02
2.577612784640830057e+01
1.377103734108746096e+02
1.182929205010230191e+02
2.492458639366844864e+01
1.311088866361510554e+02
-1.360343953703314241e+02
-1.315293361329694335e+02
1.568538852764853573e+02
1.175128202502497174e+02
1.770753050527419248e+02
1.230576611467016335e+02
-1.702823517407917597e+00
1.884417624530593685e+02
1.365376646409069394e+01
-3.125174178588437712e+01
-1.741732592872389773e+01
-3.341889880500566790e+01
-4.156592988824895230e+01
7.891025027338274356e+01
9.444936350811329362e+01
1.102950701251219243e+02
1.312067144030473571e+02
-9.958183923534204496e+01
-9.381920910362629229e+01
-5.371212720287015685e+01
-1.864638349181140313e+02
-7.041599062631262029e+01
-1.474594095220155623e+02
1.903681007847582691e+02
5.718038401254011660e+01
-1.026732458207354739e+02
-3.426651809571274043e+01
6.496531268907553169e+01
-4.217799383523266243e+01
-2.589432056444778141e+00
1.041424086366921955e+02
1.322586980874008944e+01
2.524440287744814881e+00
8.268462704770757910e+01
1.232182831335331343e+02
1.369747627581774054e+02
1.491263449434393920e+02
1.435745773341592155e+02
-8.363611318260551286e+01
8.531422855713547904e+01
8.718589124271510116e+01
6.326066101215855753e+01
3.634560896699667865e-01
4.855372480268823665e+01
1.690244129951379080e+02
1.513243305590911234e+02
1.319406337459226677e+02
3.523370572785927379e+01
1.378618234869084063e+02
1.666039985144990681e+02
1.728294158774268112e+02
9.613513576187595788e+01
8.744928486564049308e+01
1.901794434845375577e+02
1.395327946942109065e+02
1.172803347749985932e+02
1.426432459758396192e+02
1.625209034580605305e+02
1.254429674218460349e+02
1.364749379824107223e+02
6.866945994402772158e+01
-3.765157703851378983e+02
-4.354958634479807955e+01
-2.684585055392317088e+01
-3.918907123792310188e+01
-4.752848857249745151e-01
8.062989313076448639e+01
-2.052559636700228793e+02
2.597684960559885070e+00
4.067842606526208726e+01
-1.058713821644096598e+01
-1.585804480858794534e+02
1.245891505407338400e+02
-1.194531300326003134e+02
2.316890851607152513e+02
5.992024746874151653e+00
1.305781581029067127e+02
7.975128843624267461e+01
1.568329035282155246e+02
-2.115786394763296130e+02
1.153123466256919869e+02
-1.792241526105456728e+02
8.747960813228493748e+01
-2.933151951907642569e+02
1.164192734900558293e+02
9.465658653454734406e+01
1.308768652901537450e+02
1.306197446642928526e+02
1.116490928304433936e+02
1.364545060213386023e+02
1.353383948863403248e+02
1.223602897697450231e+02
1.186093198742642052e+01
1.029342263555034833e+02
-7.968907349604441492e+01
6.492158485844797156e+01
6.764771493856189011e+01
-3.669065353012977937e+01
-4.543095112118780321e+01
-3.684190950612044446e+01
-6.550647101809194339e+01
-4.363281294655314468e+01
-8.337218287223181790e+01
-5.999997409672434401e+01
-3.375482400494677648e+01
-4.662893948612526174e+01
-6.118100552017254046e+01
-4.220710937114513683e+01
6.639623925488236100e-02
2.915337110876575544e+00
-2.099443530031954452e+01
-2.151008291177572573e+01
-4.804869827982840036e+01
1.335411273546112625e+02
-1.624268919723624549e+02
3.823900294314795190e+01
2.476185547300980829e+02
-1.497365029788127515e+02
7.907260011454081905e+01
9.257195257120596921e+01
1.105960510310835900e+02
2.385706126701667174e+01
2.127978135246376041e+02
7.876103474459398512e+01
2.076040663453869684e+01
3.766246341924358632e+01
-3.137915411484912909e+01
-5.245774850390777999e+01
1.154341462388781849e+02
-1.134710896005854579e+02
-8.923963617808664139e+01
-9.078253895750049196e+01
-4.842605619070378964e+01
-3.881024290464793012e+02
-5.259999682544082589e+01
-7.139906712853580473e+01
-3.543440704131677421e+01
-4.305158259676107946e+01
-4.172487824045781935e+01
-6.885133618516367449e+01
-5.951799443763120223e+01
-7.398475403007165596e+01
2.629787682234246304e+00
-4.670597340430175848e+01
-2.738846342335594386e+02
-9.975870347592255882e+01
1.219332421133511524e+01
-3.439859026490324823e+01
-1.443266812556633205e+01
-1.638699110804096790e+02
2.118907202794270006e+01
-1.852625046634724271e+01
4.068101088964016299e+01
-2.659404666851151333e+01
4.722311277523839834e+01
7.160751128267345678e+01
-4.214338040932917551e+01
5.514749369710202842e+01
-4.400330032501299371e+01
6.985275026489793504e+01
8.690196878364430688e+01
-4.862191002342174784e+01
-4.682767693332943182e+00
5.078092112644905143e+01
-8.431534656302856945e+01
-1.081792015865832184e+02
-2.085984415844629325e+02
-2.189879164030155607e+02
-1.665687289991593616e+02
-2.639618110546244907e+02
-4.207439742129135851e+01
-2.631171192733949837e+01
-5.524627640585799782e+01
-1.446861691941408878e+01
5.399705724310788213e+00
-3.720374668730318035e+01
-2.326762594546977425e+01
-9.448023698289119920e+00
-3.441823080380191158e+01
-3.465599609937295327e+02
-7.624124550924535981e+01
-2.470684305732506658e+01
-1.693938851477673211e+02
-2.338276130919117861e+02
7.775094288939058629e+01
-9.202324240032689318e+01
-3.913276639191171569e+01
-4.917128454879514265e+01
9.199969301872647520e+01
1.535397455862325558e+02
8.698114605246621522e+01
8.835649477379176275e+00
5.456190530612005318e+00
-6.301163281972738162e+01
1.175567195945722290e+02
5.688987696257399307e+01
-1.687266624689675254e+01
1.507275786374916438e+00
-3.490916244622921027e+01
1.513063183414590469e+02
1.110665836985582189e+02
5.512426004278054137e+01
-2.856965327778845420e+01
-7.978848969355723852e+01
1.057158399402466920e+01
-8.294449751043190133e+01
1.454839740399673929e+02
-1.269945983452144134e+01
-4.867446856168513847e+01
-3.005773270897176985e+01
-6.549295849688658677e+01
6.721744014728768946e+01
1.712904736209430325e+02
-1.454012787298333649e+02
-2.377910683144009738e+02
-2.547010742989554544e+01
-4.716290017472847751e+01
-3.499120152228830705e+01
-1.218956787023881816e+02
-1.471343811946107110e+02
1.373722921405247348e+02
-1.733468831826817791e+01
-1.652732781002124796e+01
-1.381719857812422703e+01
-1.690710764097012131e+01
-2.509710896660096324e+01
-2.714979136823676242e+01
-2.288895057909339243e+02
-1.837763448802149640e+02
-1.109700158028386063e+01
-2.188601876859534343e+02
1.425484434329276837e+02
-1.273744081950273710e+01
-3.902939165491094986e+00
-7.219144440217867498e+01
-2.432005010306709458e+00
-1.625375789438709617e+01
-1.844341871104312958e+01
-1.042942915287724759e+02
-1.020018351156547425e+02
-2.773208829438368994e+01
-1.095666953655956206e+02
-9.013328142374217578e+01
-1.535829642406775442e+01
-4.376120248119966760e+01
-4.407863761507498168e+01
-4.438443976933391610e+01
-1.169687117259757798e+02
-8.396267755717451564e+01
-1.001561862356424086e+02
-8.364697206443665323e+01
-8.748340946431797249e+01
-5.380232989096244722e+01
-4.667107051123120698e+01
-6.862196605884130918e+01
-5.400200521153966804e+01
-3.034522380263358343e+01
5.273481909089131392e+01
-6.979458768191497597e+01
-6.211183124590298377e+01
-2.802408006323484813e+01
-2.160805027628418884e+01
1.324425866762802251e+01
5.989990826676574898e+01
8.029344513438580577e+01
9.194760041179043242e+01
2.194268735986192809e+01
1.799345228964984926e+02
1.792855639678130331e+01
1.393198292409351211e+02
1.236102908026654212e+01
-4.166891798419003834e+01
7.123127161006034669e+01
-5.103808079912798235e+01
1.842401527299469706e+02
2.216494064464737619e+02
1.111506088071332528e+02
1.978532094642606154e+01
-4.728034242278805088e+00
-2.242079721342872745e+01
-1.438958012137086939e+01
-4.928412796441964616e+01
1.778787088629269419e+02
-1.379326421148478232e+01
6.624242495465776415e+01
7.731097849905802377e+01
-6.001352571606497577e+01
3.210244123666677751e+01
7.599277917021997553e+01
1.162922243124349961e+02
9.486874564077983507e+01
1.261960856030659244e+02
1.339501598521931101e+02
5.727704017984878959e+01
-1.076362798447063938e+02
-9.713093806289609233e+01
9.731966416838426426e+01
1.197238578546269139e+02
9.626504277310496605e+01
5.663855798469465697e+01
2.169699923414549971e+02
1.647265235559739267e+02
1.511401617961899149e+02
1.420499580068295131e+02
2.939256791731605745e+01
-2.169404706688732531e+00
-5.565396059991576294e+01
-4.047057140165767208e+01
-9.054431090727791798e+01
3.903475943856665964e+01
1.031157481881544129e+02
-3.740819498117885900e+01
-2.237523146687539111e+01
-4.349021474423847877e+01
-1.443883870133659855e+02
6.146284222443853196e+01
9.598548511468743527e+01
8.740772860507108533e+01
2.371867632604067353e+02
9.984728993947408071e+01
-4.010079829999533985e+01
7.616913677583373499e+01
1.970188321836508294e+02
2.290575396422987637e+02
2.136465621135222932e+02
2.227040518413975860e+02
1.079071226098133849e+02
7.673204687138444058e+01
1.007425315560694656e+02
-5.114365078454420654e+01
-6.444525961772258427e+01
-6.572474098211333171e+01
-5.259546927883440759e+01
1.557885757273266734e+02
1.988512579995352212e+02
-2.835058155593123530e+01
9.377402581807432114e+01
2.408731409866367130e+02
1.682982029157397790e+02
-2.084103950189806653e+01
-2.159217254415812093e+01
-5.910645048481221409e+01
-6.049456225234732898e+01
2.237578926098202601e+02
4.984441060853455951e+01
1.929907858085013004e+02
-7.001334129256412098e+01
-4.058525180498419616e+01
1.774549569140508254e+02
1.989530128194653003e+02
1.681783401240501803e+02
2.099200353226316906e+02
1.397464354646562583e+02
2.183490563574973180e+02
6.681688180513744157e+01
9.622773651402845019e+01
1.814378973450293415e+02
1.085438817252210697e+02
1.095532119715238935e+02
4.563001188648414086e+01
-1.199122162515283740e+01
2.356999617073509796e+02
2.377435967630500784e+02
-1.676161372813652406e+00
3.933758798543408375e+00
4.856232893361826086e+01
1.762109379700797263e+01
-2.828201221801704435e+01
7.300451806206130811e+01
1.564631072770481524e-01
3.420749852172957617e+01
-2.350945303915961802e+02
-8.642121725661033338e+01
-2.091493680504060535e+02
-1.618300516438347358e+02
-1.660772878754364683e+02
-2.196697243070491652e+02
-1.266394090076527448e+02
-5.063119041357670369e+01
-1.370079543781797042e+02
-7.966849408332217308e+01
-6.698799420394341553e+01
-7.400340015122286275e+01
4.167240309694105349e+01
-5.832359423167461898e+01
-4.488796628698828783e+01
-1.359135460497022905e+02
-5.639753291700131399e+01
-1.248283297148956876e+02
-2.120052514828007872e+01
-2.254767399938644701e+01
1.187342195514777643e+01
-2.892835479463649051e+01
1.176744554064154613e+02
-6.713945106763597437e+01
-8.990753248846326073e+01
-3.425075558081721283e+01
-6.857894297453833587e+01
-5.592685922279252253e+01
-1.046154159749317358e+02
-6.684596732352321169e+01
2.845777460959255905e+02
-3.707010885906314712e+01
-8.540854736118285473e+01
-9.785380243168404490e+00
1.736177231653342403e+02
-1.594335354716461950e+01
-6.085706747882759515e+01
2.315111950480384735e+02
-6.738037895044018910e+01
-5.854684366662073813e+01
1.266030915390229552e+02
-6.454315936262534592e+01
9.469442990707922547e+01
7.190230105904731772e+00
5.374342953048115845e+01
1.580833753522800009e+02
1.147315595318366093e+02
1.292458867170210510e+02
-5.555981265204415109e+01
-5.771560086287527724e+01
6.176253300665217694e+01
-5.925175190442875106e+01
-4.008725363857026736e+01
-9.773511031019086914e+00
-1.980955395685803069e+02
1.257719334167961733e+02
1.198308667540343890e+02
-4.100869465888457199e+01
-1.315919765186096697e+02
-8.097946753342942117e+00
-2.401001741312891369e+01
-6.840237605316636404e+01
-4.678263053094256918e+01
-3.750569544436267932e+01
-5.156365397601197031e+01
-2.677015538038622822e+02
-5.090400746591232917e+01
-4.675448836968735833e+01
-6.481045230158653681e+01
-8.545463309990486778e+01
-6.534799027562921481e+01
-5.661113321632954154e+01
-1.556136572527928763e+02
-7.094228823726130884e+01
-6.270359018426042041e+01
-9.592530841113588735e+01
-1.061784462974299714e+02
-2.396364242272924230e+02
-1.519036478328581552e+01
-1.648991672997067326e+02
-5.243277876417062799e+01
2.389243170750399514e+01
1.036467115033686071e+02
-1.862475663901176688e+02
-1.332041939647467359e+02
-2.437806520522890992e+02
-2.145227568545630561e+02
-1.097667598138572771e+02
-7.055964510958762048e+01
-4.504705007424941954e+01
-1.493015382566899234e+02
-1.678295473722889142e+02
-1.801193544090060641e+02
-7.533228011701351079e+01
-6.352743556903946853e+01
-1.632097218782110204e+01
-1.760131842317047912e+01
-3.944942756539561657e+01
-1.288410960794012716e+01
-2.650820127448896812e+01
-5.753572822961264421e+01
4.498145192778450152e+00
-3.845504038887764864e+01
-6.942895526306121212e+01
6.078156814550657039e-01
-3.265859179710435001e+01
-7.867307976745476594e+01
2.084091309673357273e+02
1.656081905602156894e+02
-9.778249035046873416e+01
-7.061449803536140735e+01
-1.391130362266749785e+02
-2.051530677180638520e+02
-1.185437471995603431e+02
-3.233804257650530189e+01
-1.779103139310095401e+02
-1.718707395084870768e+02
-1.648533726842020428e+02
-2.439696356643651427e+02
-5.630928672043990701e+01
-1.217620657171598282e+02
-1.202443588299091459e+02
-3.126741316740642063e+01
-1.468221776689555611e+02
-3.460723216749529030e+01
-6.637534645120295806e+01
-6.447860492558642420e+01
-8.751156792500640336e+01
-7.842623464306210224e+01
-9.741082681614759053e+01
-4.852256556011292332e+01
-3.772889075726644847e+01
-9.800226183665876079e+01
-5.135687477033334147e+01
2.207297580992111818e+01
-3.908476818535879005e+01
-3.849920684277543614e+01
-5.417362405406492343e+01
-1.468685472347998200e+02
-8.914210985636555051e+01
-5.208854434822436730e+01
-8.929612091804408180e+01
-7.177447918667959925e+01
-1.556580483811058713e+01
2.654913337261695538e+00
-1.148152994623884382e+02
1.532240020773111269e+02
-8.275921850298781024e+00
-3.887153775769159836e+01
-7.676705053898355224e+00
-8.872565429386213509e+01
-3.933666150743470524e+01
7.364539097294547920e-02
-4.825162219950777143e+01
-5.495820947141331203e+01
-2.721261490935143001e+01
-3.761453686310032651e+01
-9.424323184987257207e+01
1.120522779504270545e+02
-4.734575238745424031e+01
-5.040411990610060400e+01
-1.623234919120106667e+01
5.315780206632010163e+01
-5.772229235494720001e+00
-1.659038117657320299e+02
-4.284404899453515725e+01
2.174110180623809754e+02
-6.232512900374175047e+00
-3.365798993721055155e+01
2.155524464017972832e+02
-2.596309394094410550e+01
-2.712729972481187346e+01
-3.414736502206805113e+01
5.214261320224662377e+00
-4.366864199140103864e+01
-1.767034349074865673e+01
-1.213646554154749779e+01
-5.374507473640600352e+01
-4.749550139847945474e+01
-6.592386499336498673e+01
6.865977446876286194e+00
-4.224608818433864599e+00
-2.271162496882280379e+01
1.235950102191387145e+01
-2.356572722438387757e+01
4.301527367120016265e+01
-9.239811874666354896e+00
-3.470138024418787381e+01
-2.187039297721720033e+01
-4.674716126334723754e+01
2.088324944364706539e+02
-2.228774975552958182e+01
-3.740157457848543743e+01
-6.065217796437852371e+01
-4.728114324684243996e+01
-3.662844789554269198e+01
-7.506300651210577257e+01
-5.917540858022408656e+01
-8.259571650840119617e+01
-5.153592702622297850e+01
-2.206407462221676496e+02
4.173005072741204913e-01
-1.074819885559901422e+02
-1.226855855022153889e+02
-9.448297178336919444e+01
-9.681592810103198588e+01
-1.265625349282318552e+02
-1.397601869732450837e+02
-1.505008254705050490e+02
1.920915409028183944e+02
-7.904127152418823243e+01
3.947266710283059865e+01
-1.695401719394948827e+02
-2.145146428228501065e+02
-2.053017300271648082e+02
-2.991032003298791437e+02
-1.469349571490641893e+02
-2.668451217804134217e+02
-3.094977926292327552e+01
-4.461414423383798322e+01
-7.119251563549886086e+00
-1.520217288010858603e+01
-2.503408614594680159e+01
-2.651954592670454858e+01
7.698459546598500403e+00
-5.645166372197475368e+01
8.409972312155161944e+00
-4.427857073417463596e+01
-5.048649652269188692e+01
-9.358985031421778444e+01
-9.343919465570863281e+01
-7.184733647010054369e+01
-7.176426860009505049e+01
-1.950340825814841139e+02
-3.383699035677886968e+02
-7.502574485746310984e+01
-1.103436269800040748e+02
-1.055459450699235333e+02
-1.743720269148504940e+02
-7.850742734028729330e+01
-1.267540692991467637e+02
-1.534958769011272466e+02
-1.669277923571565907e+02
-1.790911764639414230e+02
-1.778850500490931381e+02
-1.353326256075141885e+02
-2.330619269049865920e+02
-6.517505494927608822e+01
-3.021085732406131896e+01
-2.448079607554213766e+01
-8.584053733298465261e+01
-4.729364574958612621e+01
-4.523964197562141720e+01
-3.381263903108934699e+01
-5.181416020744865136e+01
-2.428194776921256448e+02
1.671014123394596496e+01
-7.180877613908511137e+01
-5.648209026621480433e+01
-3.309532308858628369e+01
-8.306804589758628765e+01
-3.359456480634421638e+01
-2.193822168601226252e+01
-3.203998264131828932e+01
6.199646344754398797e+00
2.692056976905031718e+01
-6.891290654248012970e+01
-1.936090021553592777e+01
-7.388054698118263275e+01
-9.611710638652866123e+01
-2.436736421198252245e+01
-4.439119890736900942e+01
-3.954247965859563863e+01
-3.003138495399608843e+01
-8.197129206945503199e+01
-6.491442119635360086e+01
-5.535782154766321383e+01
-4.819441348863320940e+01
-3.568063352679390476e+01
-4.468027897077673316e+01
-2.151731876455691577e+02
-1.497837113661400679e+02
-2.812047192696320508e+01
2.292921407739688000e+00
-2.500967292013553589e+01
-7.641468195854491796e+01
-4.094012524591907010e+01
-9.716329908591156084e+00
-4.466201113182629001e+01
1.020236750663624292e+01
-3.697805284127322523e+01
9.372919151623561618e+01
-5.835890095856290571e+01
1.679546611024848346e+01
2.608888706513178946e+01
-1.068751218528814562e+01
-1.444475427995410843e-01
5.046783676298531418e+00
-6.633241380842608237e+01
1.206075208884264072e+01
-4.317128285851542557e+01
1.300489785460745793e+02
-2.993740774722910558e+01
-9.360681712524993259e+01
-3.647796551732523085e+01
1.515643543097445090e+01
1.495463975849191343e+02
-2.413613057641748938e+01
-1.280687418252905161e+02
-7.036982164377594984e+01
-7.136156344515794103e+01
-2.690683030042006862e+01
-8.207554423063153592e+01
-4.455515650024522500e+01
-4.517821668096948429e+01
1.009446093990509041e+01
-4.986995576045794820e+01
1.938474113498386942e+00
1.231862245260550708e+02
2.976092605350791587e+01
7.662584211282319302e+01
-9.533064916124578758e+01
2.798246888600202809e+01
-1.066864311555644491e+02
-9.800930181693777854e+01
5.504203711411921063e+01
-1.184053612460661213e+02
-4.487409632737898590e+01
1.100006252976891119e+02
-8.536528145713091931e+01
1.097443478067100529e+02
-1.045830083629853391e+02
-7.745874395245724031e+01
-4.330264077913155063e+01
-4.048946437812893606e+01
-2.247208431176641241e+01
-8.059774088355240451e+00
-5.031930074642937001e+01
-7.488967534230607725e+01
4.673035522904311279e+01
-1.121415646209221393e+02
-1.679329608385101267e+02
-2.226550504583785255e+02
-1.668832520572919407e+02
-2.418726813110848752e+02
-1.040380156004153349e+02
-1.644813987523412209e+02
-6.354558402089046609e+01
5.304272386272938888e+01
-2.094754657466328069e+02
-5.125415253920216685e+01
1.772181093461996326e+01
-2.258001034816001606e+02
3.495860475381792298e+01
1.734456221552210593e+02
-1.750612939839767819e+02
1.112003039006268921e+02
3.180758347804788500e+01
-3.031680062256337393e+01
-5.845702244242673373e+01
-4.525526246206671743e+01
-6.724381806873627454e+01
-4.512380109418331386e+01
1.065765732411801814e+01
-1.010736455389149882e+02
-6.381346321469644778e+01
-3.268852449970705720e+02
-2.044513630406666493e+02
-3.838871562526271077e+02
-5.758243818026618328e+02
-1.107740887591901924e+01
-4.787668937653388070e+02
-2.964651883208274512e+02
-1.063164564352499184e+02
-4.906315573998593749e+01
1.517451387593777099e+02
-4.526060453119115756e+00
-9.736649837364882387e+01
2.226956445101293980e+02
-2.445330309488533089e+02
-2.531263545671795043e+02
-1.230599464128672906e+02
-4.736003210403559649e+01
-7.833345538943089537e+01
-2.354820736010666948e+01
-2.026383009006186953e+00
-5.980111563807876962e+01
-1.864186597870169066e+02
-1.594776784578874924e+02
-2.135584346036356465e+02
-4.088368152960186563e+01
-7.291205220349448268e+01
-1.891544403172659727e+01
-1.356578378759319889e+02
-2.191981747651823298e+02
-1.051413134756405441e+02
-1.061444332453551596e+02
-9.661677571423621202e+01
-1.588740198736808225e+02
-1.236782590969720843e+02
-1.758886943690911266e+02
-1.301204080107063135e+02
-1.878384162081690647e+02
-1.591589052393973418e+02
-5.732909936028811160e+01
-8.261131084173365480e+01
-7.706161757645595856e+01
-4.329856316227562019e+01
-7.856833526403464418e+01
-6.414522018191843244e+01
-7.962651424774350062e+01
-3.565226955507561968e+01
-5.188852057836870557e+01
-1.376524304334903093e+02
-1.553217643069602047e+02
-4.830890245372057024e+01
-1.061535563577018024e+02
-3.051219072637058360e+01
-1.430523934201554503e+01
-4.544154268702799149e-02
6.484939755764136393e+00
-1.219131818993922955e+01
-6.798913495088947379e+00
-5.050031779855155278e+00
-1.819525424435980199e+01
-4.885613344542197467e+01
-4.589735951821632298e+00
-1.428575533423821575e+01
-1.556724211459417795e+01
3.651667778502516892e+00
-2.258878408547234429e+01
-1.532888359817922597e+00
-4.891089185782487903e+01
-3.512203590535378339e+01
-4.298262663435167497e+01
3.511560739768973871e+00
1.061595205259681052e+02
9.429311281980616855e+01
-8.300322094681705209e+01
-1.198246844342486739e+01
2.414659047169805604e+02
2.540105500333328052e+02
1.256648665102988787e+02
2.632012711030334629e+01
1.103936091584753001e+02
1.749060406134004211e+02
1.476163430257099662e+02
2.223579347710292495e+02
2.405250165131659230e+02
-1.429119246232212106e+02
-1.398381970566686903e+02
-1.469410793156938837e+02
-2.650293566252130972e+02
-3.031311251915750518e+02
-2.857379986779710634e+02
-3.446927866421216322e+02
-4.223356536611081538e+02
-4.071521038555772520e+02
-2.940635503963900419e+02
3.410292218425382771e+01
4.271608881547410874e+01
2.211487009170384965e+01
2.938847422872103721e+01
-4.910357452017328228e+01
1.815366812012405262e+01
2.893068313297879968e+01
6.681630640246041253e+01
-8.494049808081362585e+01
-3.606774448935714616e+01
1.589233099439252328e+01
5.125561549654983651e+01
-1.874240782399809291e+00
4.249244044358158590e+01
1.686367487902105040e+02
2.277711788230185448e+02
-7.588418275181733463e+01
-2.339555803598664738e+02
-2.844715793644083135e+01
4.789522046623476470e+00
-3.518515238265104728e+01
5.279659086926785427e+00
-7.818584652855282258e+00
-2.711814360764645215e+01
-2.126737939367155761e+01
-2.399892266513738903e+01
-1.678485794527410135e+01
1.065378308370654814e+01
1.811499159547338422e+00
2.163753958815506735e+02
2.086155097442619422e+02
-2.503532278844091365e+02
-4.187145560597776495e+01
-6.361665784966936243e+00
2.313864543700563843e+02
-3.998993326138903370e+01
-3.040028828650927295e+01
1.035018024058367736e+01
-1.821842986938851539e+01
-1.703870159199893806e+02
1.759052381641831175e+02
2.217484994295931955e+01
1.430260692087530288e+02
-5.657446662647044633e+01
-1.131872324823552667e+01
-2.730983318370584101e+01
-3.154607028616766229e+00
-6.879576113895282674e+00
3.234083880771603692e+00
-5.808371169984059890e+01
-4.739379510486212865e+01
-5.913346230999441389e+01
3.084378342876510359e+00
-3.931987534300846932e+01
-5.987847331214896940e+01
-1.855504278306106158e+01
-1.351142407947810753e+01
-2.606693863785950427e+01
-2.427051314168932272e+00
-4.551041792357590055e+01
-3.428168429822162722e+01
-4.606929855693922349e+01
-2.370181033997773135e+00
7.299876265178255608e+00
-2.639179334086299455e+00
-7.214846976168504966e+01
-1.469563547633672442e+02
-1.808201645774097130e+02
-1.826737501433509294e+02
-5.995652277515593198e+01
-2.534232208971466704e+01
-7.662906584230954365e+01
-1.822185966515142397e+01
8.719180517108293316e+01
5.965798022693658709e+01
2.337364569170256061e+02
2.337805268678090798e+01
1.432883980489409304e+01
2.014873104181477288e+02
-1.994767546453997511e+02
2.551935046647311367e+01
1.782836345277648888e+02
2.075747925336657431e+02
2.421305712148743794e+02
2.111892020846544540e+02
1.652590639345645513e+02
1.327010251592868428e+02
1.395044372055356234e+02
1.761073848372469968e+02
2.775633974899241139e+02
1.203177065742347196e+02
2.428478824080343657e+02
2.544023426886632535e+02
1.580531724433637635e+02
2.661065714347133735e+02
2.360586365667886071e+02
2.600837526236239228e+02
-7.720512371719364637e+02
2.264357205150329264e+02
2.662105461022359805e+02
2.702977791782144550e+02
2.481727007505401730e+02
1.348905012047851528e+02
7.339414031365592450e+00
-7.433998456421467438e+01
1.618041099115063446e+02
5.069697571921415147e+01
2.308009050952433654e+02
2.532831417048607250e+02
2.581948296195373018e+02
2.646597953486340771e+02
2.348665237076878327e+02
1.404397898762346699e+02
2.792829412786646799e+02
2.481028885020135419e+02
2.273801417317063738e+02
2.349975426695231704e+02
9.193638963085034277e+01
2.138529621555775293e+02
2.873326514063935520e+02
2.545883424188664037e+02
2.940594256233980559e+02
2.902556065437211146e+02
1.360962443321745354e+02
2.575214880584677530e+02
2.467407130723499904e+02
2.414103259518787468e+02
2.122721749989901241e+01
2.846629191666427232e+02
2.620602005366395133e+02
2.553884061827990024e+02
2.482575216033250172e+02
3.041703947719712460e+02
6.334910411887906179e+01
2.633051526454210034e+02
2.693701593325822614e+02
2.486360016087351994e+02
2.424538011230307006e+02
2.653287836281884324e+02
2.687106743180988815e+02
2.492363211418279150e+02
1.173302104083193740e+02
2.629412242916117748e+02
1.773937164583988135e+01
2.056260866901891404e+02
2.036386703791962987e+02
6.878498438156029238e+00
2.836302161032105005e+02
-1.994453208000287248e+02
-2.161371822084375935e+02
-2.082249024188680551e+02
-4.016159676536473455e+01
-5.953981532022548890e+02
2.286391883284047708e+02
2.356503033132551934e+02
2.692369269916180485e+01
2.722846852212073827e+02
2.951427677280142916e+02
2.705939414068284350e+02
-1.058573053471104686e+01
-1.883707540326251717e+01
-2.047886508504173264e+01
2.675291136285723042e+02
-4.495367615708492792e+01
2.026293476752620393e+01
-4.068107507932318612e+01
-7.896130555071849244e+00
1.529184566083714003e+00
2.564220877256062749e+02
1.227947518056126341e+00
8.157988255367897068e+00
2.248794618384025057e+02
-4.288315147665068849e+01
-8.802339820475353349e+00
-1.442237376889218581e+01
2.046711984708335308e+02
-8.656479184821165518e+00
-6.120095657529887490e+00
-1.373037974111284143e+01
2.242803928470178221e+01
2.115436127380529285e+01
2.495869497443296154e+02
2.539457250429384771e+02
2.406490715990905755e+02
2.379116821009607747e+02
2.470164343908470528e+02
1.158553257761124087e+02
-2.594693475235629876e+01
-4.083059779816419166e+01
-1.439753532541517700e+01
-4.674401480684431931e+01
-4.902653943081845966e+01
-1.230395100188818844e+02
-9.894238207130733542e+01
-1.893355118735693168e+02
-1.915051995554260884e+02
-1.996215002900410695e+02
-8.175313823240767874e+01
-2.711445459981284216e+02
-2.418931014104202859e+01
-1.449637625696358896e+02
-3.600533689599250806e+02
-1.158938890240393675e+02
-5.175546464204836639e+01
3.322914649810101650e+01
1.503207102193113087e+02
1.639591137369425269e+02
2.701565194247793897e+02
-4.546553186185292361e+01
-2.757640930432617665e+01
-2.010880251558794640e+01
-2.531660067677726147e+02
-1.841270149080442593e+02
-1.083165528740840671e+02
-6.011291171015556500e+01
-7.390200425034893783e+01
-4.794762721464031330e+01
-3.739107975256408167e+01
-3.164963700094003229e+01
2.345298009491195899e+02
2.379505165667403617e+02
-5.582232752600152281e+01
1.338642310130725264e+02
2.950101558760971443e+01
-2.759285437265875274e+01
-3.275684139643676218e+01
9.928680667491354583e+00
1.680380731063513622e+02
2.591949719385851836e+02
-3.666733340986075262e+01
-1.095626325447351590e+01
-1.590327019416496910e+02
6.581701631682483367e+01
-2.916652133448148447e+02
-1.842131988375808760e+02
1.765166234009622030e+02
2.625644551857678977e+00
-2.150436606556730226e+02
-4.415702755683850000e+01
-1.311332568820278937e+02
5.173290693906287174e+01
-8.306109453478413229e+01
-5.999933652712095977e+01
1.774331488531789773e+02
2.564667878475978569e+02
2.664785166923165320e+02
2.487261386231194535e+02
1.359301178081452122e+01
2.534826475624888076e+02
-3.725211324441079341e+01
-7.718810010653338338e+01
-4.058254417801904879e+01
-3.513871904805067459e+01
-6.057546687391613460e+01
1.420893494000423516e+02
-6.947668060492851794e+01
6.265369542227972488e+01
8.456371449853644151e+01
1.291685588651837406e+02
2.067642574049910706e+02
9.718131996296651209e+01
-5.557333260043291290e+01
1.785147888993075753e+02
2.214746556992309650e+02
1.947640745186590152e+02
2.029744276516197488e+02
1.871392466769774501e+02
-7.981565573386589563e+01
-6.316357712000046831e+01
1.724110367305513307e+02
1.409625871243739823e+02
1.460548164117477370e+02
1.470038522593094399e+02
-7.856502210198254943e+01
-9.152148017985165040e+01
-1.657370090531321338e+01
-1.150061203972613697e+02
1.758838289590534600e+02
1.238154114270333963e+02
2.186421373283374407e+02
2.093165691014689287e+02
2.413388842252129223e+02
2.109728176011411733e+02
7.670552331943264335e+01
-2.817019525894997400e+01
-1.263413345623305872e+01
-8.763332973316681773e+01
-7.593278750546794242e+01
-1.076749253636463806e+02
-4.931076786515320265e+01
-6.019002499196562894e+01
5.446818873646421366e+00
-2.734686807500938244e+01
-8.070485040543147193e+00
2.033950347599102884e+02
1.476161135759444676e+02
1.929789698014180033e+01
2.172656324313594496e+02
-5.218767481061021130e+01
-1.679322187876734347e+02
-1.721149376047411579e+02
-2.672924266768514201e+01
1.723438784668355197e+02
1.744020724578455486e+02
2.135093830020381915e+02
1.988496856443786100e+02
3.711153816446691067e+00
1.194509561289107324e+01
2.261339274294083168e+02
2.759552524002599512e+02
1.948192223887294006e+02
2.236377530691895572e+02
1.344462830625996048e+02
2.113129009075794329e+02
1.098316789950934549e+02
2.186202293338057530e+02
-1.621016417263304845e+02
1.569725489855117075e+02
2.331019184137009859e+02
1.914969534400131010e+02
2.211919583630451598e+02
1.726013430226070113e+02
2.976311855640261683e+01
1.308896808626687971e+02
2.322246967673535494e+02
2.835612822115093650e+02
2.148509888482367387e+02
3.977603113367408127e+00
2.204751205803913763e+02
-6.386940830028180471e-01
-4.442174802740018436e+01
2.157884877803487029e+02
2.358577266457194526e+02
-1.450000320757265726e+01
-2.558307240675848107e+02
-5.054761905732598137e+01
-3.637582158595310489e+01
-6.439823677855366668e+01
-3.131404205815213260e+01
1.987266831793408794e+00
-4.782778384973553898e+01
2.632979901880970033e+02
2.124963229099897148e+02
-3.938505126776317411e+01
2.119833304030005934e+02
2.129799468301445131e+02
-5.315428760684554987e+01
1.700110895834888822e+02
2.206776208435741751e+02
1.684851675359786896e+02
-1.891969268104467972e+01
2.715999843666868401e+02
1.259794163783577119e+02
-4.147940675711380436e+02
1.789135398612772292e+02
2.420048098030804908e+02
2.118809017938751538e+02
2.169445088382210827e+02
2.262449582775940939e+02
2.836383081437665510e+02
2.082645403708320657e+02
2.507705927907637999e+02
2.661003429729737491e+02
1.916401639459762123e+02
2.389165134689762908e+02
2.236792340416958780e+02
2.227672954364778661e+02
8.961509749549036030e+01
-3.079839424045381975e+02
-2.698278822717311414e+02
2.226324486370464228e+02
1.235879925688031733e+01
1.425098044004258782e+02
2.408848795891650809e+02
3.368206470096359340e+01
2.441862533434183433e+02
2.370539051296930211e+02
2.816306018664903377e+02
2.032483381814627421e+01
2.736890904071177602e+02
-2.593200521569460761e+02
2.836217630483591847e+02
8.742765268940672740e+00
6.189420280267830776e+01
-1.946005521844289206e+02
3.802492451930692141e+01
-4.969381493335118449e+01
-2.457110419745740160e+01
9.489438185375273349e+01
6.673944054416043770e+00
2.636256519021728195e+02
2.770445636059434946e+02
-2.121729138792990739e+02
-5.234538243494860410e+01
2.826674911258209022e-01
-2.775175750325221316e+02
-9.117431162714112247e+00
2.679862306371878731e+02
8.649667842171425036e+00
5.936397516457873280e+00
2.405882647250668924e+02
-1.452014737324789451e+01
2.816922365602100626e+02
3.692063537449286059e+00
2.012594696962690932e+02
2.714990156614300076e+02
2.361603682413985439e+01
2.891493374572004882e+01
2.517368211407881233e+02
4.587161924959133330e+00
1.946527616411965766e+01
1.560532400107476292e+01
5.648905355396396999e+01
2.638311522942593683e+02
1.997837304881913667e+01
2.554995107499038340e+02
2.382355699570523200e+02
2.376256245572282069e+02
2.331764888559254416e+02
1.913692302912411094e+02
1.713925403667667524e+02
1.044121584544686527e+02
2.845037072329091643e+02
-1.109845015637658889e+03
-3.032955024947781340e+02
2.350455295223590895e+02
-7.551635393973130306e+01
6.899395704464745904e+01
-3.787103407253574119e+02
1.958490766586908762e+02
2.388183049523016166e+02
2.417632802826132377e+02
-4.341827632301236122e+02
-8.050983083838706023e+01
-9.765317081672513666e+01
2.050024046790672401e+02
-2.116258089790801478e+01
2.104494108983538467e+02
-1.644233747628449294e+01
2.772877792838454525e+02
2.063574895216291338e+02
1.509113355562120944e+02
2.669145141799136809e+02
2.080392806383006246e+02
2.130890411029129723e+02
1.941814640583438347e+02
2.265067452330387709e+02
2.505093513291412535e+02
2.106735469065611710e+02
2.481046044437779301e+02
2.509612912842611365e+02
9.741438284699512451e+00
-1.802339029852096530e+01
1.070550034977041634e+02
-3.591372549399559944e+01
2.211295711817314782e+02
-2.136932977099516506e+02
1.978774216006972608e+02
-1.614802499368929602e+02
-1.928696281611464087e+02
-1.938661618459786382e+02
-1.814659063807317239e+02
-4.037387841043961885e+02
-2.916686627629694044e+02
-3.898104705467615645e+02
-8.471856826435825383e+01
1.782133083283906103e+02
6.336165333019182810e+01
1.647130987504261839e+02
-5.278743333695639706e+01
1.791855869409361617e+02
-1.001668219043018411e+02
-1.511296071092423858e+02
2.156192785862437518e+02
1.597923145390603565e+02
-1.217423742670868450e+02
-1.269463145935941384e+02
-1.720963245355231379e+02
-1.967357994239066556e+02
9.766497544627258165e+00
-1.008619883985121959e+02
1.659778293424362232e+02
-4.720517812743442221e+01
3.560556619848396309e+01
-3.271891158958314350e+01
1.859784855988639833e+02
-4.616023817537613638e+01
-1.147701474129554811e+01
1.817184484483117899e+02
1.892133825295228462e+02
2.540584789558806165e+02
-3.276084388293654115e+00
-6.632855045444776465e+01
-3.113454185463076556e+02
-3.485445719427103768e+02
-1.357955358399385943e+02
-1.675979820940506784e+02
-7.494518747554184301e+01
-1.066365369143584303e+02
-5.159142638187702801e+01
-1.386528369173163355e+01
1.913652155567951922e+02
1.132306648189092471e+02
4.741410998157221002e+01
8.048129075764741458e+01
5.901197452562354329e+01
1.273165571532422149e+02
2.628297670757460764e+02
9.655257648446659857e+01
-1.733386897160354678e+01
-3.836605511161441200e+02
1.581637756170667899e+02
8.704406556688362162e-01
-1.203772986398587364e+01
2.113580128989575542e+02
-2.734616491483557255e+01
-8.881480491398340860e+01
-7.106472820956926739e+01
-2.353919843498167097e+02
-2.906892219152339507e+01
-2.247051434456536967e+01
-4.499419835526308020e+01
-2.609480190341600405e+02
-1.496425319352984786e+02
1.837012969557109443e+01
1.370100645789637213e+02
-8.698398735468434495e+01
-8.500359660900812742e+01
1.669700399967453563e+02
-4.596509066385236508e+01
-2.114770619087524040e+01
5.426168035397759581e+01
2.610913187904256461e+02
3.463456757556997445e-01
2.462235020111658912e+02
2.619438544650201948e+02
1.460336186959414704e+02
-3.393931493518959996e+01
-2.143809127326855801e+01
-4.666412022389074821e+01
-5.440394321191524085e+01
1.275496665508721179e+02
1.987641148913388918e+02
3.518616726025669550e+01
1.763581851127848097e+02
-2.770599577390066059e+01
-5.223134421940765293e+01
-5.058534559592113311e+01
7.288257264006858804e-01
1.134039485693437115e+02
1.852269981128517031e+02
2.183676297052138011e+02
-5.545473608370841134e+00
-2.664173229597498960e+01
-5.189902440670800132e+01
-7.076408533110976862e+01
-7.825123640761601962e+01
2.272868193862594524e+02
1.055617547750277083e+02
2.240593501003661174e+02
5.983531366996356837e+01
2.316371184522842270e+02
2.226209813984228845e+02
1.997261797662909260e+02
2.375911190877989441e+02
2.002956840268105623e+02
2.335430719482364168e+02
2.552326898669967647e+02
5.125244639637352861e+01
4.436799027189576350e+01
2.334132078734705829e+02
1.720257182134786262e+02
7.987819083508298945e+01
6.854964538031364896e+01
-2.356178420563597342e+01
1.463446202578363398e+02
-1.898532522517935206e+01
4.962669186216203343e+01
2.033778564672810774e+01
1.801529266851578370e+01
5.158935491068930901e+00
-3.034454128195494604e+01
-3.335550774354224757e+01
6.165469018449726946e+00
2.065425726532842532e+01
2.203041362088384858e+00
2.536766518858042616e+02
-2.322317095726339176e+01
1.404760377541687433e+01
2.838941363296571581e+02
8.347545557324767174e+01
2.342331333267574109e+02
-3.870093756250803807e+01
8.565606017109264769e+01
1.888290540537975204e+01
4.259023521419116065e+01
2.589411497750928675e+02
2.505577773350223936e+02
1.519493717730372282e+02
2.244138582563381590e+01
1.335123696091550016e+02
2.081112320583230257e+02
4.031761817928492064e+01
-1.962043520728609280e+01
-5.492689821193602739e+01
-5.934862618201309914e+01
-4.276152640815318762e+01
-1.624267975673669184e+02
-8.013016448552588145e+01
-2.204146786347201896e+02
-5.483576409845212396e+01
2.992948803812237202e+01
-8.339174201786410379e+01
-8.518707192725389632e+01
-6.696220974143611215e+01
-3.231005576909952879e+02
-7.575767178270072577e+01
-1.162570308863675734e+02
-2.657995526970921674e+01
-7.819942776168920773e+01
-8.923596408245202838e+01
-1.022396630873551828e+02
-1.362023847073801335e+02
-6.602535485106085389e+01
-4.142929206538845222e+01
-1.149343866997897550e+02
-9.684423239482090651e+01
-7.555824206787541186e+01
-7.966561061797349907e+01
-7.355912871093283911e+01
-6.553663445010698752e+01
-1.036837181610804350e+02
-5.051810625087716744e+01
-3.706167393441599955e+01
-2.854522495381624481e+01
-1.588650334373088526e+02
-3.685012912790470097e+01
-4.146481829068811464e+01
-1.181953994287885337e+02
-3.936183094298975504e+01
-6.263441647288321690e+01
-1.582570465473176000e+02
-7.377147785630550914e+01
-5.089766993077526536e+01
-6.092629250491694393e+01
-1.442300024695495893e+02
-4.882447409792182214e+01
-1.030715400080053001e+02
-7.154919949227446807e+01
-3.144253801649813340e+01
-8.695788719118775134e+01
-3.778555713647805447e+01
-2.856233359899623281e+01
-4.742764122197402799e+01
-8.849507082319367157e+01
-3.330344795645800104e+01
-4.202548254605981981e+01
-1.549904027232893711e+01
-2.404832865306316947e+01
2.399103183855170869e+02
9.329954987269901689e-01
-1.958612346731676723e+01
-5.470129528670498331e+01
-5.506350882937076818e+01
-1.178938794086614763e+02
-4.498656143825631659e+01
-2.324350760745841171e+01
-2.469831073672375510e+01
-4.912910824181146552e+01
2.344806561461056731e+02
1.819815603220934008e+02
1.351397414304950360e+02
1.788351365637577146e+02
-3.651743432994538807e+02
-3.307419126944886330e+02
-3.826401719665487349e+02
-5.044100687639340208e+02
-3.245384469710876374e+02
-5.056081905616802032e+02
-2.594405932541698121e+02
-3.705541777803580317e+02
-3.624544004695083572e+02
-8.725347615888667008e+01
2.747311623487095744e+01
-1.110980814666874039e+00
-9.822948870752426842e+00
5.740181074995737731e+01
1.780035686047425543e+02
-7.361458707125844114e+01
-2.500145921839223320e+02
-2.340694193192066734e+02
-3.989401615637069654e+02
-6.145971212014351437e+01
1.209896302882798693e+02
2.473274410973207580e+02
-3.669284103980262302e+01
2.574477955477088358e+02
1.484287463576893913e+02
1.827419901868424006e+02
2.430928946558499320e+02
2.544992674220769118e+02
2.762499049684391821e+02
1.503711409100275205e+02
1.039591763683912262e+02
-5.186362473675750095e+01
2.760283311020368160e+02
2.511474580743720253e+02
2.529241225111193501e+02
2.332618200108102542e+02
-1.547071424111133808e+01
1.369392303910431394e+02
2.630331002262010998e+02
2.126949350808138206e+02
1.075274720878610566e+02
2.318216060092325677e+02
2.494129964104542694e+02
2.229845716458343077e+02
2.090557654325789940e+02
2.663855512358927626e+02
9.373979343795130603e+01
1.745065375877880456e+02
1.939867979011555690e+02
2.557601799027217737e+02
2.377621827666116872e+02
2.035397475008293213e+02
2.808352900168456472e+02
1.918604861214264474e+02
2.310302679689914953e+02
2.204557185807327926e+02
2.244579592297789077e+02
2.646135649485951262e+02
2.210390383756363235e+02
2.869310325070197223e+02
2.246133534888567738e+02
2.359541165657905424e+02
2.585769658607684960e+02
2.265384578678971081e+02
2.506938651586196443e+02
2.663526694598247104e+02
2.584355721675499353e+02
2.624228227049261477e+02
2.177343093328852888e+02
1.229851247677454325e+02
2.327428071013723354e+02
1.962888671812953589e+02
-1.224378297980289574e+02
-1.489990026102905745e+02
-5.674434619102291890e+02
-5.796809250211072140e+02
-6.258862827414499179e+02
-5.752993433515722472e+02
-1.157407088655914436e+02
-2.282355133793974460e+02
-2.049439689491368597e+02
-3.139542874407779323e+02
-8.139670986146876430e+01
-4.920814790517615478e+01
3.342814989934845471e+01
-4.212036254446658745e+00
1.293790813325234978e+01
-2.989276367390210964e+01
-7.290542902741663056e+01
-5.484785151389438340e+01
-7.173802447693931583e+01
-8.754304629075511457e+01
-7.118277778563312097e+01
-5.941461361530172525e+01
-3.095802868550410381e+01
-2.097307283745892903e+01
-1.969728520339410238e+01
-1.134730886178244305e+02
-7.904624689893347522e+01
-9.118478068620098043e+01
3.779610843786159080e+00
-1.297953786300905676e+01
1.689755820530500330e+01
-6.368521786884175384e+01
-5.845538280836446177e+01
8.755010555199874034e+00
-6.645615639606035074e-01
-5.395631406343198933e+01
1.034148913009482840e+02
2.470067838970246896e+02
2.463487954504162758e+02
2.725098673585639517e+02
1.219337580987332004e+01
2.153394104770155479e+02
-1.219923952983309476e+02
2.538304854825996415e+02
-8.180541605281996453e+01
1.879844220073217684e+02
-1.205888715793419408e+01
-4.851775821406674538e+01
-1.674343808896954044e+01
1.010023457647240219e+00
-3.386947664208474151e+01
-4.058788430323046725e+01
-2.366392143429490886e+02
-3.997816404739852914e+01
-5.685778325673798861e+01
-7.898657396871314518e+01
-8.410426495408637493e+01
-5.856139417872757491e+01
-9.419781754265066809e+01
-8.655191217744190624e+01
-1.092538661094520620e+02
-3.964667764785035331e+01
-3.700659445674901349e+01
-7.488797356956236229e+01
-3.867048731283433938e+01
-9.477829582879165571e+01
-6.048600039301321374e+01
-2.183155346683140294e+02
-8.397055793373428401e+01
-8.487279806125636128e+01
-1.102145094031257599e+02
-1.085074320256500044e+02
-5.984191625140379500e+01
-7.640874375508926164e+01
-2.134351032133241688e+01
5.811890231222398029e+01
-7.585120004975267705e+01
-7.019897805636435351e+01
-8.176483315732849633e+01
-8.636965131597386858e+01
-1.556988564103323291e+01
-8.590174745864734973e+01
-6.616989742264732399e+01
-1.774096188924195587e+02
-4.683585488529583785e+01
-8.896382425176128095e+01
2.631339805712599844e+00
-1.229434150165968305e+02
-3.283506006068826366e+01
-7.347394814495925175e+01
-1.685499043900651657e+02
-7.333299059320890478e+01
-7.433822610235185380e+01
-1.183445683006867739e+02
-3.647997052980989707e+01
-5.109978773198203328e+01
-7.464317310657122562e+01
-3.921109663328169290e+02
-7.461634140713398722e+01
-1.002835495768694756e+02
-1.216371904209637762e+02
-1.293346069401228817e+02
-8.702144835473941953e+01
-1.102942586611732452e+02
-8.634623793892387766e+01
-1.002427808812216270e+01
-4.013614981371929957e+01
-7.399434582013726924e+01
-6.401379911591514826e+01
-7.873553001583499622e+01
-1.074030222898425677e+02
-1.647753738515766599e+02
-2.012977067790639012e+02
-1.634697004017791926e+02
-1.782737605452870753e+02
-1.109016695709979246e+02
-2.981944711406433690e+00
-6.314656226385677940e+01
-7.055154726167393164e+01
-4.173622568813189559e+01
-4.842390185352599019e+01
-3.520628360861788053e+01
-4.480335206044160401e+01
-9.868590648227782935e+01
-9.499469239804109577e+01
-9.915511083747816201e+01
-7.645911632392348167e+01
-2.055335936708283384e+02
-8.858299163629396844e+01
-1.102135807047971525e+02
-1.563452889942728632e+02
-1.568417936095126208e+02
-1.290114031172406328e+02
-1.795943879683804312e+02
-1.048084843927250063e+02
-4.843882530596689406e+01
-8.204964731015884638e+01
-1.042064143087475685e+02
-9.866473120290113741e+01
-4.546452813986890362e+01
-5.150617355657571750e+01
-1.026410430450892619e+02
-5.305227808344189810e+01
-8.575701495240440408e+01
-1.005623286036047972e+02
-6.037960030981916759e+01
1.529193043162626164e+00
-6.899220159546396758e+01
-6.691044996712992088e+01
-1.301444089463069531e+02
-1.106280201186143302e+02
-7.277985130351224541e+01
-8.703477952382903027e+01
-1.143516089213945151e+02
-4.101782742203003096e+01
-1.169121350777617891e+02
-1.685337477191193400e+01
-8.455788561054967545e+01
-2.982992298619446103e+01
-4.201399889270652466e+01
-7.901991607333729917e+01
-3.770956700268432371e+01
-2.759569583458743409e+02
-3.490854296574112823e+02
-4.228560900293500424e+01
-1.208036198961360412e+02
-1.043647435933420411e+02
-1.039411184384224498e+02
-3.628992368044876571e+01
-2.495714058756648157e+01
-1.705828031595331140e+02
-2.317281847271959805e+02
-1.649582663838630197e+02
-2.190236277509903573e+02
-9.818368279518637110e+01
-8.244549301256955687e+01
-7.014715748586966981e+01
-1.070956195396767470e+02
-1.368436230307106598e+02
-9.416014866784681203e+01
-1.155534394570751573e+02
-7.439693616182333358e+01
-4.730500362267800796e+01
-1.212701917315687865e+02
-9.457901194203584794e+01
-1.153727891636167158e+01
-1.389720222627047406e+02
-1.174340015400532025e+02
3.317590177109175897e+01
-7.554057711737046077e+01
-8.776396474692505478e+01
-1.365291580385137422e+02
-9.242620709196378925e+01
-1.135384796752167915e+02
-1.341519657854574916e+02
-1.046170475429028812e+02
-8.597743206512552661e+01
-1.076138142215953337e+02
-1.114315689168476524e+02
-1.325806645389247080e+02
-1.274301442995890170e+02
-1.134561485813546540e+02
-1.266164441533154701e+02
-1.089982808192156227e+02
-1.047420046105563785e+02
-7.332254264937026278e+01
-5.921731926075397467e+01
-3.243828986209167908e+01
1.245000373673865113e+01
-5.965624293591559990e+00
2.140910009322239205e+01
-4.143635192444305915e+01
-5.761427348564421180e+01
2.301312960179134564e+02
-6.466076240946618725e+01
-7.612753850753246354e+01
2.568674876447288113e+01
-5.675055780715181442e+01
-1.561216690550535020e+02
-8.170981786327030250e+01
-7.519504368116417936e+01
1.720458016326182360e+02
2.744459936249460839e+02
4.470085087557789194e+01
1.271736143195993929e+00
-7.255051107803699040e+01
1.218149855281204168e+02
-6.560768287025854306e+01
-4.046303723002550612e+01
-1.595825773840532236e+01
-2.002156384384145440e+02
-2.165143139835543025e+02
1.839303231695927252e+02
2.641882981565034356e+02
-1.441028648016909131e+02
1.725504724522501192e+02
-1.605261266288850663e+01
-4.218767400096496090e+00
-4.720571183777608582e+01
1.676955393782979513e+02
-1.273543709437307143e+02
-7.284084241294402773e+01
-8.424987944745869584e+01
-9.559193331730763532e+01
-9.265409894154079495e+01
7.319401715635781613e+01
-1.362064556494429155e+02
-6.096401585514963983e+01
-3.657303003852052825e+01
-2.032141923155841567e+01
-6.946112052347110932e+01
-4.796774483280942292e+01
-9.655859709232933596e+01
-9.929509959448387235e+01
-1.490284573994401853e+02
-1.531550341935472943e+02
-5.872938128810557146e+01
-5.727548431315764788e+01
-5.211197944830475137e+01
-4.159906699490534976e+01
-6.894772867741853872e+01
-2.098618507419467960e+01
-1.163027314835062214e+02
-8.805528121414830878e+01
-6.554014704204530517e+01
-8.294560124342226004e+01
-3.972246560172891350e+01
-3.726798369770698827e+01
-9.899296916833958448e+01
-6.077962523980870202e+01
-7.213741165827057955e+01
-5.949407876774689896e+01
-4.658138397399703479e+01
-1.672505205637629899e+02
-1.796376832896719691e+02
-1.253788747287692331e+02
-2.520639235456638119e+02
-9.619260397004856600e+01
-9.865633558165110628e+01
-1.264793019662050142e+02
-1.568071615395006404e+02
-2.953646011741399136e+01
-2.189318838175420296e+02
-1.895600009291609354e+02
-1.659940643429906686e+02
-1.304088495861314243e+02
-2.955133826954900087e+02
-2.191689362643712400e+02
-2.325899192479743647e+02
-1.254305108548988130e+02
-2.369847332879189992e+02
-2.649410886103157736e+02
-1.390612415396375923e+02
-1.585850061285311767e+02
-2.609179856408679825e+02
-1.276714661925932432e+02
-6.383740938125887965e+01
-7.134881827469553173e+01
-6.511067516399280919e+01
-3.965093421304064947e+01
-5.728169523672431040e+01
-4.867582033578080569e+01
-3.499791412992765061e+01
-5.115475777060159146e+01
-6.359894883700864199e+01
-2.947690145484336455e+01
-8.599811098462060954e+01
-7.607422570615651125e+01
-9.789291052467835641e+01
-1.836516812453419689e+01
-3.694031003007979308e+01
-5.816955827967517223e+01
-3.440463671592621608e+01
-1.511730287460616040e+01
-6.991129579069888678e+01
-7.359057642056369808e+00
-1.492555865331561549e+01
-3.543082473679936584e+01
-2.726922853088381871e+01
-3.976507116589477420e+01
1.201127071892315001e+01
-6.277184874683011628e+01
-2.955443104535296328e+01
-4.469034258256360204e+01
-3.499646105913042504e+01
-7.951149053900283548e+01
-8.252557674357687745e+01
-1.047594047994786024e+02
-2.197577678046541507e+02
-1.798987826769172784e+02
-1.020142379329620184e+02
-1.034158560743550623e+02
-1.647769531684891149e+02
-1.867029527632341797e+02
-1.373196584830401150e+02
-1.472444944646698559e+02
-1.378201809391526638e+02
-2.818668155973604144e+02
-1.886847772244802286e+02
-1.589875334423045672e+02
-1.882749302739175050e+02
-2.454014565301013420e+02
-2.872091737554576980e+02
-2.540715569713876505e+02
-1.465063818025921023e+02
-1.449867970605721439e+02
-4.042548439211770273e+01
-4.978230886361191665e+01
-9.653552741409869498e+01
-3.889280406431279147e+01
-3.503709735902855016e+01
-7.739651767012580308e+01
-3.810139511325201056e+01
-3.886560772677865572e+01
-1.704095810275898515e+01
2.734919473064574724e+00
-2.398395992505854508e+02
-5.634844221711503565e+01
1.757734905491302584e+02
-1.272249415681559093e+01
-5.328341521502105849e+01
2.072537353765623536e+01
1.547168292444846749e+01
-8.192674825895505819e+01
-8.817827778949697048e+00
-1.077474496134995618e+01
3.213160887652151132e+00
-1.490163325565906760e+01
-4.954930000354423925e+01
-3.609548346747381942e+01
-7.877260781707268222e+01
-7.387755901124789659e+01
-6.114734198362815931e+01
-7.766112477819636695e+01
-7.505509662699036255e+01
-7.264871632860740647e+01
-8.415408451744519880e+01
-8.693228676153973211e+00
-1.345701733300046143e+01
-5.578590346990162629e+01
-7.697163428239004013e+00
-1.051521180811901104e+02
-6.227860481233064860e+01
-8.186525916379091328e+00
-3.478656253891310257e+01
-4.975406499419568718e+01
2.313565648895786975e+00
-3.127205484388471124e+00
-8.329047254568888548e+01
-4.587999180990324533e+01
-1.777118051332112429e+02
-2.750352842790985619e+02
-1.825724415005502124e+02
-1.845244319283944492e+02
-1.729818254433122604e+02
-2.176043836018568811e+02
-1.653299042235821616e+02
-4.436065256513738859e+02
-1.683088582952080969e+02
-2.925357733851555508e+02
-2.140311164167419520e+02
-1.729851021045754464e+02
-1.472562203693331639e+02
