-4.819109948441222286e+02
-3.885527316416429358e+02
-4.029714399390718995e+02
-3.065999568721158539e+02
-9.549377835758416211e+01
-3.194054752780040189e+02
-1.172199621089779384e+02
-7.796511714044281405e+01
-5.096247997725121763e+02
-2.478301026507262179e+02
-3.940184829292271615e+02
-6.735878841706204412e+01
-3.510339125275452261e+02
-3.901446878129610241e+01
-5.202305954735675186e+02
-5.919534538188386250e+02
-5.593926783833068157e+02
-4.321397390669334300e+02
-1.272290350089360516e+02
-1.360625694336177105e+01
-9.488075038834998054e+01
-2.749709135215558717e+02
-1.773544632742077169e+02
-5.315044962263074240e+02
-5.777535175156554459e+01
-1.814505686310560293e+02
-4.813573330594893207e+01
-2.345495958024891934e+02
-2.308724141043489624e+02
-3.411760023241280351e+02
-1.905477094766189339e+02
-2.542347703099081571e+02
-1.259477910058124053e+02
-2.918456737392571654e+01
-3.861790750050474799e+02
-5.805838532869020128e+02
-3.577916920194498402e+02
-2.769560202148678059e+02
-3.182884423758066532e+02
-3.715316431086993703e+02
-2.619733165044888779e+02
-2.686338345545277662e+02
-3.554283799767331402e+02
-5.100367555188778397e+02
-2.926128944906699871e+02
-1.956306383265449256e+02
-4.200240967540029828e+02
-1.277155074677677362e+02
-4.562414442395259471e+02
-4.173361804921610201e+02
-2.686016195896692125e+02
-5.583322493196023117e+01
-1.346501103020187600e+02
-3.685216555050735110e+02
-1.041419196819530129e+02
-1.206642685286483641e+02
-2.345144035358705992e+02
-2.283191512570183477e+02
1.315873676088196476e+01
-1.768342137926701412e+02
-1.917086442189780371e+02
-1.648047433507460937e+02
-1.291103463066281734e+02
-1.309834641362538719e+02
1.886164791975583555e+01
-1.903470603773753851e+02
-9.411857451990843515e+01
-1.415006875712551278e+02
-1.740219752857462368e+02
4.643345327248512433e+01
-1.788689895407964627e+02
6.867896363929732217e+01
-2.530925101893001283e+01
-3.351478083939985027e+02
8.102188182294020180e+01
3.068160144823762536e+01
4.155039818761021309e+01
4.476383329392655241e+01
2.383087431261156297e+01
1.005819036557042807e+02
-4.855657927312166322e+01
2.221253258232473993e+00
-4.667392045673248901e+01
8.799440054800305688e+01
5.398884620380425048e+01
1.596825182519877728e+01
-1.030085061319119575e+02
-1.955887347275829882e+02
6.960606619712322640e+01
-3.382569629595420224e+01
7.525352935069562932e+01
6.222290433138071108e+01
1.051239143045432343e+02
8.794035721052834731e+01
9.470799229881181702e+01
9.715472879043063870e+01
-5.885071011396596674e+01
-9.585753145618525650e+00
9.300474721244819420e+01
1.043149065824297672e+01
8.167093913969524976e+01
1.312864110127416595e+01
2.199160066101907773e+01
2.592320103088002270e+01
1.284262896757381895e+02
9.465534857071364172e+01
1.349440250238932890e+02
1.255454690810909568e+02
2.536845558344930396e+01
1.824558579468188668e+01
7.376193923071190284e+01
9.919958582306824724e+01
1.032783662732175287e+02
1.019342560948379344e+02
1.127891335478620931e+02
1.149141910822847024e+02
1.147414349809080534e+02
-1.198271761114357332e+02
5.491373270577531684e+01
4.511144655900619682e+01
1.094915318540714395e+02
1.337884845325924914e+02
2.216034143860024130e+01
9.417864095504198474e+01
1.433962322274157657e+02
1.122270255743813863e+02
1.408303942434133660e+02
1.158604185271770888e+02
4.537587178094965168e+01
1.125823057302984438e+02
8.584026415323539538e+01
2.871951554810658536e+01
1.370830021771149632e+02
4.498874991196811379e+01
2.253992323854245683e+01
1.419679883386874053e+02
9.665174585052791656e+01
1.456189351084212547e+02
9.048901480367618433e+01
1.564338791641728221e+02
1.084242354942997508e+02
-1.378277538876721220e+00
-4.281484961194038874e+02
7.596961674583188540e+01
8.567114956599893105e+01
1.192504018254209655e+02
-1.088236537014702350e+02
-8.361124217848313833e+00
-8.599087762217908448e+01
1.695581840683847759e+02
6.513451011505037513e+01
1.334572756895767895e+02
1.130941110620700272e+02
1.134800405347409935e+02
1.306330776250055976e+02
1.551277382001161982e+02
1.450919056199905981e+02
8.751513653579849006e+01
1.309875224023409999e+02
1.500422946261811887e+02
5.657970475986468273e+01
1.120458016295517467e+02
2.452810433873708007e+01
9.257172968605489416e+01
1.198427555070498869e+02
1.481062535698537204e+02
1.208890351652203066e+02
1.115119067482008433e+02
1.262496508522723815e+02
1.233791238314691725e+02
1.281454815166085837e+02
1.086620440357511370e+02
1.172295736525672538e+02
1.338636147305098802e+02
1.322573840946106714e+02
1.300263909005744551e+02
1.205710198267031785e+02
1.140283412996107444e+02
1.000480352336557814e+02
1.154701464586587747e+02
8.837632239813243018e+01
1.087746889780275410e+02
1.244288326027886598e+02
4.065573382383885814e+01
1.286622711911988972e+02
-4.473552963240876323e+01
-1.645345262483930071e+01
1.084260676448705993e+02
3.698528948267934879e+00
1.294845681733188769e+02
1.333283023259348852e+02
6.730751198642386157e+01
8.090764643753811924e+01
1.284939910924836113e+02
8.748695775329306912e+01
-1.011872929887643977e+02
-2.406286244623427706e+01
9.209550346360408923e+01
1.482486016537409341e+02
8.395122001385504973e+01
1.448309328945874483e+02
4.851748289528481450e+01
-1.054877105852331738e+02
2.739151624144028574e+00
1.124163684902634088e+02
1.018599448861416050e+02
1.368064761265584650e+02
1.838814503692584879e+01
-2.388573616100970298e+01
-7.423037691638525004e+00
1.446314535871210580e+02
1.106275826885073741e+02
3.059146776184573469e+01
1.055514116762417274e+02
1.736089338261090234e+02
-1.787687271484960547e+02
-9.538494161399177074e+01
7.381634452516033207e+01
8.467868580939943968e+01
9.600168902662969117e+01
-4.185020461719019202e+00
1.150263556561831990e+01
1.693069263217908542e+02
1.020710192490163024e+02
9.558088847914440578e+01
1.573063575284760418e+01
-1.021844335646385105e+01
8.785179122114030292e+00
1.389971339498805207e+02
1.605889219571062938e+02
1.513341518420193950e+02
-9.048484101321420781e+00
1.116714643274940499e+02
9.944052306778900174e+01
1.137934849567439528e+02
1.382632705703882152e+02
1.476073881781753983e+02
2.991881710880826972e+01
1.184436867231875397e+02
1.470209901651246582e+02
3.869113743055888222e+01
-4.019046027425896739e+01
1.607730907416499520e+02
1.445348990305741381e+02
3.825911786538750903e+01
1.867090298689968790e+02
1.507007138239806920e+02
8.850147556966206253e+00
1.755888756107202084e+02
9.877105276199893069e+01
1.479827559606193290e+02
1.289104441409676838e+02
1.690123522380621068e+02
2.638472954205199006e+00
1.747399042868840695e+02
-3.785305483123779169e+01
1.114511178839792791e+02
1.044237828094506142e+02
1.556268024082201862e+02
2.079143209770134604e+01
1.339229760741960149e+02
1.357706590901673849e+02
3.835837566332300952e+01
5.106284469718116270e+01
1.357398690515131534e+02
8.647679767313687194e+01
1.394324477167016596e+02
1.423319030851835407e+02
1.255014343130569472e+02
9.700466404727265513e+01
1.618259568598130329e+02
4.298398993645106003e+01
1.210982580531099160e+02
1.347991150334996746e+02
1.375188613783858216e+02
1.017689845158660091e+02
1.273680867064903168e+02
1.342712841799013574e+02
1.571009612840744865e+02
1.786591269404295019e+02
1.750813878565791413e+02
1.631007429093716325e+02
1.129119001836494647e+02
6.634753212523546040e+01
1.404368402192662018e+02
1.543135800125850210e+02
9.069215288099688621e+01
1.370793832664059266e+02
1.327495219708111449e+02
1.147234751965030028e+02
1.443139311325244023e+02
1.327117469282352431e+02
1.329434338297181171e+02
1.385754663319838755e+02
1.655264930641822332e+02
1.636111983003336263e+02
6.326412518865465273e+01
9.773067438124314776e+00
1.341176050075523563e+02
1.166263675302931233e+02
1.161499893736645390e+02
1.299154805225506095e+02
4.598320512824375328e+01
1.421989482370628934e+02
1.334877288625001484e+02
1.630386877878574126e+02
1.394693436407227125e+02
1.213456642021659491e+02
1.465766580720367358e+02
1.594992167673788401e+02
1.158140517542541659e+02
1.486438279005740810e+02
1.235075647072901859e+02
1.423396305640896742e+02
1.426951036277289973e+02
4.016856435429743755e+01
9.255101886273000389e+01
9.886212362510207186e+01
1.434178642161407424e+02
1.277007076705921804e+02
1.301753633807408335e+02
1.010487310911676389e+02
1.508751260147455469e+02
1.095025953960265781e+02
1.253568181018223129e+02
-2.110959154349572486e+00
1.368872712826396878e+02
1.365029157953134984e+02
1.018958464765364198e+02
1.744654112377483557e+02
1.223587180414031224e+02
1.129728867033616808e+02
1.359775278570241710e+02
1.211712095388744217e+02
1.178025869840681708e+02
1.533152806226650569e+02
1.518118380680657253e+02
1.445681616812820778e+02
1.615752210204248343e+02
1.586349114731691827e+02
1.642903983639947398e+02
1.521442372036567292e+02
1.248660934544650303e+02
1.343754558156986434e+02
1.487262557645506149e+02
1.298527913926215547e+02
1.334813830443873428e+02
1.579096656998630692e+02
1.408490774968848882e+02
1.451557713665107485e+02
1.382178036361242732e+02
1.566096815399953073e+02
1.252868198716343642e+02
1.612313262727791709e+02
1.410160873495744909e+02
1.167896644270539639e+02
1.417880548579456672e+02
1.595751007167905016e+02
1.474404415634807322e+02
1.256396864448382615e+02
1.568550519687651388e+02
1.620086263775295947e+02
1.294579418359753333e+02
2.386075199469392771e+01
2.895162282589046754e+01
1.579596833800318620e+02
3.626534127406281982e+01
1.519463012086157221e+02
1.333030586015013625e+02
1.480297135523653367e+02
1.457620961286365855e+02
5.995710139637952807e+01
1.541192433767243415e+02
1.652785869899853424e+02
1.277852046833184545e+02
1.666576872249120242e+02
1.328456397975098753e+02
1.188429529475745738e+02
1.466070290538492031e+02
1.720252148865894242e+02
1.718320439709974607e+02
1.110214481007657810e+02
1.666953331541919852e+02
1.536815617167136736e+02
4.718866801828662005e+01
1.481158219334512296e+02
1.589935575837513682e+02
1.175521732674939699e+02
1.497467271576935275e+02
1.369347760906513543e+02
1.450075728837730367e+02
1.512853987771278241e+02
1.527666576318585498e+02
1.271850820552597838e+02
1.758888732793946872e+02
1.478572263209079267e+02
1.640476642501680260e+02
1.465673917234884698e+02
1.817519077453513887e+02
1.485485225801788829e+02
1.227160249192703958e+02
1.474630290081232431e+02
9.296439533500637253e+01
1.952589108793536354e+02
1.453761384766229412e+02
1.622553362991409358e+02
1.525528680596425204e+02
1.348701432936920526e+02
1.823919127620563074e+02
1.612031092347136223e+02
1.212402371664081215e+02
1.405586969368881398e+02
1.740608073745724482e+02
1.957973005309208361e+02
1.421021543661996702e+02
1.856068739890066013e+02
1.427233933426728072e+02
1.488268890027633518e+02
1.798138958168200361e+02
1.443086591343954126e+02
1.700635396190911308e+02
1.564522589437034128e+02
1.312354017572085354e+02
1.312443037520642122e+02
1.499976120031465427e+02
1.670135669359367796e+02
1.770751372586581738e+02
1.355409531189440315e+02
1.196990789598186637e+02
1.433945306289362520e+02
1.951842804559229592e+02
1.377975561862535301e+02
3.935397126283982061e+01
1.585655460657230833e+02
9.582068930175151422e+01
1.208943749719102243e+02
1.847768398531649154e+02
1.716285574116831754e+02
1.578438096272975883e+02
1.921947398858622194e+02
1.785983661455162235e+02
1.653464169197828539e+02
1.759994628135682149e+02
1.461218234960351197e+02
1.115862315810768735e+02
1.657844359297115204e+02
1.409852793515063638e+02
1.826733614363415370e+02
1.441521629781971967e+02
1.486928506790153506e+02
1.587893583845751380e+02
1.838604523707181500e+02
1.587742763660180856e+02
1.360427290292446685e+02
1.622733429711885549e+02
1.303976610368889624e+02
1.457792878810803927e+02
1.716875817305131307e+02
1.758909602945289805e+02
1.651033480668685343e+02
1.179221112960594553e+02
1.221553010913757475e+02
1.555681642987917996e+02
1.604758083313495263e+02
2.073569794658477861e+02
1.575269432186296683e+02
1.540710325262898834e+02
1.414767762482007640e+02
1.396680931561765249e+02
1.846527632097395326e+02
1.440984541422189409e+02
1.441607661674543976e+02
3.322756447575775951e+01
1.771157569309337418e+02
1.811526894991769439e+02
4.146963177999947447e+01
1.622614083412285879e+02
1.467479888109174624e+02
1.604163368382538977e+02
1.401329383329819507e+02
1.682115495541073642e+02
1.972179598299860857e+02
1.561693894488112448e+02
1.474764667332892998e+02
4.827454502531131197e+01
1.617070225054060586e+02
1.254421931439794662e+02
1.331219246314277029e+02
1.509906960030939729e+02
1.407070783481434546e+02
1.855084930648054069e+02
1.710161109701600139e+02
1.099703611466514843e+02
1.480745277173899694e+02
3.907392729746069904e+01
1.559048491903929232e+02
1.595911919938841379e+02
1.500001339864379588e+02
1.671543966239063650e+02
1.026220864523589995e+02
1.297618337781482012e+02
1.472505342502547592e+02
1.417010294970976929e+02
1.774079519774963103e+02
1.904091006378179429e+02
1.564472456118354842e+02
1.572057467763868885e+02
1.616137684052677912e+02
1.890497281634930289e+02
1.068531935145084333e+02
1.313965941606266199e+02
1.563385794111397900e+02
1.686487804684617515e+02
1.406878100425361140e+02
1.571541810902042471e+02
1.215705281965717859e+02
1.335247654209580901e+02
1.695471534490211525e+02
1.692908573846086995e+02
1.838445550596001681e+02
1.688930847126037520e+02
1.856098223622023227e+02
1.850918156785058386e+02
1.426321722925059703e+02
1.788930825290234736e+02
1.673713775325783217e+02
1.944258028866424581e+02
1.370185258928951555e+02
1.444182295571551720e+02
1.547835153230960259e+02
1.165792584329009003e+02
4.249707723949686056e+01
1.801887855430617549e+02
1.875571208141923876e+02
1.739424936737726171e+02
1.017725435083956143e+02
1.774640229778288472e+02
1.547874640937687332e+02
1.997888969498134770e+02
1.827717829794691795e+02
1.654075947281660035e+02
1.780792666142925782e+02
1.394433284271876516e+02
1.401613860247593095e+02
1.651386985495313979e+02
8.759100900917896126e+01
1.765854833524592209e+02
1.417307072160029406e+02
1.631639365528371570e+02
1.599397845125638753e+02
1.290855636364250643e+02
1.485095080710074171e+02
1.350427410876347949e+02
1.480948678777875500e+02
1.464133372546168630e+02
1.881326416367143679e+02
1.702651665168880299e+02
1.230251369293282835e+02
1.333997737008826903e+02
1.402926155934987662e+02
1.948086790541793789e+02
1.638322653348826066e+02
1.583921445755599962e+02
1.591367745367950590e+02
1.395719256004023521e+02
1.633719934722964240e+01
1.293478272549756980e+02
1.444138682263804299e+02
4.410801778631639536e+01
1.422091429053931790e+02
1.074819278652256713e+02
1.542514395401444176e+02
1.605371646622275534e+02
1.652963259185860636e+02
1.529689524292656131e+02
3.389209858618525573e+01
1.776815535898194867e+02
2.643086675069153557e+01
1.699649652097215267e+02
1.451711001290398713e+02
1.478043295966897688e+02
1.626830647561157264e+02
1.742201213151463151e+02
1.285614085843878343e+02
1.256076218456183682e+02
1.466253500448691511e+02
1.877324598783137333e+01
3.232402336703728452e+00
2.947990542998338697e+02
1.196539183614408017e+02
1.896393027889434961e+02
1.704089224079483245e+02
2.947045349767424227e+01
1.273228628533203306e+02
1.993128170234886340e+02
1.040898337366328406e+02
1.537476057990892002e+02
1.452967698014860218e+02
1.542987526733867298e+02
1.145511454901672010e+02
1.972741938566087470e+02
4.448542677959292746e+01
1.693428257245464863e+02
1.409712219796731461e+02
1.491532103540420735e+02
1.959425574743851826e+02
1.793514804471829507e+02
1.178527994620531558e+02
1.804002237985706927e+02
1.647265597921958431e+02
1.624394996755568172e+02
5.254701226637337186e+00
1.647655994939338484e+02
3.099291588196913949e+01
1.669706954756453570e+02
9.213139281439239880e+00
1.203621833868416218e+02
1.673356053872556686e+02
1.722668324905546910e+02
1.697092006993269706e+02
3.712602177747152155e+01
2.586601735285812254e+01
1.774495539521554122e+01
5.760730628486541605e+00
-2.823201558731652483e+01
1.847585883507910864e+02
1.130887760781036917e+02
3.466125404410684041e+01
1.758008713610526286e+02
-4.453481636840697178e+01
1.040407262077666530e+02
2.183062727856975016e+01
1.673397427225631588e+02
1.875781159112021612e+01
1.005574240932014476e+02
1.423491553985333837e+02
1.382247754964507180e+02
4.158450074074895042e+01
1.441259324780220368e+02
1.827702643606807555e+02
1.456270141110973952e+02
1.554186131822752657e+02
-1.111392837520139665e+01
1.324878833165235790e+02
1.625877976459582896e+02
1.373754328068875736e+02
2.822881654855592615e+00
1.273360706624226566e+02
1.604901046713932544e+02
1.454020845891372176e+02
1.580153255049831102e+02
1.063456303061541490e+02
7.275280005491694624e+00
1.760581826715131513e+02
9.249245622296987790e+01
1.400604903561911669e+02
1.107090297267742756e+02
1.324982449048847286e+02
1.592339028511696881e+02
1.498045674613690892e+02
1.538340334365094577e+02
9.547562557904620917e+01
9.536975699919115357e+01
1.136490783725081712e+02
1.762958319484056346e+02
1.260395174015954609e+02
1.442930475084485238e+02
1.604134482835328015e+02
9.606312741341879757e+01
1.490458583020322294e+02
1.220832535552562490e+02
1.446032468698553259e+02
1.359552539148145343e+02
1.009075693082773455e+02
1.154591347498526517e+02
1.471923070560371229e+02
1.746111115020480611e+02
1.499440314519557091e+02
1.149536416162719092e+02
1.520532994108135370e+02
1.458901503980502810e+02
1.514284020873665781e+02
3.354858325775776962e+01
1.411214034019389771e+02
1.811961695213949497e+02
1.403847953438438765e+02
1.281048764738797843e+02
1.296704608542436290e+02
1.411604949985408268e+02
5.596219171912947843e+01
1.357095324282658453e+02
1.625570128829112662e+02
2.526359152243853430e+02
1.092540260511378847e+02
4.965784153921640609e+01
1.755273375438863468e+02
1.587490640406931561e+02
3.837954440514914722e+01
2.347130953944101748e+02
1.574681843691823815e+02
2.784613253000579789e+02
1.599406477369095967e+02
1.020764951420892572e+02
1.514068999252821754e+02
1.306933583355553026e+02
1.613834117432238315e+02
2.082025447723673892e+02
1.173120163181854565e+02
1.451526900678117897e+02
1.454741042191553220e+02
1.126170920286412809e+02
1.297841245541633270e+02
1.233575713172006658e+02
1.715559864692487508e+02
1.250718087982950095e+02
3.313085078078279366e+01
2.756647318144901249e+01
1.161218843198891477e+02
1.082138122229058865e+02
1.336443571718643000e+02
1.422634269818504436e+02
1.250864668031011888e+02
2.627194831834195838e+02
2.541044684807040426e+02
1.614692250663670450e+02
2.373364314739145300e+02
1.796367171947429426e+02
1.393784968222044824e+02
1.518698420481552773e+02
1.184477483824408353e+02
1.569217593685911822e+02
1.283663797139204803e+02
2.159635523240254713e+02
1.672052944561849586e+02
1.333293855866913873e+02
1.244492688395157671e+02
1.466084050367615532e+02
1.381246204081790552e+02
6.284286756269245444e+01
1.318912488541772063e+02
1.919722049351562418e+02
1.457985541268741656e+02
9.966752319832059470e+01
6.281370441676340022e+01
2.068830823530606153e+02
1.381762860547171670e+02
2.431574599060459434e+02
7.770535257547658148e+01
1.717505791181343966e+02
1.099603940392843668e+02
2.438510820245450077e+02
1.486790167204263753e+02
1.334530936624375386e+02
1.154413677877919895e+02
1.253142506043166264e+02
1.355500725389966874e+02
1.166880770315193558e+02
7.697186877385674109e+01
1.076651705808271231e+02
9.322839050037083553e+01
1.408791043021276721e+02
1.921038255125596947e+02
2.467282538339851783e+02
1.297501228354915099e+02
8.062076087648803480e+01
1.498279465438582463e+02
2.681847783295746979e+01
2.677499141603904036e+02
1.540197857170569478e+02
2.597908333802213292e+02
7.937013236162695762e+01
2.612130140456181380e+02
1.329212405886212593e+02
1.577561210790235293e+02
2.638341811017978671e+02
1.356698342852841677e+02
1.745141809223857479e+02
1.272129401111979945e+02
1.649584824193532597e+02
1.488283011069222823e+02
1.205923782764137115e+02
1.583515792053874804e+02
9.066981138009084873e+01
1.577903660821700953e+02
2.136382729331322423e+02
2.823051349537010992e+02
1.489018964164516490e+01
1.670707408600955262e+02
2.479827599618698741e+01
1.815606647524695063e+02
2.525557694226166916e+02
1.125689078283146216e+02
1.868708579005322861e+02
1.262870162806948713e+02
1.046160874303691486e+02
1.918955555895118437e+01
2.654622579596260152e+02
1.532934051031006106e+02
1.998567322721848996e+02
6.209871209979527862e+01
2.844001018013240127e+02
1.429036370387866839e+01
1.352737094969355951e+02
1.281944625720419992e+02
2.891156949896853234e+01
1.487323930225258550e+02
1.314835321112974214e+02
1.760097448935998159e+02
3.910459726022406812e+01
1.396225817511449918e+00
1.126841868460519152e+02
1.645050613488186002e+02
1.091905483601503448e+02
1.409167946465937291e+02
1.105024869574529589e+02
1.529662139695078622e+02
2.509354600547456471e+01
1.639941839935344774e+02
1.785928036596896504e+02
9.746954235041535242e+01
2.596753600644569815e+02
1.274064427045821049e+02
2.122352245086024141e+02
1.544832648826418335e+02
1.610398493017484043e+02
1.319544363288116529e+02
1.362476454533276637e+02
2.208176018527165070e+02
2.372931679906154727e+02
2.284085640311824932e+02
5.463033365965168286e+01
1.183048055178465603e+02
1.620725565109383979e+02
1.208817824122238989e+02
2.681585574731606130e+02
1.043491463593829565e+02
1.235510972634245661e+02
1.595889902445657640e+02
1.723893306117911663e+02
1.210665922750377064e+02
1.515481884474006335e+01
2.205482055995444739e+02
2.739957101301966986e+02
2.294418547665833330e+02
8.321984206102838755e+01
2.229783433488266269e+02
2.633949524835520606e+02
2.136183074697496238e+02
2.398412533599471885e+01
2.610143026969942071e+02
2.761734987790041487e+02
2.472142822379545066e+02
1.320345340797133247e+02
1.553699481923158601e+02
1.556081432904404380e+02
1.335210442427157602e+02
1.099852040060965521e+02
2.414143339554955503e+02
2.430944482471382173e+02
2.938691782398223040e+00
2.651286302594564290e+02
1.982579177582252612e+02
2.755441941490353486e+01
1.121210565792118388e+02
2.689958539837315357e+02
2.834192387560052566e+02
1.878358501530404112e+02
1.436434119390411297e+02
2.727623453866123100e+02
2.433614200584003413e+02
2.754492591967319299e+02
1.749204201479116705e+02
2.111328036389232921e+02
2.111297141057692386e+02
9.199265751257804880e+01
1.342910857976806085e+02
2.180301810851362916e+02
1.975318426336131665e+02
1.093924175540208950e+02
1.292366423808923059e+02
8.918944890727641450e+01
1.167091940895800377e+02
2.652117306959094094e+02
1.483528534048837457e+02
1.422538946673416547e+02
1.827734111918533415e+02
2.025851687737622910e+02
1.084249986504673586e+02
1.241399964769105395e+02
9.070596690861661671e+01
2.511055539943853034e+02
1.423416235780534862e+02
2.117946467556508310e+02
1.852580318601607416e+02
1.385149850596106944e+02
2.069117800136103256e+02
1.312548534924069941e+02
1.199719508246329838e+02
2.630674496108182439e+02
1.744186791190390409e+02
1.327043494438770210e+02
8.941722067808515817e+01
9.738333373878610644e+01
2.293441756810620973e+02
2.775867178992172626e+02
2.003560725847514163e+02
2.025038716886411407e+02
1.989014052400228820e+02
2.312378342365880428e+02
2.448423587145952069e+02
8.156323316251044275e+01
1.061658813043217151e+02
6.074982696789800229e+01
2.693048042916687734e+01
2.672555952760832270e+02
1.459698576121306530e+02
2.019363959060183049e+02
2.493714864417096919e+02
1.437312638755226430e+02
1.232652071340067437e+02
1.456192256967570984e+02
1.285336954951212647e+02
2.173293160777776620e+02
1.984522492290238347e+02
2.050264179839558096e+02
1.566829935537914764e+02
2.267761424252597635e+02
2.840857838720548898e+02
2.069565135126267421e+02
1.932337398306187879e+02
2.560745501855240036e+02
2.355354488472073342e+02
2.042658303599139913e+00
2.328141088778378105e+02
1.134743943837569731e+02
1.324689415194462754e+02
9.489033163084226885e+01
2.032025804693621467e+02
2.232834199572762088e+02
1.279895721312060175e+01
2.588113009013802639e+02
1.519590293129360532e+02
1.722148319227833326e+02
2.537119452247723643e+02
1.544247167921727169e+02
2.851063874032324748e+02
1.542768296324103403e+02
8.914283766763259109e+01
7.478205144062891918e+01
1.200808596236169024e+01
2.683139660300915352e+02
2.616918412369304292e+02
2.610555779836093961e+02
1.479225760770260365e+02
1.488240965815276411e+02
2.497939754754790442e+02
1.232939178137341258e+02
1.840321556262231297e+02
1.343669272598042994e+02
1.456771376496890014e+02
1.418188135446360434e+02
1.133339474884242151e+02
2.209095997386132808e+02
2.684056129844829002e+02
1.009970623813351125e+02
2.554703742094606014e+02
2.811879374263527325e+02
1.136110113072144117e+02
1.172142836137142297e+02
2.585542805251153595e+02
7.945348041816859563e+01
2.413955547034848053e+02
6.113071542925435864e+01
2.720874131082804297e+02
2.722621281374157434e+02
1.591684370144663205e+02
1.853441554051631783e+02
2.512335216392670816e+02
1.268880948871768624e+02
2.261189070222494024e+02
2.601011303094472851e+02
2.509684978646883167e+02
2.059650904057976391e+02
2.653963779589976184e+02
1.083826644850333309e+00
1.729251124803324160e+02
2.529656510245602590e+02
-1.601730186698176794e+00
2.748875326383609945e+02
1.818439002041473032e+02
2.741724795444690699e+02
1.761474311036315612e+02
1.560940799906110215e+02
1.307591257607681712e+02
8.743580841416381588e+01
1.938122663439239091e+01
2.285364561813015598e+02
2.691743311946789845e+02
2.837541706394813446e+02
2.557069544749960244e+02
2.730898271729070643e+02
2.782006700588807462e+02
2.813835089598748027e+02
2.331985716455628221e+02
2.144471931876217639e+02
2.090612861790729085e+02
2.142441399149896597e+02
2.857053477084568840e+02
1.327990381135755342e+02
2.395594034741090752e+02
8.197105181202945801e+01
2.562192561837033509e+02
2.760967186753818510e+02
1.116895596087451565e+02
-1.807213393498844312e+01
2.237174739062896833e+02
2.578007338455809077e+02
2.534846068714233240e+02
1.509987642679834039e+02
1.018829237235769654e+02
2.270579289327153560e+02
6.979279614364996576e+01
2.504102056596049124e+02
2.644642457271393141e+02
-4.141156909388567442e+01
2.530510710718544942e+00
2.439016918027473935e+02
2.800315396141866131e+02
2.571388685389202919e+02
-3.247219738637880937e-01
2.281617970953735153e+02
-3.873546086917471598e+00
-1.621403875264078920e+01
1.369336529297036691e+02
2.914148646946202916e+02
-1.414598748503500758e+01
8.907114861923648164e+01
2.235758036210687578e+02
9.168581935497749669e+01
-1.000100193471475052e+01
2.703930452039954844e+02
2.694445289217264872e+02
2.590302781487901029e+02
-1.135829252211289031e+01
2.696163468300553632e+02
2.115753650188926827e+02
-2.003618044449811464e+01
2.546133809766917011e+02
2.141701269251585131e+02
2.782420442149471000e+02
1.984235208004650985e+02
2.427665101809450050e+02
2.602359019901707597e+02
2.665104046149220949e+02
2.946682066035731395e+02
2.939393127852798671e+02
2.369741772511494844e+02
7.592469283477080921e+01
1.694671635377106611e+01
2.752074904764921257e+02
9.462651031400994839e+01
2.331366972455038251e+02
2.106941562513850954e+02
2.458961249744396582e+02
2.722565143151655320e+02
2.380014240269969434e+02
2.900943734870346589e+02
2.664830580839853269e+02
2.482112112768498378e+02
1.164954547825119135e+02
1.898359480616521751e+02
2.683346446013941886e+02
2.812991280952820716e+02
2.323369787512602898e+02
2.189511358793182865e+02
2.654744921061106879e+02
1.003194220894587261e+02
2.565522542782280198e+02
2.531390529302756818e+02
2.742253197121970061e+02
2.427537458087379605e+02
2.457234555883633789e+02
2.189576134582237614e+02
2.426182686878821073e+02
2.468589484610942861e+02
1.011529697030776020e+02
2.524285409917607410e+02
2.675716527159443672e+02
2.629701537030714462e+02
2.379185189541557293e+02
2.644358500413442812e+02
2.437910913382932563e+02
2.569712279563774473e+02
2.402477999474110106e+02
2.436327627977328802e+02
2.758322565829223549e+02
1.387464260107352629e+02
2.620472949403135772e+02
2.569290322869567262e+02
2.403695442246011567e+02
1.112360362382172241e+02
2.593744278676399517e+02
2.523852908607240977e+02
2.006488177570436733e+02
2.223869716575541986e+02
2.845896444317479563e+02
2.431078880414137302e+02
1.061364405214677618e+02
2.566232350355386416e+02
1.195550376396980283e+02
2.231911700264094236e+02
1.600576693885852819e+02
8.782219027162098257e+01
2.122262422604471226e+02
6.312877287978722052e-01
2.957087090764719051e+02
2.484458330979147149e+02
1.597563665968840496e+02
2.863632821505861443e+02
2.593168997724510518e+02
1.831900238529276805e+02
8.449666507218891809e+01
2.119700793100697638e+02
2.450861356267223812e+02
2.325840861597311005e+02
2.555826288941365760e+02
2.766497011164153719e+02
2.586815816668529351e+02
2.364031629567443531e+02
1.444742454463392392e+02
2.743879809201948774e+02
2.432748268585944231e+02
2.245664588922486473e+02
2.605381979958972920e+02
2.163041923067895596e+02
2.605467787407133073e+02
2.344997658851999063e+02
1.695276866682200989e+02
2.389402918459517764e+02
2.138855125986505925e+02
2.276463139605565402e+02
1.281430769223207449e+02
1.203696502239664596e+02
-3.149755176067762363e+01
2.384349804837167994e+02
2.383264164188251755e+01
2.972097452762036482e+02
2.467290604239693437e+02
2.337644895298110725e+02
1.169029800756032813e+02
-1.168591584620649826e+01
2.392740118911119680e+02
2.090501729513914597e+02
2.591312623720978081e+02
1.416231918687414009e+02
2.644184300993215402e+02
2.327074433299021337e+02
2.600105776624692453e+02
2.429680207103543808e+02
2.962645281474341346e+02
2.731006817752480629e+02
2.431389636739156686e+02
2.216629723592245114e+02
1.351876200555703065e+02
2.335992926532018430e+02
2.962789157128622719e+02
2.589088654519649708e+02
2.415390306404667911e+02
2.309763932318424509e+02
2.421409502893669980e+02
2.885640582426751735e+02
2.383549149040005091e+02
2.586906242327489167e+02
1.189523259165585785e+02
2.343614164516955611e+01
2.588519001640843271e+02
2.056211050602094588e+02
2.637642272246890798e+02
-7.614839862224002331e+00
2.549599255414859726e+02
2.560014258050912872e+02
2.181458819698100342e+02
2.184770371216519607e+02
2.044499956711432276e+02
2.606789179037024269e+02
2.162955299036000838e+02
2.477662432154949101e+02
2.818357399585637495e+02
1.020698244915791975e+02
2.660961095098793976e+02
1.967706260871777317e+02
2.600536547421371552e+02
2.771014263693748489e+02
3.020068858375226455e+02
2.721276440442411513e+02
2.256709375489386957e+02
1.307353001124682237e+02
5.913242476300609951e+00
2.276605499525121843e+02
1.327977484758544620e+02
2.132074791619179450e+02
2.555365444549217386e+02
2.101349238244685012e+02
2.028260590500954095e+02
2.426162436131257891e+02
2.003487305251810255e+02
2.437967679895496076e+02
2.637961545038485269e+02
2.438210991591238042e+02
2.706417466623157679e+02
2.644389487376460011e+02
2.730276747580272740e+02
2.150141187632292485e+02
2.416850272065755405e+02
1.661695849031062266e+00
2.319595806511212572e+02
2.170926692210900342e+02
2.145710826896395247e+02
1.604018266209012040e+02
2.305173718699239771e+02
2.625527991222955961e+02
2.699409147055271205e+02
2.775515638889897900e+02
2.227871138971543132e+02
2.852991735122085970e+02
2.739135065693450883e+02
2.569304721384844470e+02
2.614912685175017373e+02
1.089537901457664049e+02
-9.918507557573207123e+00
2.892237078279188154e+02
-2.238526121202752961e+00
2.340827059253812763e+02
1.396881570528954342e+02
9.228214839178453133e+01
2.486369538861420097e+02
2.259446854520600709e+02
2.312255786537990048e+02
2.662231937010297997e+02
2.791686072872001887e+02
1.233936566070272676e+02
1.081911539485783464e+02
2.337994021642379039e+02
2.333212487471020040e+02
2.893956307000581774e+02
3.711531557379365154e+01
-1.509890841454266308e+01
2.782758693256673723e+02
-2.484158376138032054e+01
2.560189613318831334e+02
2.836801589106560755e+02
2.930679101986131627e+02
2.713640801092089987e+02
2.854546109847498201e+02
2.625409127504986486e+02
1.900318030492616685e+02
2.244837328807951167e+02
2.634335765228565265e+02
2.296907914498829655e+02
2.591323215010799572e+02
2.784474368812005309e+02
2.006717971770735289e+02
2.718903959231044496e+02
2.870881581572662640e+02
2.856633253235362417e+02
2.653710030370268669e+02
2.100059610503180352e+02
2.513373837242693867e+02
2.686325680989479565e+02
2.397627175580764174e+02
2.480714350017161678e+02
2.917676811095778930e+02
2.638400877138927854e+02
2.497342065242043532e+02
3.058918921315330408e+02
1.288984329336809083e+02
1.277285329988887383e+02
1.312871089189386282e+02
2.373973352508294852e+02
2.318976486023418886e+02
2.505040904963195203e+02
2.206875119929094353e+02
3.163213484058525182e+02
2.539524641034909678e+02
2.484985322444224209e+02
9.568958457241519966e+01
2.864887343178467063e+02
3.000648980251102103e+02
2.232838826166974968e+02
2.604327929329739391e+02
2.691249747930934859e+02
3.159452493286619301e+02
2.862460725554233818e+02
2.951926540691537184e+02
2.663390262038564060e+02
2.696147141214964336e+02
2.760326162876486364e+02
2.910902583594220800e+02
2.638186334711408563e+02
2.240118630045195118e+02
2.450782502183915597e+02
2.523281374469898140e+02
1.156503269838069770e+02
2.262389722362841553e+02
3.079147778828736364e+02
2.126969522160364079e+02
2.691781214540828842e+02
2.579352377715644025e+02
2.445601627081381366e+02
2.343920658974763001e+02
3.029398803532454849e+02
2.855524525497048671e+02
2.847710768821899592e+02
2.850748772910414459e+02
2.250948320456434999e+02
2.358464833847615978e+02
2.369729512026947873e+02
2.230764642382826537e+02
2.825100715834547600e+02
2.433941829739601985e+02
2.475234321896672043e+02
1.335813427752553366e+02
2.393073227523924515e+02
2.235837682663956230e+02
2.272178469414397739e+02
2.737748523989781688e+02
2.233655314897396238e+02
2.986159380042465159e+02
1.134684966034660647e+01
2.709454628719323637e+02
2.578155514293350734e+02
2.107429088478334052e+02
1.627539809012739056e+02
2.396813528603353518e+02
2.402157587436639119e+02
1.271581206792738215e+02
2.000027990548517494e+02
2.625776746280859584e+02
2.706230166439148661e+02
2.123712109933878196e+02
2.207273529633542637e+02
2.854313066813300566e+02
2.249060566235477836e+02
2.927730609559114896e+02
2.406674298945131909e+02
2.519542920613584158e+02
2.406983027007622979e+02
2.435917536548338376e+02
2.292618550997847819e+02
1.666708038926344955e+02
2.276429987508357726e+02
2.574317038735752021e+02
2.697960515479888954e+02
2.850406091640507498e+02
2.740289281545839231e+02
2.402667891520696912e+02
3.062215382345641501e+02
2.355335845993178907e+02
2.553924708144785143e+02
2.281189110686403581e+02
2.605105369187398878e+02
2.078620005978622203e+02
2.940104180645582801e+02
2.884191770038327149e+02
2.463737701422292048e+02
2.359415543936033259e+02
2.860437873713462977e+02
1.448491016254480712e+02
2.075491962585283545e+02
2.952842061909889253e+02
2.645871934153268512e+02
2.321459732141936172e+02
2.842738369140680561e+02
2.783695940754599860e+02
2.169008542126741759e+02
3.088683504942843001e+02
2.354587320968773838e+02
2.808366989486185048e+02
2.286956471329840213e+02
2.312846020294527705e+02
2.566811432924178007e+02
2.406204060136072940e+02
2.823566084931222235e+02
2.305974504719333993e+02
2.458967530912319717e+02
4.072222809991797021e+01
1.768113228498840215e+02
2.270508818391905947e+02
1.474275334290844626e+02
2.786052285403579845e+02
1.095268333356518866e+02
2.719244300706423019e+02
1.373662062316628010e+02
1.975438541377160107e+02
2.296055816573670825e+02
2.259087260372472485e+02
2.652506155756976796e+02
2.493924603310846351e+02
1.639802382511057601e+02
2.371478655774734818e+02
2.234503384991947996e+02
2.536534845430505527e+02
2.500237580384318221e+02
1.762602936008625818e+02
2.258223173420191756e+02
2.630234256611984165e+02
2.953444038201677131e+02
2.457752221341951326e+02
2.637958929184239310e+02
2.535366835794971507e+02
2.532631050495408545e+02
2.329751788350667425e+02
-1.039305816838614760e+01
3.028256245182842576e+02
2.294077523604399005e+02
2.612974419362396930e+02
2.290867603803305030e+01
2.348973712542210421e+02
3.001229703692292219e+02
2.286298158055452916e+02
2.413851677639575257e+02
-3.510117736483167050e+00
2.675227043330788774e+02
2.884586419401003923e+02
2.255791338155701737e+02
9.588141386668240784e-01
2.825283132394931158e+02
2.267133031195135970e+02
1.771210293121902453e+02
2.033013719568062356e+02
2.541786090821282755e+02
-3.075836226987485134e+01
2.375058674508690331e+02
2.357064163913578341e+02
2.586104136064888053e+02
2.457477275044734597e+02
2.619613733436332268e+02
1.703005100508310363e+02
2.491591531275781222e+02
2.528402644377744650e+02
1.729572695806592435e+02
1.974737772084181984e+02
-2.770561007012989307e+01
1.595079083399863009e+02
2.564925254594669468e+02
-4.792463130877123945e+00
2.667255887740254821e+02
2.339048461307082789e+02
2.416039754034890450e+02
2.194769368855931475e+02
2.708662830185151051e+02
-9.003274849755101172e+00
2.348184113889582534e+02
2.763964253501001167e+02
2.194972970077211585e+02
9.886770312440118857e+01
2.179882267565973564e+02
2.835269761767266914e+02
2.208422514284967804e+02
2.434330848867039094e+02
2.628360599824162591e+02
2.909643870033274879e+02
2.476374637451485228e+02
2.080694799426549082e+02
1.715908605189795537e+02
2.719350401819024228e+02
2.656898799529748203e+02
2.634147520314309077e+02
2.222872194391738958e+02
2.443548646654357128e+02
2.423534101642777898e+02
2.295413330047067006e+02
1.942793771683939781e+02
2.533681165682042433e+02
-2.796699193325066801e+01
2.424298196514289430e+02
2.857527102348695962e+02
2.479512756565003428e+02
2.596110572633516540e+02
2.536108332431917916e+02
2.824726209908436658e+02
2.917876519225515040e+02
2.448884388595345456e+02
2.982282368237673609e+02
1.515255507290500532e+02
2.113289268705450468e+02
2.293396363928022765e+02
2.612579541035133843e+02
2.687605855407200579e+02
2.654877061502918423e+02
2.145440776789662891e+02
2.504747228090146223e+02
2.425868957595980646e+02
2.483842737984525115e+02
2.347290303865798933e+01
2.354722094608183625e+02
2.699268064899202955e+02
2.256138244422311345e+02
2.705289873349304344e+02
2.447577405486783277e+02
2.593138735030331077e+02
2.647683567322785620e+02
2.466115338726210382e+02
5.198545070192005824e+01
2.432221846463591532e+02
2.423386858387731309e+02
2.550928185371211043e+02
2.391821357215310968e+02
2.411029945610028165e+02
1.599036204084501946e+02
2.465267549696611127e+02
2.237636816855950883e+02
2.464177771054964410e+02
2.762974422775979519e+02
2.604426844487590529e+02
2.622003319048083085e+02
2.551074865039912538e+02
2.493626871924062414e+02
2.327290214447618837e+02
3.713936889329829683e-01
-2.933565064642053244e+01
-1.713547589929831361e+01
2.548889429476074611e+02
1.480896453437004539e+02
-2.632717003725601046e+01
2.640280298374023005e+02
1.571364137496325100e+02
2.146990285353924719e+02
1.487634822567864887e+02
1.421723589389876281e+02
1.743122111810636454e+02
2.431305368369469591e+02
2.595535692388230018e+02
2.519590959853719312e+02
2.482655661442165353e+02
2.503194438095132455e+02
2.709510191807383990e+02
2.700798514179595600e+02
2.111027476572828050e+02
2.284925487990180102e+02
1.213010904762053599e+02
2.222039598184431100e+02
2.374895133675406100e+01
2.491174766164464245e+02
1.417653483628155868e+02
2.333536695065083393e+02
2.350918895622708362e+02
-4.987693557360945107e+01
2.284198647407872897e+02
2.376481045524067497e+02
2.389686718539105925e+02
2.280306886209990296e+02
2.507150640514415727e+02
2.425468528531220898e+02
1.347355548810989205e+02
2.666783682518886280e+02
5.396445323528510585e+00
2.288806466210243684e+02
2.591023823793611882e+02
2.480143065479364850e+02
2.592697539525973980e+02
2.582751672432638088e+02
2.457978053573137913e+02
2.186101637241703486e+02
2.552230947062558926e+02
2.156572834469464510e+02
2.390954057555848635e+02
2.456275469380499032e+02
2.797607203444066215e+01
1.959400567970931206e+01
2.266650905979108472e+02
2.619742218599606076e+02
2.085773731315244390e+02
2.495118346483492360e+02
2.234461122662419825e+02
2.513179135143744247e+02
1.275611471757500652e+02
1.228850568410257154e+02
2.939504427990539170e+02
2.463304432249865386e+02
2.371317887869914784e+02
2.406191384192912039e+02
2.691583611200356927e+02
2.514304556792436927e+02
2.406071049058734559e+02
2.228931722816784600e+02
2.009857889047118249e+02
-2.746527075747096092e+00
2.774855037455675983e+02
-3.352231427216453596e+01
2.162728508619185277e+02
1.266512379280324865e+02
2.266782804177159392e+02
-2.006914761886605447e+00
-1.636211613558106137e+01
1.254958254510789573e+02
1.052979296763264472e+01
2.745673591203438946e+02
2.686947441835169457e+02
2.541181820760187691e+02
9.790776939202268636e+01
2.122481191784917200e+02
2.312897174719249733e+02
2.063927658441350275e+02
1.857806219266601033e+02
2.560827532251474850e+02
2.757791934323672649e+02
2.128149740848975284e+02
2.144564092837695171e+02
-3.433239659220791395e+01
2.647656421100988382e+02
2.794903426654784653e+02
2.141425487997998403e+02
1.949195787698418201e+02
2.332473034653080788e+02
2.157435586419580602e+02
2.269089256696270809e+02
2.246558352861259777e+02
2.868256960675770415e+02
2.358217356743453763e+02
2.229795090221298040e+02
1.904793129931542239e+01
2.270832414878563554e+02
2.244241767223125521e+02
1.486808777671732003e+02
1.233787576663105909e+02
1.538806344812892917e+02
2.565880528290056191e+02
2.487795467782924561e+02
-4.802855205586640608e+01
2.354389266393253308e+02
2.185393485736898924e+02
-1.704763528906494230e+01
5.493808109391892458e+00
2.248560290881228241e+01
2.626085451450687742e+02
2.277810979798016149e+02
2.726078400837017739e+02
2.311810987276934668e+02
1.882956226443624814e+01
-2.365910206062255838e+01
2.374729345816874115e+02
2.293984926012985284e+02
7.921981948362905257e+01
-1.197794869318722988e+01
2.764009573089209653e+02
2.835752151759535309e+02
2.414870459704748384e+01
2.408075167269918495e+02
2.012353536988973417e+02
2.288562903903682582e+02
2.288495300444784277e+02
1.622146607767458875e+02
2.417293318305372054e+02
2.727186618955205404e+02
2.040722525837397825e+02
1.219844025249944082e+02
2.606495353798274550e+02
2.390264298726707750e+02
2.128724986606178504e+02
2.141317722017222138e+02
2.419533300666742548e+02
2.265667605319746087e+02
2.573688245766198293e+02
-1.992583783278128351e+01
2.372651752762824913e+02
2.257384599218754033e+02
4.186706275078094563e+00
2.678093830982217582e+02
2.481182684087889925e+02
2.248089560864604550e+02
2.244511551237059450e+02
2.508123104095443239e+02
2.130299727310975300e+02
2.368703377255106375e+02
2.617707135387472022e+02
2.447194352067687646e+02
2.444042777744263333e+02
2.507430444530857585e+02
2.450339997925337059e+02
2.724413954700613090e+02
2.185187272765758735e+02
2.894226930435148688e+02
2.014314910593162438e+02
2.215651466454651199e+02
2.527009277266967899e+02
2.287554931838675998e+02
2.414003667921189731e+02
2.308536339569192251e+02
2.405182088572687462e+02
1.353412797838874155e+02
2.578107953922304887e+02
-1.460810945127796856e+01
2.477064446803736928e+02
1.327133268228263887e+02
1.639179840825605936e+02
2.352533216581986437e+02
2.574395073381596717e+02
2.492294903858037003e+02
2.367535710994707188e+02
1.619261063741263911e+02
2.484961120735403597e+02
2.298403990649613320e+02
2.536256440020357559e+02
-2.527476297203708100e+01
2.430760341743578863e+02
2.409589828843607222e+02
2.584770140411500279e+02
-2.297372610089705347e+01
2.749539993210349849e+02
-1.382692580188184195e+01
1.419574074160590271e+01
1.458207100076892857e+02
2.346401976879176914e+02
2.078252703618103965e+02
-3.209199788334586856e+00
-8.597117806564867237e+00
2.503734252827882756e+02
2.445876112839050620e+02
2.528030599593169256e+02
5.752579317942988268e+00
2.764121047088679006e+02
2.095348721715371028e+02
2.073503037926583374e+02
2.199450430967375496e+02
2.521178022714902909e+02
2.658398445394709597e+02
1.455106294869121086e+01
2.520389464094393475e+02
2.385812581188081083e+01
-1.556963151106860721e+01
1.711827457480319481e+01
2.293732113587345225e+02
2.349925062893503309e+02
2.443189339152283708e+02
2.205099122265438325e+02
2.483522775761224182e+02
-2.290961175225149304e+00
2.377816335929439902e+02
2.331626505344991074e+02
-2.036402084551323810e+01
1.750293044941739709e+02
-3.428078235423109277e+01
2.278424514696397409e+02
2.395658361833367280e+02
2.282718556314810598e+02
1.561283031222053239e+02
1.445268780419829113e+01
-1.235447447246082220e+01
2.612155402678258156e+02
-1.881922585913132195e+01
2.506941312092907594e+02
2.563441171659495126e+02
2.523247196569588766e+02
6.765655214866526990e+00
2.522604630911472441e+02
2.443561681081327208e+02
2.360823150099256509e+02
2.556382836686632345e+02
1.882330116433782621e+02
2.508213230864794809e+02
2.329256735816405808e+02
8.951620372008005688e+01
2.300859445023408796e+02
-1.816799125736086751e+01
7.077470823347638884e+00
2.164609791406543877e+02
-1.429321850832597818e+01
-5.028492568189694367e+01
1.253446969587892710e+02
2.460056702651566525e+02
2.432872472592348743e+02
2.382326266021975130e+02
2.463693189481913066e+02
1.778117522153211212e+02
1.971494514117237031e+02
-4.295667121485197981e+01
1.906441990012029351e+02
2.110645354604290560e+02
2.510277034033806274e+02
2.480502640140869062e+02
2.081313476036046950e+02
2.571988408875928371e+02
2.439858004507487124e+02
2.263316196952031589e+02
2.142320215501067935e+02
2.644335614920086641e+02
2.388895036656670356e+02
2.433980845471109831e+02
2.406084128426631992e+02
2.615556379132448797e+02
2.388549261780718780e+02
-2.319676708126432629e+01
-1.896436907122885884e+01
2.845047080686650247e+02
2.102423394698002141e+02
2.251370274897802517e+02
2.375916509821265095e+02
1.984554920568560874e+02
1.759390650629028130e+01
2.392964289015567658e+02
1.348151833434979778e+02
1.548452509149655043e+02
2.091029706870612017e+02
-2.427497868903267886e+01
2.635739338733521322e+02
2.508908302840564488e+02
2.403438100751860986e+02
2.568728875677279575e+02
-1.605607168647367189e-01
2.205504589443617647e+01
9.246363430397644834e+01
2.296994739029788377e+02
2.368359597662655176e+02
2.197658396731312962e+02
2.734611149669620431e+02
2.262497455515651552e+02
2.384969027325049638e+02
2.190423914687483773e+02
2.238492260329546752e+02
-3.327492515227825720e+01
2.217480845468219002e+02
2.277664607243408454e+02
3.628120111010531446e+01
2.008916626754264598e+02
2.247694314532232340e+02
2.208868190207704174e+02
2.317360197323162652e+01
2.316600921209802664e+02
2.109920979235025129e+02
1.434807195766152859e+02
2.331692859273786098e+02
2.138361665189630969e+02
2.448054624904347634e+02
4.431130383090382452e+01
-7.243604439953969631e+00
2.461181104384035905e+02
1.656076501877961960e+02
2.372561400278171106e+02
9.254905489600182023e+01
2.037978488539654336e+02
2.247439184388890112e+02
-3.755463913476333460e+00
2.590411852057850979e+02
2.275269833870513025e+02
2.337672301734627069e+02
2.438761229257127923e+02
2.606110306091620714e+02
2.477421180483939338e+02
2.797849863426609431e+02
1.242446496989957723e+02
2.666327129611820510e+02
2.541973805644580580e+02
1.934633447888733713e+02
2.308657632401276203e+02
2.443689777684156752e+02
2.149479690232194002e+02
2.953873433813685097e+02
2.583807611312367385e+02
2.199188588801503386e+01
-2.304285756843540867e+01
1.540346259076111153e+02
3.920330849185944544e+01
2.368289657874743455e+02
2.444133892058505069e+02
2.967964311623765639e+01
2.458335504949615995e+02
1.154016092879038666e+02
2.108242869804215047e+02
2.446343999930369932e+02
2.334751809658305035e+02
2.831292922778094976e+02
2.721014254734393489e+02
2.308884530750485169e+02
2.219437768294824878e+02
2.447049662989578280e+02
2.319183351122231329e+02
2.429412722799613960e+02
2.286502291889983951e+02
1.489866854371476848e+02
2.653455273133786250e+02
2.482119439739237237e+02
1.437491522882360186e+02
8.209781759404742729e+01
1.367988657179280665e+02
2.454128218956602439e+02
2.353001885959067749e+02
2.186470758918299850e+01
2.770425334491250169e+00
2.664878558243852922e+02
2.368668677839519887e+02
2.498311152012805678e+02
2.577762136371163706e+02
2.685411399024859520e+02
2.837037001609165259e+02
1.943653779076192052e+02
2.688716416546274104e+02
1.140467914091326378e+02
2.374635035619367613e+02
2.206246366604635227e+02
2.549994386450362356e+02
2.471112744317143495e+02
2.423660432446461641e+02
2.877867757833377027e+02
2.345631267629822503e+02
2.643791461245111805e+02
2.922299431112262482e+02
2.068945289854627276e+02
3.008203632798408762e+02
2.684939245492145119e+02
-4.946943114384381346e+01
2.483464339137932768e+02
-1.033447647097179356e+01
2.412472687643729330e+02
2.311836191735542911e+02
2.562234540701277297e+02
2.264590681213221615e+02
1.436637497160603516e+02
2.434215562007372569e+02
2.025204218820508117e+02
1.174889481571243266e+01
1.693945080736654063e+00
1.423553091599743823e+02
2.772382187426619566e+02
2.740316775199283370e+02
2.385501348226974869e+02
1.348474621771372881e+02
2.211276760591995014e+02
2.964567113972595962e+02
2.336467537445248865e+02
1.424026402005646901e+02
2.730970675125955722e+02
2.639411676045809827e+02
2.028667631576734607e+02
2.611025297289451146e+02
2.262131732246512854e+02
2.571214999519704634e+02
2.354651348863853002e+02
2.850795332072844985e+02
2.848895943749073467e+02
-3.797032307310217902e+00
2.526575549848473372e+02
2.903540879413133666e+02
1.097036122779287268e+02
4.759866589368658651e+01
9.877765921765315227e+01
2.432199674207430462e+02
2.027618128594760094e+02
2.489114581753588880e+02
2.788939944841434340e+02
9.756002714238465501e+01
2.208097773945945335e+02
2.435702137269881291e+02
-4.681942172154658266e+01
2.401512609741051847e+02
2.599725761743115982e+02
2.659334113659126615e+02
2.964205762752385453e+00
2.307675052449583859e+02
2.669186129572819937e+02
1.525297351213129957e+02
1.100495828797545244e+02
2.330208102903960139e+02
2.143451851658625742e+02
2.490115878315308748e+02
1.533227682067821718e+02
2.609824869597870247e+02
2.733635450619265725e+02
2.466045962404917020e+02
2.160288571765502752e+02
2.051307923691913970e+02
2.625724287345734638e+02
2.355492484247812683e+02
1.936982440892297745e+02
2.609297597218400711e+02
2.814358227269879649e+02
2.540070322242697500e+02
2.181706199749462485e+02
2.712184569019333935e+01
2.643094654301658011e+02
2.241522918510390241e+02
1.315736321338249581e+02
2.418130842429721383e+01
2.315923506271426220e+02
2.093262398884316440e+02
2.341385660997221407e+02
4.031977660831461208e+01
2.243969949784932965e+02
3.347246018726801253e+01
2.383460084913718049e+02
2.089284479501453973e+02
2.413098387229295554e+02
-5.250648427057677026e+01
2.150832938367437634e+02
2.595578904985974305e+02
2.731319984787677413e+02
2.485084201972777578e+02
1.610588054049749474e+01
2.222210676835547360e+02
2.507372100024953170e+02
-2.319064929541302433e+01
-2.505999365722222194e+01
2.341463358820494705e+02
2.054067748791169379e+01
2.131106725347748920e+02
2.456255891899006656e+02
2.484073011100630879e+02
2.304294256945855182e+02
2.080978338842590745e+02
8.800574581547067510e+00
2.531132559480740838e+02
-3.019151718712961951e+01
2.613049915625538233e+02
2.589616817557848663e+02
2.592293378160217117e+02
-1.886886377223540023e+01
6.384461860567270719e+00
2.173201607890164837e+02
-2.518333538049027709e+01
2.441684273925015987e+02
2.125766319114845260e+02
2.512469502967534254e+02
2.458926432504256638e+02
-1.692741540999118399e+01
2.606423762557764121e+02
2.556233948543083159e+02
1.200526815293827951e+02
2.159962511123747504e+02
2.686838493073761356e+02
1.129987104365585537e+01
2.373133961312157680e+02
-2.040602465219362216e+01
2.180542270608758599e+02
4.731396510820647450e+01
2.094600138706943824e+02
1.552810290812404048e+02
2.335443938097603223e+02
2.401973848423274660e+02
2.043174061773937922e+01
-5.667079140766269063e+01
2.621506889155340900e+02
1.057401642928984131e+02
-2.337418420582581291e+01
2.325937417450844009e+02
-1.351376255146799110e+01
2.307915798774808422e+02
2.297738911164141484e+02
2.509828767717225446e+02
2.377483719762433338e+02
2.359938921264600822e+02
2.598420956402620732e+02
-1.892469270940300419e+01
-9.699242585001940142e+00
2.295765078248038265e+02
-1.068238059025325981e+01
3.520368818355876783e-01
2.765383773536963758e+02
2.547562304778414841e+02
3.122829165937949938e+02
-1.524349274068499938e+01
-4.224534460197239838e+01
-2.390425007733527707e+01
2.408746000288972198e+02
2.534076108918459909e+02
5.849858879383276644e+00
2.374822487525248675e+02
2.908746400296035972e+01
4.536068544702899885e+00
2.306897858227407596e+02
2.562153103405781849e+02
2.384871718059530679e+02
2.202474295153758135e+02
2.453392287205422804e+02
2.408524436512676061e+02
2.369721435558620612e+02
1.615831951988085962e+02
2.159264210958729109e+02
2.422458694988796992e+02
2.515624755240322941e+02
2.815259466785737459e+02
2.738963227744607138e+02
2.845196413321132809e+02
-2.596823608580601217e+01
2.400984096739080940e+02
-2.959180703127363188e+01
2.713840138862023537e+02
-2.914682737122743106e+01
2.558723587579137870e+02
-2.346053125429934028e+01
2.519594647440297877e+02
1.363184088495237063e+02
2.167255472417068063e+02
3.224652442472489611e+00
2.345636895134442454e+02
2.293411767514225517e+02
2.616867136201166204e+02
-6.607181027474254620e+00
2.404091153322178798e+02
2.487602316789655958e+02
-9.656477421835546693e+00
2.644160974096845393e+02
2.311257662469506613e+02
-1.445761724173156892e+01
2.176975403194371097e+02
-1.067856726867002237e+01
2.588574497694876300e+02
5.299353951323766410e+00
2.276845457958833094e+02
2.465771507510191896e+02
1.215878918944366660e+01
2.550046270451931605e+02
2.689109101578616219e+02
2.408643195775264587e+02
2.448361891243408195e+02
2.186368721916118147e+02
2.898314912907494545e+00
2.235968409817039060e+02
2.567753310857817723e+02
2.280030299313867204e+02
2.698971644978487348e+02
2.239640970015975370e+02
2.604010872589902874e+02
2.512691889007064674e+02
2.507666408908000051e+02
2.033651803705492966e+02
2.249492929400704497e+02
2.712472039604374459e+02
2.309382485240201390e+02
2.287156512538877564e+02
2.438459110024504923e+02
5.012112622208974244e+00
-5.017739693120346089e+01
2.338138786794153816e+02
2.352540083157789468e+02
1.121343901756679884e+01
1.601371307724288329e+01
2.278762450098643626e+02
2.129564610975349126e+02
3.024059666115331311e+02
2.574940398421250620e+02
5.070385643572848267e+00
-1.310168857919165930e+01
2.422854183620849540e+02
2.414638990333653226e+02
-2.555055080156330405e+01
2.663733948371647102e+02
2.454355182473506147e+01
2.546022882720668008e+02
-5.728612821351987350e+00
2.319091582467775368e+02
2.335614511156431945e+02
2.366986901567208861e+02
2.817632485519164334e+02
2.321957563953851604e+02
2.280501546486775624e+02
2.363197082324351186e+02
2.516216403228774823e+02
2.127137965617077384e+02
2.363297346355664956e+02
-1.471299194661864362e+01
2.449924433315886461e+02
-2.530143613834782457e+01
2.675423072622472205e+02
-3.182194825122905968e+00
2.556336654598152336e+02
2.110249366149266734e+02
2.387651552442548279e+02
2.726936400460881487e+02
2.402740921779283099e+02
-9.329875187295186834e+00
2.298027918285933424e+02
2.416834832627946241e+02
2.621088089521749680e+02
2.187550072941144208e+01
2.605495117064805868e+02
-1.825840683687304988e+01
-3.328263301907621496e+01
2.277585625524715169e+02
2.731463070334550025e+02
2.259790784379570994e+02
2.655234070535609021e+02
2.186674586497409791e+02
2.436124587365079890e+02
1.464897792179177145e+02
1.007235519453993788e+01
2.175041443695111525e+02
2.773531919361092832e+02
-6.674301691187068286e+00
2.294008161279288913e+02
-4.780706446021149958e+01
-1.647950251934730659e+01
2.231706769003749855e+02
2.167439332282845612e+02
2.501326897972288350e+02
2.530759154309869814e+02
2.372189481822752555e+02
2.283202283933043475e+02
2.420855467243486885e+02
2.546688048237273847e+02
2.131294453200887915e+02
2.531658972471543620e+02
2.406875489309924205e+02
2.249731892341952744e+02
2.660156171913658341e+02
2.446024141668787877e+02
2.384852571971018733e+02
-3.291571927168219247e+01
2.373327367664859935e+02
2.293846586867103099e+02
2.642424014727133113e+02
2.473343661165338290e+02
2.363170949859771497e+02
2.330827160727752414e+02
2.649450104456901727e+02
2.423049779657035572e+02
2.838403578701690435e+02
2.360635592956190862e+02
2.313997262333347180e+02
-1.080199447781173205e+01
2.678881142303565071e+02
-4.387402348295899657e+01
2.094622768785216635e+02
1.704465281262129110e+02
2.258630113140320645e+02
2.642096926526171501e+02
2.726985061488361453e+02
2.683337132352913272e+02
3.161594927156609174e+02
2.237556070911148254e+02
1.987989619492470581e+02
2.327068445142060682e+02
7.674886705704906831e+00
2.724864831018909967e+02
2.260858166289410747e+02
2.488895218539024086e+02
2.415251621269072473e+02
2.462968137834992604e+02
2.570363014794010041e+02
2.057294182836061793e+02
3.162622496394607197e+01
2.333825288415776242e+02
-3.593163426466541921e+01
2.632961067717692458e+02
6.372031459055037317e+00
2.413863352609926096e+02
2.250099510326941186e+02
1.371242205123044755e+01
2.451616420326333241e+02
2.582199316102484659e+02
2.737743351894711736e+02
2.209227375940718900e+02
2.438587000938673555e+02
2.483950495142678392e+02
2.333563348029065310e+02
2.080214991268512676e+02
2.649266773331535774e+01
-8.185104010829036270e+00
-4.210607282183231348e+01
2.199121152224600451e+02
2.151005833283300035e+02
2.318515345716216700e+02
2.116879179573788292e+02
2.463126011596682474e+02
2.410680688460915633e+02
2.409664888918570398e+02
2.053637126239398469e+01
1.067045532555317777e+01
2.213314684841579663e+02
2.536102099747323848e+02
2.470383249728819237e+02
1.971893111084979751e+02
2.701722712686769228e+02
2.262058334733268907e+02
2.271606711680487933e+02
2.197746624501058079e+02
2.324875905849344804e+02
2.615525742142573336e+02
2.473459639271846413e+02
1.744965350547664968e+02
-2.856673747541393027e+01
-3.225348480872469281e+00
2.432755431944665645e+02
-1.076253370124206299e+00
2.458583808592156856e+02
2.380512923999826569e+02
2.220119205447099375e+02
-2.871973159291233912e+01
2.383669810780361331e+02
2.297905934111194313e+02
2.153859757986966486e+02
2.457007861739452608e+02
2.125413078174769907e+02
2.535057195754937993e+02
2.105540049961301747e+02
1.838553101253351088e+02
2.527155480300967554e+02
-3.463642928138558830e+01
2.496581256570022731e+02
2.572608761352515785e+02
2.490047274036257647e+02
2.428587815996215227e+02
2.313366528821916859e+02
2.582121422779564455e+02
1.961715750932895617e+02
2.917256504023742991e+02
-2.451274025348958219e+01
2.082544134724352034e+02
2.798018050296003594e+02
2.612677639857337226e+02
-2.948424962152245143e+01
-3.360721271820068523e+00
2.516710602041682137e+02
2.190681655423921939e+02
2.333115582961272878e+02
7.584038249605427495e+00
2.108381079828797056e+01
2.550284860082788043e+02
2.305653403469568161e+02
-2.685242792191910155e+01
2.409115591473467077e+02
1.976684133096637481e+02
2.443592642317301511e+02
2.093411759267197283e+02
2.507990004405847060e+02
2.565349025636077158e+02
2.820154520328671310e+02
2.304020514753551652e+01
2.189974997924565514e+02
2.286427099344958549e+02
2.683249614903648421e+02
2.252191857578710881e+02
2.314242624220408402e+02
2.656881792418445229e+02
2.214947326943652115e+02
-2.016726919418658781e-01
-5.391218031199784377e+00
2.330532512766535262e+02
2.585862087884254947e+02
2.690503773476755214e+02
3.405227019334432725e+00
1.468306465052576470e+02
2.550525941206032314e+02
2.058462372218388907e+02
2.544560211801226046e+02
2.349609044800291429e+02
2.201157597669146071e+02
2.486543661266389620e+02
2.491256304376510116e+02
2.667528294215584310e+02
2.760227014222058415e+02
2.571995207564062298e+02
2.530456365717306539e+02
2.443090425577775022e+02
2.491210823832738015e+02
4.108824154733468959e+00
2.638399235798307529e+01
6.388032052702712349e+00
2.183078526575810940e+01
2.442938713938154649e+02
2.438703850198084240e+02
2.496667743556399728e+02
2.362807226800739500e+02
-2.037509110296115011e+01
2.310888921168919978e+02
2.662289979707408065e+02
-1.116817670929093254e+01
2.507977762731725875e+02
2.500253116039854717e+02
2.868985815705947289e+02
1.863056745252106339e+01
-4.197781414048920112e+01
1.256846533047584558e+01
2.684737600784800406e+02
2.246078629138928022e+02
2.222235927913028490e+02
2.303382168086543800e+02
2.993416497036117789e+02
-3.692329134663317802e+01
-2.177927557320256824e+01
2.384958473948987887e+02
2.396115841136517020e+02
2.410376419457653299e+02
2.328403325132384509e+02
2.354311266298770420e+02
2.572227607630262582e+02
2.505703311894366152e+02
2.294871770681678242e+02
2.535438863843673687e+02
2.289199950121364964e+02
2.639122495088462301e+02
-1.930974639302095852e+01
2.308727130341784175e+02
2.377747286962390376e+02
2.139689242911508700e+02
2.648926558467746304e+02
2.233232732723015204e+02
8.541920310688311702e+00
-2.160771836189765338e+01
2.281850688571887815e+02
-4.723796650854524160e+00
1.462814215957540398e+01
2.376271459652379008e+02
4.410277838409584206e+00
2.554631253156329933e+02
2.188752091808614750e+02
2.249073619313659549e+02
2.105538904396609041e+02
2.198887319650393692e+02
2.513779954170221345e+02
2.441523908902223354e+02
1.936073745869760501e+02
2.336726248563715274e+02
2.431035038483842072e+02
-1.576712931753448288e+00
2.389083516694957154e+02
2.239719729757651976e+02
2.372673341501192681e+02
2.266453807095933826e+02
1.652858550017442951e+01
2.718730217269674085e+02
2.467169957559605109e+02
2.676282219681850165e+02
2.175859996103579874e+02
2.706208188444834377e+02
2.175007254527585019e+02
-1.183219432425229911e+01
-3.350888315311505039e+01
2.370549738840807095e+02
2.338257679902365282e+02
2.508543539988303621e+02
2.437219203313716491e+02
2.481503766025789446e+02
2.492609687968235619e+02
2.304319195162420897e+02
2.369983761465977636e+02
1.918822163288823788e+02
1.787670746411380946e+02
2.395184517002893756e+02
2.265058530309785283e+02
-5.613748562796991592e+01
2.656879455957371192e+02
1.979120604506192649e+00
2.545907792569836658e+02
2.431074339559743578e+02
-5.378658696697866759e+01
2.503145799202487751e+02
1.214515261282186032e+01
2.643312760362271092e+02
2.386768270039136723e+02
2.537977250184665650e+02
2.585397027055489048e+02
2.546463333746872024e+02
-1.514781865532930283e+01
-3.161316285800390347e+01
2.702313238334838843e+02
2.296828453735723485e+02
-1.654613100081860466e+00
2.441935659031757382e+02
2.012516342330567909e+01
2.654585874986610747e+02
2.660304266892605938e+02
2.107647288266598480e+02
2.361297424580978088e+02
-4.320744228794254127e+00
2.176740185243149881e+02
2.028306007217308604e+02
1.962877936839557833e+02
2.529038792832527918e+02
2.377610966844717382e+02
1.995712622202514694e+02
2.436473822742904076e+02
2.423439507791543406e+02
-6.546680605312212720e+01
-3.849532570520452168e+00
-1.922723570973047913e+00
-2.527609011622138269e+01
-3.543530298868957118e+01
2.738962142752594104e+02
2.283697314795170712e+02
-3.135826317683327602e+01
2.334931380915753323e+02
2.168573197949791620e+02
2.253513719017418566e+02
2.721252863999375222e+02
-2.626129961081309716e+01
1.881211113307940650e+02
2.430456879204552365e+02
2.466550589813968202e+02
-1.461642968506095031e+01
2.286352863014726040e+02
2.575453653260183273e+00
-4.940027359013234332e+01
-6.487604521768503218e+00
-1.550110358820633394e+01
2.376759521614089294e+02
1.914394014974992331e+01
-3.172752932199728093e+01
1.180313820970773975e+01
-2.315532586196384557e+01
1.932374270927782618e+02
