-2.372970322710142455e+02
-5.397921978417866740e+01
-3.336603610926027272e+02
-1.038616881118416870e+02
-1.718267979843341209e+02
-3.620777211760056389e+02
-7.893887932105756988e+01
-2.192899423321445340e+02
-3.302067642022891505e+02
-2.415792626307157889e+02
-1.161803052662084212e+02
-2.262198780698491305e+02
-2.714163759539846410e+02
-4.697515642203651396e+02
-3.040075504439721499e+02
-2.430330591907237476e+02
-4.517253858239395754e+02
-8.145978336477571702e+01
-2.243500127472859731e+02
-3.022527357171090898e+02
-7.325191616846657894e+01
-4.546550060707950252e+02
-2.954456836053313964e+02
-2.492158278812123342e+02
-3.981617973729684650e+02
-3.340801751727761939e+02
-3.202045077080077249e+02
-3.190657423036150249e+02
-1.149532452945327066e+02
-2.604814898999167099e+02
-7.784241569549311635e+01
-2.868018343905475831e+02
-2.877077141585527897e+02
-1.206298759997598466e+02
8.862780532647519749e+00
-2.591169256730422035e+02
-3.803971500976315383e+02
-2.716290564922167050e+02
-1.807279717615049037e+02
-5.507877508987588300e+01
-4.343221794940323832e+01
-3.320653824809625121e+02
-2.610968571561891167e+02
-3.776695096373380238e+02
-4.456972166472837102e+02
-4.213275957279240913e+01
-8.765627585810605638e+00
-3.114166827699096984e+02
-4.352385541704260845e+02
-3.254340245017154416e+02
-2.263691572646824284e+02
-1.325594817997874486e+02
-2.404198183113560674e+02
-3.519887208308408333e+01
-1.305175827629886953e+02
-5.181251160307097052e+02
-8.899480284289492715e+01
-3.382852055832333917e+02
-6.888270873176672637e+01
-2.173332756974193671e+02
-4.730889862268779780e+02
-2.971518946387235474e+02
-4.478956248073375264e+02
-4.571875204076115295e+01
-5.010884285202643582e+02
-4.072243809300108524e+02
-1.214309784683076998e+02
-3.063113197799042382e+02
-4.046081560368161831e+02
-9.586401320267826520e+01
-2.607066202035014157e+02
-3.930827566801461330e+02
-2.092941863954205814e+02
-3.177678666216888246e+02
-2.360819293961513381e+02
-1.232535696429152381e+02
-2.247889086864485364e+02
-4.308850116280500515e+02
-3.470956901935305723e+02
-2.880474582808039941e+01
-4.148770023695264513e+02
-1.240875791234590508e+02
-1.503778496202018289e+02
-3.790255426695703136e+02
-3.738662768890608277e+02
-1.021520635366346283e+02
-5.350355961119140602e+02
-3.633591215847150693e+02
-2.545863828663310358e+01
-9.518768988094313954e+01
-3.167164737729743820e+02
-1.575516763467005035e+02
-3.042111661554169189e+01
-2.772731694039858894e+02
-3.798111556860204132e+02
-3.426842790530489538e+02
-7.177946100083084957e+01
-2.532636802203566617e+02
-3.553147758821684192e+02
-3.615134265789533856e+02
-4.082306005794212638e+02
-7.904024390802211997e+01
-2.556261605471965765e+02
-6.055837778693421569e+01
-9.915706201637898687e+01
-3.792736563559832348e+02
-4.113603950914909433e+02
-3.227971954524806506e+02
-4.797118295545415094e+02
-5.991333146986320202e+01
-2.045665013092308300e+02
-2.277562482965924175e+02
-3.289059263091197067e+02
-8.843956484377741845e+01
-8.650309292408499573e+01
-3.558265908884653186e+02
-1.569912279856118857e+02
-2.466621706413020263e+02
-2.233426280617428574e+02
-1.611359450610100339e+02
-4.812913476278494045e+02
-6.861782585775695509e+01
-5.891911005152790182e+01
-2.519812468037400492e+02
-1.111683388614518435e+02
-3.132777561958586716e+02
-6.100440216317988273e+01
-2.615932842669354841e+02
-2.227784289019531627e+02
-3.760745138026097720e+02
-1.006298813559053542e+02
-1.196372516350218547e+02
-3.801477137739712475e+02
-6.385574232338774436e+01
-3.107493702716612916e+02
-3.649605346910579442e+02
-2.760074676332296804e+02
-1.435767256343450811e+02
-9.530721501066473422e+01
-1.616565972229219028e+02
-8.475700965250827323e+01
-3.358198615700292180e+02
-2.956671224072157997e+02
-6.451578209536546638e+01
-5.778344200636448136e+01
-1.975745099267681155e+02
-1.335552081404661067e+02
-8.655560017874287837e+01
-2.282965130574146428e+02
-3.344153351413553992e+02
-4.197541488091695783e+02
-2.199544058938920728e+02
-4.968848454617310750e+01
-1.199864157287207718e+02
-3.527433118917972479e+02
-2.735126336798939519e+02
-6.655795719329447024e+01
-1.446292025620694517e+02
-1.276643456697195802e+02
-5.212566869837550598e+01
-4.245694397960890001e+02
-5.123845286334594107e+01
-1.719354385681936037e+02
-8.131887066169369405e+01
-1.389583152996719946e+02
-2.762946186818468846e+02
-1.597216873504389127e+02
-4.125671448785103053e+02
-2.631281263566249891e+02
-1.578082828785611866e+02
-3.293734480963696569e+02
-2.454294436756185576e+02
-4.341433476907911313e+02
-2.298185964988249737e+02
-3.465057136088537959e+02
-8.727597143406681823e+01
-9.365915806833938007e+01
-6.947274582657537678e+01
-3.378031087487942727e+02
-1.396516620927284578e+02
-2.057319353535203277e+02
-7.509042343420611587e+01
-2.881872006549299954e+02
-3.446940727607989743e+02
-2.356897309807109764e+02
-1.214529742392599871e+02
-9.395279939402097114e+01
-3.414133822541827499e+02
-2.279832058542037316e+02
-2.601585663697073301e+02
-2.594600393294587093e+02
-1.038515342238281818e+02
-8.918274837573775926e+01
-1.087629662212761446e+02
-2.519224725951693813e+02
-6.533105044463832201e+01
-8.255714006448476994e+01
-2.457613079907998497e+02
-9.186398234980094912e+01
-8.544868036380766796e+01
-5.367043166392897291e+01
-3.301064240593339036e+02
-1.336321799969304323e+02
-3.484413471410435932e+02
-2.186131639055940354e+02
-2.577476040288299259e+02
-8.356055811514239906e+01
-1.757193362617277046e+02
-1.703904200755279987e+02
-6.494502201038346811e+01
-4.523080689640717083e+02
-7.621101204243316829e+01
-1.120288014656768212e+02
-9.380060527834891104e+01
-4.089586726588893839e+01
-2.453131077769876356e+02
-1.193225095183896940e+02
-4.501713311852148536e+02
-1.758998600748256820e+02
-7.493901722174550173e+01
-2.803855966685564454e+02
-4.226352360109785877e+00
-7.607814984472965136e+01
-2.353870005841838520e+02
-5.475614603425145788e+01
6.193298031417512561e+00
-1.101708578863833168e+02
-7.697666409500692453e+01
-1.197418583774140473e+02
-2.273329482923534499e+02
-4.461472569983708354e+02
-1.165244535851551007e+02
-1.590275155297711649e+02
-3.183879793253279331e+02
-1.237038384895325862e+02
-1.247242528723405428e+02
-2.898072314187095344e+02
-1.889006964973829383e+02
-9.737024686126142115e+01
-2.442544018299219886e+02
-3.511990653169216330e+02
-8.773689890862021912e+01
-3.636149681351576533e+02
-1.069151062321160026e+02
-2.166794487292995655e+02
-1.104151855550075965e+02
-2.348121076475068207e+02
-1.391609934852688184e+02
-1.104536495164106213e+02
-6.074912420249523137e+01
-1.226395684757993649e+02
-9.331192157922758668e+01
-3.157098509585405282e+02
-4.882119737724720210e+01
-9.251655913247495278e+01
-8.950247465081716314e+01
-6.926014523248954902e+01
-7.271517145757934486e+01
9.208326428299216104e-01
-1.084202413181920122e+02
-8.928879855086546513e+01
-7.003075854346427320e+01
-3.980412870467814628e+02
-5.389780867020126465e+01
-5.750417834643756265e+01
-1.138091644912803702e+02
-3.069780899535638810e+02
-1.578483845339718528e+02
-2.749114026148625101e+01
-3.566129349765643610e+02
-2.063372690426795373e+02
-2.142808346335561396e+02
-4.080542372265683753e+02
-2.098770851097625609e+02
-9.288306629832440819e+01
-3.283809283114928235e+02
-1.403499527331048853e+02
-1.785939701178638188e+02
-1.497274857653658842e+02
-4.581177684800542238e+02
-8.888585137061795649e+01
-1.689793268907099559e+02
-1.133491022194315576e+02
-1.535024575706935082e+02
-1.082123167657532292e+02
-3.826261539042329218e+02
-3.252619265046967030e+02
-2.479165746613066972e+02
-3.598221765699123580e+02
-6.360138600238304463e+01
-1.551809441653149975e+02
-9.136685571408759188e+01
-2.488120963987956600e+02
-1.086971291397886148e+02
-5.921972111909972369e+01
-2.261082566258399993e+02
-1.687053976382348139e+02
-5.131693826935919844e+01
-1.722919359148080503e+02
-2.662334973277714312e+02
3.333287560269781125e+00
-1.056092367761128514e+02
-2.815265164343891229e+02
-3.558303106234296820e+01
-2.951678419310854906e+02
-9.466550350888641674e+01
-1.063891756578222214e+02
-1.145242813933463566e+02
-4.189837906166062567e+02
-4.497835519768944437e+02
-7.818557246942667405e+01
-7.752352934644845561e+01
-3.019437483450783475e+02
-1.689292698471131189e+02
-3.708861622058425382e+02
-1.726717608917479083e+02
-4.055403396011822110e+02
-6.329216425752662900e+01
-4.482211008101957361e+01
-4.029213439238649244e+02
-1.118110954423102186e+02
-1.833503537592608268e+02
-2.988355339365629675e+02
-1.480796832776177610e+02
-1.697643308186727609e+02
-3.492644728015206965e+02
-6.774381884139825161e+01
-3.889178713140295258e+02
-1.034266496531184032e+02
-1.084050638347367368e+02
-2.544287674558069625e+02
-1.874320188704261057e+02
-9.426246537486444765e+01
-2.017924342939009250e+02
-1.918783534560390649e+02
-1.053360670632921625e+02
-6.769601864380844347e+01
-2.415878813891762320e+02
-1.270490495780395435e+02
-2.324051627377944840e+02
-2.042204847392052898e+02
-1.201744337315849549e+02
-2.072605017865166133e+02
-2.732361945835772303e+02
-1.127520779592691014e+02
-1.003399645130968736e+02
-2.932415774104235879e+02
-1.015203172493365429e+02
-9.292553471592204062e+01
-6.846684103284117384e+01
-3.010225851492239144e+02
-1.384221993642277084e+02
-2.215464406084918778e+02
-2.102192933065681473e+02
-4.725638660517398648e+01
-1.586494788015791642e+02
-5.287774880589896043e+01
-9.187263322177408043e+01
-6.652975816327240466e+01
-5.091862112067539670e+02
-8.125443281416343666e+01
-1.519096658138943781e+02
-7.408656592374710215e+01
-8.912347480416754308e+01
-1.691302445828359566e+02
-1.868399789924736183e+02
-1.254884022045844461e+02
-9.936287536810934284e+01
-7.282695103097609035e+01
-6.250782117457924869e+01
-1.534057978505969402e+02
3.587104224882526005e+00
-2.114524529157895927e+02
-1.317344539667771528e+02
-7.056233050223855230e+01
-4.746519236596195412e+01
-7.047795074243776980e+01
-2.628576298889554437e+02
-4.412326855647317814e+01
-1.097398389139252686e+02
-7.554699167638544566e+01
-1.574767665659434215e+02
-2.976927788690729244e+02
-1.644303031567798712e+02
-1.317542764576548677e+02
-8.582307925367612711e+01
-6.983529961034449229e+01
-5.686020593180110154e+02
-1.644943522148526540e+02
-1.212726173723387717e+02
-9.903646923547198355e+01
-6.949517626147242311e+01
-1.385665963745155409e+02
-1.083070997172118268e+02
-1.270071556322647268e+02
-3.716618511051056544e+02
-2.032341038358977983e+02
-1.264653532538960974e+02
-1.545079074251082147e+02
-7.847609383722135590e+01
-6.250473387735830499e+01
-8.003483666363125337e+01
-9.246267705615723287e+01
-1.354013967226293005e+02
-5.483997511240830391e+01
-9.746264176096342169e+01
-1.493034892114524155e+02
-1.025678574823396616e+02
-9.570339687214730873e+01
-6.194433120705797080e+01
-1.184461701051612863e+02
-8.332861462177642409e+01
-1.547474139020152393e+02
-1.354606012436636888e+02
-1.048832418650252549e+02
-6.734225773972333684e+01
-2.939547756848796780e+02
-9.467333343083218722e+01
-6.260810781743987263e+01
-1.307213760084009664e+02
-9.936361186591619798e+01
-1.789308710057589167e+02
-9.686152652632340221e+01
-1.051327258682609340e+02
-8.790264762778265606e+01
-7.004214247444939190e+01
-2.304657992786135594e+02
-1.206025642646073237e+02
-9.629637254022222237e+01
-7.536165653384048824e+01
-2.651837704932983115e+02
-2.124842473272908308e+02
-7.170770594715182256e+01
-1.034161574802051007e+02
-1.013806914453953141e+02
-6.251772061471076114e+01
-9.062464476938245639e+01
-2.193796443286967985e+02
-7.465512510984537187e+01
-1.283645847752214877e+02
-5.512334931725554554e+01
-6.088916746160002447e+01
-1.157330764975842783e+02
-3.394958623509126028e+01
-1.145882775347651261e+02
-4.081599236276208842e+01
-2.342533738287680194e+02
-2.936029241973276385e+02
-9.197155980902324757e+01
-2.064530443137705049e+02
-5.451663247457423722e+01
-1.814387906951559444e+02
-1.733578866767546742e+02
-1.750159073028007128e+02
-1.955992467065799474e+02
-1.624012949694403858e+02
-2.840337606251837315e+02
-3.833550302999363169e+01
-9.459480864933212274e+01
-1.447007521293630248e+02
-2.545384372005785281e+02
-2.986865946196766686e+01
-1.268486995845687630e+02
-1.253005675329801534e+02
-4.777497816242195228e+01
-9.808720871401527575e+01
-1.596916372461858771e+02
-7.177530601579701397e+01
-1.023626031856027367e+02
-2.568080629084059296e+02
-2.534021570212428855e+02
-1.515160107776635243e+02
-1.275217055065866276e+02
-1.336956698364870988e+02
-1.000994861749296803e+02
-8.770517255820479363e+01
-9.493755417223486859e+01
-8.420605613672775291e+01
-9.543123046019564981e+01
-1.554385921949760245e+02
-2.234978829371571294e+02
-8.475627357147936891e+01
-1.002195278145013049e+02
-6.316910623700465521e+01
-1.225193650437116446e+02
-1.334390911742241315e+02
-6.848684088320374030e+01
-3.232863402042349321e+01
-7.980489142176807604e+01
-6.476640500670644940e+01
-2.727021105068573661e+02
-9.862850320013484406e+01
-5.543584336977635729e+01
-2.035710517952921350e+02
-2.964788883233144645e+01
-7.445056022622304681e+01
-4.840857694460938632e+01
-1.389258573102344201e+02
-9.874769630539289267e+01
-8.268074142078627631e+01
-1.260936325641443005e+02
-2.717947332050263753e+01
-8.180818538834543574e+01
-1.056817320628782824e+02
-1.737290747537740856e+02
-1.814982676337680232e+02
-1.206118614311882027e+02
-8.128971734066212207e+01
-1.380278711415845692e+02
-9.202783671079744465e+01
-2.736335912570854134e+02
-1.236624301534499182e+02
-2.661761957108735999e+01
-9.686101377123191014e+01
-1.047207165748111350e+02
-8.823655944462646517e+01
-9.558929275539621528e+01
-2.743540193708618631e+02
-3.397104444093882591e+01
-7.717332248603793232e+01
-1.624291627051447620e+02
-9.917002127685022117e+01
-5.803306294647788377e+01
-9.192766934201431184e+01
-2.560785329718444245e+02
-7.887374400820988285e+01
-7.230991034109180760e+01
-2.466409792697158707e+02
-4.684070765761882882e+01
-1.059478848619694844e+02
-4.816624067201073558e+02
-1.816328786922110794e+02
-1.522217816345429924e+02
-6.281748532270971452e+01
-1.339404882075330079e+02
-8.271610050330968988e+01
-8.636040308886416028e+01
-7.464630021894117817e+01
-2.617645147876555711e+02
-9.289013665884208137e+01
-9.414490394533427775e+01
-3.449093243425753599e+02
-9.977823415501924842e+01
-2.426070826265944902e+02
-8.810082199479069232e+01
2.324968173147669859e+01
-4.694758871655402999e+01
-1.782304219865974346e+02
-9.036204526567988182e+01
-2.057368457001193462e+02
-1.092967229382780658e+02
-7.480245571104305213e+01
-2.816671695418780246e+02
-3.165571857757049656e+02
-9.641351147635641894e+01
-3.865969981137646982e+01
-1.333045840865533194e+02
-6.213546004485833407e+01
1.374354804158356558e+01
-2.417128696541994373e+02
-3.364665545950039132e+02
-2.091141075186806688e+02
-1.027007294945721583e+02
-3.850216435738477117e+02
-2.598205652733499846e+02
-1.041859470519152069e+02
-8.472892934866513315e+01
-1.613440294043228107e+02
-2.976496285574106651e+02
-6.564117008306490675e+01
-7.989889958123222868e+01
-9.646355361654501337e+01
-9.804349406494719688e+01
-1.411639513172710849e+02
-6.168635059470901183e+01
-9.157287510974170175e+01
-7.170141948664701204e+01
-7.632477067120123593e+01
-9.677216994537528194e+01
-3.244527761622823618e+02
-6.179713961646896792e+01
-2.021447848125127962e+02
-3.454040922004290906e+02
-2.163988167221534127e+02
-1.933773467690797361e+02
-6.203192341341298288e+01
-3.070510732121205137e+02
-9.993801058125465886e+01
-2.172944024678847086e+01
-6.678180396452275147e+01
-2.155078203264987451e+02
-2.251701880913911964e+02
-9.782324313499923107e+01
-7.901341148971569339e+01
-3.757956089210372852e+01
-1.203001524856730384e+02
-8.743096213826584062e+01
-1.553687489949212193e+02
-3.742318371237890773e+01
-7.244469691097310715e+01
-7.032416410282351649e+01
-9.145615371652823455e+01
-9.596500048372493552e+01
-7.994055636641715523e+01
-3.533960480844767744e+02
-7.239924906935485183e+01
-1.074794550722614588e+02
-9.944699084394096644e+01
-3.316022760981278452e+02
-9.161227829071528106e+01
-9.320515793694585227e+01
-4.850301656139772888e+01
-7.266945886514378117e+01
-7.286461777600190715e+01
-1.701210576780702013e+02
-9.690864337896886127e+01
-1.239140239660124507e+02
-1.269363570292562002e+02
-9.753437598761195204e+01
-1.015924298611307250e+02
-1.316694776406420999e+02
-2.068701949681825454e+02
-7.796482708962852826e+01
-1.314344569115179411e+02
-6.579474019236759830e+01
-1.763159227353490053e+02
-7.125536082228548196e+01
-3.394345274502536540e+02
-8.690619495634689429e+01
-1.318313699431054715e+02
-1.667969343862694700e+02
-1.056958179176133825e+02
-2.591231746637791957e+02
-6.995454086240465585e+01
-1.099635034915132223e+02
-4.269300437936438470e+02
-8.673783981685389222e+01
-1.072363427552924691e+02
-8.471718589451540993e+01
-8.760145877734251485e+01
-9.591997657106533381e+01
-3.064104330686747346e+01
-3.202371263181607901e+02
-1.831096358728149767e+02
-2.074314544465222525e+02
-6.929614132499081336e+01
-8.630458253596893314e+01
-1.172118556780969527e+02
-3.041638537183251287e+02
-1.363067541018916984e+02
-1.024764272722860881e+02
-1.149736283596086253e+02
-9.526452888847188660e+01
-1.000127444151879388e+02
-5.109061778795538089e+01
-7.076769384185854506e+01
-1.737493117225151309e+02
-1.059755071714287737e+02
-1.029430916451376845e+02
-1.911396584372200493e+02
-7.544416091903353561e+01
-9.264030106877700632e+01
-8.611505635199425512e+01
-2.678389746898164958e+02
-1.950742094883267441e+02
-2.002314038430561709e+02
-4.995720299801848796e+01
-4.689364047376649580e+01
-9.673820687468091251e+01
-6.552884328049809426e+01
-9.461054049335987770e+01
-7.190613041189055821e+01
-1.179064457939208808e+02
-8.491638675177823359e+01
-4.287314049042348074e+01
-2.415596858245259568e+02
-9.988015315745619205e+01
-1.104297120835496600e+02
-1.727361104735400659e+02
-6.927391183634131266e+01
-1.661438933030801195e+02
-8.954020733549360500e+01
-1.209312352485601991e+02
-2.117084313024192284e+02
-1.207720454579532827e+02
-4.368930998778940307e+02
3.349608896231738697e+01
-4.026952980795155668e+02
-3.909556749790444030e+01
-1.053472344999488683e+02
-2.998796961042848466e+02
-1.059577385782331191e+02
-1.124839746096004660e+02
-8.908656778545278598e+01
-1.062996395116077935e+02
-2.697780544601486099e+02
-4.881402658200768485e+01
-9.503234654436081996e+01
-9.280254726837063117e+01
-6.289313310575078475e+01
-8.385080165073644309e+01
-2.024233187932303224e+02
-2.039351993315315781e+02
-9.156290425637422459e+01
-7.068344132435223059e+01
-2.199172551136399534e+02
-1.221457059923041299e+02
-8.794429782593664413e+01
-8.004625888651618482e+01
-9.058892599268254742e+01
-7.078037380247417332e+01
-1.888186083302530562e+02
-9.494148251555259321e+01
-5.245950245291361824e+01
-6.883454383611052663e+01
-2.152859867339169000e+02
-7.702426528421244711e+01
-5.740859829078017640e+01
-1.943829793668014929e+02
-7.202820977481944453e+01
-1.217417685651620047e+02
-1.084770566915736083e+02
-8.540817143280335699e+01
-1.601742407611253327e+02
-1.133268793885618493e+02
-2.070057403713871906e+02
-1.016986478818368056e+02
-9.094344515250244854e+01
-1.549223702405954555e+02
-3.118576782975077322e+01
-2.279549911352593767e+02
-1.190220064687412105e+02
-3.040750188617184335e+01
-1.458266347921334614e+02
-6.406138640177158550e+01
-3.185466074510821954e+02
-2.120321592285514498e+02
-3.388626019175933379e+02
-2.344737863051194040e+02
-4.403507720550611282e+01
-3.801391546553221588e+02
-3.381670573679102176e+01
-1.426809321665876951e+02
-4.296747598602681961e+01
-1.517132557160758779e+02
-2.009819360098168772e+02
-6.221611973700017728e+01
-1.181619004804735766e+02
-8.121759457257194015e+01
-6.170808523436346604e+01
-7.617522051067822986e+01
-8.570189123010094079e+01
-4.537328524756712511e+01
-2.783490297477944182e+02
-2.304277554143711768e+02
-8.018786291573425729e+01
-3.451261966293797911e+01
-1.550942243701017844e+02
-5.722386006499097277e+01
-6.692810938775593854e+01
-4.086542997943631406e+01
-9.970893222408940915e+01
-6.169663902069769534e+01
-7.746282652553925629e+01
-6.288054368410536910e+01
-1.166610634662509938e+02
-6.542506479845025069e+01
-9.263572485840013826e+01
-1.057433282936946597e+02
-6.401368594612557672e+01
-1.833680241415686396e+02
-9.805673316858673161e+01
-5.847803752051410697e+01
-9.461614825985043353e+01
-5.477319861681228019e+01
-8.048842833675726638e+01
-1.150862782223719023e+02
-2.046147585906679183e+02
-1.060193979210859396e+02
-2.004467587840889848e+02
-1.984682919217258359e+02
-5.235607606276521153e+01
-8.100105493783442512e+01
-7.012326970065231535e+01
-1.918207660153050824e+02
-2.386752008519621882e+02
-9.021083683230494898e+01
-1.075304176468024906e+02
-8.416361749082290089e+01
-1.329391775013933739e+02
-9.320460658676292098e+01
-6.965364882531746105e+01
-6.617388244940354980e+01
-6.013432965558932608e+01
-8.745722880838467006e+01
-8.396391264939239818e+01
-2.265880421951555377e+02
-8.303065212218741920e+01
-1.228145812629096838e+02
-8.147350702154693636e+01
-4.332709078654283985e+02
-5.705670005450784998e+01
-6.047792708000559969e+01
-1.306342371583322119e+02
-1.396479849474391415e+02
-1.964332631867038401e+02
-1.648040304128249431e+02
-9.265725581704640490e+01
-1.343954673764965548e+02
-7.492823934573624456e+01
-1.047324455490713433e+02
-1.960368349552197174e+02
-1.106784311579824021e+02
-1.103422877857798596e+02
-9.023113128528379434e+01
-1.011217959780535978e+02
-1.646434199960261253e+02
-7.204344472879154182e+01
-7.675741878188125611e+01
-7.852401495899150063e+01
-1.597144696515488818e+02
-8.536427052025364048e+01
-9.496779993601593617e+01
-3.635847602097163644e+01
-7.836946363775678037e+01
-5.252756518271402797e+01
-7.815653413380545089e+00
3.625282919501324841e+01
-1.017284707973542766e+02
-9.582810117668572047e+01
-3.245350181935166347e+02
-7.991934819687718061e+01
-7.642789027512944244e+01
-4.383302408059419975e+01
-1.005470217197038778e+02
-1.731712496651772994e+02
-1.211967979988474440e+02
-1.198648717245055195e+02
-9.738142123885577917e+01
-1.008025250154601054e+02
-1.164998114800153957e+02
-2.804016030395534926e+02
-5.576876261322731665e+01
-4.611419918910281268e+01
-3.242378325528423488e+01
-1.557441761528931750e+02
-2.031606688648354861e+02
-5.599065753807203549e+01
-1.231195989267441178e+02
-7.494535585888019114e+01
-1.604073135189407253e+02
-7.637098671479965617e+01
-3.217801574267884916e+02
-1.042116532063755585e+02
-1.385186860691557342e+02
-1.079509447338776766e+02
-9.435011799097627261e+01
-7.991145092531243677e+01
-1.449884309399531617e+02
-2.761769342802367078e+02
-8.374335162439200531e+01
-4.531966023748412908e+01
-2.047959697077402552e+01
-1.956023376090108172e+02
-8.456460906546833201e+01
-1.097410517483203733e+02
-1.281440880906587552e+02
3.389819997878532831e+00
-8.104710039421877354e+01
-7.965477393500182757e+01
-9.648639440730430294e+01
-1.266053917798383992e+02
-7.994166744284063952e+01
-1.434880765796437458e+02
-6.090779711844949418e+01
-9.222080659286562820e+01
-7.008429300610175972e+01
-8.889941474867008253e+01
-6.455342303363470080e+01
-1.282669798619229766e+02
-8.012063804647098664e+01
-1.145135771098605915e+02
-2.219967427779462810e+02
-9.099571689136371333e+01
-8.826755963639163838e+01
-1.318344094231792951e+02
-8.183576431855131261e+01
-3.775404977179712063e+01
-3.575877226782165508e+01
-2.660094236395460143e+01
-5.327002902052763744e+01
-1.791684741856354606e+02
-7.159082616144227984e+01
-1.175417257808113334e+02
-5.437699947067755346e+01
-7.128659031649732469e+01
-2.476687033678634009e+02
-4.185460897760595458e+02
-4.474429117778585407e+01
-1.517732495400452990e+02
-2.280078175043904309e+01
-9.628012967311455839e+01
-1.090104238502490404e+02
-7.370837594414120986e+01
-4.889919980397193200e+01
-4.206193650118953542e+01
-5.489397770307158453e+01
-4.874382853829357742e+01
-8.518421495157791412e+01
-9.154498207198015791e+01
-3.891688617513457160e+01
-8.139125011290340694e+01
-7.375340305432689547e+01
-7.989189038568581225e+01
-1.910097018387871515e+01
-2.809136025536132308e+01
-2.944184585347571783e+02
-5.076802604291945187e+01
-2.151626695370122206e+02
-9.952939009698269501e+01
-5.108252329288917792e+01
-3.398098708138662971e+01
-6.877134176160973311e+01
-8.274654161821388243e+01
2.896019423806279747e+00
-6.572037527259081457e+01
-8.790036240543690838e+01
-2.256966816889045617e+02
-5.387954255633597000e+01
-5.988976040403587575e+01
-7.533690848301390020e+00
-1.937171809694646640e+01
-2.454844760855086747e+02
-6.040288220446170442e+01
-1.665528146819972619e+02
-6.869624528726998847e+01
-1.551105101636152597e+02
-9.133395764825169749e+01
-1.279108268846772489e+02
-9.235455680056668371e+01
-8.399502760034519611e+01
-2.168961439668061075e+02
-1.372382043259407851e+02
-5.189127086738925954e+01
-1.273600443522706627e+02
-9.024941084547182868e+01
-2.158576373062508367e+02
-6.213889457390953908e+01
-9.069815726219110275e+01
-6.805263757120789592e+01
-6.603942798676577297e+01
-3.255615698128367512e+02
-1.927684616474786594e+01
-4.320446656480787340e+01
-3.434378050678559191e+01
-3.388551895125307567e+01
-7.711839788276293461e+01
-3.346105475493578751e+01
-7.022510598486317690e+01
-1.259092409251285574e+02
-5.323614812447274858e+01
-1.668921128858082170e+02
-1.107734173772420831e+02
-7.799282478714803801e+01
-3.556933751386526410e+02
-1.159085576093754213e+02
-1.875513435565252678e+02
-1.931096793726582916e+01
-1.542733621840129103e+02
-6.703114861858642826e+01
-9.791012977913214854e+01
-1.591688934861890061e+02
-5.812564568904539186e+01
-3.705994798678133861e+01
-1.037927547334226688e+02
-5.742013251138115493e+01
-9.011877901869520713e+01
-6.006511295287099017e+01
-1.055352765409000426e+02
-7.132018451566456463e+01
-6.634538637883680678e+01
-5.353191504191341465e+01
-1.034786500500858750e+02
1.921319177874757855e+01
-3.138387624055322931e+02
-8.125908738781615170e+01
-1.814196952941354652e+02
-6.659754644218170938e+01
-1.316920028259231117e+02
-5.080772678971492695e+01
-3.945804320819624422e+01
-6.424858025045341492e+01
-1.858237698488973706e+02
-4.366984577616422314e+01
-6.543535591870156054e+01
-7.384078489614775265e+01
-2.336295816056891965e+02
-1.558820848560004606e+02
-2.972825904959353238e+02
-7.191728172975852829e+01
8.273538220809385280e+00
-5.184808188191597367e+01
-7.141795563045803874e+01
-2.681192012466663073e+02
-1.014958860562792609e+02
-1.855482211200884990e+02
-7.756652022102460364e+01
-1.495445478938066231e+02
-1.057328358820027745e+02
-1.538298588143751431e+02
-1.874787686297613050e+02
-1.224977507864030173e+02
-1.534190764283083865e+02
-7.169799025711014906e+01
-1.233983876347733570e+02
-4.842934066685829464e+01
-4.991312903650123189e+01
6.905718103965966748e+00
-1.518740689814355562e+02
-4.575499408088592190e+01
-5.828822885921003660e+01
-1.270723082711926111e+01
-1.112329066902606485e+02
-2.014822199954564326e+02
-7.070782164516199941e+01
-5.571333191315849831e+01
-4.493464625986266014e+01
-1.089209235994601812e+02
-7.224012940710424857e+01
-9.500477742282215843e+01
-9.215468224537038111e+01
-1.202980053005672403e+02
-9.562733998450660522e+01
-1.685959564051453867e+02
-8.786795951521796155e+01
-3.555855806263824661e+02
-4.143598871927400040e+01
-6.666779783152441041e+01
-2.965446857604854927e+02
-7.792237466775729615e+01
-2.581468161798900383e+02
-1.286480666676712588e+02
-1.218165580769662313e+02
-2.828100909595481198e+02
-1.321407955063390318e+02
-2.498465768767788120e+01
-4.066874917832258234e+02
-5.243984035378227304e+01
-9.407602171585803319e+01
-9.486207026932265762e+01
-1.821124070624790363e+02
-1.607066433050712249e+02
-3.640533815526600137e+01
-6.845971974814425209e+01
-7.831350012951975259e+01
-5.182925313445750248e+01
-5.703103713990769563e+01
-8.292977092429126174e+01
-4.795775910671774511e+01
-1.055106988152754894e+02
-6.936390551966708529e+01
-8.015920414420935458e+01
-7.855827828714339489e+01
-7.096505371775569415e+01
-5.125405926875374973e+01
-1.225416690152661090e+02
-2.934696297544256538e+01
1.376477310056856140e-01
-1.927088952827972435e+02
-3.219547706940574017e+02
-6.122471236245168313e+01
-2.095817786512864700e+01
-2.219444829041662217e+02
-1.167703999032471955e+02
-6.545367857397178568e+01
-6.805265206755618124e+01
-1.007201396535298841e+02
-3.142831122484851392e+01
-6.155281282948501342e+01
-1.315721193261377095e+02
-7.181820334297324848e+01
-1.422332170085184089e+00
-9.044565886109542419e+01
-2.072113639455884027e+01
-4.695597917213196126e+01
-8.416125899412581646e+01
5.206834734558185573e-02
-7.628192434857108140e+01
-1.073000736314805579e+02
-2.056834738766470139e+01
-4.482272392064876954e+01
-2.517888101563058001e+02
-1.283229032794378952e+02
-1.112317347364121218e+02
-6.211219300043632074e+01
-7.900058734081058276e+01
-6.531897027731281469e+01
-5.540082351548553419e+01
-2.017465875604859207e+02
-3.693143977535549283e+01
-1.095114817011992443e+02
-2.668439540185138412e+02
-4.390209959021480302e+01
-1.697354074659635614e+01
-6.936847443902776433e+01
-1.149106534157937602e+02
-2.798950999485150248e+01
-2.832767300053509985e+02
-8.231385541729420652e+01
-7.222600303657731047e+01
-1.181357150470244477e+02
-4.260918010917552579e+01
-2.488788568759530619e+02
-4.355574551944945227e+01
-5.391583570047805551e+01
-1.671003051940030559e+02
-7.752017577070847665e+01
-1.481727224635150151e+02
-3.343829723598275905e+01
-4.432941124160998214e+01
-1.835613152528678427e+02
-8.356858387569607771e+01
-9.393876703559101315e+00
-6.280102865686257019e+01
-7.279169359171044107e+01
-1.055917281843382227e+02
-2.350569721192933059e+02
-6.405946666338451223e+01
-2.556992172954135185e+02
-4.144723583148874724e+01
-2.030488216606544540e+02
-1.597468141324617648e+02
-2.936512028558703378e+02
1.489861870146953038e+00
-4.848402502259663294e+01
-1.146407564721792482e+02
-5.205684412754259682e+01
-1.739973299598713368e+02
-1.278906842186357125e+02
-1.820583269048032093e+02
-1.815272502252221329e+02
-7.291624387443268063e+01
1.781755441688972041e+00
-8.433770620969625043e+01
-2.662283414856947843e+02
-1.622072148556526372e+02
-1.195878758537339621e+02
-1.531831448967185736e+02
-1.153070394972590407e+01
-2.976224274790916979e+01
-8.867852062089120579e+01
-1.020885190567423280e+02
-1.414333177724061841e+02
-2.616081650344165723e+02
-3.046203296460635102e+02
-1.185884955561950278e+02
-8.792657010335605605e+01
-2.240700882309025133e+02
-1.367684442054886631e+02
-9.454142246846605246e+01
-2.657087167171589499e+02
-4.317951467329701813e+02
-8.618008372375511783e+01
-5.663057107243923838e+01
-6.809446028554319241e+01
-2.731386040316630215e+02
-2.670256155818996149e+02
-1.875123727708799777e+02
-4.122647828158834216e+01
-2.207480915686508069e+02
-2.058312875427958488e+01
-3.024112729319881510e+02
-2.060801581669189773e+02
-2.030606879082480418e+02
-1.076300277905440623e+02
-2.304322764858769119e+02
-8.833501750418345466e+01
-4.697241422780154352e+01
-5.657065259751677644e+01
-4.821291287811906301e+01
-1.087698845159427208e+02
-2.595859506764332991e+02
-2.149332346186743337e+01
-5.352302301521440597e+01
-1.273333078438528787e+01
-2.131850275010957319e+01
-1.134102579182931692e+02
-3.541657876063230788e+02
-1.761666331348922370e+02
-1.047201914837228998e+02
-2.380715633962265372e+02
-2.194287228813773822e+02
-4.581606476177299925e+01
-9.808011866453014704e+01
-3.264197668703848194e+02
-5.244788651838882743e+01
-1.696298958449335714e+02
-1.221245381933322562e+02
-7.426087307129215276e+01
-3.363963892715273118e+01
-1.375878857695356885e+02
-2.943035899547975021e+01
-4.658780660850509037e+01
7.278653617456768643e+00
-2.535018271254730564e+02
-5.155826636855105960e+01
-3.600927479193704528e+01
-2.929139244971843254e+02
-2.850856364983094977e+02
-6.732356892767793966e+01
-2.073604810370704854e+02
-5.044121050623392932e+01
-6.963300415741413474e+01
-4.009761959634912643e+01
-2.482507111488540943e+02
-4.411686383410926737e+02
-2.147378251900544228e+02
-4.410611675049143798e+01
-3.638701709204950134e+02
-4.094262113512365886e+02
-6.134757632101496228e+01
-1.875555420075903612e+01
-5.822324595600976949e+01
-5.491938443561791416e+01
-1.257575896256055330e+02
-1.146567309665473431e+02
-7.543299552532401719e+01
-2.229653923808592708e+01
-3.189677057946352079e+01
-4.567407179381768145e+01
-2.082976231650692398e+02
-4.008694339568688036e+01
-3.803460672702004786e+01
-1.464484331805605564e+02
-1.959953342455452230e+02
1.978214564405647025e-01
-2.310472241318464341e+02
-1.179807239430570718e+02
-5.735105823241294587e+01
-6.871901994345364528e+00
-5.690371449303584939e+01
-1.293076980204331505e+02
-4.059670698851576844e+02
3.280079504240984534e+01
4.539262979777021201e+00
-5.201802114360749840e+01
-1.940818286087825584e+01
-7.823067478948233600e+01
-6.475391509734970441e+01
-1.900214272682743513e+02
-2.055724859980756491e-01
-6.505707111110974949e+01
-1.016709209618438194e+02
-5.302090101762802732e+01
-4.394749942181077245e+02
-2.363544521284524080e+02
-1.296320280929919591e+02
-7.328966586019495821e+01
8.520627806020257822e+00
-1.434375222467170943e+02
-1.316933669183287918e+02
-8.168346162556262868e+01
-3.004001367471360027e+02
-2.996979084048434174e+02
-4.768155856445429208e+01
-3.825431606872906514e+02
-9.985550320475432784e+01
-1.091584941900852215e+02
-3.851754204685913408e+01
-2.415140104156736527e+02
-3.961693566287961517e+02
-1.291545118474435583e+02
-2.885623918510454189e+01
-2.393449731623180128e+02
-3.099801602370034459e+01
-1.065070491533058430e+02
-2.957519320682758917e+02
-5.890546055921768698e+01
-3.885871456350320585e+01
-1.201417764544819562e+02
-3.211635822884277331e+02
-1.841571330544437046e+01
-5.139829243238551726e-01
-2.753921980346821670e+02
-6.200975233797265673e+01
-2.615962446031797128e+01
-4.902486253285819089e+02
-1.305859693284270406e+02
-4.403327209540562137e+01
-4.300708941955635822e+01
-7.866988674469870091e+01
-3.361672275949517825e+02
-1.778437044912514011e+02
-2.122320395204088754e+02
-1.809372345299565268e+02
-9.950054371931247488e+01
-8.864232236500839690e+00
-1.681952088301958952e+02
-4.039131772940363021e+02
-4.301735760299841331e+02
-1.939491918086195028e+02
1.250471604650758195e+01
-2.104114367425063392e+02
-3.543454117328911934e+01
-2.942256338118176018e+01
-2.924583822382670633e+02
6.642281166943676851e+01
-1.777679700373348055e+02
-1.297285222025210487e+02
-6.364726810683885105e+01
-5.777517080997529320e+02
-3.901217551265952466e+02
-1.998878761934271608e+02
-3.434702743384036694e+01
-1.673471410831675144e+01
-2.351904347874028929e+02
-3.574015892409974526e+02
-3.561273570658121912e+01
-1.349077612331364264e+02
-2.952012492085343638e+02
-4.554503934958599416e+02
-4.343600470624635363e+02
-1.636796607381240847e+02
-1.644561303373736507e+02
-3.189237140944399584e+01
-1.892070747324847559e+02
2.829605568820420558e+01
-1.951029081069660549e+02
1.348698983670301033e+01
-2.391446860059744779e+02
-4.375175816423860056e+02
-5.887779854252976719e+01
-2.461579794193822863e+02
-2.481138964765982280e+02
-2.629296086060450079e+02
-1.178561676536833147e+01
-3.511992781964227106e+02
-3.560858065681643438e+02
-3.946783693165353952e+02
-3.854243556972575107e+02
-4.044825342682077007e+02
-4.291799069432495628e+01
-3.265305815602822292e+01
-1.614310976564327120e+02
-3.912281721467635975e+02
-4.450532904017627516e+02
-1.414770578253641986e+01
-2.852511380936721253e+01
-9.241845992755213501e+01
-9.013453966482094870e+01
-2.313830452202834067e+02
-7.947980118434026053e+01
-1.627632558957225228e+02
-5.731342343330685480e+02
-3.385977182724514023e+02
-3.033505940876869431e+02
3.801798169888252232e+01
-1.766954789438492242e+02
-1.004071670641725689e+02
-1.036211189483793618e+02
-2.698685818083943104e+02
-9.768995914172108996e+00
-4.319304225972027211e+01
-1.664355642877322055e+02
-1.306082952353210658e+02
-2.681500021542060495e+02
-3.806959408297353775e+02
-3.602538409652637483e+02
-1.058983933696972883e+02
-7.135946524854307427e+01
-1.703357025233572983e+02
4.754680073521939221e+00
-2.778869392091248756e+02
-3.494599466570345498e+02
-2.095647448279804621e+02
-3.287684104865978725e+02
-1.727331832844883479e+02
-1.425625137468487651e+02
-8.602154501591380154e+01
-3.572503752272717747e+02
-1.952502904588496335e+01
-3.552131674174947875e+02
-3.345307111498276242e+01
-1.124217715669302748e+02
-1.238955269896946731e+02
-1.581205402940448437e+02
-2.296557805325565482e+01
-9.811479746886548980e+01
7.796833141650637344e+00
-2.495760595244152569e+01
-8.320593058112683593e+01
-1.146559255483491313e+01
-8.772765370520852457e+01
-5.014098737176538521e+02
-8.195823277592945999e+01
-3.976106447856964223e+02
-1.979438201674739162e+00
-8.996442403743530747e+01
-2.039259550364045595e+02
-3.552628295883830845e+01
-1.104594670694363003e+02
-8.282936280397493078e+01
-8.907908534563692626e+01
-8.168601033374761755e+01
-2.043250160660128643e+02
-2.008941724835375453e+02
-7.242736108993179300e+01
-7.453697581237268821e+01
5.520258886456673508e+00
-1.567332211191621525e+02
-1.302862372732850531e+02
-1.200490952832927150e+02
-1.823189332322058362e+02
-2.556825677187387669e+01
-4.434958469183464445e+02
-1.567045450875125994e+02
9.607487952183419111e+00
-7.325490903135502663e+00
-4.987222818684817298e+02
-2.504644412979716606e+01
-1.850564693155508849e+02
-3.654749856527910765e+02
-2.357530444977421382e+02
-1.336523312533910541e+02
-4.503928765927270916e+01
-7.128667312104404630e+01
-8.223412034824467298e+01
-2.497556988512661746e+02
-1.538724548721911844e+01
-6.787655422002620753e+01
-2.322982365983870068e+02
-2.098993394592922357e+02
-8.505535572826688906e+01
-5.521979875699554441e+01
-2.277419203795538181e+02
-9.957568360836137344e+01
-7.341196477148807276e+01
-2.785469060519961317e+02
-3.028469750814838335e+02
-1.019118372988213679e+02
-1.037811302161210989e+02
-1.504810121322647660e+02
-3.922600775633062398e+01
-5.368995108647754932e+01
-5.556787020592119575e+01
-1.225960474683882921e+02
-2.305842170403261893e+00
-3.597983461258706939e+01
-5.417587602871701336e+01
-2.230868820303769553e+02
-2.296649531834506419e+01
-2.277614348979359136e+02
-4.945964367419728092e+01
2.552531288399174514e+01
-7.472209043351477931e+01
-7.591592555239250828e+01
-3.423721928331164577e+01
-4.055432955316312587e+02
-8.281123731970681945e+01
-4.995782181096991081e+01
-9.054233438778315701e+01
-1.101493757313770772e+02
-7.260744244919929713e+01
-5.488679520434425996e+01
-3.269046356228935224e+01
2.049197357152597476e+01
-5.190032636629510421e+00
-6.464660522550624933e+01
1.813517591139263629e+01
-5.493545871683487292e+01
-7.130814383760682063e+01
-6.461895259957742610e+01
-2.110791688674785291e+02
-2.372505881861286525e+01
-4.107473571586523065e+01
-2.479620054808054590e+02
-7.621163758624803108e+01
-1.435898475373686267e+01
-2.081251252466574897e+02
-1.002486192935125615e+02
-7.793152281540272952e+01
-7.104705103633101260e+01
-6.143253733492065294e+01
-7.618542534159666957e+01
-4.577705527645490946e+01
4.823258839968218581e+00
-1.110730591337638913e+02
-5.313050907895827635e+01
-6.686767871933358975e-01
-3.107558284542821525e+01
-1.026293775797243484e+02
-9.596661596797713401e+01
-5.877352768283122231e+01
-2.612372768899571156e+02
-1.691539122808056561e+01
-2.786998588667756138e+01
-7.147554404920137472e+01
-1.074807778462844539e+02
-5.843701939285875113e+01
-1.126478413061634569e+02
-5.355504421257627712e+01
-1.534253824620239186e+02
-6.945704188882662322e+01
-2.030138624442997752e+02
-4.668533942005210946e+01
-1.221967345193895511e+02
-4.121484951668301733e+01
-3.128909851499416561e+01
-6.297060370764194914e+01
-5.834201483941060218e+01
-7.058929913968100323e+01
-5.670944787830148925e+01
-7.406568024162440622e+01
-1.040368065287382819e+02
-7.938680277284336739e+01
-1.138126530807367658e+02
-4.740883029893821288e+01
-3.593928615107931535e+01
-1.395961108163365338e+01
-2.348950445288894286e+02
-2.980511538557065876e+01
-1.785164068058368798e+02
-7.532228455019016167e+01
-7.062013091489755823e+01
1.632048687730454617e+01
-2.342783562589163182e+01
-5.594303891171414733e+01
-1.366255006189344954e+02
-5.793909325602419358e+01
-1.158657393148244807e+01
-4.482329128220864334e+01
-4.301566632703340076e+01
-1.641807941467976661e+01
-4.445264571807636145e+01
-3.912062588414184461e+01
-4.887913457732543776e+01
-3.044639490202979459e+01
-3.671603406486413945e+01
-5.893691133253453529e+01
-2.297957725710641341e+01
-6.906875091970391622e+00
-3.504876242021757093e+01
-7.081947441013551270e+01
-1.053216618291254463e+02
-1.785536142358112954e+01
-1.966359012497361505e+02
-8.572930779360603992e+00
-4.812536192718408756e+01
-1.216314043208303985e+01
-3.289579555242153219e+01
1.215063725008329243e+01
-4.398143721280948881e+01
-1.116906634144521604e+01
-5.667480418543588172e+01
-2.331392624403271441e+01
-2.395747468183693343e+02
-1.661689223815290006e+02
-2.442885906396943199e+02
-5.895461121874107846e+01
-2.387288940366538270e+02
-2.428554769036699668e+01
-5.630965468274533947e+01
-6.016780778425211906e+01
-5.624493430967508800e+01
-3.629879482217634745e+01
-7.669163136713942208e+01
-6.467714244475970986e+01
-9.877850111786837317e+01
-4.247667908874937837e+01
-1.552745274586672508e+02
-2.568827758877786493e+01
-5.789285077155594195e+01
-3.199642331712540511e+01
-1.327704413918574176e+02
-1.148108506340532813e+02
-8.130789498557322759e+01
-1.956589675481283166e+02
-9.765389808975020003e+01
-9.414648203860662079e+01
-6.413319186332803667e+01
-2.147581600471542629e+02
-6.706572664372575332e+01
-8.465782275742525087e+01
-4.271800295025741434e+00
-8.707892994347560034e+01
-1.351218322346905154e+02
-2.437070839623474683e+01
-2.276583626929264881e+01
-6.543766924160856036e+01
1.558282212255211618e+01
-1.383036447319769024e+02
-3.313644022798886226e+02
2.337454811239989283e+01
-1.750430660233234903e+00
-4.245329173501053077e+01
7.682316563553982292e+00
-5.239620587041632405e+01
-2.103961936433229312e+02
-5.627406842330397296e+01
-4.242995997216709014e+01
-6.754677247535556717e+01
-5.484980508727326765e+01
-7.122712741811386650e+01
-4.525897475581249552e+01
-2.849960677945015277e+02
-1.737535584060111660e+02
-1.941380355742737720e+02
-6.506235072659649177e+01
-7.279283344893053709e+01
-1.907584189237240935e+01
-9.577186588021973535e+01
-5.661148865670782016e+01
-8.358920147087999908e+01
-1.058735815926764303e+02
-9.575605897001621258e+01
-9.288023416035287028e+01
-2.377377366211689491e+01
-7.286899992820752914e+01
-1.002366993026983408e+02
-3.511450109624590254e+01
-1.732760989231256019e+02
-4.342656351040783846e+01
-6.217922094502355890e+01
-1.038924274435297264e+02
-6.607580260753087487e+01
-2.445005222395574833e+02
-7.874604486683946902e+01
-9.101959665832731616e+01
-3.430844396896695514e+01
-8.325321154844195348e+01
-2.186626993096626848e+01
-1.096366578844826734e+01
-3.993798873207090594e+01
-4.757739094665533486e+01
-1.445499362312339713e+02
1.519206304259469675e+00
-2.988858563057934816e+02
-1.777295579681641584e+02
-1.371777880129312166e+02
-1.148769928062867223e+02
3.706271641058378918e+00
-9.613949382502305241e+01
-1.371784401752283316e+02
-2.514118290910351448e+02
-3.759230581066304921e+00
-1.964296762474734805e+02
-1.440506493778532331e+02
-1.558391829828443633e+02
-7.662092010603483061e+01
-5.241925028077253756e+01
-8.409962540116697483e+01
-1.416110977716047046e+02
2.420934101565627827e+01
-4.205190719497235818e+01
-7.954187239344648219e+01
-1.372266598845202452e+02
-3.383459047467463279e+02
-1.604849043879059138e+02
-3.395165887309926234e+01
-7.662726504916359715e+01
-1.651111650851073591e+02
-6.800303531102164811e+01
-5.368730318883893204e+01
-5.552531442573055642e+01
-1.025494419936602952e+02
-1.335121349934902355e+02
-4.966906329633127370e+01
-8.837518183077212086e+01
1.128145168934808851e+01
-1.532844093475424927e+02
-7.943709723576333204e+00
-2.059207899141441089e+01
-3.020296882479894975e+02
-1.024036046846754289e+01
-5.247941401640834158e+01
-6.121505957838034107e+01
-4.588716380324748911e+01
-4.237388534761949899e+01
-1.568078529704339417e+02
2.709959203045411869e+01
-1.586664587896297576e+02
-5.991579290406464509e+01
-6.887611736648472061e+01
-1.655899458888942775e+02
2.450888926002173207e+01
-3.340740147685836803e+01
-5.200158952169787341e+01
-1.526498906424553184e+02
-2.087542098757646158e+01
-1.185303776385853496e+02
-4.996417715712181717e+01
-9.716484606534331192e+01
-6.896608058503558425e+01
-3.893963681746084404e+01
6.053302835151185946e+00
-1.111269925096542011e+02
-1.465273602453755188e+02
-1.254130958944119811e+01
-1.241611293137829648e+02
-3.641499737949058613e+01
-1.220123539361632226e+02
-6.199348108706983140e+01
-4.324238512357335651e+01
-3.800637421144197958e+01
-4.219629138213867492e+01
-8.223388723162352676e+01
-9.731748566526555067e+01
-5.379333648888611208e+01
-1.527866535739390201e+02
3.018218193128754478e+01
-4.842547969573841726e+01
-3.454666085313128576e+01
-9.451225275136653181e+01
-5.868105520613898562e+01
-6.766419426737563469e+01
-3.941101828232714865e+01
-4.722277108843005067e+01
-2.746990795264993608e+02
3.461515244348919396e+01
-1.438073179431076483e+02
-1.669976427268670705e+02
-6.059749751451231248e+01
-3.860545929900762729e+01
-2.274622987874249418e+02
-1.530518218354654891e+02
-4.385564537050006493e+02
-1.064649162214451508e+02
-8.350834787577824159e+01
-1.828886451205971184e+02
-1.148681185128757107e+02
-6.413651179338683050e+01
-6.928317375275833001e+01
-1.109908649254199986e+01
8.172951296715797298e+01
-8.350094413863537568e+01
-1.432188105866700880e+02
-1.316604337928859820e+02
-1.101088319083375353e+02
-8.675124119564230796e+00
-2.730563903317870711e+01
-9.763697966456655308e+01
-1.922837836985646334e+02
-1.160454104591680817e+02
-2.750170546734818799e+02
-3.127947106781471120e+01
-1.027734448348067247e+02
2.935821196583700043e+01
-1.876510043604465636e+02
3.288106869730782478e+00
-7.653035724311813226e+01
-4.462461564035606898e+01
-4.490163427893287462e+01
-1.370231569187377545e+02
-3.506702225222866787e+00
-4.739083784937065502e+00
-9.450943484282305462e+01
-4.693356495813613947e+02
-4.954349230467516918e+01
-2.858266211374890418e+02
1.353595032636205886e+01
-5.560894660882480878e+01
-8.087828874272167923e+01
1.852476466578963255e+00
-1.110937256128148363e+02
-1.566138260306771883e+02
-9.845653909092841616e+01
-1.587520530130088332e+02
-4.452355035071590095e+01
-1.222602839364883351e+02
-1.058885642559951066e+02
-2.454928698351732521e+02
-5.731266079386090695e+01
-6.344908607187144156e+01
-1.947349413772826949e+02
-1.295643697837897150e+02
-2.157946889698792461e+02
-2.835243314050643448e+00
-2.194860081009150576e+02
-8.328738574631671554e+00
-1.040859879477485919e+02
-1.735427682367179045e+02
-1.687087667412226324e+02
-1.649528548426508223e+02
-2.905848532104126036e+01
-4.663513911918735033e+01
4.531559700410980440e+00
-7.199618134022492200e+01
-2.144545183852661978e+02
-2.980531445925572598e+02
-1.516154681439010403e+02
2.656628892391712071e+01
-1.926765791561811625e+01
-1.909998609872816928e+02
-7.232455289903214180e+00
-1.189372553928693605e+02
-1.287685440256250047e+02
-1.227616755078411757e+02
-1.915048868848282950e+02
-2.163050458138137699e+01
-6.465077452023837168e+01
-1.567236256418772484e+02
5.086105192712884104e+01
-2.150292687578372579e+02
-2.492259880939852508e+02
-1.625380389546259607e+02
-1.543233338669528507e+02
-1.340720386536501110e+02
-2.065383737640219124e+02
-2.336155840927817451e+01
-1.499028942851398938e+01
-9.036316278464491347e+01
-5.461781640823266315e+01
-6.156528822425615743e+01
1.796075003636404688e+01
-2.195946929256724047e+02
-2.548837039791672510e+02
-1.957588000325415578e+02
-2.891154010742734215e+01
-6.665066580828241172e+01
-1.793907856571071875e+02
-2.843954970206406756e+02
-1.794316186047650490e+02
6.947436123875903036e+01
-4.413883128424281210e+01
-3.348132015126317924e+02
-7.789349715196853197e+01
-1.384595870435115614e+02
-8.400485676015313175e+01
-1.563371843297590260e+02
-9.544212307452691846e+01
-1.667150228983533395e+02
-7.510767167895006935e+01
-1.233113553067691726e+02
-1.367750788472423551e+02
-1.763046688185909261e+02
-1.905187262850853358e+02
-3.027764185181619894e+01
-5.610883005226155262e+01
-1.959039901074796717e+02
-3.604150516150535566e+01
-1.034988028412021919e+02
-7.386531119344547847e+01
-1.171622112600017545e+02
3.817020499634580943e+01
-7.800016485369847885e+01
-1.510260396777270273e+02
-8.601091278436244636e+01
-2.904083454998063871e+02
-9.862766054167869356e+01
-9.772139870379463389e+01
-5.926200108073089723e+01
-4.133200345241226614e+01
-2.492041535990919385e+02
-1.732710089411402521e+01
-6.842507894994824369e+00
-1.390410003184170193e+02
-7.131253117199645430e+01
-1.120563744428912258e+02
-5.200926701698956833e+01
-6.333930293152580049e+01
-9.734690945664141282e+01
-8.540172096732629825e+01
-5.796460126888754871e+01
-6.337501594487508783e+01
-2.013228303239287129e+02
-2.497997182334681554e+02
-1.381512210454375520e+02
-3.314807291956959556e+00
-1.424858062962074712e+01
-6.864190765545932038e+01
-1.104968533783790861e+02
-4.453657031520410925e+01
-2.612575585160652736e+01
-5.810279668375894602e+01
-1.006384073620185546e+02
-6.767008019681006203e+01
-4.658732794943971101e+01
-2.660719424010837031e+01
-2.249004164723118890e+02
3.396908525158354308e+01
-6.224903565358731328e+01
-6.567725925035401247e+01
3.523041263444170568e+00
-1.378415301750310107e+01
-2.449650604003757621e+02
-8.056773824921862115e+01
-5.889453794191815916e+01
3.100740251700576877e+01
-7.715610075104694943e+01
-1.552705225930144479e+02
-6.026962167283348037e+01
-2.807068122959535685e+02
-2.876578126470158736e+01
-5.337996366938897097e+01
-4.185903387167219591e+01
-3.746200682879934618e+01
-3.472256694975021674e+02
-8.090491401465527588e+00
-6.389376245246160124e+01
-2.842888720154735438e+01
-1.702970389817939463e+02
-3.240863232005044381e+01
4.015067706262126990e+01
-1.485254252610880599e+02
-2.903986469732212754e+02
-2.695268854225265613e+02
-3.372107341212026199e+01
-1.058333956747399895e+01
-9.904269654972704018e+01
-1.026084587646499955e+02
-7.414128175087320471e+01
-6.990095132883061524e+01
-1.082715006712646328e+02
-4.298589861659483091e+01
-3.970847267674844971e+01
-2.374257988438844791e+01
-1.094117493837391493e+02
-4.712043694527285709e+01
-1.581521811859739728e+02
-2.872681238813611913e+02
-1.648576888759385497e+02
-3.209601244136862874e+01
2.165286671185474177e+01
-2.806671162718849359e+02
-7.384380544563050819e+01
-1.104369027071236360e+02
-4.941090288319685442e+01
-9.524673878210762723e+00
-7.195656992666452823e+01
-1.506346898672466637e+02
-8.302990403772406580e+01
-6.219803667026685901e+01
-1.596730869874664620e+02
-1.472036100453659628e+02
-7.649837715500491697e+01
2.382032882880923808e+01
-8.729371089132438044e+01
-8.422308823710341130e+01
-2.320477662084811925e+02
-7.592082923899151581e+01
-2.725233543556976556e+00
-9.122612000738786264e+01
-1.509697098879370287e+02
-1.139356384785826037e+02
-5.978185559743206312e+01
-1.031503943026536945e+02
-3.210655128423885571e+02
-5.592812903435732608e+01
-6.507058816541120905e+01
-6.381089974299861467e+01
-9.773905759010364136e+01
-7.817680800659817919e+01
-7.823280412377238235e+01
-1.266687831166995011e+02
-6.953450407027199276e+01
3.237664198213127520e+01
-9.171520387367442595e+01
-6.967716697577773743e+01
2.094284575275864313e+00
-1.541496429039970906e+01
2.032709118768261192e+01
2.059309146210978270e+00
5.007107183588219357e+01
-3.836623206372244255e+01
-2.698732093330675639e+02
-2.605866690371247785e+01
-2.390800566314802609e+02
-2.107959223223668346e+02
-6.693557926956961524e+01
-2.971495744009170039e+02
-5.285838634062011465e+01
-3.579034193133117583e+02
-3.353758542458385250e+01
-1.540169303692375422e+02
-2.433357565355596250e+02
-2.493659356273462890e+02
-6.721375933578414674e+01
1.994221490896184434e+01
-1.277736364884093376e+02
1.504518475543335398e+00
-6.781977806459204317e+01
-8.083305827429046531e+01
9.044905426093670542e+01
-3.275781366949603068e+01
-6.096742642792179367e+00
-2.381889555291068916e+01
-5.044909725948710388e+01
-1.824669486681958688e+02
-2.353960565596812842e+02
1.851347239877057405e+00
-3.889384238881702061e+01
-1.990988251247741516e+02
-2.137136397167766972e+02
-4.474476748273953319e+01
3.601091851233252328e+01
-2.548158791525521281e+02
-2.201140985297366228e+02
-2.212552763832313758e+02
-1.843917732019970117e+02
-1.038723081754594375e+02
-1.269724267195263820e+02
-7.571452593300307399e+00
-2.277986928300591671e+02
-7.055671497800872771e+01
2.807753073697924151e+01
-4.943532098679361297e+01
-1.180586370614155811e+02
-1.721193321281239719e+01
-3.355416843110145919e+01
4.941329608621705916e+01
-3.138745602378733679e+00
-4.136528909684889044e+01
-2.411821624044253554e+01
-2.069899523532036767e+02
-9.313616263868942724e+01
-5.001042885825334849e+01
-3.991827893978889108e+01
-2.568362572389199272e+01
-4.526185193334639223e+01
3.709030250566260634e+01
-4.110299221942457137e+01
-5.285518789039948473e+01
-3.800002814844224730e+01
2.926891716149749811e+01
-1.899797924477821311e+02
-3.853278749507674661e+01
-1.392695496980945791e+02
-9.263178089624261702e+00
-6.147809366867645053e+01
-6.131235444344456909e+01
-9.088568983195966666e+01
-2.207817372694437097e+02
-9.008596963445771166e+01
8.118178928179830223e+00
-4.083012911053951655e+01
-9.832871704657520695e+00
-4.084446964249085710e+01
-6.119635817650222975e+01
-4.632464003696634336e+01
-4.834515763967253577e+01
-1.651600334143419957e+01
4.022977866955596937e+01
2.367548762933610362e+01
-5.783632739126120725e+01
-3.073534555216545527e+01
1.608654059999442154e+01
-1.573857371381045311e+02
-5.367240592303032543e+01
-2.024018403202362038e+02
-4.334412920425862126e+01
-4.937304907313983904e+01
-5.900067826015693129e+01
-2.377800406073944259e+02
-2.481469047359293256e+01
-3.010603468591861542e+01
-1.625722855911742215e+02
-2.953287665627930210e+02
-7.868394485390939508e+01
-8.845593694903712390e+00
-5.222184085774623696e+01
3.428409613678212509e+00
-1.922709452452114931e+01
-5.341224506996655919e+01
-4.308572581551186431e+01
-3.835214122096123646e+01
-7.857371414834062762e+00
-4.276259406364356153e+01
-1.008118117617380278e+02
3.666940530853985791e+01
-3.888671591506430332e+02
-1.349407189791097039e+01
5.369089219888814313e+01
-3.233830173981957614e+02
-1.910788244953687354e+02
-3.539013968772958663e+01
1.532743830441612154e+01
1.932241392173726169e+01
-6.092813100600350396e+01
-1.579333670176136195e+01
-4.404702482090069537e+01
-2.170552971436219423e+02
5.195963592544356402e+01
-9.169446371053410871e+00
-8.703856733545336510e+01
-1.982901788098572240e+02
-2.950255127347912776e+01
1.178821767807862386e+01
-1.398570565325043731e+02
9.831218128479203955e+00
6.390605931707398213e-01
2.304810649077151652e+01
-2.238930710613952328e+02
-2.397163128336667626e+01
-6.458546381329669828e+01
-2.423448733989319237e+02
7.082246641395357756e-01
2.526501787015858724e+01
-1.231043179241501946e+02
-1.993910155399993869e+02
-7.385122316262695108e+00
-8.614936809330629330e+01
2.892299778470936644e+01
-2.102854782029197267e+01
3.742494131868622276e+01
-1.510696610978530430e+01
-8.523131382454025129e+00
-2.097155553295893071e+02
-7.256211478412340909e+01
-2.456059574940411494e+02
4.377232435652649656e+01
-1.051326588318768671e+02
4.023897051670441982e+01
-8.694301577841952167e+01
-3.655232349786071921e+01
-4.784838642612251647e+01
-2.377673461040719474e+02
2.025468940311725419e-02
1.500754194872702740e+01
-4.083917314124392561e+01
-4.787962489733785532e+01
-5.655347836678067353e+01
3.401955971336506934e+01
-1.986593202212590370e+01
-2.775767081481960474e+01
-2.084237313206276099e+01
-3.091552621055730299e+01
-1.771715773094646806e+02
-3.266338546096714879e+01
-2.584668178912348822e+02
-1.709103987310319894e+02
2.974366308808220083e+01
-5.529572640474460599e+01
-4.480599799616966550e+01
-1.711659625187298275e+02
3.809539944607189454e+01
-3.896117225190893407e+01
-2.647525376098692504e+02
1.336993448253586791e+01
-2.472945121970182925e+01
-1.814402207353689960e+02
-1.035484939325196763e+02
-2.312055186794775068e+02
4.947105244904503252e+01
-1.478370625065228694e+01
-1.763556575669283575e+02
5.207662039429930445e+01
4.167730303187200036e+01
-5.403740243386958753e+01
-1.712505469420524662e+01
4.676234593558245933e+01
-4.117659198526083486e+01
-1.003241788857008032e+01
-4.338933119803206750e+01
-2.555471446159938296e+02
-2.296713303859052075e+02
-9.434365978498399841e+01
-7.315637402005151557e+00
-1.722531091839112207e+02
-2.147351615576757240e+02
-2.959242474112978698e+02
9.446804444656109467e-01
1.203416881149934170e+01
-2.520095103009936679e+02
-2.606244606466764253e+02
-3.046936078929508653e+02
-1.323562115891556346e+01
-2.587515326374912661e+01
-8.169289111940841508e+01
-1.335607740670275234e+02
-2.282080248178847057e+02
-7.605364191913588456e+01
9.214157897972975775e+01
-2.955669154514626484e+01
-9.540549442000423142e+01
-2.263796281141965210e+02
-3.551859505599983891e+01
-4.131710682058892559e+01
-1.817694386849223065e+02
-6.900987300307946271e+00
-1.200743521190240699e+02
4.867695302239894772e+01
-2.020105714202681497e+02
-2.169441475069276635e+02
-4.673383985015165081e+02
-7.685448092932000463e+01
-6.756784633653887795e+01
-1.449859818271586107e+02
-8.178131887537777800e+01
-1.564465327527504996e+02
-5.519446654801976138e+01
-9.869408578267997711e+01
-4.337507311730450255e+01
-6.355841906152173237e+01
-1.159296466580171625e+01
-2.445551902023617288e+02
-2.516200719783643649e+02
-1.772555079784252143e+02
-2.537077341984422105e+02
3.730058354303390189e+01
-2.567381258947715139e+01
-1.736664423777159527e+02
-8.109095740122232598e+01
-1.890044315578702481e+02
-9.762327672620281760e+01
-2.318968987308964529e+02
-1.113694727728443468e+01
-1.010723684166918162e+02
-5.198324989132724738e+01
-1.338562782505968585e+01
-2.098046291907334648e+01
-4.693988734944534258e+01
4.655036739356285125e+01
-1.680628280180843603e+01
2.438673337520723905e+01
-6.636451431687333979e+00
-2.848186732578191140e+02
-1.655624901569088649e+02
-3.029916420559226253e+01
-2.806455981502345765e+01
-2.332025273061059920e+02
-2.421969762751425037e+02
7.076384882562709322e+01
-2.960547499820853545e+01
2.410118615638468498e+01
-2.480677512598767862e+02
-1.242715194396218550e+02
-1.930041952730814501e+02
-2.649978403668362716e+02
-2.467894467236311584e+02
4.888453160520341356e+01
-1.984392503501547083e+02
-1.014883191875294131e+02
3.303231872271010161e+01
-1.462472828784544561e+02
-6.113191748866213970e+00
-2.107975690026802056e+02
-2.363418297913394781e+02
-1.056106402570453469e+02
-2.165992585209756669e+02
-1.394111090075449795e+02
3.830656115768633185e+00
-4.366692294910555461e+01
-2.323618691231634159e+01
-5.674577363722786316e+01
-7.527844969604363712e+01
-4.391933140102243556e+02
4.437939286807505823e+01
-1.985617923561295015e+02
-1.793184359099860217e+02
-1.001365630138988934e+02
-3.082443792535232205e+02
5.361042085723472184e+01
2.367115637627482272e+01
-1.322515312322479133e+02
-5.634297960844314446e+01
-1.970761332975554865e+02
3.756672709770558782e+01
1.373334854740814137e+01
-2.120381085174656732e+01
-1.353780158377971929e+02
-2.372139312431503413e+02
-2.604731324972004813e+02
-2.114544183417509657e+02
-2.311263842614803821e+01
8.968283966328436918e+01
1.173107292797833878e+00
-2.508090288525221752e+02
-2.350814590172510350e+02
-2.278662379977057526e+02
-7.555021455470267711e+00
-4.061734801338540990e+01
3.251981170109414165e+01
-2.445768068501164407e+02
-1.252322106905697865e+02
8.331288113397107509e+01
4.428472282530597681e+01
3.953869229804196550e+01
5.842949146456277987e+01
-2.160055109854986881e+02
-3.826594962596414717e+01
-2.269702308340461059e+02
-5.751013310347119045e+00
-5.598770354485585443e+01
-7.563339150957631318e+01
-2.746640661921938076e+01
4.512113334930534592e+01
-2.321836725001385275e+02
-4.138561119743186509e+02
9.880016672732816119e+01
-9.136773449447431972e+00
-4.577887493859139312e+01
-2.038702532404293777e+01
-5.950342844538255349e+01
-2.985979237778252582e+00
-8.791040849405163726e+00
2.403272618506710501e+01
-5.127462430662593533e+02
6.820254595674222742e+01
-2.254798959571569412e+02
-2.366647411393778100e+02
-3.740972321850894389e+01
-3.661509898033067145e+01
2.972511819349790585e+01
4.180063396277646603e+01
-6.148008969994906892e+01
-3.836056475945634503e+01
-1.161063344158873321e+02
-2.588969409436197111e+01
4.170040507416851483e+01
-2.294799448853662227e+02
-4.719171514081816099e+01
4.221912754868526463e+01
8.413835525940822890e+01
-1.896339613553398351e+02
-1.579760495159290201e+01
6.959689161839895633e+01
-5.111942784243225901e+01
-2.628052470114168955e+02
3.443106098758920552e+01
3.452552450874964052e+01
-3.139157253101987521e+01
4.928618955015922154e+01
2.322078827563392167e+01
-6.140726681119647878e+01
2.019300966798525110e+00
4.074037750501011601e+01
-1.958384097816906433e+01
-1.886174994307624502e+02
-5.005218283329850237e+01
3.205858001347158392e+01
-6.499954868693748722e+00
4.697024462123164312e+01
-2.459648534468380490e+02
-9.077277195146999134e+01
-2.544404808215371361e+01
4.248575031744627495e+01
1.064685688572473055e+01
-4.617815721639162803e+02
-2.135389754879069528e+02
3.794743008899354209e+01
7.374474468368617863e+00
-2.167890782168211103e+02
-1.412151924377744194e+01
6.079227763017408392e+01
2.970734645017640219e+01
-1.218406488236040275e+01
-1.951521346667297507e+02
-1.848562009789008016e+02
4.280539913048951917e+01
-1.740300297697398832e+02
-1.882061727769606918e+01
-9.676504212708238128e+00
-1.841349703770184476e+01
5.793794692196221519e+01
-1.955012516156392905e+02
-5.563261332823772420e+01
-7.727418037677277596e+01
-2.532497561728611970e+02
-3.865891511838840700e+01
-1.393237956111131837e+01
-1.497622069280845380e+01
8.748919656740277162e+01
-6.836405042355046646e+01
-2.036977613359333077e+02
-5.733545089373588155e+01
1.114118604870519533e+02
-1.339382886773354642e+02
-1.478920309179514447e+00
-2.502405109220910617e+01
1.722820286609338325e+01
-3.547904006601794435e+01
-8.830890523131344594e+00
3.999787819793138510e+01
1.809641596219453419e+01
6.221091014180467482e+01
-1.662616192453215547e+01
7.148957666306628767e+01
-3.915431349051011978e+01
1.139608676827871108e+02
4.769341519612453340e-01
1.564550584367978558e+01
1.952213267377742056e+01
1.090145682849615127e+01
-4.839502537595934939e+01
7.135386618561443584e+01
-7.364416571202107775e+01
-8.077680059898547427e+01
-3.913127353974572031e+01
-3.053160024990684747e+02
-2.178975119264319176e+02
-3.446702982411508174e+02
4.378269043777225988e+01
-3.295567820099249445e+01
7.659500084191634528e+00
-4.350044380705987201e+00
-3.326073667519914352e+02
-5.922578525604315303e+00
-1.730672916534724948e+02
-8.302035519156166288e+01
-6.909860700973737835e+01
-9.669725278456982664e+01
5.196444813561267750e+01
8.446695190906538642e+00
-1.421933609077904634e+02
-2.398152659901700474e+02
-1.705005956062194059e+02
-8.792697353501574753e+01
4.557315954040422668e+01
-1.850200045587447448e+02
-6.022207871807301416e+01
-3.641199844832824795e+01
-8.566496647342651727e+01
-1.410032996622588826e+02
6.325819645133524460e+01
-6.659076653070466989e+01
1.804717089537277275e+00
-1.710486806052979887e+02
6.191621986756916129e+01
4.374436224173705767e+01
-2.434193374532699750e+02
-2.952145559534934591e+02
-2.813010010655960969e+02
1.546514307585596271e+01
9.622169974309876750e+01
-2.126853316367119362e+02
3.525718414722173577e+01
-4.010034713365097758e+01
-1.942181531321400598e+02
1.196118716816764902e+02
-1.167688247629730398e+02
-2.570573971871615413e+02
-1.429657636438228110e+02
7.764084684230851963e+00
-1.467114583640035903e+02
-1.447264731252583942e+02
-1.744438026917464413e+01
1.758060050815831232e+01
-4.129248164071091054e+01
6.868217726320851568e+01
4.078643559444350331e+01
-4.465668580939105681e+01
-2.081591463685010410e+02
-3.621428030445419495e+02
-1.687702008660833712e+02
-2.139101348888423786e+02
-2.633222926603352789e+02
-1.524078848672648689e+01
-1.031268995733383065e+02
9.095443969384534455e+01
5.528229514323032845e+01
5.271641686125050796e+01
-2.409077200693690486e+02
-3.129391646438079988e+02
-3.728902836712763929e+02
6.332136634526561636e+01
-3.425084560687354838e+02
-7.623334238810400620e+00
-1.995995879174911920e+02
-6.729882054984670958e+00
5.876973144699486795e+01
-3.237315257991081126e+02
-1.564331000154732578e+02
8.827532927766179682e+01
-1.177756797513455354e+02
-2.541682387484993910e+02
8.359758065585027964e+01
7.518714193682629343e+01
-5.559563254040422180e+02
-3.121312948512196073e+01
-6.279404901739893319e+01
2.832415299144483711e+01
-2.244544062011647441e+02
6.140509416965743128e+01
-1.900806304992430569e+02
1.840221221218779135e+01
8.534063195970796301e+01
-3.426864346289052321e+01
2.433597168153960411e+01
-9.639787470809872616e+01
-4.733064025449905898e+00
-9.782779424348974828e+01
3.408371684542920121e+01
-2.714142807082243962e+02
4.192496535446537109e+00
6.220086432074603522e+01
-2.799708967908694603e+02
1.846412987539237349e+01
-1.722102039526466513e+02
3.814643277718146042e+00
6.913603360903267969e+01
-3.017917938649949861e+01
-1.632702247846618206e+02
-1.974925778276219717e+02
-6.696327803143913115e+01
1.749575260747819812e+02
9.141533318286820986e+01
1.014882388793577945e+02
-6.707718912051873872e+00
-1.228440852474529095e+02
9.098587510822997615e+01
