-3.529510692369440221e+02
-3.247790125135891230e+02
-4.157641647485317549e+02
-1.254372272146325429e+02
-8.374822691088745330e+01
-1.345050975564720659e+02
-1.197736514515204931e+02
-8.564302907066715420e+01
3.051369427131052703e+01
-1.075311732409404613e+02
-2.129519446370661626e+02
-5.331160031698317425e+02
-2.196715707645579982e+02
-4.538736285539558253e+02
-3.518293726247567292e+02
-4.724368388293204930e+02
-5.548345781193343100e+02
-2.821064886873079445e+02
-3.195845262379674523e+02
-1.533423505143668990e+02
-4.004048308520938235e+02
-2.261736763023665446e+02
-3.266512801513656541e+02
-4.254669241022082815e+02
-4.384028868682202642e+02
-2.257707684652174294e+02
-3.872588319998972679e+02
-2.200442120100998977e+02
-2.490645673316524551e+02
-2.137982912433092224e+02
-2.673923920602852604e+02
-2.259778640094154980e+02
-3.443274377224678346e+02
-4.406560772719769830e+02
-3.339428900531872841e+02
-6.231898608205279970e+02
-3.680287558442990417e+02
-4.096377473685245150e+02
-3.037273827611261368e+02
-2.317433077623985298e+02
-2.692009916340274458e+02
-3.994987716077542359e+02
-1.969708338663349423e+02
-3.776490818810872270e+02
-2.299527321437306284e+02
-3.006651712026738892e+02
-5.104746295168673669e+02
-4.030608045812468845e+02
-3.608115736183822264e+02
-4.044955830325867510e+02
-4.005794366577055712e+02
-2.167736769481384727e+02
-2.120571414038568605e+02
-2.596354833542872029e+02
-2.197447728521364354e+02
-4.688748331261670614e+02
-2.752569091812995339e+02
-2.583215993947364950e+02
-2.979090927184328734e+02
-2.671709643783436832e+02
-2.499928479685677871e+02
-3.247627948084745526e+02
-4.290404121753496156e+02
-1.566672284728196018e+02
-3.184320762115420962e+02
-2.234199019037135088e+02
-1.676707595143057858e+02
-2.705567521104827620e+02
-1.724414970398750029e+02
-2.435205858696061796e+02
-2.904419205739060885e+02
-4.026036040719177436e+02
-3.494258048514031998e+02
-2.165800111448802454e+02
-5.200998779119847626e+01
-3.297225101316079758e+02
-4.224209813624420917e+02
-2.142842683239615269e+02
-4.620888720662099303e+01
-3.882904485522846585e+02
-3.258966647450577625e+02
-3.234071701278547266e+02
-3.607142863307528842e+02
-1.346229226438282467e+02
-2.103584409534392421e+02
-7.727659752413001115e+01
-2.313427590487854673e+02
-1.442687849479053455e+02
-2.847834823627781589e+02
-3.107038285278014200e+02
-2.960623106966478417e+02
-2.499596059214036643e+02
-1.871558070783891594e+02
-2.889183233735619183e+01
-2.238565355912519408e+02
-2.608372045799901571e+02
-1.046847888764206402e+02
-2.903872151392117757e+02
-2.516918320140687229e+02
-3.000820915091777579e+02
-2.196125658900981534e+02
-2.334322324865937617e+02
-5.788200521598283643e+01
-2.762111006012200960e+02
-2.076915884878000611e+02
-2.068061152268158764e+02
-3.148197946227967350e+02
-1.812039084870284853e+02
-2.564565669207723317e+02
-2.303111223031567789e+01
-3.021262181119881234e+02
-3.598306178038214398e+02
-2.549763840200057814e+02
-2.557082976586677319e+02
-1.911636847787744387e+02
-1.722840962504012907e+02
-2.827422627951533514e+02
-1.177063315994657700e+02
-7.877812057868182194e+01
-1.136080517004485415e+02
-2.782900239602473675e+02
-1.156506803422846872e+02
-1.556312710067959415e+02
-2.731095652496351249e+02
-2.719294065310430142e+02
-2.614835786892675742e+02
-1.789344287872323207e+02
-1.381724034534269947e+02
-2.039823454986711795e+02
-2.851453848374959534e+02
-2.134008999821551242e+02
-3.043398075037792978e+02
-2.041999356001692547e+02
-1.112177384356222944e+02
-2.066914112793965614e+02
-1.762493498422824132e+02
-2.293056017950706575e+02
-2.454035275111148735e+02
-2.743198875603962961e+02
-2.116013273497439968e+02
-2.285553168771883747e+00
-1.062911133544699567e+02
-2.855663942021311072e+02
-2.105065364219169624e+02
-6.627704102363637162e+00
-2.967213672385478276e+02
-2.350097252188200798e+02
-2.532539949766863856e+02
-2.092234080131183873e+02
-1.593485103229660069e+02
-2.760051044547979018e+02
-2.212279242149531910e+02
-2.309502362905966493e+02
-1.569310394428654831e+02
-7.966031532970114881e+01
-2.763436327628588742e+02
-2.456203376328207924e+02
-8.000200112584047929e+01
-2.462040418885857207e+02
-2.525031892334089889e+02
-2.100699769362975928e+02
-8.428966722417709434e+01
-1.918266969229747474e+02
-7.899355270580456079e+01
-5.167726331135261830e+01
-1.796142224325961649e+02
-6.943617639608370951e+01
-1.897885826180828417e+02
-4.723076620504185286e+01
4.827082321248147423e+01
-1.770303524560557662e+02
-2.173177226944364975e+02
-1.775644146814660189e+02
-2.039112317564141108e+02
-1.942134530127695484e+02
-2.625305068665868475e+02
-4.908393707005674855e+01
-1.383069538443700708e+01
-2.651322223849733746e+02
-2.182555649761833365e+02
-3.177352817549951851e+02
-2.220514110726356591e+02
-2.839051839251725369e+02
-2.065806062722637080e+02
-2.223580292231582973e+02
-3.590563055596852848e+01
-2.323906540913561685e+02
3.843902829760844853e+00
-5.837724626519502635e-01
-2.172327453916437889e+02
-7.642272933918917488e+01
-7.261978142179282258e+01
-1.996432622605839811e+02
-3.397208871884102166e+01
-1.829528242536109701e+02
-2.307418195008699229e+02
1.286402101684117838e+01
-2.249783133700393023e+02
-1.996575458479603924e+02
-2.456822307855496490e+02
-2.694602380878885697e+02
-1.732679531394502419e+02
-1.418250304482988611e+02
1.842499758550870581e+01
-2.083082616842647781e+02
-2.072565620064301584e+02
-2.396220605941536519e+02
-1.783407876108394134e+02
-1.757875734172966702e+02
-5.461193598302693886e+01
-1.850478022617886324e+02
-1.512271225816742799e+02
-1.228831769293868206e+02
-6.672091154386475864e+01
-2.178520857953128029e+02
-1.400590916754850923e+02
3.564136631629025942e+01
-2.193218070946255693e+01
-2.415018570764642334e+02
-2.523892614420078928e+02
-2.329033391514861080e+02
-6.594514134557581997e+01
1.094627195010576628e+02
-7.525598661079474994e+01
-2.677857054511222827e+02
-1.747393631575897643e+02
-2.640072912970059633e+02
-2.463881175971702362e+02
-1.646839471465480642e+02
-1.583814381050514157e+02
-1.628777847066117488e+02
-1.664481063070856237e+02
-1.902312733678623431e+02
-2.318355648859217695e+02
-2.096686321945678060e+02
-2.383454028589057145e+02
-1.666664379585285474e+02
-4.316888805222428971e+01
-2.485358575205475802e+02
-2.811812010822882257e+02
-2.986794313942002645e+02
5.478048902374297313e+00
1.603549028597256898e+00
-6.264087328377493691e+01
-6.590002354029583387e+01
1.082463833681819665e+01
4.558970481465337343e+00
-6.330673946045022404e+01
-1.898658659853582833e+02
-2.132427960418282282e+02
-8.551656214193148742e+01
-3.621828232012543225e+01
-6.567891505249571082e+01
-5.738929634551544723e+01
1.035450900523957074e+02
-4.474121843272335042e+01
1.367299353970942555e+01
-1.567099967331560038e+02
-9.784640190357086453e+01
-1.239163665911631682e+02
-4.742997459421845718e+01
-2.230734904463697035e+02
-1.847948229239771649e+02
-1.080128364982514739e+02
-8.771075787044510719e+01
-5.172633030975906365e+01
8.752755829617598238e+00
-4.305149911139118046e+01
-2.488978238346007288e+02
-1.871860472379953535e+02
-9.307804662073721147e+01
-4.038466133102419064e+01
-1.901330199973305639e+02
-2.579439258041859375e+02
-2.776155495479295610e+01
-2.094776663861670727e+02
4.481238229676282714e+01
-2.188803560286593211e+02
-6.579763862985771539e+01
1.419278772919145126e+01
-1.264945606399482187e+02
-9.407335892709345160e+01
-9.928656408671974987e+01
5.823254439630397883e+01
-1.987662793416462250e+02
-1.264988888349750056e+02
-2.033953567271896361e+02
-1.002582142814971178e+02
-3.486811765747677327e+01
-4.726268789984438712e+01
-2.153322840406157184e+02
-8.043815873991628962e+01
9.845756427656237975e+01
-1.061507144551097497e+02
1.298457200631591206e+02
1.165185045615926498e+02
-1.978161142249636839e+01
-9.611537957929074594e+01
1.067773935257122275e+02
1.534949327419637370e+02
-9.955608566601294740e+01
-1.532452077754876996e+02
-3.224329703063548891e+01
-1.856496879580950292e+02
-1.252143591385620027e+02
-9.733034109696389180e+01
-3.829888294458302056e+01
-9.756782754993463413e+01
-3.417576385243502557e+01
-8.772456181089057736e+01
2.905975547483774335e+01
-5.742739702636401944e+01
-5.105305532319565742e+01
1.561383761053281205e+02
-1.157657610122817857e+02
-6.529440430348414282e+01
-4.234899597152124073e+01
8.321014891923493906e+01
-8.126686717578269281e+01
-7.406201310393268500e+01
-2.100129398222433679e+02
-7.246502262660165172e+01
-4.292403758024398996e+01
-3.652896466557746180e+01
-1.062429101792450581e+02
-3.511460807881200452e+01
1.688440891637107200e+01
-2.764832152062294313e+01
1.213242364615416875e+02
1.305703224196595045e+02
3.416639687065412545e+01
-1.061977429887599840e+02
-4.608632654952516816e+01
-1.382244954594980868e+02
-4.623969907817542691e+01
-1.134420221240687852e+02
-4.665823150739085889e+01
-1.004368574150230131e+02
-7.933991399298717795e+01
-1.326521895567689739e+02
-1.185100230305475719e+02
-6.892832082606307154e+01
5.209190850829898523e+01
-1.135507050004928828e+02
-2.310860800944665527e+01
-3.208978577639134500e+01
-9.181379494824560084e+01
6.069500002544191375e+01
-1.047466039285779544e+02
-7.881914949838446205e+01
-3.370221912838318445e+01
-1.162236315841525567e+02
-7.798837699627175368e+01
-8.293418654814171020e+01
-8.916312249324718664e+01
-7.786724893498013955e+01
-5.439136551263401032e+01
-6.323775037129689736e+01
-5.258341625350578141e+01
-9.527335107336104159e+01
-8.524416772159726463e+01
-6.589267716166972377e+01
-4.413677060599005131e+01
-3.434275023005951510e+01
-1.992420115969864369e+01
-4.517086598475487591e+01
-2.480792609038187990e+01
-5.993368520771150543e+01
-5.663338388012567748e+01
-6.034789831145638317e+01
-2.207194884155214254e+01
-5.007987179474517347e+01
-4.192627821026712098e+01
-8.135834499181061119e+01
-6.704752480773824175e+01
-3.081663721876369166e+00
-6.208104905663122253e+01
-7.484021060982556151e+01
-5.647138505484534665e-01
-3.437841242326346247e+01
-6.839081531856467677e+01
-4.198817000394139143e+01
-5.432077719743574562e+01
3.512092934799505883e+01
-1.884177509967445019e+01
-7.105881667828538184e+01
-2.175514166873823285e+01
-7.392421790309975904e+01
-4.803665654317769196e+01
-4.397743711281241019e+01
-1.514041365299341102e+01
-2.415263712526041573e+01
-1.731990258965123530e+01
-3.201453121434207816e+01
3.160983957424430724e+00
-3.483541568416471534e+01
-6.864380498727209101e+01
-4.167401509744393451e+01
-3.207283601820244634e+00
-3.407021522357829468e+01
-4.258700287276303698e+01
-2.473449970016671884e+01
-2.672321371447960914e+01
-2.264380159039086138e+01
3.446606087878361979e+00
-3.289412434318552414e+01
-1.606033052097293989e+01
-6.892039703187568200e+00
-9.248559963116239402e+00
-6.053549285404079683e+01
2.448789443344528038e+01
7.997299668098567516e-01
6.823669874606157038e+00
2.180157186335430453e+01
2.404719150648448789e+01
5.443308781056063594e+01
-1.443337884061732979e+01
-2.232959968493601366e+01
3.370882310020546413e+01
1.581237367651411141e+01
-3.886115081169469221e+01
8.130507822833814657e+01
6.580074378106738209e+01
8.005463237168891055e+01
4.603808095244470167e+01
3.005266713785613675e+01
7.151313292315694525e+01
3.445863539511586993e+01
7.720736197002986501e+01
6.219224407454665027e+01
1.284907962197862332e+02
7.454859804918238808e+01
3.807609765209164721e+01
8.228438519675660245e+01
1.016428380310065478e+02
1.187687990230763404e+02
1.048655417390968836e+02
2.690234768946416821e+01
1.165439730046939530e+02
6.067076426207644602e+01
1.000448282486546958e+02
1.247472501260291722e+02
8.708268270425600122e+01
1.254392336646600228e+02
1.101748530595402400e+02
9.792381570759948772e+01
1.028686469040381866e+02
9.148832645466504232e+01
5.230880562958647317e+01
9.363966236528466425e+01
-2.787779076928700306e-01
1.030879316826261203e+02
1.126692298103144481e+02
7.983273294456365932e+01
1.120646858405033583e+02
9.426780560577947199e+01
8.499869381815024383e+01
9.885927880033513304e+01
1.066526454335159713e+02
1.087150554795499602e+02
9.604766750761885419e+01
2.179940786355608680e+02
6.423851047564590999e+01
1.214376469078157754e+02
8.749603844401855213e+01
1.292581629367157916e+02
2.680525423248763861e+00
8.412215334247916587e+01
2.272011017806474342e+02
1.145762192351380122e+02
1.094440696137843361e+02
1.097617271087293602e+02
1.029987752173142326e+02
1.032799090312395833e+02
2.411486604878842854e+02
6.308085115198419146e+01
1.566427980384695786e+02
1.547622050831915033e+02
-2.477059736019461411e+02
1.284236558741923204e+02
1.324920561190467936e+02
4.585387790232902461e+01
2.007163177698691356e+02
1.822414210997420980e+02
1.222052888851894892e+02
9.575686615110801370e+01
1.205792198692495560e+02
8.598353462133363223e+01
6.669123120928799153e+01
4.403824979931652450e+01
1.099797814340052611e+02
1.081139017950906549e+02
3.391149232909921807e+01
9.230288810742538885e+01
1.369314433342638893e+01
1.648137671408647407e+02
3.710240445133572962e+01
1.034569182760471620e+02
8.055685563379881842e+00
3.297885439646651662e+01
1.146499796425928537e+02
2.172248714163264935e+02
-2.547556189605450427e+01
1.236558047728247374e+02
1.294592592660087291e+02
1.398986813933539395e+02
1.216880225012258023e+02
1.372059280008642759e+02
1.166889349873396355e+02
9.809237780025333109e+01
1.557503426798363932e+02
-3.684372108901885667e+01
-2.850713958774800005e+01
-3.828223960016929084e+01
1.497443570490277409e+02
1.259336368277330820e+02
-8.427728069251813281e+00
-1.135691050976488725e+01
-2.897942136297197635e+01
-3.287025932981835297e+01
1.008541554144611325e+02
-4.220798558796081679e+00
-4.193023464554042334e+01
1.027151535467987031e+02
-2.874625030278044235e+01
-1.167673276476985222e+01
7.203340628559858771e+01
4.308964600071648476e+01
1.142124682321876605e+02
1.266303196267237894e+02
2.386484146474154500e+01
3.018842333832503755e+01
3.078964196814055398e+01
-4.764637210267994050e+01
1.829570384431130137e+01
1.128846549593757631e+00
-4.229438270233718100e+01
-3.158102599780150399e+01
-2.148629080834271576e+01
1.700642746655638149e+01
-1.837366217648907618e+00
6.399724741432028630e+00
-5.606501942163397700e+01
-5.487362787488732074e-01
-2.460848580699240884e+01
-6.739874055379324602e+01
-3.170412219017912747e+01
-1.825069614704592880e+01
-3.292078167102764752e+01
-4.250315729925710428e+01
-4.094292028291627616e+01
-2.321745892080422635e+01
-2.856418727040800931e+01
-1.985474727512814397e+01
-1.741729102134565039e+02
9.695849777569128136e+00
-2.797073463017579442e+01
-5.128848014965366531e+01
-4.620876707158722496e+01
-2.354539720579492368e+01
-3.363639078640871816e+01
-2.779572908336246329e+01
6.697925713122928926e+01
-3.342991312667555093e+01
5.050420598787956550e+01
-2.995914799982250187e+01
-4.413700732021553108e+01
-3.220317507111181499e+01
-6.585197425883880840e+01
-1.214512541705134083e+02
-2.120005283037345478e+00
2.855969349994385453e+01
1.579714678727584953e+02
3.290706107631812927e+01
1.292580100999600745e+02
5.809807833094468776e+01
7.018896976188418080e+01
1.088678055063067376e+02
7.323445768336586070e+01
-3.900165624076736748e+01
3.771402157774168273e+01
1.527114571112476540e+02
-2.993941909578859395e+01
6.219513967439047519e+01
-9.378219757164487191e+00
2.022667272450183304e+02
9.599836617478875667e+01
1.314437546889601549e+02
1.384003763594806173e+02
-2.803459584178948205e+01
8.472314715005720132e+01
6.223643609961980516e+00
1.201082691802931066e+02
-4.569871391561290608e+01
3.618295381039109060e+01
3.224370433645088951e+01
1.176989508706328706e+02
8.070061615870605465e+01
-3.427407783519768003e+01
2.183992644870739852e+01
8.028889264042328477e+01
1.143860808189214424e+02
8.479203162222989931e+01
1.733946075995910405e+02
1.100257930430243505e+02
-8.714992991730568406e+00
1.406500678958409623e+01
1.015695392548461626e+02
-5.145034574881712075e+01
-1.078391966685330772e+00
-2.794136962627901255e+01
3.020288333164117489e+00
1.510808320684062380e+02
9.122469566561198917e+01
6.372029006902724291e+01
3.388184708826104696e+01
7.701971140657586545e+01
3.086511466989608721e+01
-3.076764025005590497e+01
6.749976317775120549e+01
1.094179326304656001e+02
4.892829312942966169e+01
1.000301731826093459e+02
-4.337467890957468342e+01
-3.847841316305449055e+01
6.359285638037019339e+01
9.933017226112905007e+01
1.112097588447933418e+02
2.092029590940669550e+02
-2.474072921308145112e+01
6.091652352320494401e+00
1.461943797977258157e+02
3.022482990392933289e+01
1.487993046005680640e+02
2.120508477440671413e+02
7.822259557941960395e+01
7.314972019213047361e+01
4.613730556566522978e+01
1.235691995873111040e+02
1.103657642597983397e+02
1.354665864235886659e+02
8.351146079148973911e+01
-4.872779551524589081e+00
1.347344916244566377e+02
6.257897766427318231e+01
6.818988256008063331e+01
-2.543757093182114204e+01
9.953641009267914797e+01
9.947346567847334597e+01
9.004731843948646031e+01
1.393835678888625580e+02
1.120724253008726805e+02
1.153994333975888935e+02
1.311147809070692460e+02
4.616837752123558403e+01
8.502739030146852883e+01
2.513588801505603101e+02
1.392755183471408884e+02
-2.736157284351483554e+01
1.930850774445688645e+00
3.346494952362299546e+00
1.281003225717200280e+02
1.020148036461270067e+02
1.269692867993855145e+02
1.395758204740818940e+02
1.043094855344634198e+02
1.181746652993673905e+02
9.130482245157546117e+01
5.745803763111651108e+01
7.662418414376514875e+01
1.327267953473628381e+02
1.271218924986049501e+02
3.638175457998696061e+01
1.487183459725442560e+02
-2.676877242564459891e+01
1.241548881092422647e+02
1.463183459701074014e+02
1.074220739362428247e+02
1.781749331917722543e+02
1.297613685081337280e+02
1.607409366898503151e+02
2.244861835677717465e+02
1.000562223708862035e+02
1.142004346462853448e+02
1.114482005210713140e+02
1.288166254997058786e+02
-1.094219698906913152e+01
1.146334704532870745e+02
9.574897955209212341e+01
6.371347228886273228e+01
1.603648719308409909e+02
4.700981767381171039e+01
4.672959315166256999e+01
1.499425182778108478e+01
1.809111803370011557e+02
1.107643176776079343e+02
2.637650078642149509e+01
1.406313856992211697e+02
9.241816625078440950e+01
1.335418921429442776e+02
9.107062462885802745e+01
7.440338907879426245e+01
3.437599967394658051e+01
1.376686015914668246e+02
6.260371981749297987e+01
-2.689420386944523500e+01
8.630079937431752057e+01
8.621523733908787790e+01
1.033714236943506251e+02
1.107475894650576151e+02
6.546961771266077790e+01
8.546950288221972869e+01
1.297570148698371213e+02
8.127762667743176905e+01
1.255581868309502909e+02
1.272471518007446889e+02
1.374764983743329765e+02
1.119380043534147973e+02
1.035656297945706825e+02
5.085074607359849352e+01
1.162122009829899127e+02
3.230632045260472296e+01
8.283329642063534948e+01
1.197177518460926535e+02
1.007077549450944645e+02
1.891637102298516879e+02
9.995785778794697762e+01
1.850197197122706143e+02
-4.292556487214521610e+01
1.225484836488196976e+02
1.468108859118730436e+02
1.622511573120485764e+02
1.048960493118626971e+02
6.978161590965996197e+00
1.261886124393951150e+02
1.044196070060707768e+02
1.293595214827900577e+02
1.261481630938980345e+02
1.393870751075817793e+02
8.286946969342744751e+01
2.176216270113063729e+02
8.246522739071426145e+01
1.339306239260183702e+02
9.826883338138409840e+01
6.828295408999449023e+01
1.122095704753585608e+02
1.297995529078323500e+02
7.039089346648756873e+01
1.385547147878908447e+02
9.773140829921935335e+01
7.914106697667122603e+01
9.918161442716551335e+01
1.020080498043007537e+02
8.050672979291277898e+01
1.022384273562197876e+02
2.413971035396498905e+02
1.256027884103276477e+02
1.365271880315777366e+02
1.344914614771708727e+02
2.852684157396407727e+01
1.463108878679298641e+02
2.294723027099819603e+02
9.781291597734428933e+01
1.508350081173915669e+02
3.905598748275843946e+01
9.007606711810191769e+01
1.308031817240271835e+02
-7.838864534027884190e+01
1.158862232215950172e+02
2.313867404451397078e+02
1.133619394659732649e+02
1.065442559717847359e+01
1.103090924446722454e+02
2.502725044838125257e+02
3.980452149230089987e+01
5.850030899396807094e+00
1.336199566107670194e+02
-7.757418933911512227e+01
3.515149538400179807e+01
1.609792647812994346e+02
-7.049163121829694489e+01
5.703148815958005002e+01
9.738580011355929855e+01
8.232411244195651534e+01
3.667060031570602519e+01
1.076214437689230294e+02
7.810907324936650298e+01
1.048474672675643262e+02
1.106496933202424913e+02
-4.928260561607909551e+01
7.010756931740451137e+01
-1.008358867102328134e+02
2.294391613812904609e+02
1.396613226525084883e+02
1.456355628708010386e+02
1.684102833677852686e+02
5.296419319396234471e+01
-2.719569382378110234e+01
-1.270616644825346953e+02
2.348763897183815459e+02
1.259744779661213983e+02
8.656103882269214012e+01
1.276353175296096651e+02
1.388051363069664035e+02
2.543327701578576239e+02
1.586743551968284294e+02
2.774068767323833384e+01
9.050145314694134413e+01
7.000586606239842524e+01
-8.729079090539528352e+00
2.562407807168485760e+02
6.100365588385065507e+01
1.951252537957570325e+02
1.038105216744146730e+02
3.854144644283286425e+01
1.505242911408224700e+02
2.354320871804287663e+02
5.214915103600336010e+01
1.235827697841120880e+02
1.483386600948205682e+02
7.604079582132541759e+01
1.168303905985331426e+01
1.143799199670758355e+02
-5.910102689722795333e+01
2.048602696861482002e+02
1.601213370362517878e+02
2.068752184578065112e+02
1.194053339130658316e+02
-7.956785495521700113e+00
-5.417841013704342856e+01
1.345716297566744117e+02
1.018305104842949333e+02
-7.846785230985831561e+01
2.439952670066650171e+02
9.725390745843758111e+01
1.300760609327692805e+02
2.184192959919665782e+02
4.347344258646629100e+01
1.225128374341364008e+02
1.215367843332185913e+02
2.170789908775732044e+02
1.306116496662892246e+02
1.131815867462027398e+02
1.076985621037474914e+02
2.051700881768807108e+02
4.002089413622150715e+01
2.521310026351991951e+02
1.401132050415047843e+02
-7.723952536158809323e+01
1.361445621655409468e+02
-8.876880489734134017e+01
1.138020064734532468e+02
1.458335098988919469e+02
-6.909218885348884953e+01
-1.457987271264897799e+01
-6.149432828674776630e+01
1.927456377564934940e+02
-7.697134945296517117e+01
1.499594168129101774e+02
4.757813864098322654e+01
-8.774581568677589871e+01
6.212523496719322225e+01
9.246041245437297107e+01
-1.576730368036825780e+01
3.712867360078555379e+01
1.822927325324162382e+02
1.371902552160863706e+02
-4.609410224477363016e+01
1.335130098278939101e+02
1.480420445603149346e+02
1.238500755502652169e+02
1.830112128383553340e+02
1.335547070279179138e+02
2.159675575862090113e+02
1.592372171222509394e+02
1.328566730690529027e+02
1.316888924803654959e+02
2.039812469560061459e+02
1.341648906843009001e+02
1.187678905669216078e+02
2.372744506155650015e+02
1.276773316352456931e+02
1.352722597047406623e+02
1.121202355717701096e+02
1.088881169491068306e+02
1.641767301829919177e+02
1.478548554525210079e+02
1.673847983777394006e+02
1.307783700989395470e+02
1.037687880754055243e+02
4.250855538803378408e+01
2.206051640636470097e+02
1.492537932507810865e+02
1.400398689367975180e+02
1.068586836166921898e+02
1.458220588527449877e+02
1.136065869287774746e+02
1.948110521608291492e+02
1.089000046029087798e+02
7.927457417647462989e+01
1.444851091210386187e+02
1.632607300903250973e+02
1.354456734409765772e+00
-1.663611646837533442e+01
1.611653427864128787e+02
7.807159021299341362e+00
1.420890238135608286e+02
2.359365927646783518e+02
1.836592490803845408e+02
2.591261976686140542e+02
1.916254816619899088e+02
2.385464921903369486e+02
2.139821564356681733e+02
7.334732514327869524e+01
2.292801556642849903e+02
3.445193806105942258e+01
1.057959374514360320e+02
2.052071405146911900e+02
7.795944100837159851e+01
1.147008663243526456e+02
2.230986282352005787e+02
-4.471483899237227178e+01
-3.434370342362613826e+01
1.293699234739258941e+02
2.051867958303384682e+02
2.210162904071505352e+02
1.349917450899576181e+02
1.762639457301444850e+02
1.482348051007130607e+02
6.997377372159943043e+00
1.652753492653304761e+02
-2.284784789841721420e+01
-4.005949778658469285e+01
1.379339649589119006e+02
2.572132747483155981e+02
2.147196614166143149e+02
1.531380476522132383e+01
2.097253669490217760e+02
7.333553775901613392e+01
8.444371423981817060e+00
2.907849690112036001e+01
1.883437598410891098e+02
3.833849524084607197e+01
2.036671584513767357e+02
1.059361992691364946e+02
1.134895513841687631e+02
1.377446522086098639e+02
3.536258097439255721e+01
-1.525716360244077663e+01
2.009437792598440069e+02
2.082328123063522582e+02
1.010596582738813254e+01
8.983493403358815499e+01
1.544170210374511214e+02
2.641217538303660604e+02
2.003343837216856684e+02
8.682216750631681634e+01
5.584708706574955528e+01
1.818369640043354707e+02
2.751143465041047875e+02
1.880181059424053842e+02
2.241267535733454395e+02
1.252802554391328727e+01
1.372126584474732454e+02
1.328458901240675516e+02
1.625810801710818794e+02
1.699808654795752432e+02
2.036724204530300426e+02
2.077628897532690360e+02
4.405290189528187739e+00
-3.019374349294052706e+01
-2.192083456366825089e+01
-4.812621319691666599e+01
-1.432945881777794384e+01
-3.207309792786872116e-01
-3.603912752642472128e+01
-3.230197789344570936e+01
3.764517278575413073e+00
2.601976234637488687e+02
-1.117818438984598544e+02
2.981013014246138937e+02
-1.766714505013875680e+01
2.015895997167946518e+02
2.018670616406511726e+02
2.050238720736749087e+02
3.676362969090796895e+01
-3.162343036822705500e+01
-2.654895913643855909e+00
1.835850838768626261e+02
1.727294989561993361e+02
1.363661253997514109e+02
1.373716100605745396e+02
2.304141607853341043e+02
2.440313811442628094e+02
1.278032859876415017e+02
1.101493046864970751e+02
2.625851571557678312e+02
2.445766723741108990e+02
1.615144638601109079e+02
2.590540790436402290e+02
2.004482295114207204e+02
1.302221065085877569e+02
2.564286440939358727e+02
2.300924341978063978e+02
2.421932214651460811e+02
1.094322112355000343e+02
1.671061573173729755e+02
-2.116321557207473347e+01
1.611064402795708475e+02
2.748242443399407193e+02
3.827695873430025131e+01
2.328060492710021663e+02
2.492979018399832967e+02
2.758409484245843259e+02
-1.235680747343684160e+00
2.778593311482630952e+02
2.733038082029342490e+02
2.862494907112672990e+02
2.702687958253188185e+02
2.572901659751083798e+02
1.924837343982264670e+01
2.169115469654987294e+01
2.876138307926222524e+02
2.639734537579794846e+02
1.315912571848842560e+01
4.534419199239709997e+01
2.671964723993091866e+02
4.442119412976313697e+01
1.503780917932825787e+02
2.203291394203557729e+02
2.380410069864544198e+02
2.763815476346771902e+02
2.258583998208137871e+02
7.533804339851613463e+01
1.641129718966097641e+02
1.761766661342657585e+02
2.364597514508189704e+02
1.384864106718856931e+02
2.902074551495678634e+02
2.186554059406894339e+02
1.258480570897423689e+02
1.909539821653997365e+02
2.424827592869573607e+02
1.682538325868706011e+02
1.855337335820488533e+02
7.828988727985844776e+00
1.473002639306294270e+02
6.580812027228262195e+00
9.296671518237995713e+01
1.709113740243079462e+02
2.542789032043678219e+02
2.329340783230649095e+02
2.185777480498495251e+01
1.514634433768169974e-01
1.556189536079734808e+02
1.753986331474561382e+02
2.516827957814597880e+02
1.534314640087686996e+02
1.543435196965600937e+02
1.789484888712910333e+02
1.802796339888664363e+02
1.767133970668818108e+02
7.257056020836816401e+01
2.849287162162120808e+02
1.739325847843583688e+02
1.089773172992119186e+02
1.378796163592613482e+02
1.725929977838176796e+02
1.071801893300952742e+02
1.458249846310929172e+02
2.095061833423353903e+01
1.353598977568714190e+02
1.356058340724420361e+02
1.397028884826589774e+02
8.236982756353451407e+01
1.476097512446856115e+02
1.497515853434898645e+02
9.107073723953200783e+01
1.403705124378493281e+02
1.540080418365347157e+02
6.121926425038061126e+01
1.336176945374183163e+02
1.610243638109512005e+02
3.826009655776883278e+01
5.701367151711347958e+01
2.433769056389866705e+02
-1.660832456568608251e+01
1.656280265365114985e+02
1.369324923862130561e+02
1.101852441750526594e+02
1.476621416099445980e+02
1.611202902414579512e+02
2.603718199631009043e+02
2.773780339381692102e+02
2.172331841638903427e+02
2.357112551575751809e+02
2.187289828171411159e+02
2.073282094093611079e+02
2.212989479234490489e+02
1.671246737901254065e+01
1.621194571999892560e+02
1.782528395273131707e+02
3.339984647563716180e+01
2.678839229072980288e+02
2.369993577340260060e+02
2.334776338196594452e+02
1.503459629298391178e+02
1.703067902834395682e+02
2.339058186471089016e+02
6.441957496164846475e+00
1.445900319911424390e+02
1.301489693051015593e+02
1.497160850038313811e+02
1.504988097886200933e+02
2.329149694059263709e+02
1.634825060706162105e+02
2.453237650369154039e+02
2.169198990171035462e+02
1.633766469857285131e+02
2.597362681457801159e+02
1.435474772778103727e+02
1.125683794310854040e+02
1.587690628821102052e+02
2.436963816163930119e+02
2.494081124076807612e+02
1.452978681655347941e+02
1.656937810016810317e+02
2.436539054601652197e+02
9.247607653654768001e+01
2.438479003142251713e+02
1.457610502690482690e+02
-3.523828605127941671e+01
4.235136726017557862e+01
-5.823876057667906991e+01
-2.829303369912874189e+01
-2.755945120536749471e+01
3.203956300475496732e+00
-1.370732427743480741e+01
1.482978113003553631e+02
9.837173557159189841e+00
6.809452415194684249e+00
2.178546242533295185e+02
-4.138361193134471705e+00
1.024336745489753753e+01
2.058966829985692470e+01
2.612385921136675506e+02
-1.675180165327253690e+01
-2.475733940861157123e+01
-1.033391750637535722e+01
6.004590250466193879e+00
-5.049697525479501792e-01
2.475832520962654826e+02
2.519086900984700605e+01
-1.681793832782102527e+01
2.663460197997110868e+02
1.757863501124387540e+02
2.656606838948987388e+02
2.494889535109624035e+01
2.385187503211005833e+02
1.387516161760931936e+02
2.406569008879742455e+02
1.117494743888085651e+02
2.430183351122417150e+02
2.145315455022619062e+02
-4.113650923347219646e+01
1.297675193833853200e+02
1.066423241928033860e+02
1.275969005146674959e+02
1.402331915293061968e+02
-1.343421351417930509e-01
2.341597517647215625e+02
2.293005962876635238e+02
2.116608509066485340e+02
1.343781906993111477e+02
1.150059021805637656e+02
2.275824792251456756e+02
1.356886592913920708e+02
1.174963726813801657e+01
2.393959967506852706e+02
1.514917145303327857e+02
1.799990499049901587e+02
2.358826677118905195e+02
2.365127821454121602e+02
2.256460503443905168e+02
2.569583082060094057e+02
2.088138246208711166e+02
1.733703034585001035e+02
2.342452093089374046e+02
1.355787441333781658e+02
1.116578546302992265e+02
2.457212348165365370e+02
1.692476641027641335e+02
1.989546011518567923e+02
1.820527316177660282e+02
1.448264665386108163e+02
1.853241012651591859e+02
1.596234561153727611e+02
2.518066362799053195e+02
2.641050779853919721e+02
2.073726320789541830e+02
2.372266649946801635e+02
1.759633219111637743e+02
2.550303400942522671e+02
1.632360925647045065e+02
1.514449175012393312e+02
2.840951608421195260e+02
2.415531432258344182e+02
-4.210546435723983905e+00
2.234076262033269700e+02
1.319667150710533576e+02
2.272584916870974610e+02
2.512252908457858211e+02
1.662794704779198867e+02
-1.025895591995009681e-01
1.663240481550875245e+02
1.727488067450252629e+02
1.411489530658979277e+02
2.906436772993731665e+02
1.592975145394710239e+02
2.185260328676401969e+02
1.272012177255076608e+02
2.411089517484365388e+02
3.772324808319450540e+01
2.954510211651582949e+02
8.305241936592040020e+01
-9.230379948662410072e+00
2.238779373010179370e+02
2.454582174167800019e+02
1.068596760772282153e+02
1.643866581588938800e+02
1.169098035381213663e+02
1.460637322261976010e+02
1.649216421578203438e+02
1.470547004306163785e+02
1.547788806598809401e+02
2.672927282291203710e+02
4.459151956302707731e+01
2.142281320873331083e+02
1.400635603850345774e+02
1.079840389284482711e+02
2.375261767384265852e+02
2.223392410502029861e+02
2.539839505746886061e+02
1.738639689472460077e+02
3.896789164284194840e+01
2.162599513248215146e+02
2.400487470526965978e+02
5.445014137391007125e+01
2.301282169734531351e+02
2.542874219558693483e+02
2.606108045225295200e+02
5.152190044708697769e+01
1.025207132474839682e+02
2.658720905283648790e+02
1.376598826936628939e+01
2.516148252322454653e+02
1.263854132960182710e+02
1.328158891829737911e+02
5.979114049138146925e+00
1.476100509154074985e+02
1.125874792727398130e+02
1.505229662665542207e+02
2.583611361852100572e+02
8.427157187151962603e+00
8.296544374961136725e+01
7.814749551608983325e+00
1.461612907584969321e+02
-1.633954214165838437e+01
1.452455477282577476e+02
1.391392792279648631e+02
2.603786730122658355e+02
2.307095860436248245e+02
2.519025225537442338e+02
2.632010935497066839e+02
2.812679749034164161e+02
1.368233960720325513e+02
2.066065070890071809e+01
2.620659294655002896e+02
-1.391806692021100389e+01
9.769975601154027345e+01
2.472221154956521616e+02
1.343764378856256201e+02
2.125199535320887776e+02
1.495853014646112626e+02
2.627814336945726836e+02
1.425448190959969281e+02
9.441371906220645371e+01
9.152420019393832717e+01
1.238841466791653261e+02
2.022092522523923037e+02
2.019807929759992362e+02
1.634723187449645536e+02
9.293998511415784947e+01
2.393386856608171342e+02
-3.640774825586731822e+00
1.355563740845302902e+02
2.495895589828461425e+01
2.658038173831943141e+02
1.425002190079989930e+02
1.398491650985031640e+02
2.437821150950231015e+02
1.559880345730607019e+02
1.557576956910816364e+02
-2.325027527233679336e+01
1.454309760200873995e+02
1.153753273214357478e+02
2.600035634852350768e+02
2.313106184718479028e+02
1.399246920259776630e+02
1.381579399609937866e+02
2.098684735697590327e+02
-8.429313513426848203e-01
1.456556983582116800e+02
1.233242596066804140e+02
1.872630691817220736e+02
2.015618172592827477e+02
2.127832978809877318e+02
1.168225788886321936e+02
6.581583824657498383e+01
2.274142447540971261e+02
2.201706647733148259e+02
1.264956883131763732e+01
1.506216497962295193e+02
1.567530657827354617e+02
1.251964286713088796e+02
1.770302297553457720e+02
2.766593890758535679e+01
2.438243611462111744e+02
1.267942403651599506e+02
2.444797550867022551e+00
2.440037262327006431e+02
1.537009167846068465e+02
2.048182153997861974e+02
1.239452803012921862e+02
2.154833810649996053e+02
2.399172616853347790e+02
2.484546048792713862e+02
2.413279112702089719e+02
5.505155694740245309e+01
2.492971949788066581e+02
1.824970429850658888e+02
1.541314169939761314e+02
1.932633396067524245e+02
2.389853127945700919e+02
4.407178486140122686e+01
9.927531753024379668e+01
2.034388055950916225e+02
2.595431119080677718e+02
2.583892929818506445e+02
9.402032800163281934e+01
6.466367363925373013e+01
-2.918964193040995525e+00
-1.255895391515583981e+01
1.603197332139019977e+02
-1.577253930687248840e+00
2.419905140329119035e+02
2.633466138618123296e+02
1.334814800770243153e+02
2.617475816013466670e+02
2.604049455568828648e+02
1.745461419977879416e+02
2.726444279714218624e+02
1.218067343261772635e+02
1.369578928491049510e+02
1.740005723168211773e+02
2.519538057149387384e+02
2.241820269802511234e+01
1.344239753187206077e+02
1.686511928636643916e+02
6.917868645605551592e+00
2.342008965497334714e+02
2.825305152558044028e+02
-5.460261740553008281e+00
-2.588899136930108966e+02
2.452146289169137958e+02
1.489636806550942438e+01
2.496662101485793812e+02
-4.446170201312952486e+00
-2.582144529112294435e+02
1.675805528582337729e+02
4.659660203314174964e+00
2.851114583028975176e+02
2.434165012862054311e+02
2.462278560398850971e+02
-2.581674234003066282e-01
1.271196785296176870e+02
5.766341176133341406e+01
2.811035144670710224e+02
2.713801029984944648e+02
2.828575795612673573e+02
1.553908786331825524e+02
2.646089139529009415e+01
4.976491948032114010e+01
6.619830045763463033e+01
1.137785849460287935e+01
2.595212544187468140e+01
1.909393500504501962e+00
3.412396759286264825e+01
-1.701459736692562075e+01
3.534293906209139635e+01
4.949948243105573198e+01
1.003655734302051741e+02
1.928767338556021826e+01
3.565469159807455668e+01
4.596548631442278321e+01
2.471979158869222886e+02
4.357421563551542931e+01
3.784093293430029803e+01
2.361961115696256286e+02
2.521074656569013825e+02
-1.214163162623558634e+01
2.594698917279371244e+02
2.270146423793926260e+02
2.583457679139754646e+02
2.339928963213323527e+02
2.219797180096690568e+02
1.511379547102585263e+01
2.298820202351585635e+02
1.454117572218591192e+02
3.355830540200413026e+01
2.439956405260098222e+02
1.476350810514137777e+02
1.271873129514380452e+02
1.009155412384442201e+02
2.938351935897631506e+01
8.940598915959280646e+01
4.269177620758433989e+01
6.654599348708700290e+01
8.834521705055539087e+01
4.845158650563900693e+01
9.573950692482073066e+01
2.659519663271095169e+02
5.089078930248720667e+01
1.243637508696855036e+02
2.690973500449691755e+02
3.257003998067236239e+01
5.765648112999714670e+01
2.645105103115614043e+02
2.690538880949845293e+02
-1.543710741497311290e+01
1.134503271427860511e+02
2.366429375222484737e+02
2.472887960002998682e+02
2.625293708203594178e+02
6.336883664873154487e+01
8.810173185323053247e+01
1.003953345140610622e+02
7.689404434151455803e+01
6.568295194203507492e+01
1.425708804572845736e+02
3.518050858062713360e+01
2.042423684104581412e+02
2.480433654514955606e+02
8.657179944818409467e+01
1.306599882507323684e+02
1.344504848028079209e+02
2.407838331531609413e+02
2.201465318074698985e+02
2.482787868137007479e+02
9.773078140953069237e+01
1.032884925005973713e+02
6.240421274898397286e+01
5.856079400151617165e+01
2.805560218952090281e+02
3.622225145122413892e+00
6.916730183524542497e+01
7.555689340876729432e+01
2.138080580953880769e+02
2.731097600873943776e+01
-8.768465593825055748e+00
4.047829813262765697e+01
1.598780193060425603e+01
9.393910736862864042e+01
-5.292042400809236824e+00
5.520353595419214798e+01
-3.043347972718574965e+02
9.165379384405564167e+01
1.114526711923610378e+02
1.394462321533876548e+01
2.299602643995766016e+01
1.100082958617586826e+02
3.967303319794839922e+01
1.482909827943865650e+02
4.833417381868702023e+01
5.469821857110687802e+00
1.576861153553107044e+02
1.120094218109940982e+02
1.185567150663916891e+02
2.449372052253680749e+02
9.278246273478202966e+00
5.873026883263456455e+01
-3.753189071019821768e+02
1.645735684507190797e+02
3.319905871380880313e+01
2.839073784837339076e+02
1.349973643383594322e+02
3.518380696068561519e+00
-3.494965489522195412e+02
2.199932032477245230e+02
2.353102146881766714e+02
2.447412606731519702e+02
2.698760269865196619e+02
1.032794278862175048e+02
2.661272200187598855e+02
2.938530505384302955e+02
2.445799223512765934e+02
2.646760471754364517e+02
1.756086275498257976e+02
-1.808166398516826234e+01
2.519127268836314215e+02
4.949568858527385373e+00
7.391600537615113353e+01
-4.865932045255263461e-01
-2.210794733673239989e+02
5.717792171718066641e+01
5.235375932201502280e+01
9.054819949250624234e+01
-3.581216545256850736e+01
1.790292424774698077e+01
2.219762359273302366e+01
-7.406637798603608935e+00
4.334488427374375874e+01
1.496974766206018899e+02
5.152054105123249350e-01
2.367820001553107545e+01
3.345213404405106417e+01
1.279321375879416536e+02
2.019902351630696273e+02
2.248780327862785100e+01
2.518481675848651093e+02
-3.910546333646054507e+01
3.404310642176373136e+00
1.426391649342259349e+01
1.741599204440996473e+01
8.745705050193380714e+01
6.547552033323577803e+01
9.774400707734255178e+00
4.700379677632260211e+01
7.353938627493944580e+01
4.546547996370638600e+01
2.271315435147253936e+01
-2.142527191707513339e+02
1.489187973020815114e+01
3.720326367741760976e+01
2.482333250534307751e+02
-2.691515127829811505e+01
2.390471050455110458e+01
-1.453375129067049443e+01
1.353772520660428995e+02
-6.094819992714334944e+00
9.249139864011533874e+00
-1.948672970625418088e+01
-6.299513975411382205e+01
-5.796074577856940380e+01
2.236493479884204305e+02
-2.593734154662523110e+02
1.996347463747842994e+02
-6.466470804060681132e+01
1.870506136453721879e+00
-1.769314508859542912e+01
-5.339838593215873175e-01
1.437119539526405845e+02
2.113065948058679737e+02
8.856986188716490460e+00
2.277864198705325975e+02
-2.814351317834815447e+01
2.219925914923093160e+02
2.108532720786400034e+02
1.385164334312842698e+02
-2.244280677979492111e+01
1.675259376536061495e+02
2.351510399262369333e+02
-2.181535000944195701e+01
1.116806961438345525e+01
-2.264274668304217357e+02
2.169796708393920710e+02
1.828103226476325744e+02
1.245604678876341183e+02
8.888931800781136872e-01
2.567944315708373892e+00
1.536040828090674495e+02
3.169258300864426303e+01
1.821011677232326349e+02
1.537391074616313915e+02
-1.868593149048570581e+02
1.500918734110389323e+02
3.859072267236367537e-01
-3.142594706301083818e+01
1.224292746019742140e+00
1.493429022215485702e+02
2.457467727775174069e+02
1.784913788031416857e+02
2.278962106303147550e+02
2.696405802558826394e+02
2.662159974553266011e+02
9.312047243804620678e+01
2.390851228720748622e+02
-1.448531860283327433e+01
-8.561037208871042026e+00
2.364049761187153536e+02
-1.422972406137984080e+01
2.548931436582377330e+02
7.238828681032296686e+01
-1.486104280404770464e+02
7.668409440855018033e+01
2.591019902379954942e+02
1.448663263354413004e+02
1.768432891127069979e+02
8.405842268606683376e+01
-1.057085797565929397e+01
1.157499800697790704e+02
9.980022753445594219e+01
1.966303139204140678e+02
8.188331092992806592e-02
-1.763646607201810355e+02
2.455266430491302003e+02
-2.131955117038238967e+01
-2.171262436285210242e+02
-2.689111281444409585e+01
2.277452043694265456e+02
1.924267508045993935e+01
2.623556607651764239e+02
-3.579573763357158267e+00
3.999435845371945675e+01
1.800681252064140025e+01
1.420819228420597380e+00
1.583085749943807627e+02
7.011871098235053523e+01
2.721698288987813612e+02
1.447856935304008061e+02
7.608375542369886091e+01
1.971954522583282028e+02
2.441083337709629575e+02
-2.025093641251635290e+02
9.644673906975395994e+01
5.591262200110335812e+01
1.889259104591580467e+02
2.535845398924628284e+02
-2.774605583245050866e+02
2.399483151824905747e+02
-2.873329846257944951e+02
-2.148907453538716652e+02
2.471570996696102043e+02
2.743420130598073570e+02
1.881555829397849209e+02
1.864191232787985655e+02
1.179729286134522681e+02
2.588092162390607882e+02
2.667560624038974311e+02
2.385528323659019350e+02
1.819844845803495161e+02
1.356988673997482806e+02
2.401102434588879362e+02
1.224746384561026389e+02
2.427601466770096863e+02
1.160319831678843059e+02
2.616832132234296751e+02
2.651397511511504490e+02
1.029492405959446444e+02
2.493840748519426711e+02
2.511847453353010735e+02
2.316688179632802473e+02
-3.954332019831402079e+01
1.241843558873608941e+02
2.584414390344313119e+02
2.374552216600336294e+02
2.296914181019008367e+02
1.270121284950279659e+02
1.179997930501508421e+02
2.859791463381217227e+02
2.461931624054267047e+02
2.326658471378073330e+02
-3.251157105380335111e+02
2.509092097889273703e+02
2.510240207655095617e+02
1.290826970175519364e+02
2.115324571830055902e+02
2.052957606794197147e+02
2.707091248687546567e+02
-1.362637407965973466e+02
2.158051123807373983e+02
1.045152438638274361e+01
2.618897509202859624e+02
1.690828536227543566e+02
1.473656957894596928e+02
2.414857862809880658e+02
-6.994789780804296697e+00
2.245905316240538241e+02
1.359657297867818215e+02
2.511407276473749732e+02
-1.875621238468607999e+01
-1.072250401488801685e+00
9.063892663279689543e+01
1.831049830381742254e+02
2.384878557390069602e+02
1.579207880679761900e+02
2.497606018150972318e+02
2.211839517240589714e+02
2.680856025353510859e+02
2.612496755239090476e+02
2.107721682153766949e+02
1.683397881127089875e+02
2.601282136373445724e+02
1.813174215217106280e+02
1.121941164705229141e+02
1.221725398474035416e+02
1.870569590808798353e+02
2.576426704505619796e+02
2.655785262291906292e+02
-3.503686387110548139e+00
1.383523571342230412e+02
2.860878091254515425e+02
2.347750108847533852e+02
2.646283573546398316e+02
1.665409412324729033e+02
1.999447800461322231e+02
2.424345145679134248e+02
2.615789799305164252e+02
-1.592037563408837286e+00
2.229186237063765930e+02
2.115328837783470419e+02
2.074668456935222025e+02
2.101421722342386147e+02
2.540007268147715820e+02
1.336763257338101027e+02
1.400624029011316338e+02
1.542630569165468160e+02
2.390122031323211615e+02
2.303924847101253022e+02
2.467284466288993485e+02
2.404138260860869707e+02
2.234006985761212718e+02
1.319326303615190454e+02
2.112806464757115918e+02
2.659105999142861947e+02
1.762596172652219764e+02
-2.275145625734964483e+00
2.681580306173632380e+02
1.664253054184915186e+02
2.427136420444443274e+02
2.484499238372353318e+02
2.054645273329307713e+02
7.748216411035386386e+01
2.205956954382386357e+02
1.605655785374645461e+01
3.013991608762850092e+02
8.294204539709900814e+01
2.717802549201137481e+02
-1.718915159092168210e+01
1.034138369784115241e+01
2.803206572264184047e+02
2.189920101347641435e+01
2.178710393171423334e+02
1.278621544252822559e+02
2.514470172712085230e+02
2.021450875528820177e+02
5.206460828890604375e+01
2.573630248779410294e+02
1.724079452131085191e+02
2.526732745029044622e+02
2.488956049904003578e+02
2.016718156675582918e+01
2.769802174202652623e+02
1.953461419325083739e+02
1.545543895828304528e+02
2.586119083411873021e+01
2.421642395103294803e+02
1.373740868174806451e+02
1.601323387860952323e+02
2.442930241795853874e+02
-1.806147171271987872e+00
2.481764820851180957e+02
1.977553261581919912e+02
3.442621249533121386e+01
2.428188030964205382e+02
2.735272200897808830e+02
2.644043551350282542e+02
2.352130474347418101e+02
2.172081575886974463e+02
1.890119482904553934e+02
2.651078757185844097e+02
2.528570554972574769e+02
8.081533678502836437e+00
2.801377436610748646e+02
2.693042440496886911e+02
1.748447732892454383e+02
1.950520847574882168e+02
2.759950905517945330e+02
2.724470442134709174e+02
1.788172478748330718e+02
1.570355162140674850e+02
1.325887388971256371e+02
2.458970619268831399e+02
2.525888110884869775e+02
1.297868177401956302e+02
1.416373623173256817e+02
2.380393470828337570e+02
-1.758889329565624848e+01
1.696074527645897092e+02
-1.375433562611276272e+01
1.679642679286284590e+02
2.385040563290508260e+02
2.354704884448271969e+02
2.582487911471862958e+02
2.645138194918254158e+02
2.690063428171077931e+02
2.100636822142821813e+01
2.104737874096875316e+01
3.650970812299561885e+00
2.362383897639996064e+02
2.628448898599178847e+02
2.731488390934553081e+02
1.536470288128199968e+02
1.837548124583075548e+02
1.409643297903634505e+02
1.467814316357503515e+02
1.422701979089291910e+02
1.347121381855469906e+02
2.525604593613328461e+02
-1.590351091321184356e+02
2.401816928340891479e+02
1.368859280451782752e+02
1.563072041696380836e+02
2.623838598524170607e+02
2.819269746653757238e+02
3.261553423666617846e+01
2.173389785068143283e+02
2.174992406333956296e+02
2.494736721283019563e+02
1.584084895573530503e+02
2.419910424674608862e+02
1.573793217578354700e+02
3.478303435020166035e+01
1.275358176867723330e+02
1.527713363049392399e+02
2.303736519476788658e+01
1.512833142935557191e+02
2.309482827051067204e+02
1.262049599739608681e+02
2.766978423430728071e+02
2.536935526057787058e+02
2.798669407025655573e+02
-1.968877138137899578e+02
5.118469870601913385e+01
2.617079018578172054e+02
2.433753614498074285e+02
2.053676846869140036e+02
2.313299400487797755e+02
2.436874743055153658e+02
1.339602049125677183e+02
1.540802488513736819e+02
1.682393829327720880e+02
2.520142290354188503e+02
1.808808611978816145e+02
1.666491963046419755e+02
1.524765020957473780e+02
2.215889292935219430e+02
7.752564068642519146e+01
1.447530445176763862e+02
1.305883356315397634e+02
3.695350767207347076e+01
1.597929019509994077e+02
2.521221006073265869e+01
-4.169093962796437403e+00
-2.374819928047065076e+01
2.234633264075195314e+02
1.487131833159519658e+02
3.080584851976273075e+00
1.603579274489745785e+02
3.052730170353831340e+01
1.492328524878552400e+02
1.383839820180660922e+02
1.559734101419671788e+02
5.721177164365619205e+01
4.103790865920984743e+01
1.522483859632849601e+02
-4.503326646485497804e+02
1.215996485795120776e+02
1.667310022958130560e+02
1.445342207706489717e+02
1.345383736331723412e+02
1.131373992885338566e+02
2.038338506907500971e+02
1.584820080712464971e+02
-1.570071669894701927e+01
2.247638693273800072e+02
1.575373105449407092e+02
-1.221528539033103300e+01
7.451896583279552999e+01
2.051560724854134037e+02
1.600829496847856319e+02
2.763988049517648733e+02
-2.932633047375569646e+01
2.704567404662409444e+02
2.476492905798790503e+02
1.633110249134201126e+02
2.230859155869793540e+02
2.436953357821835198e+02
1.493859803133085222e+02
-5.117704044926165921e+02
2.429574127835197430e+02
2.776346018674986453e+02
2.784769259752836774e+02
2.811481992878317442e+02
2.571632284693844781e+02
5.059463077670685038e+00
2.763948854205692669e+02
2.080777648111213125e+02
1.724339017047537368e+02
2.296699357760974181e+02
2.412803982042102007e+02
-3.924981173327765305e+00
1.760640559122579418e+01
2.797883739590893128e+02
2.540973613299527472e+02
1.744158826144510499e+01
2.747246276687299087e+02
2.438747022431846005e+02
2.485793122826901538e+02
1.960951137078430406e+01
-4.035735853536737636e+02
5.435268788557283415e+01
2.717862062682430633e+02
5.182758923086927894e+01
2.596856866975638241e+02
2.810853142479764415e+02
2.732819974393105440e+02
4.302495527323702618e+01
2.734991072851801164e+02
2.456715566586386217e+02
2.920590908007817461e+02
2.803175236468397316e+02
2.495780659977479274e+02
2.804955102591958394e+02
2.634857320946592836e+02
2.762917858382902523e+02
2.818137791803144410e+02
-1.698850515450549494e+02
2.641366805333017282e+02
2.783306681379770566e+02
2.992790440309992164e+02
3.066250426407107170e+02
2.791063869804209503e+02
5.144613038442457764e+01
2.786872553710874740e+02
2.429497006190866557e+02
1.534724986265734969e+01
-3.146187738966651750e+02
3.020547663985046825e+02
2.428773048847062910e+02
1.708778118026206130e+02
1.344360937885687974e+02
-5.701678493181443486e+01
1.806935668212490214e+02
2.853584522941026762e+02
2.982139335454378397e+02
-5.922439688604412567e+01
2.289652636999990705e+02
1.688559365251881843e+02
-1.463852045562913986e+02
4.762117450724724677e+01
2.633877285590511974e+02
2.680840339966036936e+02
1.951314615969190527e+02
1.619926315499700138e+02
1.547952850354986367e+02
2.165407731200275521e+01
6.944046826064450784e+01
2.540388580618922560e+02
2.367802280302267377e+02
6.927495428344826678e+00
-4.376580266274646647e+02
2.159571235330328420e+02
2.362225373138078908e+02
2.663765680593223237e+02
2.512559524375133435e+02
3.668140264301115394e+01
2.485961138145002849e+02
2.677909775414909745e+02
2.630632095125122305e+02
2.103214071516010790e+02
-5.672283317872675035e+00
1.682181012580954871e+02
1.678724319625931471e+01
-2.824690682537067232e+00
1.199472093460198607e+01
8.932071478679930010e+00
-7.638528410076546038e+00
2.626766563452729315e+02
2.816356566473979228e+02
1.704659830925248798e+01
1.682359592445112639e+01
2.650476064586423490e+02
3.044190921970241561e+02
2.270513986341192094e+02
2.471467930301117804e+02
2.974128786233226265e+02
1.867138423536233347e+02
2.596518889950617677e+02
2.447301872226144894e+02
2.632490430129214474e+02
-8.326549541780611463e+00
1.983773738818397803e+01
4.521625680202189557e+01
8.529581015923428211e+00
2.689870951309727047e+02
2.820292017144238343e+02
1.688964821344355016e+02
2.301488366018601823e+02
2.365111124615993106e+02
2.501435192887992187e+01
2.875682655584438407e+02
2.113630585132477222e+02
4.759075769671662215e+01
2.528022456138131417e+02
2.668226146328481718e+02
2.587030629511880875e+02
2.740379328960096927e+02
2.511060844421417073e+02
2.612631465107893973e+02
1.423349601769884032e+01
2.042831705833323408e+00
-2.417952777444667589e+01
4.033320500164163214e+00
2.389163998705495260e+02
2.548381248548686244e+02
2.240443192113531268e+02
2.104461266419833123e+02
2.619870639944306845e+01
-2.909360185804530374e-01
2.933597645361622881e+02
2.766394536842130947e+02
2.625339930852640009e+02
2.801121857160526361e+02
2.425739362735743327e+02
8.714274777550259898e+01
2.502053235311940398e+02
-5.564188697972269892e-01
4.954383548657528991e+01
-2.373244164098608167e+01
1.660876086870726454e+01
2.548201006091622389e+02
2.567540773888661079e+02
2.114277446688551549e+02
2.311329609251150714e+02
-4.558642041134565375e+02
2.390842053323244158e+02
2.520566043662325058e+02
2.309268846203288490e+02
2.597291474371741060e+02
2.479983460762840082e+02
3.054188638915978800e+02
2.607896886929243010e+02
3.838892616744976749e+01
2.703253454810372887e+02
2.951128861667545493e+02
2.219443167101474330e+02
2.854583254321619279e+01
2.731628168844012521e+02
2.445677853053277033e+02
2.639361873910268059e+02
2.378770045327813705e+02
2.905100803938109379e+02
2.451209820709064786e+02
2.664301770287413547e+02
9.456459040570379670e+00
2.479902557671722150e+02
2.497835206451000545e+02
2.741505482025405627e+02
2.636043811300896209e+02
2.597085254862780630e+02
2.419089645561871862e+02
-1.708598437982684004e+02
2.603887084302210155e+02
2.557960466404519764e+02
5.616283703923646442e+01
2.576032761430773803e+02
2.509034213897141683e+02
2.526110444938530577e+02
2.325428061676290952e+02
2.890675795699439732e+01
3.638991527355031508e+01
2.065748322406813031e+01
2.853637868954646706e+02
2.215828579272114496e+02
1.760007165136705964e+02
2.543830802137988769e+02
5.596622096276593084e+01
-2.434903482113130622e+02
3.470199095787268107e+01
2.748458943002059129e+01
2.533644560471259979e+02
2.415774192729635672e+02
2.049118846470177004e+02
2.925378659671323476e+02
5.733359692171859479e+00
2.384987986360200125e+02
4.135732239314080516e+01
2.784375576380422217e+02
2.669822273160405075e+02
6.396839512984809062e+01
1.091561793556930269e+02
2.723566602358628757e+02
7.589227851598514007e+01
2.238355883380955902e+01
2.780741802923245132e+02
2.462457276837117206e+02
-3.802398460229747457e+02
9.352818961268212661e+00
2.441641604385056041e+01
2.676737352419221452e+02
2.717379341767523329e+02
2.673527466316464825e+02
2.548997279576767312e+02
1.804547401896095948e+01
4.228021387069361481e+01
3.172391144165297874e+02
3.310111681780480808e+01
2.620220655201825366e+02
4.090052959708677349e+01
2.595746352807213952e+02
-2.098126508071227647e+02
2.907094410511401747e+02
2.698315264140928775e+02
2.257391985404022705e+02
2.799562895302458401e+02
2.596742718840401380e+02
8.452327726686726805e+01
-1.629061270986630916e+01
4.949631824321940599e+01
2.724436910562776575e+02
2.672161626183843737e+02
7.237021506552488859e+01
-4.607972505816998705e+02
2.480247186468421035e+02
-2.881566327761088360e+02
5.586110001045133799e+01
1.017206185438526518e+02
2.312361578908513593e+02
2.796268855337756918e+02
2.444560562259017331e+02
2.948378599289108593e+02
1.685975960428027918e+02
1.722137962644447384e+02
2.746225536366280835e+02
2.041050813985191326e+01
2.787660718464212550e+02
2.197210455255717534e+02
-1.855406191070724731e+01
1.979924399726819217e+01
2.896859258365330447e+01
2.487769588337539801e+02
2.963017119039025147e+02
2.791576408894641190e+02
2.336815654101160646e+02
1.209339847096305220e+01
2.233813033178313923e+00
-3.622203251932806438e+02
2.836821798317739649e+02
5.340987682664061253e+01
2.739043469014819721e+02
2.682415156270498642e+02
5.111780253310067224e+01
2.422404648757448342e+02
2.504633874876865320e+02
1.889731782843945496e+01
2.688963730575201225e+02
2.598289901084127109e+02
2.498388708946568784e+02
2.005803242236468122e+02
3.066623897883507652e+02
2.417468963946282088e+02
2.847986568339466089e+02
1.191764520559042353e+02
2.704885260802617495e+02
2.872440055895623914e+02
1.928405678958678777e+02
2.773882435662401349e+02
3.092869859594665627e+01
4.646213716983038466e+01
-2.094942535006126718e+02
4.500215781089514167e+01
-4.421204266794272542e+01
1.876282669886343513e+01
2.717501601126832611e+01
4.773870301473309041e+01
1.879946241212325901e+02
-5.027874148818938238e+00
1.803851476457434444e+01
-2.568493630928003313e+00
2.801498042604808916e+02
4.635954770599747121e+01
4.291536143534102621e+01
-2.045416664906696269e+00
3.155259325806567858e+02
2.525728019923320744e+02
-5.108009822289076851e+00
2.826413923419925140e+02
2.711430562147837691e+02
-2.254670112504382473e+02
4.653973780323542542e+01
2.691137338364815150e+02
2.393047721018315031e+02
6.789414911886007076e+01
2.913828845546095181e+02
-2.566276359565253529e+01
2.707382092907187143e+02
2.681588926364785834e+02
4.067087125655021396e+01
2.323930974516807737e+02
2.713641443826145405e+02
7.156327654601088284e+01
-1.164943016018852973e+01
2.762809539426450556e+02
2.806529740143915888e+02
2.777553233476825199e+02
2.801252513919540661e+02
6.063932809163361526e+00
2.595640756043482611e+01
7.862341714821108951e+01
6.586398837349614155e+01
2.799041361902930021e+02
2.772460372136215483e+02
1.849196661452180308e+02
2.378503952753488875e+02
2.586307647924106732e+02
2.538366795765793427e+02
2.385827194105266926e+02
2.490340778638318397e+02
-8.833402257763196985e+00
-1.776889514465995603e+02
2.769005307648692451e+02
2.521172826711458583e+02
2.329150246011533625e+02
2.461689021624789859e+02
2.647682041188345465e+02
2.844593368214499947e+02
2.568180781586592616e+02
2.694387510457684130e+02
3.004398418188907272e+02
6.902628307217386805e+01
2.558879676655022024e+02
2.457580607709182345e+02
2.233917808954961970e+02
2.107220754918287753e+02
5.496760496357575221e+01
2.537773349207910201e+02
4.885628369421283423e+01
2.349840696753644522e+02
2.334729449910084043e+02
2.069806603041309927e+02
1.967357634368729578e+02
2.543333622324097121e+02
2.686177823324939027e+02
2.673380812733195171e+02
2.851149705121604256e+02
2.306168559414149115e+02
2.746837862216425492e+02
2.836864991449422746e+01
2.643868549512533832e+02
3.056330909998810057e+02
2.807761849561667873e+02
2.675559558077737847e+02
2.523131940619262821e+02
2.452447157082465878e+01
6.573913420589178713e+01
3.485334695884046141e+01
-1.324548666737513258e+00
2.498274203543655574e+02
2.695430185972883237e+02
2.447798812590046964e+02
4.075012599905440425e+01
2.426418183432413684e+02
2.309285206165238549e+02
8.380235455670472788e+01
1.999257518890975689e+02
1.995177765169296435e+02
5.708323523472330407e+00
1.235748757815587453e+02
1.256337420955942719e+01
2.652266999778842660e+02
2.092236621071457989e+02
2.658914575116752985e+02
2.587423057539252795e+02
2.730680544309973357e+02
-2.697939369829057910e+00
2.862663568407251660e+02
1.379240268816695902e+01
-1.897845509549730991e+01
1.957176991381943765e+01
8.655267340421272593e+01
3.025117476808188144e+02
3.097197364495816032e+02
3.022326228307414340e+02
2.591814532591586158e+02
2.135565604299936240e+02
2.974539769943895635e+02
4.957186333040920090e+01
2.885181736564665016e+02
1.384552341548280197e+01
1.726519294913126430e+02
2.378281374256363563e+02
3.132715872311570706e+02
2.414831232644699526e+02
2.655100101777247801e+02
2.419003257858285849e+02
2.340213323027927856e+02
2.191618478321612429e+02
2.349167480403716297e+02
2.479217547639354393e+02
2.975311174644953667e+02
1.341623327970341961e+01
2.487215153523059712e+02
1.863100081169388034e+01
2.241424394603680241e+02
1.353720960571510545e+02
1.837675866094303956e+02
2.744686948206908710e+02
4.114422891985614683e+01
-2.531846500222694374e+01
5.615469516588018450e+01
5.459334100755509667e+01
2.533221619830706004e+02
3.027734533769827863e+01
1.418244032209663885e+02
2.929542258585120180e+02
2.496571771017830770e+02
2.839241825258483800e+02
2.445399986113549460e+02
1.701217408226180794e+02
2.524211522583864564e+02
4.314282289515423940e+01
1.773979481290063802e+02
-8.725871198455337208e+00
2.855526049586384261e+02
-4.394688872776858268e+00
6.497195010424974271e+00
3.311282493600560883e+01
2.900848122988082878e+01
2.959440118971896254e+02
-6.301854666861146370e-01
2.722051082547859551e+02
2.269510599954057284e+02
1.530540011325188345e+02
1.602804305641035398e+02
1.462612691134627596e+02
1.559453013689121121e+02
2.921423589454951752e+01
-2.555958772965369974e+01
2.265987745612023900e+02
1.850614939778557755e+01
2.781559028192204153e+01
5.695499076785733905e+01
1.721353970162525115e+01
2.412519631542303671e+02
5.068640605691012979e+01
4.620807440769553409e+01
3.205586828607980010e+01
1.521858971027586449e+01
-4.351831600755760121e+01
1.367660849657173685e+02
2.447834042278965683e+02
2.818793681901092896e+02
2.383321366540769191e+02
8.281151911777050145e+01
-1.357311611026838705e+01
2.901393421180574705e+02
2.338978140557535141e+02
2.888437581160230820e+02
2.750024067010413091e+02
1.821304517789459965e+02
1.427586756763201663e+02
1.770690998624617976e+02
8.956358538076980835e+01
1.479214955086712280e+02
-1.143983210051402466e+00
4.041039289416261227e+00
3.158411822838317562e+02
2.799287234253039287e+02
3.688747268180517835e+01
1.193672102700036817e+02
2.218952862292211421e+02
1.990843818625407096e+02
1.561554068926657521e+02
1.490311245569433254e+02
5.827446031403013649e+01
-9.532223339985392840e-01
-1.018726769043296088e+01
6.217842543886669660e+01
3.130932416524041173e+01
1.389009884524566303e+02
1.915021674353749290e+02
2.788915514477092188e+02
1.595889918906208038e+02
3.070042552384293799e+00
1.649513479865036629e+02
2.080343267791634787e+01
-4.368173849124076469e+00
2.610597813113890879e+02
2.370626034209777231e+02
2.951957827167495907e+01
2.794955982747630969e+02
1.348193651986290149e+02
2.519488421018056954e+02
1.830247170979238547e+01
2.525277303135069644e+02
4.734586020219165903e+01
-1.709392552778437846e+01
1.682290549516494593e+00
3.857062860274109539e+01
1.777268731145318270e+01
-7.235171063258349022e+00
2.186203487562334260e+02
2.453805293792597126e+02
2.787696870820894901e+02
5.622485420185128646e+01
2.653678116337523534e+02
-1.188370205318359751e+01
3.003778160552687382e+01
-1.467072037374937032e+01
2.393962190288365264e+02
2.269569984904825048e+02
2.733773115336520050e+02
2.984310506456950520e+02
2.165369482351724173e+02
2.894795243035647445e+02
2.397449476115062055e+02
3.249414432628367422e+01
7.829373068187473450e+01
2.845347325263735456e+02
2.846704658377836950e+02
2.288223275938966310e+02
1.713706050355411321e+02
2.496545669280500022e+02
2.819670747558865287e+02
2.226693227903155616e+02
2.678201896379332538e+02
2.707415562668524558e+02
5.750734842032517236e+01
2.870348253421392428e+02
2.482527674512786859e+02
2.474404622724500769e+01
4.220936145716763122e+01
2.821771474453018413e+01
6.438451918985268208e+01
-2.515268094699607104e+01
9.198277067817315356e-01
1.258518762251978131e+02
2.362737020572776032e+02
1.140431403025334873e+02
1.341320124185176610e+02
2.399455966656379360e+02
2.376049263036120749e+02
2.438447559868563417e+02
1.412866218279136774e+02
2.446425436561539470e+02
2.781583083963267882e+02
3.074966050751521607e+01
2.607265031564824653e+02
2.399511274988398668e+02
2.639635484516278439e+02
-3.265053654951509543e+01
2.321779581245358770e+01
3.792321770289814253e+01
-4.695320187040294968e+00
-3.458194727009185954e+00
1.695813820951883599e+02
4.200843928894548185e+01
2.859395807482638929e+02
2.309171192403123030e+01
1.565565607975565285e+02
-4.223428023786766516e+00
1.761172174267397850e+01
2.611310583860888528e+02
2.653420976832927636e+01
1.429276287205000529e+01
2.401987617593690061e+00
3.357376070456160733e+01
2.743273524204286105e+02
3.795418849286349428e+00
2.834981194949367023e+01
4.818088738777058211e+01
2.743954763578985876e+02
2.643446069881634344e+02
1.577662076721738060e+01
6.385864443146422786e+01
2.680646589528736854e+02
2.295162602721564440e+02
2.811644294483357953e+02
2.351824133284475806e+02
3.005391982895903311e+02
2.523239611848965467e+02
4.474072515391483762e+01
1.341562563528937631e+02
2.268361534162447128e+02
1.518682827049711364e+02
2.385569746932511066e+02
1.856022714016998520e+01
3.058558567920496216e+02
4.571223406898405983e+01
