-1.820500527978122420e+02
-3.202517631634774489e+02
-4.358181165947332829e+02
-7.242880433273118967e+01
-1.990673696644025767e+02
-3.816748714757342782e+02
-1.734490392753699268e+02
-2.496599886208339569e+02
-2.393343472015090185e+02
-3.767268120088096452e+02
-7.964980232340667499e+01
-1.182971399587168690e+02
-2.962509208269325427e+02
-1.452920829874369986e+02
-6.817072196216548718e+01
-1.108239187360624243e+02
-1.014435890810833740e+02
-2.052033538185449402e+02
-2.193562646456441598e+02
-1.966873454382576938e+02
-3.974484065531757437e+02
-2.153329384927025956e+02
-6.530478044960375428e+01
-2.173272808438204038e+02
-1.278562437806908463e+02
-2.769848780984779069e+02
-2.803132719661675765e+02
-2.941276853834527572e+01
-9.575271254902899898e+01
-2.036654131713789582e+02
-4.248413207081247833e+01
-1.188387409990318133e+02
-9.786770366186783576e+01
-7.797219310467966125e+00
-2.632442291906912146e+01
-4.805124624880180306e+01
-7.181806154672960929e+01
-1.053051504493248416e+02
-5.916296794509680268e+01
-8.459245840848825537e+01
-6.181265853934391430e+01
-7.815626930481944612e+01
-4.187577148289364004e+00
-5.171306824935145130e+01
-1.031469090573612277e+02
-4.779807149560188861e+01
-7.815316201194318069e+01
-1.821114769132293532e+00
-7.405992779068952814e+00
-6.858064350296447742e+01
-1.442165431421281596e+01
-1.120606609885767568e+02
-4.533424241790661569e+01
-1.318475545393373807e+02
2.856068769940989682e+00
-9.214774068649163041e+00
-7.573884494934435452e+01
-6.335151855142743216e+01
-5.296410940213388585e+01
-1.822809105995006007e+01
-5.210268380366957786e+01
-6.473193374306524106e+01
-2.532111709237352386e+02
-1.879224623172636655e+01
-6.651621526497382320e+01
-4.573095108036275036e+01
-6.117297977461156933e+01
-3.966652052680736062e+01
-2.848314509153411223e+00
-1.378367287920559647e+01
-1.406868727577211189e+02
-1.014496701164230785e+01
1.215949221950094739e+01
1.821327576349077049e+01
-8.828990945177352501e+00
4.412975402106042111e+01
4.817051869442698830e+01
-4.217779260150726373e+01
-4.786026105690631738e+01
1.989524787246230630e+01
3.409582004136018440e+01
3.974822910172227353e+01
-3.290789278968274800e+01
4.911135208649183070e+00
1.438397307159261906e+01
4.526191970086135541e+01
3.897263450196561507e+00
-1.741824877686021864e+02
3.686497249231342010e+01
7.975800282947164987e+01
-7.823681745144462241e+01
-3.040952732575188122e+01
6.922827380543790809e+01
-1.334754141532318670e+02
-3.539084107762614906e+01
-1.529668894338190626e+02
-2.495101899320055736e+02
8.454513740850192960e+01
8.328143221614499225e+01
-6.745199183222298700e+01
9.666585761132341759e+01
-4.807382049092355203e+01
-1.832243835257283706e+02
-4.912206097302895103e+01
8.235013088471134779e-01
-7.851231854596147741e+01
-1.208055017115171097e+02
9.564000514830569344e+00
-4.587980810360183170e+01
-1.628180361303858774e+02
6.162566550902415230e+01
-1.803556023428824062e+01
-1.511925259869584295e+02
-3.523967923490185967e+02
-2.438481340669477504e+01
-3.516664631951978492e+01
-3.248847557340722858e+01
-1.694855262472252377e+02
3.512121714625811819e+01
1.719562807923824721e+01
-1.862084252794520012e+02
-3.027432157170515836e+01
1.662050684086189278e+01
6.699561783488476863e+01
-3.969403260881195905e+01
1.382029313624155691e+02
-3.101757717269831005e+01
4.762351279211478072e+01
-4.382334504257685381e+01
8.421303780415803431e+01
-1.387585651335082559e+01
1.223560417267754019e+01
8.468195827813872256e+01
3.393018566256131407e+00
8.845225281969931075e+01
7.000885335912414575e+01
1.067278092441470534e+02
-3.836119356554185345e+01
2.605266131739362834e+01
-4.044693479998528574e+00
5.249835170873480905e+01
-1.926166069196602848e+01
1.543053457998952638e+02
-1.344929794060733741e+01
1.248130671092085748e+02
4.811398055737916479e+01
-2.135587343017400030e+01
1.235583909626958246e+02
-2.092787027738401662e+01
1.272154440773882556e+02
1.014297210557166977e+02
3.369046672404125076e+01
2.784476323155250554e+01
7.715415093244241973e+01
-1.937593046172835898e+00
1.446192335570312082e+01
-1.413246543896962635e+02
1.021557664908603726e+02
1.202335072555095081e+02
-2.424998914817621198e+01
7.365242643758119812e+01
9.745882361362407664e+01
1.344686556728077846e+02
1.174629681721005028e+02
1.338422523876727155e+01
1.314684922036903174e+02
-2.674550897775773137e+02
1.195348472291274931e+02
9.715685143970898707e+01
8.988960503741001418e+00
8.960040703365713455e+00
3.125217581198316452e+01
1.193584597536116121e+02
9.182435295398387609e+01
3.547486156850439443e+01
1.092353715163700514e+02
3.825825756052409332e+01
1.458292874385950313e+02
4.583408429529653105e+00
3.115372015681691664e+01
-4.533758940224204252e+02
1.284861809789065603e+02
-8.477268431401863324e+01
3.947807963633868411e+01
3.592752263706350391e+01
1.224945596526900147e+02
1.133476515125865944e+02
2.139221916834209480e+01
1.127902201369010271e+02
5.424913125422947502e+01
-1.101429569273669813e+02
3.774713891842213798e+01
1.132958168864043955e+02
-5.060454330647303323e+00
-2.332627084389171159e+02
1.020092360790784056e+02
1.085018938476011385e+02
4.001049512328339119e+01
1.266223796287117551e+02
1.834905857588343565e+02
1.019380765484384312e+02
-1.456837740434771433e+01
1.237171142933135570e+00
2.260014721160240470e+01
5.021984734249442539e+01
7.338129428613430605e+01
-1.686822478126499050e+02
-1.742008763577726427e+01
9.552295078242033810e+01
-4.575114789614316635e+01
5.258123767193558251e+01
1.165820652836926286e+02
1.357789936611286237e+02
1.311187088688065501e+02
-2.420447627311164069e+02
1.285914361904878831e+02
1.350595936510804336e+02
1.292975218276702378e+02
1.170350608938435784e+02
1.260836430021098238e+02
7.415739766820561840e+01
-9.333503153269994357e+01
3.422034176398801719e+01
3.165994645854215150e+01
-8.395979210980314633e+00
2.031679007803910508e+01
-3.388022453784217305e+02
-1.712266618225797288e+02
1.119514446128185057e+02
4.245319165059009947e+01
-2.770281431745050327e+01
-5.188710168804229284e+01
9.928398607843217860e+01
-2.359236250904038457e+01
-2.303841474955534352e+02
-2.939316348058587991e+01
-4.210764586841658996e+01
-3.235413108084384248e+01
1.414071093143986104e+02
3.373458265305276882e+01
-1.059469024441376064e+02
8.103005562417735064e+00
1.138040908388462924e+02
9.954954688247801187e+01
-2.587637024609453817e+01
1.283093791548754155e+02
5.670039757884439524e+01
4.743846801795529444e+01
-1.495753405300944792e+02
1.227032358166877373e+02
1.813884364623349086e+02
1.312253698039656342e+02
1.743973809325784146e+02
8.201682913263196895e+01
1.431811042677025796e+02
4.290106480161065150e+01
7.737614270261556726e+01
7.187810012495026513e+01
1.385675472732065998e+02
1.212207667031738936e+02
1.480730384442780405e+02
-3.739920816170199203e+01
1.620236640242763144e+02
8.487281930570350141e+01
1.710403250505727044e+02
1.394189405680299672e+02
1.450559256063824591e+02
1.193100971300459889e+02
7.963769361398891533e+01
-2.441546359689805712e+01
7.872425319589326875e+01
1.216667261653268639e+02
1.278935125255223255e+02
8.409598805161418511e+01
2.613047098121863598e+01
1.151870606004521846e+02
1.456586728860910966e+02
5.879662906156760016e+00
8.786248708332692559e+01
1.395776024937653119e+02
1.093421886088944746e+02
1.020046299367624982e+02
1.382352869317597310e+02
3.284675954335551751e+01
9.754160093833414180e+01
9.119728814653282711e+01
1.433098705135089403e+02
1.136667829872749280e+02
1.342418288499046639e+02
1.033342886806687488e+02
1.089565524093662532e+02
1.211573479250972412e+02
7.130671522445344124e+01
5.250657023142905899e+01
1.318464781523906026e+01
1.284286456042224813e+02
7.694999782955369483e+01
1.089989315028601311e+02
5.061852508376339443e+01
8.842042081678698651e+01
1.044304931740809792e+02
1.076153617310202009e+02
1.092612530951624308e+02
1.172365011158419463e+02
1.024731633113266867e+02
1.148304215002132196e+02
1.111077156287835379e+02
8.661192573880236978e+01
9.793574890437037084e+01
9.797404324665366460e+01
8.883757916686478495e+01
-1.622974894892968223e+02
1.517432607075038504e+02
1.256543532116623680e+02
9.602389670478478934e+01
3.975581355037692077e+01
6.747457260215638541e+01
1.162894312257733134e+02
1.570065169708247197e+02
1.260394491532823338e+02
1.341033280962374477e+02
1.210871317981893895e+02
1.172702844477544488e+02
1.372865668481797741e+02
1.241348858664238151e+02
1.428922905933009133e+02
-9.346859465127974431e+01
-1.094582804737200235e+02
2.947701325867714672e+01
4.083735968415038542e+01
1.088753466316909879e+02
1.915839463689296096e+01
-5.858966840984246005e+01
1.447757095964892926e+02
8.187761756679400094e+01
4.881252149214677871e+01
7.662396882308728152e+01
-1.010195890895412560e+02
3.406965526331410388e+01
1.227404641322365677e+02
1.459089260151628196e+02
-1.066527811887403487e+02
8.994994333130341602e+01
-4.266253209553465098e+01
5.258599679542220429e+01
1.333723123108978541e+02
1.221895478783483497e+02
1.569098236084050484e+02
1.516003301129530882e+02
1.581377862602446669e+02
-5.161924912604514049e+01
-1.056060299295584031e+02
6.426713232651430019e+01
1.220251353210238818e+02
1.365439771043119777e+02
1.571809824165483747e+02
-1.469673150287711962e+02
1.576184243026892489e+02
-1.030778087559853589e+02
1.599829169018377115e+02
-6.804276522862710408e+01
1.282963627783875324e+02
1.284566016643314583e+02
-9.982093975453793178e+01
3.786368247374358731e+01
1.300139293131052796e+02
1.223089321056640273e+02
1.133186459596520734e+02
7.836791718015174979e+01
1.407894957305241519e+02
-8.657314344635555869e+01
4.608769293276576207e+01
1.295729289320375131e+02
1.361318839446772131e+02
1.577832659665151311e+02
8.644787013775717810e+01
9.993432160700777445e+01
4.508425240074811313e+01
-8.429921251361784584e+01
5.340370791899731273e+01
-7.609722104222805683e+01
9.451086444651440388e+01
1.505365525990548008e+02
8.811553150612036234e+01
1.200626154683465643e+02
1.726378914629858627e+02
1.083620672635060913e+02
1.100002705469557611e+02
1.558782199435886469e+02
1.315982997071559453e+02
-7.526974676175127854e+01
-1.364657987727013619e+02
-1.008517173512757950e+02
-7.924893812480608801e+01
1.122907155317394370e+02
1.120699153839674267e+02
8.011760419616437900e+01
1.730963380031296879e+02
1.182153077031978654e+02
5.777616996137686556e+01
6.127380290445586297e+00
1.132085868888698883e+02
1.617857028871294034e+01
1.231163678749854000e+02
7.714352295574377649e+01
-2.961477963149725383e+02
-6.350441758647413337e+01
1.099413224992440092e+02
8.924948728290691236e+01
1.052770219540360443e+02
1.480539307510787239e+02
1.728412454362075437e+02
1.235771332855929217e+02
1.862479095709929595e+02
1.196880031690196233e+02
1.560445732480729077e+02
1.145798685306704954e+02
1.204320976161479138e+02
-9.556117887307060244e+01
1.528413885100632399e+02
1.051341626259477664e+02
1.585224131637295102e+02
6.792583688139704634e+01
1.124235952307973037e+02
1.327742689778523015e+02
1.235846353064821983e+02
9.959630597548141395e+01
1.588310026791376970e+02
-7.031007813521600269e+01
1.231466689899527296e+02
1.825033720868940463e+02
1.170820692376959045e+02
1.307429047397866952e+02
1.064332263460292154e+02
-2.948149763958333835e+01
1.513582193141854759e+02
1.158464809848850621e+02
-1.383871506418049080e+02
1.899466068719164582e+02
-2.834270310178814611e+01
9.989460317502575037e+01
1.042231146080935673e+02
1.315403435200940976e+02
1.299571860954626743e+02
1.119737701039367721e+02
-2.118064476167730703e+01
8.823787146743136134e+01
-6.464857651994636001e+01
1.181654048036588449e+02
5.073110223263442009e+01
4.325844427900907618e+01
9.852463533519474481e+01
4.283540253618509297e+01
1.353013243252680411e+02
1.670247453687093753e+02
1.612517044292320350e+02
1.183656553867150052e+02
4.471756475760275862e+01
1.624936414214200511e+02
1.164559104295695420e+02
1.229894818292445962e+02
3.215129940998343017e+01
-1.551658796898738046e+01
1.197530950318883782e+02
1.430087633436311023e+02
1.073955645128631886e+02
1.473085076056647154e+02
1.481956602860406917e+02
1.413271487967601558e+02
1.195609964451774658e+02
1.155768220388129350e+02
1.415132073149176222e+02
6.323551325771404663e+00
1.749642648622629792e+02
1.024342397176066015e+02
1.276785127276321390e+02
8.358354392643708763e+01
1.210997063421771713e+00
5.473064129738654060e+01
8.025873340377040677e+01
-3.794496057074843520e+01
-7.086036113919192303e+00
1.159159431200442896e+02
1.298963982419060983e+02
1.766398591337224104e+02
1.363353924950342559e+02
1.089878887413552064e+02
1.285124376373140649e+02
1.924204858764622372e+01
1.446877188254869395e+02
1.391437909911945212e+02
1.419685940548149858e+02
1.026474782794530540e+02
1.651447278060940960e+02
1.214253194150351192e+02
1.253791356452041299e+02
1.308542925991189350e+02
1.601319639843906941e+02
1.179869894011533233e+02
2.682909888862523928e+01
1.371062642226763444e+02
1.695962197900109345e+02
1.623299045614612339e+02
1.073819424726903549e+02
1.535143913534931812e+02
9.749025458765031260e+01
3.374241650711223173e+01
9.516919930221111201e+01
7.290550894932793824e+01
-7.275018458238770336e+01
1.654366942178841100e+02
1.016986239620227792e+02
9.174797119657661426e+01
8.041828715370400005e+01
1.390463273132654081e+02
7.816934699856670932e+01
1.378498413518123868e+02
1.220100351565391890e+02
1.238673103630385981e+02
1.013549933058226173e+02
1.347291647432876687e+02
1.145684661670231321e+02
1.744472902600550981e+02
7.261749847505701894e+01
1.302806264928995574e+02
1.284413520398217088e+02
9.438688331961057543e+01
9.124786511144947099e+01
-3.438734761416502295e+01
7.735963526740276563e+01
1.070087832309675235e+02
1.117011721673362672e+02
1.165750047681142973e+02
1.064766552774698454e+02
1.859280483022550641e+02
1.040968696264992985e+02
1.053096725546988210e+02
1.220223070112659087e+02
1.302205822898843337e+02
1.304879046745770097e+02
1.375166584567055850e+01
3.714396123484249301e+00
2.037260085907770701e+01
1.997675547645602876e+02
1.587733406990277274e+02
4.280143040685501887e+01
1.160247642502180270e+02
1.007517099237302034e+02
1.434229952272183652e+02
1.470355007192010532e+02
1.280089475747107315e+02
1.386569334705243932e+02
1.357115510431400480e+02
1.046438496596319112e+02
1.258521488236326604e+02
1.327234457083155235e+02
1.316617361198112235e+02
1.965790386311702775e+01
1.593318071449543538e+01
1.491698094537842962e+02
8.443424823207664076e+00
1.137483940106915270e+02
1.229733271887871382e+02
-8.818477924586146344e+01
1.385864003039152124e+02
1.333291004209514483e+02
9.326093850968194943e+01
1.174600644106748177e+02
1.032792842112906158e+02
1.161149322180766745e+02
1.003402056684063126e+02
9.160953463205333946e+01
1.154859420614088208e+02
1.258091180065807180e+01
8.570530754839920462e+01
1.325120214490104331e+02
1.652422696096801644e+02
1.105336827342070194e+02
7.936065496917164808e+01
1.152151461661456011e+02
2.225275011644340282e+02
1.360484553340197351e+02
1.093556689695871000e+02
1.821222454202059851e+02
1.106550714068171715e+02
1.256949441271797667e+02
1.451326049663608444e+02
1.194965573377332362e+02
2.555303857781429144e+01
1.442059960687123805e+02
1.430864154742455412e+02
1.311441041585877656e+02
1.213065690107671770e+02
1.465772677278183096e+02
1.001953260626159192e+01
1.359206196398677093e+02
1.357086979868237506e+02
-2.958441107290964567e+01
1.287876641580081980e+02
1.717233832263647173e+02
1.144946850703701671e+02
1.198086988224107614e+02
1.272475686116401050e+02
1.075086376902796843e+02
1.450984734066487363e+02
8.407346970955477161e+01
1.618013030477935672e+02
8.144021523968490328e+01
1.172759276784258446e+02
1.188775521896232874e+02
1.387075736640754826e+02
9.045415221226349445e+01
1.347686891941474414e+02
1.593346948290190710e+02
1.081309033288850543e+02
1.309422334933675245e+02
1.015391168097206389e+02
3.140132235434188601e+01
8.938372206048765634e+01
-9.455947246080782520e+01
9.980920130867627904e+01
9.425674321008486345e+01
1.736231012458846692e+02
1.243289940504600963e+02
1.479386637474746919e+02
9.631024448940908655e+01
1.188803947258789151e+02
1.138261797699919526e+02
1.213958860363098893e+02
1.208988544374100371e+02
1.340227840214141111e+02
1.451252657073911791e+02
1.452783780973662431e+02
1.421904997537457973e+02
1.366530158988574613e+02
1.061827874689234079e+02
1.312071552568250468e+02
1.109394092167843837e+02
9.730431780548791210e+01
1.261717588002162671e+02
1.317114126964396519e+02
1.888813423218545609e+02
1.267447172512128049e+02
5.318136274249846451e+01
1.567625360265806478e+01
1.733297256653951877e+02
3.549902301265760229e+01
1.124479439055091916e+02
1.296663880588950519e+02
1.040450633892285310e+02
1.683281103882469836e+02
1.291352094745436148e+02
1.141430065288368496e+02
1.424659682054689824e+02
1.893769683317754016e+02
1.319888093547687618e+02
1.469492121019530941e+02
1.591716900813488849e+02
1.342327891216440321e+02
1.090037300678467602e+02
1.338183615878031958e+02
1.849828287918646197e+01
1.821882586610117301e+02
2.440718452065688666e+02
1.482041214008948486e+02
1.070741655940188792e+02
1.606249121227754699e+02
1.953176077706524723e+02
1.231766427815499867e+02
9.828742514788187634e+01
1.401375314112688670e+02
1.019130112853263341e+02
8.700151209041391098e+01
1.460360650306990635e+02
1.114951340614836255e+02
1.737191557405179196e+02
1.334271854447722205e+02
1.307047594363254746e+02
1.932820216382951628e+01
9.731928497934909217e+01
1.242878997015751281e+02
1.084605446255823864e+02
1.256941393235081534e+02
1.349928107590151853e+02
1.376047498679221803e+01
1.089107607471943311e+02
1.014199265638844878e+02
1.332038648686581439e+02
1.217568560497471850e+02
1.318612378500786235e+02
1.873795030833895225e+01
3.256369353211067619e+01
1.138695643289938602e+02
1.188481471434798067e+02
1.857378064919042515e+01
2.469021896977290567e+02
1.346699098548079405e+02
1.746003144074251452e+02
1.459646921808311504e+02
1.410088683783621946e+02
1.506291633242044270e+02
1.670769314305358364e+02
1.346100938439270180e+02
1.667392601649853532e+02
1.449858142534598073e+02
1.371283231300779732e+02
2.773507571552225954e+02
1.434937942272723888e+02
9.987045146850522315e+01
9.603167675497068956e+01
2.159832619003676655e+02
1.747779786074690946e+02
1.268576871102391834e+02
1.598862424853455764e+02
1.580849326589708994e+02
1.399412371641259369e+02
1.404910458166128251e+02
1.450999199648024671e+02
2.144865231313164031e+02
1.688791026424335655e+02
1.550091926745780029e+02
1.315085541643982197e+02
1.371268668930116803e+02
2.242481233855956191e+01
1.169886603295568079e+02
1.355217739805120232e+02
1.596835392794015434e+02
1.230354842781299425e+02
1.671831370221984798e+02
2.354559622260951528e+02
1.553636323691107179e+02
1.493835017650789894e+02
8.688182474571165415e+01
1.313547350917661163e+02
1.819386198926988527e+02
1.206323767918269283e+02
2.319859941644562014e+02
1.311511326668612014e+02
1.203022150741924179e+02
2.253945831572748943e+02
1.362490628685860088e+02
1.375830404457946941e+02
1.557225696394160366e+02
1.538080334005650229e+02
1.231744399568626562e+02
1.451887693837476832e+02
1.133680139967096636e+02
1.254384659345046771e+02
1.420826374595499431e+02
1.461333128284854581e+02
1.621153198696379718e+02
1.224786290492439917e+02
1.579035603933370169e+02
1.395810520047563728e+02
1.456039472152133385e+02
2.772401180392483298e+02
1.318376204246436032e+02
2.255860271234593029e+02
1.373519270571172797e+02
1.818586528447173407e+02
2.277418097887316719e+02
1.237994431296722553e+02
1.351286015143916472e+02
1.591278882772231213e+02
1.317589990695740312e+02
1.383373412466359866e+02
1.767336478281653740e+02
1.150211313937507782e+02
1.170069803832146960e+02
1.312431703634775033e+02
1.260025654060532361e+02
1.700421658286086029e+02
9.201897624152495325e+01
1.498555582733411597e+02
1.165410586534777337e+02
1.459552671406341631e+02
1.811346160133928436e+02
1.118069893601872309e+02
1.342520602090600335e+02
1.250437236868098552e+02
1.459950873463240839e+02
1.419221739692487745e+02
1.317098596441747418e+02
1.603885696292585976e+02
2.268951282654531951e+02
1.301533718870412315e+02
1.652588451745737359e+02
1.224808855980241589e+02
1.740119751519749514e+02
1.535133202918388236e+02
1.211078917073865142e+02
1.452195399385440737e+02
2.015218460798045044e+02
2.275445983862810806e+02
7.076805768989237322e+01
9.286459670991186499e+01
2.252116656588825663e+02
1.499654402472862387e+02
1.713560971249968361e+02
2.546428800671637305e+02
6.448978572384059760e+01
2.130796042723655432e+02
1.210738125096433748e+02
1.549090926821734797e+02
1.889415644982746869e+02
2.572576964600610836e+02
2.441568146679888400e+02
8.230586710360633163e+01
2.611923167511436077e+02
2.029746594862102427e+01
2.589144561875322097e+02
1.124579148681812626e+02
2.782190937355056235e+02
1.639280295321943015e+02
1.297303665311595466e+02
2.379438889936903934e+02
1.930445766836292876e+02
1.690493954815803477e+02
1.422604920074310826e+02
2.365064033704968267e+02
1.237539181197630427e+02
-3.115827513266086157e+01
1.214660816254813227e+02
9.522482691060949378e+01
9.637654674611728467e+01
1.913065982822832893e+02
-3.183190082287672453e+02
2.038042018037450589e+02
1.487600025977441476e+02
1.679893634710659853e+02
1.450496695470019688e+02
2.266180665006920663e+02
1.084602925968742966e+02
9.137536065316425038e+01
1.258730121292228574e+02
1.280263779164361608e+02
1.626275013609653115e+02
1.683947516037819128e+02
1.966546637760291105e+02
2.135706210171638020e+01
2.560437598529929346e+02
1.297291164945636410e+02
1.305439645589750342e+02
1.359279045236895911e+02
6.299872090501683886e+01
-4.667966934832760728e+01
-1.564675369566454322e+02
1.568614423992655986e+02
1.589651500573556291e+02
1.925466780776138194e+02
1.240185107030732894e+02
1.440524311994603579e+02
1.908303619753951921e+02
1.509216775315577479e+02
1.101157148213620758e+02
1.815983398079850986e+02
1.349302536458018551e+02
1.712002601074209451e+02
2.061494290407544838e+02
1.859504319617241777e+02
1.244807704553927152e+02
8.863215185329647738e+01
1.322831363950716934e+02
2.670154116451191157e+02
1.626733127188500703e+02
1.444144410792086148e+02
1.285870089329949053e+02
1.849539523170506925e+02
2.092122785870215012e+02
1.797211182031184507e+01
1.779009166795987937e+02
1.009762034452840140e+02
1.599001766641728182e+02
8.074107398006475478e+01
-1.334605538705652350e+01
1.390430784342610764e+02
1.371150571552634290e+02
2.843338688681241138e+02
-1.863860471751024761e+00
1.839057689542842127e+02
1.309276609250013621e+02
1.967013812308412071e+02
2.760422187014112865e+02
1.673160583673287647e+02
1.439057648159823941e+02
2.442660634982916577e+02
3.042665160801070670e+02
1.911975760846729031e+02
8.634904283163227490e+01
1.335245605212816997e+02
1.433709528979139805e+02
1.647793484269034820e+02
2.576763390808004317e+01
1.177613055266484707e+02
2.074249154911610731e+02
3.090457134103743897e+00
1.213964071178935455e+02
6.204346767833271770e+01
2.849075435400428660e+02
2.028893280796843896e+02
8.452329271054358628e+01
1.273446028170900775e+02
1.557293181960525885e+02
2.530642737633015713e+02
-3.275457745421579716e+02
2.354449733211580167e+02
7.917413503569034106e+01
1.025070178878773959e+02
1.648485150957891676e+02
2.808960302240751616e+02
-4.602586825167203699e+01
2.079752550216441307e+02
2.720902154016458780e+02
2.122869256104116573e+02
2.156675823582148723e+02
-5.240035839400244555e+01
6.103831081548382542e+01
-1.223383087293674976e+02
1.697724622189442982e+02
2.511156291519695287e+02
-6.264888654396007439e+01
2.784068138118284423e+02
2.783269915349960115e+02
2.942232789408814142e+02
8.121103497986950970e+01
2.493899171445618776e+02
2.733413913168152476e+02
1.352949497872370443e+02
8.792001375956110110e+01
1.580253896898609014e+02
2.413099512481344391e+02
1.811834805616883841e+02
2.341381992741512477e+02
1.554038335791724421e+02
1.002982774269689941e+02
8.221455598523445474e+01
2.566072662279549377e+02
1.609489557525771772e+02
-2.172123995774966261e+02
9.286893213749701204e+01
1.077226393249471528e+02
2.676279048954182826e+02
1.197298007774192712e+02
-3.352781553029227268e+01
2.591108136068912700e+02
-5.576811747713496459e+01
2.253003083630368337e+02
7.366563995814317423e+01
1.901771449950887813e+02
6.121876803378672349e+01
9.897335624378735019e+01
1.813485414947693641e+02
9.138096312444166358e+01
2.537023898816154883e+02
2.474258926191138244e+02
2.102825024115633425e+02
1.296709158058365290e+02
2.544184061288253531e+02
2.083388819093188147e+02
1.284918691388107561e+02
1.675777659336225440e+02
7.419704129890456556e+01
2.126775259538896705e+02
-1.355009690634192054e+02
2.769728594306990885e+02
6.000307889786753179e+01
1.900788962952562429e+02
2.294950302227019563e+02
2.288416398674220318e+02
1.861588564161000363e+02
1.321298140641329155e+02
2.200509153129384288e+02
2.655458672284317458e+02
-9.470181034261949549e+01
2.849460832909552437e+02
8.225961628030603379e+00
2.561599317368143716e+02
1.939840907147511189e+02
8.968457915267975977e+01
2.618861251180006775e+02
8.561262095399118266e+01
2.052955625173910903e+02
7.724030404208308198e+01
3.622976990624563598e+01
1.314684518528188164e+02
2.574033010780449899e+02
2.725730629397675671e+02
9.839966848288725032e+01
1.356496863566160584e+02
3.284097467252678371e+01
-2.018708741153528763e+01
-1.492575409789076843e+02
2.207992457137303006e+02
7.375023289396462189e+01
9.617094689103032579e+01
1.767243853015985451e+02
2.596311787007866769e+02
-4.469090775650685714e+02
-3.300525279430618752e+01
2.906433682027849841e+02
-2.065959494130541145e+02
-1.601229933166075625e+02
1.584745178900262772e+02
2.891378769743874955e+02
1.030376046675432633e+02
2.218838638687131493e+02
1.547038227067284595e+02
-3.978068206170253518e+01
1.517754721461886902e+01
8.011424060287986038e+01
-6.560363009623759467e+01
-5.002877972709065091e+01
7.309955205568357428e+00
8.353294066405213414e+01
-8.860502373984417090e+00
2.261960080502282153e+02
1.400739299368958939e+02
1.181277117362202063e+02
9.204128623570105106e+01
-1.927333729196449497e+01
1.554344825263114274e+02
-3.162111355914233002e+01
-1.733548217632364299e+02
2.045261774320243262e+02
5.207453255970136752e+01
-1.841661822883850448e+02
2.322020841155876667e+02
2.427654791525882843e+02
6.683687099647104901e+01
1.981397921297501057e+02
1.810988414318321986e+02
2.768624201885971274e+02
2.772072349550192030e+02
1.693680651195205087e+02
2.250302949358706996e+02
2.246829769929425424e+02
1.216892854581290351e+01
2.334717755569467954e+02
2.530168911949943151e+02
2.836381421035896437e+02
9.727213061694939711e+01
7.802003937234196940e+01
-6.785543717432597077e+01
-6.163149443891067136e+01
2.206779521022053245e+02
2.015776263442785421e+02
-7.539886069197569896e+01
1.883719596932935190e+02
1.610070435683196592e+02
1.894680804146525190e+02
1.113374812014701547e+02
-1.312117348769310468e+02
2.027504854175840592e+02
9.281332104701259311e+01
2.696986819030943821e+02
9.721330537530492677e+01
-5.904643664704720862e+01
1.258692284447541994e+02
2.611518608395991237e+02
-5.516296192477785354e+01
2.705209737279875526e+02
2.189822335519422722e+02
1.217256647893378840e+02
2.593977809338978204e+02
-2.031616637463698112e+02
1.247108014297283773e+02
4.177906678986756361e+01
5.765644092023856615e+01
3.198932368026897421e+01
2.507133177410906910e+02
1.017303051166154120e+02
2.082830814505526291e+02
1.994448987047108801e+02
2.389528137960981553e+02
-1.536708456686171473e+02
-1.675758194267560839e+02
2.753659847645041623e+02
2.051179310206051696e+02
-1.701617558271330211e+01
-1.927273786208871797e+00
2.630929521066371422e+02
2.195847501847034096e+02
-9.857910040147170605e+01
2.571279147913542147e+02
2.395473442436489790e+02
3.550808351110021022e+00
1.418378826399333548e+02
1.660520453804136309e+01
1.236787447114807037e+01
2.378096799964531840e+02
2.267409955512260638e+02
-8.768772465745971090e+01
8.531484060082055976e+01
2.125885338977778360e+02
1.586218705430806892e+02
8.515921357104994627e+01
1.078396490895647730e+02
-1.072582168074166020e+02
2.083718555238868362e+02
2.240787986609698237e+02
-5.114004152303062511e+01
2.429278578053030344e+02
1.049646811271995972e+02
2.313221034212749601e+02
2.529738455898723544e+02
2.533730652704729778e+02
2.670872660463109014e+02
2.739450448139298260e+02
2.862209706061833572e+02
-1.781607838427824220e+01
1.055951740729445589e+02
2.617190068803646454e+02
2.476714032853907952e+02
-1.527567359943054726e+01
2.518592254445110257e+02
2.349145501283326496e+02
-2.698475686177567923e+01
2.266391146432833921e+02
2.885578048302376146e+02
2.544063908191902783e+02
2.465394424285094317e+02
2.362007898494565552e+02
1.649495943127229225e+01
2.963434739000504692e+00
2.686638227435411181e+02
4.137466667257740482e+00
2.705894823521380488e+01
2.473471028184188754e+02
-3.888893549385912252e+00
2.667516842419181557e+02
2.740208895832620328e+02
-1.244772737514958294e+01
-3.369933165929596441e+01
9.256263786057900234e+00
2.702396130685442586e+02
2.266722894499824292e+02
8.077170986493655391e+00
1.099738639077366997e+02
-3.654438169042239082e+01
2.513864012497502642e+01
2.247849794906879595e+02
-8.908958618700211218e-01
2.563718892180328908e+02
1.878843779376801422e+02
2.376156034448898424e+02
2.481626905430454428e+02
2.394098264643948824e+02
2.425090705510301063e+02
2.148388751429141053e+02
8.458431215661846636e+00
2.133258490280199737e+02
2.449397970335075172e+02
6.463020789839490021e+00
1.502389423517411160e+01
2.519253110825018780e+02
2.678827795386295634e+02
1.663933860006707732e+01
9.779670417340881272e+00
2.693614413764626079e+02
2.207884275337781332e+02
2.416127046046123041e+02
2.841842783217164197e+02
1.556202904989285685e+01
2.100385105303266755e+02
2.552341577523600336e+02
2.870199253286449448e+02
2.464016093261841434e+02
-3.754565141698549269e-01
2.218101722644320830e+02
2.163731707945857181e+02
2.632627461684363652e+02
2.380600716215644468e+02
2.359683592991487444e+02
2.361952749242876735e+02
2.581751174130505433e+02
2.480065508582056850e+02
2.923927022351089136e+02
2.631486062245852509e+02
2.391779218386310504e+02
2.462089263344963115e+02
2.452120989665837669e+02
2.434793882176305146e+02
2.536660224530089351e+02
2.005837180706761842e+02
2.703292257046431928e+02
2.399914348354670892e+02
2.526495771714239140e+02
2.160760645996268750e+02
2.336003958621978143e+02
2.307638186348365252e+02
2.183754646264334554e+02
2.823080147951249046e+02
2.580629147104791627e+02
-3.897457908106345315e+01
2.502673604981884239e+02
2.597162019348273816e+02
2.475960074796360573e+02
2.621544312252367490e+02
2.802376076851934386e+02
2.559044735770694672e+02
1.615083329877309382e+02
1.597632077224895397e+02
2.581397599546808124e+02
3.018334177395838651e+02
2.837298934124935386e+02
1.640216932762931208e+02
-3.940037449472624331e+01
3.042993394146707260e+02
-2.770954775867421915e+01
2.668629260330445732e+02
2.657677041099753978e+02
2.689814116945649403e+02
2.959157413160400552e+01
1.067088121218405377e+02
2.504597093775676626e+02
7.248458361998778798e+01
2.689564221200611200e+02
9.512356713169597811e+01
2.344964981943334124e+02
2.841493206727917595e+02
2.749122205866443664e+02
2.009338539596044484e+02
1.228508040161716650e+02
-9.895564815891660260e+00
2.372693348780092606e+02
-3.772527251251678138e+01
2.216592331107168832e+02
2.736747408252171567e+02
1.014896393502331193e+02
2.772055336335145057e+02
3.700145975433603951e+01
2.456308458311083882e+02
-1.712206529640141639e+00
1.099770074012143937e+02
-7.315451942575067790e+01
1.657583852518717435e+02
2.571582923547119890e+02
2.302633593310491733e+02
2.098555873682951756e+02
2.938409831406112289e+02
9.091577348174126882e-01
2.171314086195854998e+02
2.932650008949871108e+02
2.065977270960701162e+02
1.911357018539385990e+02
-3.044529561996615996e+01
2.125982266814748698e+02
2.113836936985472903e+02
2.092956645375807625e+02
2.595214556332347229e+02
-1.951346685979004292e+00
1.539061253815660280e+02
1.494638451292962031e+02
1.289051887298622319e+02
2.584238761945115925e+02
2.538764699809387366e+02
2.053687270792735831e+02
2.246642589127962424e+02
2.297129437305868578e+02
-1.516870631079345344e+01
2.868116980485615386e+01
5.227123438522932730e+01
-3.791261214897816956e+01
3.353945454846734719e+01
8.340642394540429905e+01
1.013153863924060261e+02
2.177895606051259847e+02
1.708340176442994220e+02
2.302478566927889005e+02
-4.383711978117614194e+01
1.630775553867648284e+02
-6.019962599091689270e+01
1.231237793417002422e+02
2.565966940717401030e+02
2.726094030519342368e+02
5.238536976741445272e+01
9.694965322857217416e+01
1.754568528668491183e+02
7.746998137953168850e+01
1.941031726427640365e+02
2.517811450067284795e+02
2.197362748827010250e+02
2.727931565497253246e+02
2.723894280037739577e+02
2.277022900584892398e+02
2.866013069878343913e+02
2.142562816004918602e+02
1.718230211224467894e+02
2.698937801156980640e+02
8.231618554470773574e+01
1.118618579037611198e+02
1.495686229118770427e+01
1.103149415318777642e+02
2.248073985964691417e+02
2.026010123522780191e+02
1.549811145916949897e+02
1.396772344998965707e+02
2.115450108341230191e+02
2.976239304531713969e+02
2.501334192151971649e+02
1.598294711832124051e+02
1.954130801282657899e+02
1.069047209198756150e+02
2.540202684393449601e+02
7.405222709697652306e+01
2.555212295292358533e+02
1.757073051641401094e+02
2.454738065863719214e+02
2.377295020949958939e+02
-1.206590566000390652e+01
7.675513526287075194e+01
1.356319916290682102e+02
2.602720619853782864e+02
2.439665835471403170e+02
2.337148909479030294e+02
1.360131095343974721e+02
2.319938617367711515e+02
2.414234189883837587e+02
9.356805733795414426e+01
2.391404469496683873e+02
2.067231707044529685e+02
2.670169543343012037e+02
2.767415039868644726e+02
1.749702791169517582e+02
3.022892180490590022e+02
1.716525015394224454e+02
2.312474420359525027e+02
1.397907016929204929e+02
1.954208171893873498e+02
1.068676174746204595e+02
2.119810276150267612e+02
2.124807379132629137e+02
2.123093148817454789e+02
1.969441535389714488e+02
2.215862658613303608e+02
2.186695844152048664e+02
2.401830591391253336e+02
1.478853222519514077e+01
2.173302093342367129e+02
1.955478719337140490e+02
2.456002776459731365e+02
7.680122916439214009e+01
2.253864988575422501e+02
2.251431124897013092e+02
2.334174626915464614e+02
2.515518438827412240e+02
2.551032558510777051e+02
2.443795708297259353e+02
2.420108664458999783e+02
1.916217140325680930e+02
2.486065046913211347e+02
2.499078708854583226e+02
1.712728687550265363e+02
2.403770840254292693e+02
2.164469261967288389e+02
2.696510487219166521e+02
2.272807951823158135e+02
1.292761067316990591e+02
2.508558004797302772e+02
2.051909906470775695e+02
2.677176215800112118e+02
2.822148763125384221e+02
1.509636255220464136e+02
2.306300000375422030e+02
2.382548775472573084e+02
1.975654446150969079e+02
2.353037758316461634e+02
2.515768913646749638e+02
2.019950200221586556e+00
2.744682103189473423e+02
2.276853762599670290e+02
2.481424104166914617e+02
2.218757373014528014e+02
9.053674914285861064e+01
2.783880957106269989e+02
2.673954561871028091e+02
2.041228317156129606e+02
2.280236854879151451e+02
2.705908389564663139e+02
2.746702055251677166e+02
2.234834961086018552e+02
2.471746671269503963e+02
2.194030925258023785e+02
1.447550915333976320e+02
2.397145739110265481e+02
2.719581059046925020e+02
2.869576663573996598e+02
2.222698380157400493e+02
2.433092435117640662e+02
1.511803979487589800e+02
-2.096465919999695871e+01
2.325191307255037430e+02
-1.348960388476768912e+00
2.497499185892524167e+02
2.316601696982539806e+02
2.690447752518323909e+02
2.544224121518051902e+02
1.775894186879004621e+01
2.039643144150131207e+02
2.405824660775009534e+02
2.433241583953315228e+02
2.343122712079727705e+02
2.559619901311437218e+02
2.375176168511885351e+02
2.715348278814473701e+02
2.024422874871588647e+02
2.271286833340726048e+02
2.500679870570943422e+02
-2.826852411548117061e+00
2.280777098410392512e+02
1.665291807263872670e+02
2.447513227579852924e+02
1.154436415554448701e+02
2.568964749483410515e+02
2.570604390106817050e+02
2.498102831431145034e+02
2.355084230726523344e+02
2.250306779614836330e+02
2.400301420942482480e+02
2.392433093004713953e+02
2.539879553639707979e+02
2.123080654130911853e+02
2.421624367096764558e+02
2.442860781190292983e+02
2.357817431049240611e+02
2.648607038253825863e+02
2.348944225262540044e+02
2.418771949038140292e+02
2.346991692247679850e+02
2.252602797923610183e+02
2.556752051881883858e+02
2.817513375912521951e+02
-4.601686101626413006e+00
2.366657028663623521e+02
2.181637963158870548e+02
-1.647942385538743792e+01
2.385207402821365861e+02
6.102445468941691331e+01
-1.930097462842080347e+01
2.416056691290220328e+02
2.106466686842913134e+02
1.935854704386336778e+02
2.650488629399685578e+02
2.573077585642932377e+02
2.446825165941460227e+02
2.479031810718458360e+02
2.451875352050793992e+02
2.514432130811949264e+02
2.251684225634501217e+02
1.078838279253440646e+02
2.287704722327677587e+02
2.324942497132064716e+02
2.590604445718842044e+02
2.358033421440354118e+02
2.675592612427349763e+02
2.264562996271814086e+02
9.522140531850945422e+01
2.343126034598141700e+02
1.974097461060657110e+02
2.553592485329573663e+02
2.048246294649223955e+02
-7.076109063428198453e+01
2.351650723177828297e+02
-1.121367387234094792e+01
2.430934288994820633e+02
2.645027256361039463e+02
2.826943377573577436e+02
2.474615863632104436e+02
2.377932675192417378e+02
2.472900693476843514e+02
2.878819575090803369e+02
2.345652345506294125e+02
2.108860509771359943e+02
2.472859310150270176e+02
8.628196720877612336e+01
2.392272195590481942e+02
2.204304701752230926e+02
1.238253959632469900e+02
2.716749984553966897e+02
2.502729278727920246e+02
2.330320689471047615e+02
2.736495978765895529e+02
2.553546972702729363e+02
2.098366107463664889e+02
2.235558345980683157e+02
2.724246357693526193e+02
-8.580712446988798092e+00
-2.152412052197806247e+01
2.440205468730557925e+02
-2.676916540863030036e+01
2.488616349177118536e+01
2.472453872587067565e+02
2.666074273776263226e+02
2.368176676995613548e+02
-6.905209207766404234e+00
2.349053742867972971e+02
2.479518133579437631e+02
1.917711086714924136e+02
2.211722895837982321e+02
2.518982768486574741e+02
2.345709471158727979e+02
1.993769342492203123e+02
2.389770095994696533e+02
1.288227667014816404e+02
2.701814897720113322e+02
2.139800464494129528e+02
2.565344741996850075e+02
2.406013722138438311e+02
2.351980419922685996e+02
1.449309054888382775e+01
2.162270982688231697e+02
2.167878420361708720e+02
2.455660559150694553e+02
2.545117508158901103e+02
2.759935603140581861e+02
2.280748820836129482e+02
2.442108691107038396e+02
2.059573452906564057e+02
2.394337791478377255e+02
3.740650345520410269e+01
2.148004754934403877e+02
2.564184190539739916e+02
2.508166582548916494e+02
2.721951255256066133e+02
2.617471862737577339e+02
2.464570872308332525e+02
2.149079475695992016e+02
2.723685869682605016e+02
2.398830109160885229e+02
2.790715628803873187e+02
-7.432501146408539228e+01
2.661527531207656239e+02
1.932655356078946625e+02
2.479791589299254042e+02
2.209177643672824161e+02
2.063507130956987794e+02
2.440136854222149339e+02
2.502052915586810400e+02
2.169009921822550950e+02
2.795574341522188888e+02
2.826362056980290163e+02
2.026957500142105744e+02
2.657012673572879748e+02
2.220107087980617280e+02
9.729641269497389544e+01
2.614674803528657776e+02
2.257399136156961106e+02
2.546644905765483600e+02
2.688268226686534490e+02
2.126266246328554530e+02
2.509162838507825199e+02
2.556547930778892521e+02
2.084906003913896484e+02
2.378434735740732435e+02
-1.007099776829696367e+02
1.225671399090745837e+02
2.799709250088408794e+02
-5.815977085841313965e+01
2.721064285544059089e+02
2.547575611694384463e+02
2.146644026489269663e+02
2.168258546661442665e+02
2.612686921973061658e+02
2.686193012112344150e+02
2.426438027001802595e+02
-4.770381178413285994e+01
2.606537708063615355e+02
-1.151946581349506005e+00
2.252075424329079283e+02
2.408639780956172842e+02
2.755106211008207424e+02
2.590664136345411634e+02
2.446200104958708721e+02
2.941277807745580049e+02
2.327677292540874987e+02
2.482126623061800217e+02
2.983646905980847350e+02
-6.529035909590579934e+01
2.571875025478148018e+02
2.549440842041784094e+02
2.300974203376026139e+02
2.732275073057009536e+02
-1.463473506043044381e+02
2.408441833204673799e+02
2.381895724284158007e+02
2.687286027344565582e+02
2.289258996571144280e+02
2.325871632773435920e+02
2.633673934929677216e+02
2.496684406144524360e+02
2.923962371825692799e+02
-6.828851798412125618e+01
-5.709426324465862734e+01
2.357723857747026557e+02
8.986251682226837545e+01
-2.820919576769918535e+01
2.759321653825955991e+02
2.400794405558237941e+02
-1.798594170525316827e+02
2.487359502770619315e+02
2.709263822524688976e+02
2.762504201303522677e+02
2.518591486753038282e+02
2.572286836255264006e+02
2.265390616881880987e+02
2.360064244681319678e+02
2.459314291357292745e+02
-5.034216118858903144e+01
2.424064051635106125e+02
2.519618197154026973e+02
2.183599915778424929e+02
2.363065001220004717e+02
2.502842019818832568e+02
1.411238101815071957e+02
2.459191165442017848e+02
1.197844886954330406e+02
2.120126209072457186e+02
9.417115990580867901e+01
2.289585930241628091e+02
2.287875617122979293e+02
1.089327833269836532e+02
2.488148767481971504e+02
1.090709082714951847e+02
-1.766520648094939361e+00
-5.657075037533385142e+01
1.012467600841901856e+02
2.755063728992257666e+02
2.144557235958655497e+02
2.478720685479264318e+02
2.340652487771719450e+02
1.981494300023581445e+02
2.522042925459465437e+02
6.195635716143639371e+01
7.946257536999061699e+01
8.179636745053643665e+01
2.484023487493797688e+02
2.399515484217779715e+02
2.211057371770298232e+02
2.525457185613223601e+02
2.556184938726047449e+02
-5.190187255624432083e+01
2.632448968958810838e+02
2.537094049266369211e+02
2.273173810284491196e+02
2.301002284168550318e+02
-3.353029864528643600e+01
-1.934243470528862474e+01
-3.723320957587746705e+01
2.560476486397954545e+02
8.329031801256452638e+01
2.375447618916535362e+02
2.426768216811080663e+02
2.548428344775805954e+02
2.696064959992297645e+02
2.431964002885850391e+02
2.046906107415991016e+02
2.180896560146878755e+02
-2.389800676634224885e+01
2.747713949720384790e+02
2.575005681366232011e+02
2.326010407266797699e+02
2.443626345571580600e+02
2.508278619236314739e+02
-6.203691700056255343e+01
-3.710772729336540721e+01
-1.394158180739675288e+02
5.214864109719789553e+01
2.307035644218395589e+02
2.167143970721018036e+02
2.263775882912357815e+02
1.072203601868353928e+01
2.582435746007021180e+02
2.345731327369351789e+02
2.400965222411002742e+02
8.202485846875751463e+01
2.733625245627034701e+02
-1.709354829905515771e+01
2.044232834126746639e+02
2.873468143129177861e+02
2.597636416932193697e+02
-2.641861084554014383e+01
-2.420393580716391568e+01
-1.629452766885013659e+01
2.285595353170641317e+02
1.267771448291911298e+02
2.367196610139084783e+02
2.202561359154419165e+02
2.149212926051588397e+02
1.095472531452689111e+02
2.497974393522764842e+02
2.625354630487573218e+02
2.461966887606301952e+02
5.962108658497186298e+00
1.593651304252162788e+02
2.521796417400139489e+02
2.595789696196790146e+02
1.923722107801982872e+02
2.239288755250187251e+02
2.261789217401019982e+02
-8.800933758470063140e+01
-4.231175161397099060e+01
9.165896638029742860e+01
-8.912005994343861914e+01
1.836413044992428354e+02
1.124144367043644763e+02
2.244577845709157771e+02
2.704545711881938246e+02
2.795278267787115283e+02
2.442274958726450507e+02
2.364999232385299024e+02
1.814253867061098049e+02
2.275501884714959715e+02
9.931175465735188368e+01
2.504259275257038837e+02
2.269609444875335953e+02
2.132306474704964785e+02
2.083300274619113850e+02
2.383699260249107112e+02
2.162640181081271180e+02
1.993589741976575169e+02
1.942532954355484662e+02
4.941046810501524078e+01
2.318282636477821939e+02
2.461438449243994455e+02
-2.578970617917239849e+01
2.468007395213687971e+02
2.636032171747294797e+02
1.075710131571887018e+02
2.248872230622397410e+02
-4.569852506474900622e+01
1.349756494088312877e+02
-1.302618587268071337e+01
1.182964861082496952e+02
2.419586436367694091e+02
2.506737411423691810e+02
2.489574015016277144e+02
2.654286517612371767e+02
2.490842098366733239e+02
-4.964801642746849097e+00
2.777209301041401659e+02
2.651280273955010216e+02
2.804465996163862656e+02
-1.210253531196903509e+01
2.316260447344169506e+02
-5.738011627648604218e+01
2.867263867192335738e+02
2.503748264620236057e+02
2.076129695821286703e+02
2.629735075385708569e+02
2.101199739630482668e+02
2.089795013436902309e+02
2.361888274487884587e+01
-2.764888707494689868e+01
2.582969706733185262e+02
2.025652438846240102e+02
2.264559005021939697e+02
2.401485751165125180e+02
2.402547878942331181e+02
2.078106302578268583e+02
1.946792127137038335e+02
2.533572269250639408e+02
2.088656395771755570e+02
2.893924271978924025e+02
2.836379455700557628e+02
2.582197155628587097e+02
2.895463871697319291e+02
2.238432465914887075e+02
2.783130272929274156e+02
2.539658005943286980e+02
2.262633876891742375e+02
2.447985466375728265e+02
2.566474515543236521e+02
5.071231359797394589e+01
2.241062823251695022e+02
2.241230103902915971e+02
2.847740639150480320e+02
2.428168789928512581e+02
2.771944302311292176e+02
-1.299371165876536338e+01
2.755588276881812817e+02
2.735610281713180143e+02
2.484163315341340876e+02
2.349607036231617769e+02
2.813322053147736028e+02
2.449514716723083723e+02
2.694230538550693836e+02
2.099907334607410974e+02
2.153806788502253085e+02
2.535926340207080045e+02
2.010834843633118680e+02
2.119178517860954116e+02
1.262657176481640846e+02
2.347052592558359834e+02
4.125974443867838204e+01
2.461628841522976359e+02
2.457151363288201082e+02
-1.112419447096917366e+02
2.509036067506580707e+02
2.608846565688696728e+02
3.115323489240239496e+01
-2.607374330189486500e+01
2.289942777721430787e+02
2.739248244339206622e+02
2.458632920287075763e+01
1.085003772888354092e+02
1.954080514591003066e+02
1.959434611546269025e+02
2.298723045433176253e+02
2.499616013551533911e+02
-1.259114436889366573e+01
2.603757659411357395e+02
2.606684737526478557e+02
2.232367501228641800e+02
2.819888696111389095e+02
-3.360744140128207391e+01
2.694459748610171346e+02
1.324964466281862201e+02
2.395961319095357567e+02
2.686323382153858574e+02
2.481166631283253992e+02
2.263507591499090381e+02
2.508661118080813708e+02
2.633291602116703984e+02
3.644994266666031990e+00
9.160784190412677219e+01
2.651594160199923635e+02
-9.111198322325037680e+00
2.376153080061399976e+02
1.857443859816509928e+02
2.348616813919808237e+02
2.602896425741176358e+02
2.688780300331204671e+02
2.672574933850783054e+02
2.666371111705462909e+02
2.642440744464169029e+02
2.854178217567701950e+02
1.996385769164566568e+02
2.254168222611265833e+02
2.300399458723978512e+02
2.676290385393348856e+02
2.114916430302610877e+02
1.454949997530103190e+02
2.375202898536945781e+02
2.195035628826386755e+02
2.896450072976338106e+02
2.230149948838112550e+02
2.468599655888044140e+02
-7.392547205688549639e+01
2.129434963756232833e+02
2.240355208396684930e+02
2.690087238402498429e+02
2.800224032176156470e+02
2.978537234833853518e+02
2.289442336286086856e+02
2.665900641442354981e+02
1.507330559635839791e+02
2.538379397963330462e+02
2.393511028022876417e+02
2.386829529622858104e+00
2.525427027190298475e+02
2.068671563322201905e+02
2.385054010801114259e+02
2.296772921040121389e+02
-2.036966463308102959e+01
2.405960350857967001e+02
2.032127014470734707e+02
2.369768948704333411e+02
2.736678806478123533e+02
2.245816875776869779e+02
2.395319951032995505e+02
2.349363931011927775e+02
2.538327117020168373e+02
2.839723568533775051e+02
2.267051746856933505e+02
2.684809165079279296e+02
2.556134846616654670e+02
2.130008315650204906e+02
1.863161300348194800e+02
2.855641400453208689e+02
2.280881124472152806e+02
2.630311241035219609e+02
-6.815151631495598394e+01
2.229802956095130639e+02
-3.080071831629339840e+00
2.626079283859014026e+02
2.136149496029345869e+02
2.434278664263694907e+02
2.478329992136000044e+02
2.220343336567442236e+02
2.153920452219099957e+02
2.598045362016271724e+02
1.232609785447979505e+02
2.076552452183464084e+02
2.633058986183815477e+02
2.741824657865990957e+02
2.405740412574832590e+02
2.568981883478014652e+02
2.790222540174036112e+02
2.012087078936726812e+02
2.298628634252073653e+02
2.762157274784456717e+00
2.797071615215130009e+02
1.828715014220837247e+02
2.216580166308361299e+02
2.114123571822841825e+02
2.598740185604574435e+02
2.596949435377043756e+02
-5.007637779705136438e+01
2.365395421146463661e+02
2.585332332320948581e+02
1.498740320194102082e+00
-2.700453892610404694e+01
2.197289943077151406e+02
2.246745624051261814e+02
1.882570245939943447e+02
2.125006978874924357e+01
2.423305769405951651e+02
2.544940188563501806e+02
1.435342959511507388e+01
1.414477017295040469e+02
2.574186053495652686e+02
2.525015879716738709e+02
2.413032629258665054e+02
-7.268590108848884768e+01
-1.440202134501559499e+02
-9.432602592286798426e+00
2.413724680087938168e+02
5.265359081843428157e-01
2.865939939416523430e+02
9.832448712625544829e+01
2.514565956869122374e+02
1.056939792425308582e+02
2.294557572907494034e+02
2.295683739013517197e+02
2.449213401982902099e+02
2.630666478482818889e+02
-1.499844133932049886e+02
2.931279392234964689e+02
1.244053027332775372e+02
2.585545956438805888e+02
2.001594946061731264e+02
2.561992770176956355e+02
-2.029368025944467036e+02
1.986279803465149030e+02
2.560287286593120939e+02
1.957219433104482675e+01
2.659578353496275440e+02
2.279582043728998428e+02
2.146842286002528510e+01
2.307773909433055906e+02
2.632417298226091020e+02
2.382714511535797328e+02
-4.116392070056770791e+01
2.382064735999862251e+02
2.466299190923080005e+02
2.675250567731480942e+02
2.054042228555723568e+02
2.692019260476768068e+02
1.751297935342284120e+02
-3.556201020340184016e+01
2.559099479707623459e+02
2.422257125882530886e+02
2.304550917515323363e+02
2.921875408450171108e+02
3.118357925341408077e+01
-2.874751046096118046e+01
2.371115266708603997e+02
2.837263478170792723e+02
2.571250642788960477e+02
2.634302905059918771e+02
-1.832390564361344332e+01
2.805568027860456368e+02
1.958881571299050393e+02
2.317386631453341295e+02
2.107193251420816296e+02
3.451817168515916023e+01
1.079013173856719163e+02
1.259710995108351170e+02
-5.595280144769209585e+01
2.676552199758459665e+02
2.138367431495829010e+02
2.376315355485211285e+02
2.283901690735722809e+02
2.527308464674110269e+02
2.653237807316594399e+02
2.893327880059744075e+02
2.715330900820064244e+02
2.567642932384223968e+02
1.836832749172359058e+00
2.179349292257752211e+02
3.067500371127003973e+02
2.229481817629508100e+02
1.912018626530128529e+01
1.796359718712939468e+01
1.288128801781707864e+02
1.590124525982373882e+02
2.497947715394004717e+02
2.036356174788357976e+02
2.414222857095102484e+02
2.544490032918074860e+02
2.629765853618742995e+02
3.879957629571626399e+01
2.566914331724118483e+02
2.966922643246344933e+02
3.762910383728191732e+01
2.514982999945567315e+02
2.462395835254491203e+02
2.413392603182952314e+02
2.678289319125402699e+02
2.581883014571756121e+02
2.783384861481952157e+02
2.047456485716267593e+02
2.751873423548439064e+02
1.639688180917507339e+02
2.913069521320497870e+02
2.526536733458866593e+02
2.498610810161859206e+02
2.754645883411598106e+00
1.972119253826319323e+02
2.426593646287816455e+02
2.797782395434272757e+02
2.811733368403978375e+02
2.668644685714463662e+02
2.623365760461293235e+02
2.518568978598149499e+02
2.321360220074106735e+02
2.264431697847919054e+02
2.343219538696118320e+02
2.429842409650366335e+02
-2.555433255044125929e+01
2.029290330782667695e+02
3.017728240867131717e+02
2.396220898438676556e+02
2.283218769882496986e+02
2.566543845086119973e+02
2.691429581992688327e+02
2.778033812917347518e+02
-2.869999557070730134e+01
2.474989196708937698e+02
-5.507047320660998935e+01
2.331898282877497763e+02
2.524301081252697827e+02
2.204050551176580370e+02
2.689367711594034631e+02
2.121339243922624576e+02
1.670935816759990757e+02
-1.272704354416178347e+02
3.009408335310495204e+02
1.748139583225752745e+02
2.433332858462347019e+02
2.615480721612477737e+02
2.836941432450370257e+02
1.859826019721677426e+02
2.716313618059281225e+02
2.255344091554473493e+02
2.351833109411736018e+02
2.768622735668183168e+02
2.562983163189137485e+02
-8.029806490538528863e+01
5.643269457302295677e-01
2.682551562788328283e+02
2.694098404851130226e+02
2.125017266602299060e+02
-4.365110910324915494e+01
2.602301264238883505e+02
2.490481875313226396e+02
2.404835923186112723e-01
-7.959514475906291864e+01
2.644519932873809012e+02
-6.122984583613123988e+01
2.140395195673677904e+02
2.325114093274524976e+02
1.577791137818654477e+02
-2.482051311203842658e+01
2.746510280250025744e+02
2.683118081749623798e+02
-3.612947852770844293e+00
3.109503773127664772e+01
2.182200189618368711e+02
2.037873684259437823e+02
-9.045259046753699295e+00
2.481803682964146844e+02
2.138096277071661575e+02
2.469955073487188031e+02
-4.803070136999048145e+01
2.413609614434527089e+02
2.389606111526529730e+02
1.855021640912663372e+02
2.302855466638924327e+02
2.197760235518557863e+02
6.686180208368764966e+01
2.398731017212127767e+02
2.625622509261997948e+02
2.480332801660863709e+02
2.628984968935605480e+02
2.581496187069693633e+02
2.455253969764911801e+02
2.405799679267174440e+02
2.443597922082983587e+02
2.258685373470955540e+02
2.546332876026181111e+02
2.078869396477570604e+02
1.981512068526154735e+02
5.065252839589311407e+01
2.649600054709528649e+02
4.399339388330810152e+01
2.692986309355687808e+02
2.686142925245349034e+02
2.278471520445234546e+02
2.710299613842140616e+02
2.432193215001157398e+02
-4.384573898142825499e+01
2.269126751513412614e+02
-1.157758610845217504e+02
2.718313577293914136e+02
2.977691981961833108e+02
3.124628013356570477e+01
2.831228784222834065e+02
2.450202336109310295e+02
2.110052500411221104e+02
1.901531257569673414e+02
2.469188815376702166e+02
-8.684942664457679484e+00
2.805321614189176671e+02
2.019510921271992743e+02
2.417842703876178518e+02
2.809233220874895096e+02
-3.959298353030637685e+01
-1.500849319074553705e+02
2.297853230883231390e+02
2.100151171593742561e+02
2.446627619104167479e+02
2.167097619141215148e+02
-7.893873694591540868e+01
1.955722849519260365e+01
2.786629335674896311e+02
-1.892612068595350365e+02
2.365935469249852758e+02
2.782644020993493541e+02
2.105444811374377139e+02
-6.469398000720508435e+01
-2.166852848435799217e+01
2.996200378438621783e+02
2.751504392007891511e+02
2.548002846967979167e+02
2.743271312299740998e+02
2.631370149809964687e+02
2.601216564721876807e+02
4.962498517140559784e+00
-6.314270498750246929e+00
2.519523914380483234e+02
1.985945836308663388e+02
2.335097886015977906e+02
2.493436800472115067e+02
1.776038057929087017e+02
-3.767560070465353306e+01
-1.431390424403453210e+01
2.546757297471594654e+02
2.258545616030910423e+02
2.182332050842176159e+02
2.209408652816880476e+02
2.354403644616250517e+02
2.563129063229647500e+02
2.161895629890489090e+02
2.025731229755684808e+02
-1.065616790860403427e+02
-1.529559720378003647e+02
-1.972186132421025206e+01
-3.698987634533006030e+01
2.989448121721223970e+02
1.022016336168364035e+02
7.843828948782217481e+00
7.085679946084866287e+00
2.519070645285703449e+02
2.044038671837058132e+02
-3.898034297060173969e+01
2.410792409502487885e+02
2.416870960197440468e+02
2.402094186328612295e+02
2.201223664493253409e+02
2.389878703784095819e+02
-2.600951075444714888e+01
2.358633838639302098e+02
2.570077351480687184e+02
-2.014695326613452835e+02
1.804226428494250172e+02
2.536561985756666786e+02
2.782402784719158717e+02
-2.037711213432534407e+01
2.524055720331078305e+02
2.336660039288247503e+02
2.530490567138026279e+02
2.483298550847145520e+02
2.190479207946241900e+02
2.322104200013992852e+02
2.467191118262850580e+02
3.761687011007714432e+01
2.410501788411216069e+02
-1.939811756607446114e+01
-2.596457835313316309e+01
-1.569977426099585216e+01
2.334385795315792222e+02
2.410427485154023657e+02
2.491211144122254950e+01
-6.268764397267158017e+01
2.592228559774823111e+02
-1.221683551255532194e+02
1.960696792328841127e+02
2.337813845690419612e+02
8.260479593363686490e+01
2.219363113207187723e+02
2.256982731619619642e+01
2.486154025126295153e+02
2.074447222190509308e+02
2.812677077866713944e+02
1.597844485711099765e+02
2.992479074939259931e+01
1.714855849244607384e+02
2.650056718258841215e+02
-2.467832903681663481e+01
2.549050408530687264e+02
-7.784432720326239519e+01
-3.737116838558208087e+01
2.010345400764794022e+02
2.529801938088923521e+02
2.563290640459858878e+02
-2.259074332881650093e+01
-6.413091131738082140e+01
1.878819594916839719e+02
2.658032186346515573e+02
2.269492050527811671e+02
2.332824724016147684e+02
2.546844578728507997e+02
2.677431968019145643e+02
-6.320046025380383270e+01
-1.749070133908023195e+01
2.218350073701265615e+02
2.435395604339858266e+02
2.673890396330941712e+02
1.246228377878541949e+01
2.357572260423469857e+02
-1.384213054488544401e+02
2.327678229138383017e+02
2.106692056765354550e+02
1.718585920280539767e+02
-2.102549928794763900e+01
2.383938558879341088e+02
-7.959479681616126356e+01
2.184173735547600472e+02
3.376669634054900371e+01
2.233457121629517417e+01
2.267404145016982397e+00
2.742746275632956667e+02
2.251234125976630196e+02
1.057145952448071569e+01
-3.995536210756954887e+01
-1.968187041593559172e+01
2.540501408485631885e+02
1.970872100439615338e+02
2.592743989184040174e+02
1.753494571060720659e+02
-2.872775616012259547e+01
2.346912161160533969e+02
-1.699056631117066729e+01
2.319173912999114862e+02
2.601540437982984599e+02
-4.818378474344100937e+00
2.246864696415231037e+02
2.119042277690876972e+02
2.479394074343817351e+02
2.382556549244825987e+02
-9.689013016758138974e+00
8.709407047443278316e+00
-4.328464160129767180e+01
2.339949437353277233e+02
-1.892976885232062045e+01
2.476817004347734041e+02
-1.142814376723549259e+02
-5.594400764215131261e+01
2.568913086636597427e+02
-1.540596981923681597e+01
-1.859792700478759286e+01
4.719466813598685917e+00
-2.673752927258223622e+01
-1.231211574887472580e+02
2.417599255169737376e+02
2.308962167044595901e+02
-3.413071655378205094e+01
2.543787087327480947e+02
7.467199803197715369e+00
9.497490381035333940e-02
2.533736611358259267e+02
2.035163978723405194e+02
2.582521302490608264e+02
-2.423582972550147474e+01
-5.714546634086872245e-01
2.761043077101770677e+02
1.760450099760143701e+02
2.341206096564295080e+02
-8.402747839196749169e+00
2.580026775377556305e+02
2.443148624621759950e+02
-1.559039381155282911e+01
5.161340953239104579e+00
2.600746712071026536e+02
-4.708024672436863511e-01
2.099221523072120306e+02
2.776813891792130562e+02
2.353119699746377478e+02
-2.433236591156301643e+01
2.548912405535521373e+02
-7.091495128764249500e+01
2.708198814180991576e+02
-2.060703707942438427e+02
-8.061630423449680904e+01
2.987068458647584634e+00
-3.400566867414227090e+01
2.521215032120247201e+01
-1.262252181407034186e+02
2.760902222218911106e+02
-4.372955541759169762e+01
2.042661380554668824e+02
-1.092046057878624339e+02
1.733310355569479384e+02
-1.557142288132695285e+01
1.934299870525998131e+02
2.456197163115452895e+02
-3.440885420360885405e+01
7.638610045879673294e+00
1.696154619843385376e+02
1.258932260001002135e+01
2.369103588538152962e+02
1.752881290628832573e+02
1.896012318696785428e+02
2.384418549789284896e+02
-1.319919200105579193e+01
-1.275908573791865308e+01
-2.703722741588293843e+00
2.524745041375645940e+02
2.328366386114003035e+02
2.366944026288282998e+02
2.237914826236079193e+02
2.418789823905275682e+02
2.617569072002642372e+01
2.576955971120168556e+02
2.861464222089224450e+02
-4.546940890973628058e+01
2.116807433383858665e+02
2.653401132241791629e+02
-4.532467509144416340e+01
-2.484872710481511149e+00
-1.296983974241783244e-01
2.097803681618584335e+02
7.704471344838566438e+00
-1.787526046146484475e+02
2.296653992292298483e+02
9.470816575727099007e-01
2.151913499899134763e+02
2.813530583647957428e+01
2.781761910977270418e+02
1.721644020200866976e+02
1.568526992020948114e+02
-2.355324604484641782e+01
-4.913605378722244410e+01
1.521057892271818446e+02
-1.703263006172397809e+01
-2.232908549707897805e+01
7.284758162056419906e+00
-6.200035447794260790e+01
3.314169791526512654e+01
2.072151491285715679e+02
7.167821393255366047e+00
2.278072338606597214e+01
-1.382974683717581001e+02
1.994905065459967091e+02
1.173198286480755002e+02
-1.870344785821075106e+00
-6.195758165895924208e+00
-2.302266792738390677e+01
2.178826429229763164e+02
1.456466078479293458e+01
-1.523209581121443534e+02
-2.280863355467427311e+01
-9.348992803792157247e+00
2.636190294965348357e+01
2.697493523243327900e+02
-1.777110164924032176e+01
-3.296376054087403418e+00
1.264550638115028391e+01
2.262965335474060566e+02
1.968829517780370111e+02
2.309416905343954909e+02
-3.817938515856961601e+01
5.565501857540652964e+00
1.742733745392634717e+02
1.863228240952888655e+02
1.968275900059976777e+02
2.412264277547073732e+01
1.787232188983366541e+02
-3.639443455641853120e+00
-2.393517834187591120e+01
-1.932569507834246281e+01
-3.169653274966938739e+01
8.408979482878038425e+00
2.154006472511711081e+02
2.057465617268657070e+02
2.251636449287396147e+02
-1.051601241039793422e+01
2.148011019372207500e+02
-1.215267394537547148e+02
2.581778068876226939e+02
-1.695198982186762180e+02
2.970713907059911207e+02
2.013693888975852246e+02
2.906215398354469244e+02
2.328169437754458500e+02
-1.594352906368047229e+02
3.630934355509822353e+01
-1.787216678713377860e+01
2.216649619150729507e+02
5.638169209909955271e+01
1.945317188631632348e+02
-3.147221301995844556e+01
-4.985542522524362141e+01
2.098416958246627644e+02
1.654531790796787902e+02
1.577713772750719272e+02
2.448138466106552187e+02
-3.002415354909656742e+01
-1.006331607286043095e+01
-5.556902359237817990e+01
-2.487865832216360218e+01
2.324338957406548047e+02
6.595076765177381617e+00
2.197553050628966389e+02
1.917928396418077739e+02
8.619180387495447349e+00
-3.336946863495284106e+02
-4.169736310986422723e-01
2.318620190986337661e+02
-2.173499584224829562e+01
2.069666720963479918e+02
-4.847864701642362206e+01
2.378909797979140706e+02
-1.407932353419789706e+01
2.132766064089734073e+02
2.823929870815049981e+02
-1.943972995167322892e+01
-7.537304215514922134e+00
-2.126880982342306936e+01
-2.716050738240296880e+01
2.700428123938256704e+02
2.107104304924082498e+02
-4.633491518532633080e+01
-1.923987482406440677e+02
5.883890457616615777e+00
-5.778682039019839323e+01
1.900943757283167770e+02
-7.020218355305459568e+01
-2.121444715276720672e+01
1.847747592992496948e+02
2.481835006716586918e+02
2.930961364440037187e+00
3.141444315764033490e+02
-5.614972838413393674e+00
-9.879862754734460850e+00
2.019736997155069389e+02
-7.849455505133761335e+00
1.448972080430936842e+02
-4.544984247037638170e+01
-2.048276991846316832e+02
1.992083760819363079e+02
-1.536499223521571480e+02
-1.924468088229953366e+01
2.692837733930686284e+01
1.527498898182612947e+02
-5.625461037532360820e+00
-3.200053430297271007e+01
1.035154587077774124e+01
2.220060673452913136e+01
2.803376754462977942e+02
2.403129322599909869e+02
-3.939587257461436565e+01
2.369415990506925596e+01
2.431639491318871933e+02
1.949969572979061354e+02
4.046024087769069411e+00
2.582857302921141240e+02
2.709348821976420254e+02
4.795805949297559323e+00
-2.819601648549722199e+02
-1.666359478236850578e+02
1.629866046630660037e+02
2.228921738549936435e+02
-6.184721516193724256e+01
2.294428671915199232e+02
-1.230236199385215485e+02
-4.080477471827727953e+01
-3.234660959270892988e+01
1.858268078884520946e+00
