-2.116643822968363224e+02
-1.288214395640657415e+02
-2.423956911018929077e+02
-1.647833620707113482e+02
-1.483854000094587207e+02
-1.017080427032971812e+02
-2.957553104760488623e+02
-1.306044468091322983e+02
-2.697014329196418316e+02
-2.911203597343226761e+02
-2.841670120585309292e+02
-1.256309692728359266e+02
-4.142604004493290404e+02
-8.060844330487952902e+01
-1.318464229317253285e+02
-2.417306135353435366e+02
2.509446325738618100e+01
-8.872228688420072729e+01
-9.593009505053569796e+01
-3.590567730805021824e+02
-9.454298060026167150e+01
-1.038470208932404830e+02
-3.871713766708747357e+02
-7.414712887428873955e+01
-2.378485093313520053e+02
-1.708784323144666928e+02
-1.050146650317621919e+02
-3.788451340072589915e+02
-9.391153311940068704e+01
-3.041935248482340057e+02
-4.454315607679845925e+02
-1.192262584425132559e+02
-4.015355531774561371e+01
-1.689581962834343472e+02
-2.394124652138463318e+02
-7.997598237561575729e+01
-2.638235115880367516e+02
-1.205071106388331827e+02
-4.065765605747048426e+02
-4.207402458950606956e+02
-1.407906360473962195e+02
-1.571166603503734223e+02
-2.720907860778217469e+02
-2.389774290667533307e+02
-1.072264244165932325e+02
-2.508270464636759982e+02
-8.342757933446252139e+01
-1.316621221579245855e+02
-7.698995483518420713e+01
-2.450646891648302983e+02
-7.386079014501916618e+01
-1.191027877610781616e+02
-1.171430882822283053e+02
-3.135333927647928931e+02
-1.996827455506784474e+02
-1.082930394490559820e+02
-8.242797221166111399e+01
-3.368174460937942740e+02
-2.874525014149029403e+02
-3.603711173323050616e+02
-1.854508013830896402e+02
3.584577546032483042e+01
-1.172215445444967514e+02
-8.823901474396762978e+01
-1.768156520522094297e+02
-1.029019073907410444e+02
-1.314570907576827494e+02
-5.372856266238719058e+01
-1.507854640633324834e+02
-1.132085752484578336e+02
-1.577037190611078188e+02
-1.291746286916851147e+02
-2.351507456592824497e+02
-3.615128351233032049e+02
-6.691321304634423939e+01
-1.423238008768176428e+02
-7.727870968059345103e+01
-1.505676087107577246e+02
-2.824591706204001866e+02
-2.877166827290267292e+02
-2.749946946827199667e+02
-1.866230088113065904e+02
-2.304480643271438396e+02
-2.437858122332717983e+02
2.246882056813218753e+01
-1.119344744915490537e+02
-2.049503150651315195e+02
-9.433347296725678177e+01
1.660704827287797514e+01
-8.021983544301130564e+01
-1.308505357926270563e+02
-9.777870016153588040e+01
-2.206886763968657874e+02
-1.170303010868759941e+02
-1.490594139890883412e+02
-1.697490780259433336e+02
-5.811113829585904966e+01
-1.898411180653337169e+02
-1.058957181660283311e+02
5.942170045858702565e+01
-7.358218412833586797e+01
-9.996363332953190195e+01
-1.102175595944151496e+02
-1.000970431966853198e+02
-1.332730115490973617e+02
-1.047971106190725550e+02
-1.044403499536377637e+02
1.945047929319561320e+01
-1.618540511678120879e+02
-1.562391918471566612e+02
-9.990932456403966455e+01
-8.670111137993403361e+01
-3.887232848052510121e+02
-4.034930619327675458e+02
-1.884963474539877382e+02
-1.469447422872489426e+02
-4.587608181907451410e+01
-2.976564823543684497e+02
-1.227962186032204670e+02
-1.369969120886574956e+02
-2.582305511618585570e+02
-1.264778733393656722e+02
-6.429169622142762819e+01
-9.484599291860307346e+01
-1.426784428076902600e+02
-8.176769659630689091e+01
-9.297476134807361348e+01
-8.943674906131771252e+01
-1.663797866513302210e+02
-2.098833145157628906e+02
-3.884344732810899359e+02
-2.705237923427103510e+02
-2.184198251199719323e+02
-1.813721556079807158e+02
-7.535308279611504645e+01
-1.533562940766390739e+02
-7.656931400065809612e+01
-3.088280994618023101e+02
-1.892310511456616382e+02
-9.080889849825965143e+01
-1.260077248609447338e+02
-3.994804759986473073e+02
-1.245654375381238879e+02
-3.697215006884658806e+02
-7.050311688430227264e+01
-1.425698551742301277e+02
-1.194628382324704745e+02
-1.909776478144304690e+02
-1.470083485374716190e+02
7.683553270553709069e+01
-1.205456475385783790e+02
-3.004660212848052083e+02
-1.427007337430843279e+02
-1.631649411792377862e+02
-8.666626577892708383e+01
-2.238848395201605115e+02
-2.129211015684027188e+02
-1.429881656550941216e+01
-1.112848600376807440e+02
-1.078480378713805408e+02
-8.480482043504173362e+01
-2.569514616961305364e+02
-1.091622687209085285e+02
-8.046976527702116755e+01
-8.731330860901789492e+01
-7.565359617656532976e+01
-2.115450701789322352e+02
-1.319661117334130722e+02
-2.279075374278832840e+02
-8.268023675938772499e+01
-1.263679002813196348e+02
-1.011381142901057473e+02
-1.739845276779921051e+02
-1.193928939185149147e+02
-1.152714455996937915e+02
-2.502177844945860556e+02
-9.422726336815024695e+01
-7.810205783001808300e+01
-7.892651383763211470e+01
-2.000426649144008593e+02
-9.492617245542955118e+01
-9.607574916672837162e+01
-2.035617186049181555e+02
-1.208394589392715943e+02
-3.053657184505245255e+02
-4.494558755214900714e+01
-3.877726214321666589e+02
-1.574979171315155213e+02
-1.306761292480721863e+02
-1.754672860246100186e+02
-5.158927484018494170e+01
-1.468126872737697113e+02
-2.010621954923335579e+02
-5.389374546764814511e+01
-1.320306713155083571e+02
-2.268254145918988058e+02
-1.367298982973392469e+02
-7.109572749731586327e+01
-8.654136247817658045e+01
-6.646282522543128835e+01
-1.106215906231593351e+02
-4.275007829011346416e+01
-1.147063047436768244e+02
-1.826075927254174189e+02
-1.087715888757539915e+02
-7.118134438175653145e+01
-1.405972434545145404e+02
-9.856447093134691784e+01
-2.032364491380740503e+02
-2.712380076642949689e+02
-4.230972899963703071e+01
-2.427351072165289168e+02
-2.878960727437777223e+02
-1.745709786520814077e+02
-1.465546853842868416e+02
-1.133075638593611814e+02
-1.409150774539662052e+02
-6.178426843316114514e+01
-1.209491590185983654e+02
-1.353373554187816694e+02
-5.400796278650365423e+01
-1.106953429255332395e+02
-7.545408678623370236e+01
-3.104277490516500393e+02
-3.337173983600591782e+02
-3.471960550443201328e+02
-2.396656173874227420e+02
-9.986854850559380736e+01
-3.279847242768934734e+02
-1.276315438873183723e+02
-1.176258381848001449e+02
-1.655148183935314137e+02
-1.154629288765098210e+02
-5.083444384351133039e+01
-1.019944857829578382e+02
-1.049452407810002654e+02
-1.315383984681125185e+02
-1.206530897535847231e+02
-2.241369697597301354e+02
-2.524452881057897287e+02
-7.184460107169846310e+01
-1.477626382560628144e+02
-7.177036309988645257e+01
-1.109939645088519455e+02
-8.676055028532144320e+01
-7.896200679498404895e+01
-4.069366626540588641e+02
-1.213769779441069261e+02
-1.787419516230182808e+02
-5.880427377874465833e+01
3.124875940588339063e+01
-3.683351063703253772e+02
-2.064472706953418992e+02
-2.285191918573791554e+02
-1.081659041038666800e+02
-2.187760268706438751e+02
-2.051007203708935833e+02
-1.161541860167604199e+02
-1.434792260005155811e+02
-1.574567378319516706e+02
-1.636565603415419332e+02
-1.757459441027292826e+02
-1.617061375040923394e+02
-1.082578125323521760e+02
-1.568714817148360794e+02
-1.256770480481152390e+02
-1.058997060385516846e+02
-1.387137948673392600e+02
-8.943437794666353113e+01
-1.194901040536876735e+02
-2.714665547796878400e+02
-1.051482805499201874e+02
-9.343700567674896718e+01
-1.532097494363165424e+02
-1.196598162724197323e+02
-1.943842144335094986e+02
-4.609473947975623105e+02
-1.330189588132718654e+02
-2.756592858398091721e+02
-2.354217145942869251e+02
-1.980058255995133436e+02
-1.454188762496490028e+01
-1.321841856268956690e+02
-1.494343529976270304e+02
-1.165809926556391503e+02
-1.017809250383332085e+02
-1.169206395634591047e+02
-2.274488371488544090e+02
-6.643068820729747870e+01
-1.965321526485645052e+02
-1.092626478060254556e+02
-4.144954310003363389e+02
-8.391563810770580289e+01
-3.509182399295201549e+02
-1.215169777898983909e+02
-6.078798343066705456e+01
-2.076470175236286764e+02
-1.625433147166030494e+02
-2.795553191819660697e+02
-4.278659872720954809e+02
-1.476454919559792813e+02
-2.328998567878320500e+02
-9.903849917312564344e+01
-1.795066547983911676e+02
-1.155490225588758051e+02
-2.407918154622433633e+02
-1.219811721734503749e+02
-2.327267962295348411e+02
-7.469697692137384593e+01
-1.073550763031937549e+02
-1.137966295501873759e+02
-6.596742877357945645e+01
-2.503115936724486801e+02
-1.230096685241185241e+02
-1.780927796554138354e+00
-1.213929693009052215e+02
-4.468598598838103442e+01
1.331424531379657594e+01
-1.036177246553258300e+02
-1.006888880758440337e+02
-8.519862755007503097e+01
-1.224626268559852207e+02
-7.749855678498862233e+01
-3.164345065176711955e+02
-7.411830261306282353e+01
-1.788303255699548799e+02
-2.078911511966873888e+02
-1.577466712248070735e+02
-1.420935172319597655e+02
-2.361213407326826257e+02
-1.402619692476282864e+02
-1.805786864155596447e+02
-9.626952453605311177e+01
-5.376999926420975839e+01
-1.876106814928456004e+02
-8.434009694118071820e+01
-1.246966209332130404e+02
-1.621708766381822215e+02
-6.185571611037326534e+01
-2.063639317968300020e+02
-1.170042824582322254e+02
-8.953027875569554794e+01
-9.550709378070894218e+01
-8.861127073583409697e+01
-1.564021744129080957e+02
-1.208489880828549587e+02
-1.108556147975470481e+02
-3.650350932777375306e+02
-1.612513816242326357e+02
-1.221215245865504073e+02
-9.178186312114716827e+01
-1.074733672148981327e+02
-1.999172151948141050e+02
-3.002604426469250711e+02
-1.184198782736456792e+02
-7.054359103093493388e+01
-3.929531826974917408e+01
-6.271913522164877008e+01
-8.218482908249249874e+01
-1.167767632394531176e+02
-1.238559248299130076e+02
-1.708377091997621164e+02
-1.194444297934948054e+02
-2.817200216968806217e+02
-1.715410663399249529e+02
-1.067387935055192116e+02
-1.824546601610479115e+02
-4.661378260832221088e+01
-7.640858374371654804e+01
-6.375994787105448580e+01
-2.013149309984586068e+02
-8.184954286614046737e+01
-3.141889498996791872e+02
-8.016611676897132099e+01
-7.168750497335665273e+01
-1.081980656370385816e+02
-1.095408210151724120e+02
-5.227709049762060545e+01
-1.996363616275943400e+02
-5.838143385750944958e+01
-3.727335811789612308e+02
-1.187943909850555855e+02
-1.299662464393823313e+02
-1.158143909649139118e+02
-6.317340783482603683e+01
-1.877467404909438926e+02
-6.777008547021229390e+01
-1.405955469275402265e+02
-8.135604268357421631e+01
-9.045745952527991562e+01
-3.586071259844594579e+02
-2.057704055692626923e+02
-4.834437104687081188e+01
-6.602959554054615410e+01
-1.859762701595315093e+02
-3.899825335877295629e+02
-1.719166927857904739e+02
-2.834966165727659018e+02
-1.374284079288073599e+02
-2.186821741921128250e+02
-1.440565006265895818e+02
-1.586875087482178230e+02
-2.333045638387819167e+02
-1.199637298223939297e+02
-7.954328723193953010e+01
-1.963710719640018283e+02
-1.647433603540816023e+02
-1.071383063274730034e+02
-1.163453851387006353e+02
-2.938377035232085746e+02
-1.915240750065077009e+02
-2.276199172296087454e+02
-1.244398532855966266e+02
-1.126290335840382539e+02
-1.723470536689689538e+02
-9.712190111540404303e+01
-2.347532358966888921e+02
-3.382588957281826652e+02
-1.993927015296471268e+02
-6.967407987219066001e+01
-1.077401847012093157e+02
-1.269775491536150298e+02
-7.641532219913649726e+01
-2.327840892792933971e+02
-2.542798802803345950e+02
-8.625980585490043495e+01
-5.518220046844529492e+01
-1.062988694592328898e+02
-8.228720520709416064e+01
-1.214887065403889181e+02
-8.796031198256859795e+01
-1.077063495618228899e+02
-1.149466154059555265e+02
-6.392398979121255564e+01
-9.715735619580476623e+01
-5.272919185369808304e+01
-2.175728375142993229e+02
-2.243479504750438878e+02
-2.174144832867096966e+02
-7.337788786511291050e+01
-7.609302270553820335e+01
-3.034703745811204101e+01
-3.942490780774393215e+02
-6.864902517321492326e+01
-6.993185582455238603e+01
-8.592835879108588415e+01
-1.592288852828693280e+01
-8.897612070214600521e+01
-1.020114249117972491e+02
-2.721838397086271470e+02
-1.757713349658772302e+02
-2.385617904674613783e+02
-4.028082095399710738e+01
-1.543708982951228847e+02
-1.466790855192593881e+02
-6.816833341738305307e+01
-1.070983353178355060e+02
-1.376542487481506498e+02
-9.995117439027441719e+01
-2.050912190557716599e+02
-2.776426570978759401e+02
-7.160208249885160114e+01
-6.127701029892335072e+01
-1.734422592918799637e+02
-3.054995112054557467e+02
-1.165815160269630013e+02
-6.340691797994553269e+01
-1.247654186907990237e+02
-1.251859624037507359e+02
-4.557170826158176737e+02
-2.396016335442765524e+02
-1.937365478878550960e+02
-7.814804077806229543e+01
-2.203059784025338672e+02
-1.909912047674481528e+02
-1.399103253350943987e+02
-2.948224937421019263e+02
-2.957016643307227355e+00
-4.494095508950377393e+01
-6.082042215695566512e+01
-3.168631560523597841e+02
-9.639109619712223775e+01
-2.606895525697369180e+02
-1.006792042103314628e+02
-1.766952611147571020e+02
-1.231583393422889117e+02
-3.910363018539982249e+00
-1.411341971350264259e+02
-3.544912646089564987e+02
-2.192639620117365666e+02
-1.332801162003025581e+02
-8.494390577154462108e+01
-4.110425137527892048e+01
-1.234745626772235738e+02
-5.930208908840555893e+01
-1.270410354238331792e+02
-9.006404300620398828e+01
-1.370977663741771266e+02
-1.381421875968334234e+02
-1.275853247393958725e+02
-2.050326512602379694e+02
-1.250860679767268664e+02
-1.610415282411804014e+02
-6.365669963803802034e+01
-7.777982577346844550e+01
-9.397917018833905445e+01
-1.509065047234823851e+02
-2.173281027000945755e+02
-2.114447270989390972e+02
-3.254242402864681480e+02
-2.348447682622057755e+02
-5.064860495340798252e+01
-2.564047446089105051e+02
-3.902744745296798214e+02
-1.665035779974218997e+02
-1.147366914728482357e+02
-8.202981425835086782e+01
-1.311309411108700829e+02
-1.072597768646712382e+02
-7.696569890049057960e+01
-7.264231709445392937e+01
-9.071502201309793634e+01
-6.406617563494702949e+01
-1.927726074055748882e+02
-2.126955717633878180e+02
-7.079236612999643796e+01
-2.632403063143753457e+02
-8.671592882076538444e+01
-1.498496303567462462e+02
-8.767831101141069894e+01
-3.200323660772703533e+02
-1.117399090377211053e+02
-1.629382359988155997e+02
-1.252686023888457783e+02
-1.207526456466608380e+02
-1.042494248829597154e+02
-3.922722591625873889e+01
-3.195248051468323069e+01
-1.143239299130403452e+02
-1.193505336665187571e+02
-1.338925796950436791e+02
-7.570537163354875076e+01
-2.483219175407097339e+02
-2.298742566211391249e+02
-7.694485761410389557e+01
-5.039388429581349271e+01
-1.044194593578245644e+02
-5.531767931657807935e+01
-9.708959350009159550e+01
-1.973858078510604912e+02
-1.045071485885219005e+02
-8.570080194965265719e+01
-2.905662116456235253e+02
-4.851327578725972955e+01
-2.186989970229740265e+02
-9.235401574988667051e+01
-9.543128711114218277e+01
-7.654501886708992231e+01
-5.032867995429094066e+01
-8.964571493203618502e+01
-2.300121163493444953e+01
-3.343378435423987298e+02
-1.819224693703299067e+02
-3.131637709101292444e+01
-9.670131777189637035e+01
-1.815064252994522747e+02
-1.707364134548745938e+02
-9.071961149708454286e+01
-5.950774597996020532e+01
-2.154577256365261917e+01
-2.297620104547674487e+02
-1.048680137977091391e+02
-7.773759812382409962e+01
-2.135720452197961663e+02
-1.061290968497443856e+02
-4.215854872747804905e+01
-6.304634006367259502e+01
-1.937804201940253961e+02
-9.580957506951106950e+01
-6.136021583198569829e+01
-6.242591741715651210e+01
-1.055358069544711554e+02
-2.649820858268001302e+02
-8.724983623376978414e+01
-9.511730238574729412e+01
-1.098589729892873947e+02
-5.914613032891298161e+01
-8.813628775293612705e+01
-2.633342811248841713e+02
-3.479246990971114428e+01
-1.524022959363196605e+02
-4.350699061010011803e+01
-1.146341104577902570e+02
-2.645539603685282373e+02
-1.816090874089171052e+02
-3.174552350894768438e+01
-1.691993207202357894e+02
-3.190383041127071237e+02
-8.235752030769442911e+01
-6.678176308546736095e+01
-7.748888773082946102e+01
-2.749876069185372671e+02
-1.339766518029438203e+02
-1.072704534694932903e+02
-2.656434895759837786e+02
-6.460420065056402450e+01
-3.149367438512290391e+02
-1.839922927949851328e+02
-6.954770367450365143e+01
-7.999023463130498612e+01
-8.244636199370215479e+01
-1.286692988604598611e+02
-1.591763344853492868e+02
-8.101470606296922483e+01
-9.008204792298758434e+01
-2.262963682696120316e+01
-1.110254151050514082e+02
-2.388394597375896069e+02
-7.306417121449518959e+01
-3.776810483382850236e+01
-3.621090073509158174e+02
-1.667137882668513384e+02
-1.197684933382359844e+02
-1.032207290260369916e+02
-5.202305451312805928e+01
-5.340673705766322144e+01
-1.773402308565605949e+02
-6.534727790964507221e+01
-3.417503791090132381e+02
-7.555541430438012185e+01
-1.044138006677411283e+02
-3.844609345974352550e+02
-3.846375517278115694e+02
-8.991258245849448372e+01
-7.044481359986433233e+01
-8.650186547388494773e+01
-1.039056900934485839e+01
-1.865481212053729791e+02
-2.089914476474414755e+02
-1.704459012264285036e+02
-1.828870379081238298e+02
-8.415485928485364298e+01
-1.289476474501570067e+02
-1.166491928540229424e+02
-3.077979045197904497e+02
-7.366283722766209507e+01
-8.459146536219670054e+01
-8.501677563145604211e+01
-1.000647794277072080e+02
-7.771128174448975301e+01
-8.850436976888801155e+01
-1.252284931444836786e+02
-9.120046551441807026e+01
-3.861445637300660394e+01
-2.195721317294581922e+02
-2.794712144393392350e+02
-2.173987408530794596e+02
-7.955832440206407341e+01
-2.887171747847773418e+01
-2.439347928983582960e+02
-1.407971622503970934e+02
-4.613817661826439576e+01
-4.891694767679680922e+01
-1.290009165786980248e+02
-6.323273844313717973e+01
-2.540234998272164546e+02
-2.310340389337914360e+02
-2.342755046092470650e+02
-9.523646725744603714e+01
-8.462084721412219324e+01
-2.047729708429047548e+02
-8.220458143833438669e+01
-5.697238013279097402e+01
-9.504054323667921267e+01
-2.246517613696099147e+02
-2.999109304513879692e+01
-1.356875953553782210e-01
-7.196315177384694550e+01
-1.518557525889824547e+02
-1.416682165337415427e+02
-1.284592623864939185e+02
-3.341289791313741375e+00
-1.720458154369752037e+02
-2.053579236847193101e+02
-2.725348508845103197e+02
-9.481974607171770231e+01
-2.231836062667045439e+02
-6.016239207469283912e+01
-8.485921693214370976e+01
-1.576099691673400400e+02
-1.443668885962242427e+02
-1.539913515574267535e+02
-7.300610022759273932e+01
-1.622824051230312534e+02
-1.110364693818992095e+02
-4.304460302510420178e+01
-8.975695945218924976e+01
-9.360724899877617133e+01
-6.934758236129304976e+01
-1.766516695682151408e+02
-9.858833221369228283e+01
-4.758208751930838787e+01
-4.282603001601563619e+01
-1.207179646037832867e+02
-1.477183418868577007e+02
-3.172758021569317748e+02
-1.216459017067628992e+02
-5.479016324282831363e+01
-1.783387432821790526e+02
-3.253197211066411683e+02
-7.333610528754329039e+01
-7.008036485375825464e+00
-1.757212837593936001e+02
-1.372920864789309690e+02
-2.992577656470992906e+02
-2.134172642901104382e+02
-6.783741209369574676e+01
-4.895313975558703419e+02
-4.937059868111948902e+01
-6.391341370531648636e+01
-1.599034085961360461e+02
-1.035485956282184787e+02
-1.682656281300192518e+02
-1.179374308083150282e+02
-2.700298667352770963e+02
-3.086014853512031095e+02
-3.589623823096570732e+01
-1.581983951764828475e+02
-4.989890953554920827e+01
-1.950846738508714395e+01
-2.051582344420565676e+02
-3.694055335076683377e+01
-3.713837828854341296e+02
-2.255901296024090925e+02
-3.303133357969036297e+02
-1.094504935246466744e+02
-1.269324353465548256e+02
-1.261462967186972008e+02
-7.479945616794847751e+01
-1.585975073948940235e+02
-2.220668469963974303e+02
-1.138692158500344647e+02
-1.301494869956749483e+02
-1.497712867313922516e+02
-2.783068070986735165e+01
-1.034494709283018068e+02
-3.026536347351758423e+02
-1.897556725778454734e+02
-1.932801817628530330e+02
-3.138789324105960077e+02
-2.346297730435158257e+02
-1.998882939186225371e+01
-3.117358605693445384e+02
-1.066102518065085007e+02
-4.733816575489852596e+01
-1.107357046351838648e+02
-7.109618404213058795e+01
-1.090592232902529446e+02
-8.772922925731420207e+01
-1.015049372914899521e+02
-8.807059971185826441e+01
-1.033303643637894425e+02
2.626665876661134291e+01
-9.289168464892787824e+01
-3.889844110217575803e+02
-2.242388746947484606e+02
-2.098749832750793587e+01
-5.277127210769194221e+01
-1.032210483257696580e+02
-3.048728474892894837e+02
-1.029444548235280621e+02
-1.966546645368589736e+02
-1.581045793306120117e+01
-9.138973115151480897e+01
-1.168713074336288003e+02
-9.516357010664347627e+01
-1.585297221951091728e+02
-7.930591954952954836e+01
-7.840511335334798559e+01
-9.571360824385044452e+01
-1.640379864243966210e+02
-4.709947378405220775e+01
-5.718243402400095476e+01
-2.301567669311429540e+02
-7.374912052181682043e+01
-3.412930558784005370e+02
-1.022313451380962164e+02
-5.757823519916602351e+01
-2.693968863255564088e+02
-2.130884844786448298e+02
-2.554758064813396743e+02
-9.434627622295313643e+01
-2.833280449646173338e+02
-2.576003303724161242e+02
-2.905624984602563927e+02
-1.202113081795122298e+02
-8.500433301456268964e+01
-2.622625807670024187e+02
-1.255333571849030818e+02
-6.576926395805423908e+01
-1.856661185601309114e+02
-1.237136035491420643e+02
-2.950249999797317741e+02
-1.535814745928477976e+01
-3.069922840836889009e+02
-2.990932043530876854e+02
-1.737361754335017281e+02
-8.742807760977021303e+01
-3.248063314425485260e+02
-1.355979940284153713e+02
-7.390714512297125793e+01
-2.231051008833669869e+02
-9.778076607867660641e+01
-6.526650592514447169e+01
-1.982590495258028795e+02
-2.209540599607373679e+02
-4.343302563707635500e+01
-1.102015225700797885e+02
-1.777832192103298610e+02
-1.362780528482132638e+02
-7.539105337913548510e+01
-2.449124899114121092e+02
-1.166290226860498933e+02
-5.432960258587797853e+01
-6.946292049350589082e+00
-1.011277014561821233e+02
-1.288169320671162268e+02
-3.902280337342448320e+02
-2.388194230967022804e+02
-9.233139496154805670e+01
-1.302185078386216333e+02
-8.361336850637248119e+01
-2.610288859770435010e+01
-1.224812386750168116e+02
-7.876299978242325039e+01
-1.919954206356130726e+02
-5.389082307905431435e+01
-2.056006644846346774e+02
-6.077266192650236576e+01
-2.462589787419256027e+01
-7.075985900956715113e+01
-1.500334797612985653e+02
-8.566627656200837748e+01
-1.702739663902027587e+02
-1.147845797143018132e+02
-2.701715329622129502e+01
-6.513271130975927292e+01
-2.282528317457959872e+02
-2.158902034408490067e+02
-5.986936500326800115e+01
-7.036610956073430145e+01
-1.930884852813319128e+02
-2.250158981519731469e+02
-1.782250656709808538e+02
-2.290644918111104005e+02
-2.607106846160307327e+02
7.452127122656219171e+01
-6.541403356212475728e+01
-1.100247637467210780e+02
-4.047601548021384588e+02
-3.138528885371993056e+02
-1.145658058349908259e+02
-1.533566557936123900e+02
-3.166141944619556625e+01
-1.419981907323694372e+02
-1.802699061272967924e+02
-1.460623931693581881e+02
-8.730372532332725655e+01
-1.588648391947048424e+02
-2.988033060616892271e+02
-1.525965484766863653e+02
-6.195152795129480694e+01
-5.620472905827040933e+01
-7.772035691496120080e+01
-3.502036859893655674e+01
-1.812282312174304479e+02
-1.246373031197257575e+02
-6.859773431862517157e+01
-8.230133936874491951e+01
-1.812677108612748498e+02
-4.826168587374583012e+02
-2.172047601293604657e+01
-6.593474069472181043e+01
-1.041718706383280590e+02
-5.146836490532518837e+01
-5.676594422842931209e+01
-1.340472871682852372e+02
-6.552163006343582197e+01
-8.528727755016856804e+01
-1.597284517561824657e+01
-1.555572844557834458e+02
-2.995193684969411834e+02
-5.154825492276459187e+01
-1.732783901077386872e+02
-2.371430932746477822e+02
-3.002275845979615099e+01
-6.078352015983070089e+01
-1.553075954028617787e+02
-1.035896893805277728e+02
-6.540321285948091656e+01
-6.039742752153031802e+01
-2.746570455104959763e+01
-5.258857119669981728e+01
-9.000519500924480099e+01
-8.965873753989849604e+01
-3.744398194972760052e+00
-3.567757214259483476e+02
-2.614993693918169129e+02
-4.609741467104456092e+01
-1.122363110419782402e+02
-1.215193243519231316e+02
-5.325821904564895704e+01
-8.670915222791936117e+01
-1.357712893718399414e+02
-7.348741269356594330e+01
-3.178292361829686286e+01
-2.239027800464420181e+01
-9.607995176049460895e+01
2.234673266741968689e+01
-4.347089030669099685e+01
-3.581361417418462167e+01
-9.939613568278193156e+01
-7.416607422532466387e+01
-1.733021861880122856e+02
-3.687254507760686124e+02
-6.488559239384873933e+01
-2.401169489145880220e+01
-8.448964818227591422e+01
6.675738526707732490e+00
-5.541626709452371102e+01
1.532360629199358470e+01
-4.838835207727681365e+01
-3.927409274730534605e+01
-7.378075195587074120e+01
-3.443684746266679895e+02
-1.007544401606251938e+02
-3.665163950041625753e+02
-3.582586946376919457e+01
-9.956389449934884794e+01
-1.501637331888515803e+02
-7.156271847965925303e+01
-1.045595578260444398e+02
-8.882793882183393919e+01
-8.753229655813997567e+01
2.402379956954760587e+00
-2.166159699469176303e+01
-2.912568464351809325e+02
-1.038531345767590608e+02
-5.297883577981746583e+01
-1.278518624278935363e+02
-1.677549847962698095e+02
-8.962239022855973758e+01
3.814514441635057551e+01
-1.547612309677803069e+02
-3.344544484584100985e+01
-8.947763592497835816e+01
-6.776173702889278161e+01
-1.719250870463962713e+02
-5.677669085191176634e+01
-6.411446416620751165e+01
-2.951013188782792440e+01
-2.399647736818647559e+01
-1.863595939417786553e+02
-3.145429801663811986e+01
-3.581769730359337700e+01
-7.976792940626748418e+01
-1.144131515687390248e+02
-9.228231893562040966e+01
-2.440274580617980860e+01
-1.993515259141995557e+02
-6.290767721097090259e+01
-3.043537708822405818e+01
-8.430171620419817202e+01
-1.731444642830890075e+02
-1.610722970280610298e+02
-8.700021818912274796e+01
-3.822118621940585115e+01
-9.660322409412935940e+01
-8.399558819092447948e+01
-8.872916954183176586e+01
-8.122091769883942902e+01
-3.390908465885657392e+02
-1.321195150099284774e+02
-3.145839427275564049e+01
-4.227084786656126880e+01
-4.420464475088860468e+01
-1.333200451701715110e+02
-1.154958737064104781e+02
8.600165327574316620e+00
-4.969998909399720333e+00
-6.678898539403121504e+01
-6.804731155588854108e+01
-5.096870001673060102e+01
3.169416665678821232e+01
-1.374130819409529636e+02
-9.756702444384967521e+01
-1.679550668876537998e+02
-1.774955253840825549e+02
-1.086680315061377939e+02
-5.393501225840499558e+01
-9.911594363424759990e+01
-2.039344737768929861e+01
-1.135781447775467257e+02
-1.293822474488602268e+02
-1.857883773740679487e+02
-2.444734727424065568e+01
-5.694030997968641117e+01
-6.026568705854759855e+01
-8.724521226344012348e+01
-1.265496886790442659e+02
-8.593187716751350536e+01
-7.992266632980609131e+01
-1.026270760613761865e+02
-2.164188973126401834e+02
-2.639813309300818673e+02
-5.382261677716360282e+01
-1.006913174425879731e+01
-1.097620974353932866e+02
-1.258280961903018351e+02
-2.182546348998837686e+02
-5.355648433137618269e+01
-2.141378344089241068e+02
-1.292901072270308021e+02
-1.680833312611839858e+01
-1.035898665842607898e+02
-1.025573318312813029e+02
1.777136922784113438e+01
-6.311209959663383273e+01
-2.002454002246176685e+02
-5.618234975889151883e+00
-5.657930589547701317e+01
-1.970096952198080658e+02
-2.883531055976101243e+01
-2.007837639786226305e+02
-1.167033071962119237e+02
-3.464942409352578068e+01
-9.220717287902951398e+01
-5.896514670239221090e+01
-2.669812126744834586e+02
2.609731279094887668e+00
-2.362710770618963920e+02
-2.265354974416255800e+02
-8.199666465756349965e+01
-5.354545206443894756e+01
-1.332539686053544870e+02
7.447841347150941260e+00
-1.769740492391364910e+02
-9.427195152957436619e+01
-5.825643721601593938e+01
-1.222159833999212566e+02
-7.700058048509546893e+01
-7.480829770059824568e+01
-1.661712629797738430e+02
-1.786409826982873312e+02
-1.322574713695946969e+01
-1.648996407626491134e+01
-1.966993587682993052e+02
-1.503748458026355479e+02
-8.519930578519462472e+01
-6.990104280907365819e+01
-6.251531540673938281e+01
-5.709619623840352176e+01
-8.868668884267762564e+00
-6.202306539209654801e+01
-2.621616823306297306e+01
-2.514544721704033066e+02
-1.099845189130171121e+02
-1.769935518426153749e+02
-3.056501737562323342e+02
-2.224206216033774695e+02
-3.713527084824606561e+01
-8.204245772240895462e+01
-1.355432255553901371e+02
-6.811193805976563453e+01
-7.946599435449797966e+01
-1.825353814670738188e+02
-5.496367853037733653e+01
-3.651552633665193639e+02
-2.802650944960150525e+01
-1.097919704623623716e+01
-1.600822644988394927e+01
-8.961409871295664686e+01
-8.972687415149437129e+01
-4.986750232659638016e+01
-5.372787585846587888e+01
-4.879192455339516243e+01
-1.961821275305574659e+02
-1.014329915524085663e+02
-4.319824073377599660e+01
-1.106276725664876750e+02
-3.114656777532343312e+01
-3.015974984502929601e+02
-6.473941503611429482e+01
-6.048376584817897594e+01
-3.896215873374207206e+01
-3.122450016460622919e+02
-3.383561851944175487e+02
-3.758601901340109919e+01
-9.450224447241738801e+01
-2.108095860743712535e+02
-1.102991321336858022e+02
-1.260314412548651291e+02
-1.074423999068166324e+01
-6.639937432205448431e+01
-6.111021759489995020e+01
-3.326981697610441415e+02
-5.519942564530786200e+01
6.274317919557183387e+01
-1.842608758256995714e+02
-2.415814426466283749e+01
-4.700820981051867875e+01
-1.760432982491441578e+01
-7.738574753985673738e+01
-2.281455866720137635e+02
-2.276106156434665877e+02
-6.219086926100517587e+01
-1.829751056823683371e+02
-3.217526196728696277e+02
-2.768921744370313718e+02
-2.350344708185253921e+02
-4.144429971244126421e+01
-2.073939600698098218e+01
-1.136399447673606744e+02
-2.820688045691395018e+02
-1.214114983450619007e+02
-1.675143623658983927e+01
-2.277415812303994471e+02
-2.154742047025674481e+02
-1.257650370883145285e+01
-1.775259511695098809e+02
-1.072945244557086966e+02
-5.042627766223174035e+01
-2.899881300428965574e+02
-1.107623746409329328e+02
-2.226552125828303019e+01
-1.797561310862105302e+02
-1.109276860545790271e+02
-1.263834365840753691e+02
-2.939410277165175955e+01
-1.186394129596326650e+02
-2.261236139505536187e+02
-3.397230167703527570e+01
-4.606523141412870359e+01
-6.618186691515177245e+00
-3.436221786536827949e+02
-1.491905124927637303e+02
-1.705372701470579955e+01
-2.575595989147415139e+02
-8.692872213614037946e+01
-2.396472986469626676e+01
-4.677679852085402956e+01
-1.390120829643568641e+02
-3.101934494209768900e+01
-7.622542921918805803e+01
-6.972534784265255325e+01
-1.935291410710357241e+01
-1.403137971458218658e+02
-3.648413512741266231e+02
-2.250892108712120603e+02
-1.330999430215024120e+02
-1.994948985209839805e+02
-1.285928625120949107e+02
-2.004377602020001348e+01
-3.686045213167461725e+02
-6.581748301066809859e+01
-1.071844666825457182e+01
-2.038596950092659199e+01
-1.053527443553329732e+02
-7.972029899825531629e+01
-1.182906836033749869e+02
-1.138567947239035050e+01
-2.153536097130896110e+01
-1.220545672318762627e+02
-6.904045215725376750e+01
-4.864238310491874984e+01
-2.459955763645264710e+02
3.164652896894477152e+00
-2.160438146897271281e+02
-1.686286473052427937e+02
-6.917189505278898309e+01
-2.257558667763975677e+02
-4.519761556026350036e+01
-4.992367957506435516e+01
-1.551406578209117129e+02
-1.137770866097998805e+02
-6.536822795847629664e+01
-1.435660865632721084e+02
-2.078541888960236292e+02
-1.630010244936074173e+02
-6.331136195016256352e+00
-3.652562481271961303e+01
-6.681036517519186191e+01
-6.276508011474183490e+01
-8.828050222203641795e+01
-4.177707790856567271e+01
-9.479256341307774392e+00
-1.157028101831530620e+02
-1.830074062697822512e+01
-6.009767188429307794e+00
-1.137279762529892224e+02
-8.591529288345412851e+01
-5.306736290454075800e+01
-5.208040563369935683e+01
-1.885860436056686638e+02
-2.194535880887256951e+01
5.658314153399359725e+00
-4.924865334813628692e+01
-9.505913915799460767e+01
-2.714812649742718520e+01
1.071298349564968078e+01
-5.417975339060811280e+01
-2.052706641732845014e+02
-2.952433088194449340e+01
-1.013423967343109666e+02
-2.111152296009433371e+02
-1.215593170046261662e+01
-2.865428429568535762e+01
-8.341133902452179427e+01
-5.616984144517345356e+01
-1.804485614573879957e+02
-1.085436297142878459e+01
-9.600516291036866789e+01
-9.477963371498198342e+01
-5.591264995719889441e+01
-9.931704411336522753e+01
-3.152009851499151694e+01
3.351855083519411949e+01
-7.937272791950965711e+01
-5.129446211221379315e+01
-1.451500785072422275e+02
-2.359305934100500224e+02
-7.259597567032759002e+01
-2.517405411445591028e+02
-2.268401657140250620e+02
-7.236025512372592061e+01
-1.555917280504689302e+02
-7.715736302627274767e+01
-1.451268044506587103e+02
-2.296284387528599495e+02
-3.092724866083563029e+02
-1.721459087588001466e+02
-3.052153553568235793e+02
-6.395222226896363793e+01
-3.932220659068904922e+01
-5.027255489858181647e+01
-9.626483188049843420e+01
-4.249136004360045149e+01
-1.603056434215197328e+02
-1.000870192587499758e+02
-1.613835166057289996e+02
-9.021480160826703809e+01
-3.590602927459453042e+01
-6.697313001445041891e+01
-1.895361107736779900e+02
-6.116724359491583130e+01
-1.673360105924518280e+02
-1.499624051030994565e+01
-1.051947457685081844e+02
-1.188831573645501294e+00
-1.956221228636618434e+02
-7.541108796252240154e+01
-2.926077524750679970e+01
-8.274174557774877314e+01
2.801062506023939136e+00
-4.152586287620138705e+01
-1.297329566539200698e+02
-6.016280216121529634e+01
-2.137071141040527777e+01
-1.477710396616455455e+02
-1.204476203235232390e+02
-8.276026691551845715e+01
-1.351609718052960716e+02
-3.292856833753760384e+02
-1.315095977931258631e+02
-8.638405588216051001e+01
-2.397651228756092223e+01
-5.751184187219847388e+01
-9.106871912826967730e+01
1.670646292644093478e+00
-2.391398034890204372e+02
-2.482938548709060740e+02
-3.011660945928928186e+02
-7.055679507933353989e+01
-1.310844762527598277e+02
3.068650637754561217e+01
-6.814525377080929047e+01
-1.538136066383110290e+01
-1.821125422524426085e+02
-1.532489167601112001e+01
-1.334866768287086813e+01
-6.631134923889024435e+01
-3.246626987720460420e+02
-1.260437518367473899e+02
-2.642711837189477819e+01
-2.587861692115532151e+02
-2.453177736925627528e+01
-7.286208692030839984e+00
-2.278721076644518462e+02
-8.223950792384579245e+01
-1.030260499481883443e+02
-9.597088185857543863e+00
-2.626675838049114873e+02
-4.204345814984216645e+01
-7.072757907836191293e+01
-3.744129835524074679e+01
-4.387466089791561785e+01
-2.436886277210382730e+02
1.778182257520153087e+01
-2.549311440592345548e+02
1.535034332748813313e+01
-9.463389133894585825e+01
-6.246795343281847579e+01
-5.052785112641152665e+01
-2.709125757409366884e+02
-1.408052338631273415e+02
-4.306045009888868691e+01
-1.291893608779809597e+02
7.217218966396046653e+00
-1.055355155863772154e+02
-2.815450703135969661e+02
-7.901974720058760226e+00
-2.324029427046874332e+02
-1.345552736997490797e+02
-7.973055537351029898e+00
1.312526189507767072e+01
-8.539524856695024368e+00
-5.861688961283925892e+01
-9.990521058032857127e+01
7.765425440369361354e+01
-2.005943888781541773e+02
-2.324510117306507198e+02
-4.793192137334447267e+01
2.090466997417443906e+01
-6.405294001727153841e+01
3.037811643173427001e-01
-9.477463187769846797e+01
-7.795452869559832720e+01
-4.832994837221083628e+01
-6.883887475406628198e+01
-1.568039026258277602e+01
-2.336354503603892852e+01
-5.191459715421844123e+01
-2.676376388019809838e+02
-8.734220501985490159e+01
-1.783639214232303516e+01
-1.343731310365319587e+01
-5.026857764219401759e+01
-8.188329041640449191e+01
-2.149362941436630763e+02
-1.116815881221576916e+02
-3.384690099703863098e+01
-1.507792907384068997e+02
1.893223429017720605e+01
-3.517541066783203974e+01
-1.396927676267509923e+02
-3.542471723123119887e+01
-1.204831960368823047e+02
-2.601124541082775465e+01
-6.188365297067791460e+01
-3.194756630974856080e+02
-2.206165927853900257e+02
-3.940325671794605000e+01
-6.028103101360629523e+01
-7.277683591220244352e+01
-2.831098857678799163e+01
-1.119506355470100516e+02
-1.345489799860946789e+01
6.605275345642985485e+01
-2.469152520564244924e+01
-2.579939923721236994e+01
-3.259382648434727514e+01
-2.399311507575551161e+01
-3.953258583287171746e+01
-6.878317638985411975e+01
-1.250226785352895860e+02
-1.003623423666155787e+02
-9.292623054702387719e+01
-4.109732762244298954e+01
-2.393675256992133882e+01
-4.253413423070593069e+01
-2.019690677052609828e+01
-6.214834575450161935e+01
-5.091360190817996312e+01
-2.197987531835911739e+02
-5.981622082254772010e+01
-6.270540279503099867e+01
-3.148736186139676363e+01
-1.420339067760563125e+02
-2.358035585452851990e+01
1.976693334605917585e+01
-3.424625293049479069e+01
7.342780259119507491e+00
1.600400673793483008e+01
-1.286433627359689638e+02
-2.686662447886528753e+02
-2.221042381212562589e+01
2.867367162372036660e+01
-7.152992716246944838e+01
-4.246292428701546839e+01
-1.275376319294258565e+01
-5.763406959064077739e+01
-1.782071239171064292e+02
3.140967453077632854e+01
-7.517593813014106274e+01
-1.961584538654729215e+02
-6.095404889610949795e+01
-2.718199837754615373e+02
-6.056253987043717046e+01
-3.082894777406666265e+01
-8.881898842384677550e+01
-1.883285116886106891e+01
4.847232922317385828e+01
1.213134482881457643e+00
-1.882158695176808294e+01
-2.500199499656972364e+02
-7.570657110282084545e+01
-3.250137153764603681e+01
-1.129627900233009541e+02
-5.859959619636534001e+01
-2.981940871242531443e+01
-7.162664890410826501e+01
-1.807839786977356766e+01
-1.176528223797531325e+01
-9.127598387917736034e+01
-2.720743844564971425e+01
-3.435769969115699496e+01
-7.248457118744933325e+01
-3.188014654905035172e+01
-7.341228026847947774e+01
-4.186629532127790299e+01
-5.578871556218786765e+01
-4.929539049342488966e+01
-1.330214641768867523e+01
-1.243001210951111091e+01
-5.489588714593601537e+01
-7.145665353843656931e+01
-5.427495018381691239e+01
-1.348800210020535815e+02
-8.167979806522464514e+01
-2.450661739605853029e+01
-5.817258279862254966e+01
3.773507844781082099e+01
-2.980307822980219612e+01
-6.900078891202062437e+01
5.646143468019695888e+01
-1.759337733055072306e+01
-9.105809453173584700e+01
-2.613015410089762725e+01
-1.363116012096751319e+02
-3.181505917746510193e+01
3.874173529721610976e+01
-7.922305852534620385e+01
-4.607492567226798030e+01
-4.915371902389114211e+01
-1.092160101475404019e+02
-2.376406158290161841e+02
-3.901987251923978306e+01
-5.945331303037391990e+01
8.302813726136719197e+00
-3.868458359622053422e+01
-7.677847913753498688e+01
-4.380265607419734408e+01
1.535748680149403356e+01
-3.642244548956048789e+01
-1.871600276153063191e+01
-3.816182707287401144e+01
-2.989195229417205724e+01
-4.266960875959979660e+01
-4.043502469100425856e+01
-4.764936901733535990e+01
-2.057011965807806178e+02
-5.082958409068652372e+01
-1.034374999360421441e+02
-4.491505994728029805e+00
-1.054611492833791004e+02
-1.236659117235078043e+01
1.494827545644123745e+01
-2.044096387998625914e+02
-5.078791115944502366e+01
-9.708119710422195681e+00
-8.764180389017155903e+00
2.157131141544211062e+01
-1.131979999357563429e+02
-5.003122397770229668e+01
-1.357264447013704967e+00
-2.841639955439110850e+02
-5.141115866358069297e+01
2.023384260945708490e+01
-3.320588301820330912e+01
-1.055972062578757118e+02
-2.163294482971116395e+01
-2.825933227149661775e+02
-6.766335988674954649e+01
-1.715413133829205492e+02
-2.332389089188451692e+01
-2.264552445021060123e+01
-9.196389492297029733e+01
-5.878906933835681059e+01
-8.753855226561526592e+01
-5.390144025357724900e+01
-3.600070095748498034e+01
-7.082298910295170913e+01
-7.717709550252723716e+01
-4.500634005922196934e+01
-9.711018387154298637e+01
-8.401780626833230770e+01
-4.659984926835119268e+01
-8.900290405390649084e+01
-2.748215013367590132e+01
-4.896463914876342471e+01
-4.576994074841873328e+01
-6.250815795173244283e+01
-3.435354630148718513e+01
-1.150792059083013754e+02
-2.047561869174643334e+00
-1.927676163628534027e+02
-2.150764584545972014e+01
-5.972694872034048785e+01
-1.474667702480189746e+00
-2.227399036225313296e+02
-4.165416790521319967e+01
-2.868381549594603257e+02
-3.362896780414131115e+01
-4.958527019259054214e+01
-1.802491140110559513e+02
-3.923611669951223746e+01
1.819774100569125608e+01
-1.673886740547440866e+01
-8.656447845882850345e+01
6.272542739462850392e+01
1.313599850356295562e+01
-1.598060889395267452e+02
-8.282270218794873529e+01
-2.347238634504929848e+02
-7.458051007704824542e+00
-1.280669776050022790e+02
-2.235914047577194310e+02
-8.260441573730355458e+01
-4.464306802271163122e+01
8.967632163198359763e+00
-3.494466816992924407e+01
-1.665886436198303500e+02
-2.300655536959306460e+02
-7.492033448925215566e+01
-7.598948718678870762e+01
-3.141744863335230775e+02
-9.747137007637853401e+01
-6.097003844097262260e+01
-6.797633312030171737e+01
4.420638605492055717e+01
-2.921336154854482459e+01
-5.490863253747656358e+01
-2.698107661741728691e+01
6.917078841398208056e+00
-5.702850559118573415e+01
-2.458322226230288265e+01
3.656414547769060164e+01
-7.361875540205778634e+01
-4.318184969786372562e+00
-3.260067902820892982e+01
-5.963474972714246292e+01
-6.489429558737651860e+01
-2.849754206553105860e+02
3.085151250575808035e+01
-1.474778583876114908e+02
-7.558305261126737662e+01
-1.128506200312769181e+02
-2.783938151809228145e+01
-1.047349214412467262e+02
-2.250356835906673325e+01
-6.884275526176352855e+01
-9.610854295037626116e+00
-4.059492115649240418e+01
-4.001701408766689383e+01
-1.556222255297745107e+02
-1.853856306284006337e+02
-6.286806567945308188e+01
-3.859247572668803627e+01
-4.962151923540754694e+01
2.069577721132898773e+01
1.827918048197290091e+01
-2.077528723572804381e+01
-2.172643208265017734e+01
-1.670708731034965808e+02
1.263741818943879025e+01
-7.307527506041446941e+01
1.015623847431326965e+01
-3.525237306618225830e+01
-5.208299572955115764e+01
-2.703017568901678658e+01
-1.339261714993005512e+02
-3.465789628107040699e+01
4.311321688491318582e+00
-2.562276720559324872e+02
-1.383110967720438111e+02
-5.757705868624544365e+01
-7.053498945590723679e+01
-8.235321201501102450e+01
-3.740288937023723292e+01
-1.387653886913349766e+02
-1.128518335791633120e+02
3.201524162269937079e+01
-2.042511187885154982e+02
-1.878348078624312052e+02
-5.203489853926322439e+01
-1.024344948549786523e+02
-4.767124887464055405e+01
-7.902984248539054590e+01
-8.874818470556590455e+01
-1.270701667585650512e+02
3.131059018933063953e+01
-1.806825781765608951e+01
-1.009841265146174294e+02
-2.034008533453515497e+02
-1.861574954514085221e+02
1.809853456075003919e+01
-1.241507078595469551e+02
-1.879200236337767933e+02
-3.332436615886378206e+01
2.172412344388703787e+01
-2.745072595763605250e+01
-1.460348776446464569e+01
-1.139602035404479210e+02
-2.444526971162239590e+02
-3.820936602761580048e+02
-5.350809682050353189e+01
-2.053615544105157653e+02
3.805496056190293785e+01
-7.342909332904490327e+01
-3.798184884463705089e+02
-5.747196203197106001e+01
-1.821660797366869247e+02
-2.271856403113705483e+02
-1.932993931161082344e+02
-2.669227029269823106e+02
-2.346352213000546669e+02
1.609225430627627418e+01
-9.210366537798704201e+01
-3.504786099529877674e+02
-2.838978345929594127e+01
-6.639632549154292462e+01
-7.428374444116221298e+01
2.153827206476121603e+01
-2.420713514055225346e+01
-2.913094522659223458e+02
-2.341496714575980604e+02
4.283558710160809824e+01
-9.822562947433262082e+01
-7.606706437668678689e+01
-1.144455589925161263e+02
1.779585966584420476e-01
-2.320772013023637612e+02
-2.305802270281424740e+02
-3.175077732918035736e+02
-1.484342913150367735e+02
-3.080686108571568127e+01
-2.250500121264135487e+02
-2.063081548426881682e+02
-6.477174331219053727e+01
2.485344214478723046e+01
-4.308124061466050847e+01
-2.714970179764442832e+02
-1.814598982092327901e+02
-1.771362856977519868e+02
-2.473086033003006889e+02
-6.820528148441286476e+01
-2.359136934511274717e+02
-1.495169422041848861e+02
-4.706724461701939077e+01
-1.666287280093002323e+02
-1.991697459684867226e+02
-6.594236651104472458e+01
-1.861515076935645823e+02
2.042974851643235468e+01
-2.314867553326832308e+02
-3.983769804748263255e+01
-2.264086726744199893e+02
-1.896328724432539161e+02
-8.053662086267087261e+01
-8.034394101192833659e+01
2.124601137205763735e+01
2.722120803522012622e+01
-9.647192916902784532e+01
-7.995042580851676917e+01
-2.253670413366258174e+01
7.029623115226412722e+01
2.194978996441880881e+01
-7.356624040288636479e+00
1.008029761562283966e+00
-6.061565931564427956e+01
-1.392861194713673001e+01
-9.038517788220532623e+01
4.632115417973795246e+01
-1.074515232120656236e+02
-2.384070834193669839e+02
-2.750717800375024069e+01
7.387900124247113354e+01
-1.916243000250354100e+01
-7.872667879382007072e+01
-9.046374031303059837e+00
-5.263045720578070785e+01
-9.897738718745770825e+01
-3.995860603012526013e+01
-1.177582905779235887e+02
-8.917937195530166150e+01
-8.659574337432202640e+01
-3.131689165833793140e+02
-6.559145185948618462e+01
-5.637517262603539336e+01
-1.690770692675746432e+02
-1.208589180996170853e+02
-4.252884920629784915e+01
-2.373696179914910545e+02
-9.713832944999775521e+01
2.927378010304057909e+01
-3.867267779243239545e+01
-1.957266941698807159e+02
-4.032325980009744626e+01
-1.291559060192704749e+02
2.803201992436302703e+01
-2.823045620360423413e+01
4.116184997183674454e+01
-8.511240928727663402e+01
-5.257493595052971358e+01
1.946380116207927813e+01
-1.257682488077578995e+02
-1.672596702790565644e+02
-3.944371802068684474e+01
-2.742499128825406842e+02
9.566015332122868031e+00
-6.127298166553548242e+01
8.473437996794662297e+01
1.013745471655495223e+01
4.944071484616148382e+01
-2.914516980621590392e+01
-2.317625533146276950e+01
-1.411277118384971629e+01
-9.189978634616238651e+00
-9.709438693190810454e+01
-1.020126463757302986e+02
-2.068449397243845169e+02
-5.639030533783284227e+00
-2.199682029679937045e+01
-4.913205773750496519e+01
8.690962798972222458e+00
-1.414977614584130094e+01
-2.142522324118519350e+02
1.032971337157101388e+01
-1.280484518421130247e+01
-1.629353059141016900e+02
-5.386426244330050395e+01
-1.251469629802055010e+02
-9.076097843662789444e+01
-1.049230465665707897e+02
-1.039588484738587937e+02
-3.026639265684315205e+01
-8.675732837139426579e+01
-1.593468264422018024e+02
-1.320639002494730221e+02
-1.013827365958540838e+01
-3.454305359656434860e+01
-6.943958605740373002e+01
-7.497236600280055541e+01
-1.131072791370016830e+02
-1.718789560820960105e+01
-5.575836394717438793e+01
2.028171588758172561e+01
-1.795126722090029148e+01
-6.429525463538553254e+01
-1.465182389380673840e+02
-2.520327360299831128e+02
-1.412906838847588631e+02
-3.265342569557614638e+02
-2.774094694796642671e+02
-1.074569208864186294e+02
-1.023343100876969913e+02
-9.175874557202122617e+01
-2.325613468448241861e+01
-3.305968887093143849e+00
-3.825886198704027663e+01
-4.357114179248588215e+01
5.226270601352661060e+01
-1.007865750706516081e+02
-1.782918376020159883e+02
-4.371676150855984133e+01
2.510022117222757743e+01
8.708210062846735156e+00
-3.986353904940980897e+01
6.364652990802881050e+01
-3.515862794347226838e+01
-1.984638245286262759e+00
1.474585320235352981e+01
-2.533246688041202788e+00
-5.043486196262587384e+01
-5.506575041872784482e+01
-2.066826458840119756e+02
-1.312245734938653072e+02
-4.778111123405878402e+00
-2.214057879465949839e+02
-1.883047343688295996e+02
-5.402927359803420870e+01
-1.087547606736729051e+02
-6.472670174405305943e+01
-1.941261069954649656e+02
-2.905399277380211061e+02
-2.752313441700052010e+01
-5.418972154053078327e+01
-1.042886735224446966e+02
-1.481596804988354847e+02
-1.142762761434391479e+02
-7.020555222182576927e+01
-7.055601119317073255e+01
-2.055938050322661752e+02
-1.166319205721479904e+02
-1.937212845230698974e+02
-2.018289602207931921e+01
-1.330943922086848943e+02
-1.246610904877506698e+01
4.786109229978447388e+01
-1.620537784521009428e+02
5.939330724832267094e+01
-8.263169761560033066e+01
-8.558164074814536093e+01
4.404942427392062854e+01
-8.762010938818011141e+01
-1.180778380534536325e+02
1.652004351939041271e+00
5.599693488435065092e+00
-6.383010021856252791e+01
-1.120513412770246333e+02
-1.089167336621634377e+02
-1.627299012015139681e+02
-8.775408753974497245e+01
-1.343599183729061792e+02
-6.238043687241036395e+01
-1.359738723081465821e+02
-9.756215532919021882e+01
-5.409161065923102996e+01
-3.216235770601514332e+01
-1.031082273652948942e+02
-4.210238569111835716e+01
-7.749707511254365500e+01
-1.282948501463454249e+02
-2.054377839832850441e+02
-7.791810966506615443e+01
-2.108241363478836661e+01
8.290466675562100818e+00
-4.344184142137855531e+01
-1.051326229527017091e+02
-2.985616716106697766e+01
-5.229393585008615730e+01
-2.414554843705829512e+02
-2.426254537896066665e+02
-8.387262271943720293e+01
-2.218216609424119099e+02
2.495771471331494240e+00
-4.264618983701092247e+01
-1.970952401217911358e+02
-1.743216589639635572e+01
-9.269483916593287631e+00
-6.093068199689331266e+01
5.372844403576479522e+01
2.265451099270502766e+01
-1.757072694925217604e+01
8.739671443178131938e+01
4.267308048217941518e+00
-8.124911081603357843e+00
-2.837389700791013070e+01
4.402490421874437843e+00
-5.638509437064954000e+00
-2.022827491220400589e+02
-1.542412295681369585e+02
-1.990436932106642018e+02
-4.096789995583934285e+01
-2.105814083767477598e+02
-3.349461733129899699e+00
5.080890511665102593e+01
3.945721772980516562e+01
-8.202156508988777261e+01
-1.123817253425521727e+02
2.951545427226440665e+01
2.541699759510115442e+01
-5.998572937793274207e+01
-1.118594672504777634e+02
3.372473675061496579e+01
-1.093413232731699054e+02
-6.308389949331772328e+01
1.177014655943987975e+01
-1.997581128327117312e+02
-2.239991706093258017e+01
2.416494918303470740e+00
2.576077285251956539e+01
-1.585811541050798041e+02
-1.046621911511492726e+02
-2.576221675343160200e+01
-1.580558693355317246e+01
1.396946060421399238e+01
-1.284070072801187905e+02
4.209225758800180017e+01
1.491402631648864485e+01
-1.187610018575513777e+02
-3.221852794410159504e+01
-3.252678586543372319e+01
-1.085586797411356486e+02
-1.337391519373186100e+01
-1.239462612820571792e+02
-1.283295217248075915e+02
-1.204267151555820305e+02
-6.929875297142814361e+01
-7.857253843473429811e+00
1.031200610167586262e+01
-3.114459773653591412e+01
4.051292942754328408e+01
-4.874268535398032043e+01
-3.985483416422636083e+01
-2.045533852345450043e+01
-2.651505501352559691e+00
-5.905143928524017127e+01
5.549829002864799321e+01
-1.602712742807713084e+02
-2.848814853436621775e+00
-1.969589362331841187e+01
-1.198555469592859879e+01
-3.515219582621838867e+00
2.627496684255852699e+01
1.565325419789890304e+01
-1.763150183646409346e+02
-4.948234323586271444e+01
-2.050666833563951741e+01
-5.415418905420847295e+01
-4.503991710931567383e+01
-9.680507244609121642e+01
-7.695652292339337919e+01
1.729574603734299387e+01
-5.737789303781528361e+01
-2.502669398426520786e+02
-7.418980185818955420e+01
-8.514108749078928895e+00
-8.279312728641031072e+01
3.044167066058776072e-01
-1.997024508462908798e+00
-1.195944254166549854e+02
-5.911365829863849797e+01
4.794259877134138037e+00
-1.145461411293015885e+02
-1.691737416717326710e+02
-4.260892194443680836e+01
-3.530228050987419408e+01
4.202150814770990905e+01
-3.184547781115028897e+01
-8.260653747910789946e+01
-8.397469545129985136e+01
-9.292475239501797546e+00
1.333729924543490597e+00
-7.085401617681725384e+00
-7.026645691805332206e+01
2.290275896924120502e+01
-5.328660466186472888e+01
-5.107926958129941397e+01
-1.172558792888914070e+02
-2.743585501764422929e+01
2.718256145029834059e+01
-6.154229079232157318e+01
-4.413735123755847667e+01
-2.071518937870469586e+02
-1.906049935758231868e+02
-2.031022908461562793e+01
-6.524554041288794792e+01
2.190027355674544651e+00
1.162442241121269149e+01
2.669892807713522132e+01
-1.556449597987797517e+02
-4.897317171285313009e+01
-5.044441525446629271e+00
2.739169937546531131e+01
-1.393065212212125914e+01
-1.692904220916052225e+02
-1.415287798093728782e+02
-6.373147590351521075e+01
-1.998988811146932107e+02
4.970467906223474586e+01
-2.984158797229498816e+01
-3.008794410036317402e+01
-2.008041661780194431e+01
-1.632972097686737811e+02
4.400256881033689638e+01
-2.177290543035209396e+02
-5.888300617734817877e+01
3.869720975461689250e+00
-2.024022760202427662e+01
-9.056249627317848194e+01
-4.480726448285361130e+01
-3.132483073073953506e+01
-1.012269230465923755e+02
-1.013006063942293480e+02
-2.159617358666363884e+01
-2.408391329684540949e+01
-1.394888727515226208e+02
-1.762559471520726504e+02
-2.499761838294062954e+01
-2.501558800339371658e+01
1.515758346339053730e+01
-6.391121309540685047e+01
-1.645429690461926384e+02
-3.930691765591092235e-01
-4.920729833865851788e+01
-6.195146932662228778e+01
-2.465413162208438393e+02
6.138506231156682702e+00
7.103706704705768971e+01
-3.504894115478504091e+01
1.936675407650531611e+01
-2.269175354967521230e+01
-1.962443315480721253e+02
3.249450608482055713e+01
-8.023990414671455085e+01
-1.678236637744348059e+02
-1.565485653025002932e+01
-1.373443349794344215e+01
-5.487030979415291654e+01
-3.019867559652763589e+01
-1.738891293122588877e+01
1.552393659486212130e+01
-1.906286459608691644e+02
-4.769982481248845829e+00
-4.341952719588523735e+01
9.944544988819885134e+00
-1.211044372288971260e+02
-3.794744431842916299e+01
-2.520779820136780813e+00
1.805010478580026145e+01
-5.102334823666738117e+01
-5.818047534031045132e+01
-5.351229231569709555e+01
-1.458635284324134318e+01
2.904306344818234820e+01
9.435324577008528024e+01
-6.314149663279030733e+01
-3.854755736701908120e+01
7.657457193031204667e+01
-1.620017994923338733e+01
-8.072281552812948746e+01
-2.028703038199304558e+02
-1.742734252747018786e+01
-3.393302031581742995e+01
-4.254083892455614091e+01
2.704308700033624291e+01
4.229632016985576115e+01
2.928231135874525393e+01
-2.724391695227107846e+01
-2.933737352822163302e+00
-5.123484291308216143e+00
2.861507105954302688e+01
3.342349923374987952e+01
-2.040902996193818524e+02
-6.831908429136129257e+01
-1.552766676068949323e+02
-3.759711508045643313e+01
3.360515321522115073e+01
-1.835737305617910522e+02
-1.566002155482896967e+02
2.050581047992685058e+01
-1.383483486984493993e+02
-8.401190991111602102e+01
-8.085211056607471392e+01
-4.179937398180088337e+01
3.160811590325931775e+01
1.433970861501113347e+01
7.585043433448106498e+01
3.586756767037101667e+01
4.848173110958811094e+00
-5.561107364447927637e+01
2.356807199069578473e+00
-3.430543787674487533e+01
-7.028227400090671040e+01
-4.577924607561864434e+01
-6.744446657332213135e+01
-6.237216671477064978e+01
-4.810428275715557334e+01
-5.001838700588986342e+01
-6.512344814957215533e+01
-1.229875757206397111e+02
-6.851720865891948620e+00
2.263618796746021644e+01
-1.430356340713370855e+02
-2.145780990734884028e+02
-6.376124734509110681e+01
3.738725904139954537e-01
9.691734648397221008e+01
-6.150406749533473771e+01
8.260048916421149556e+01
-4.511878949582239784e-01
-7.787494057518549084e+01
-4.176412263410979619e+01
-2.361820162010944557e+01
-7.888560369288526886e+00
-1.314176998445976210e+02
-8.831625304867874604e+01
1.366536052367578691e+01
1.772687888135361334e+01
-4.421952460916142513e+01
-4.096179500441951404e+01
-1.145952340411781734e+02
-6.646778416107541432e+01
-2.653687001091746822e+01
-1.013310664655332971e+01
3.156679196068012061e+01
1.924449328736884013e+00
-3.662910598780584337e+01
6.502113715312391129e+00
4.863442005316922234e+01
6.357184051100719557e+01
-7.996299321594904086e+00
-3.699054607969681285e+01
-1.274654977197730261e+02
-3.479589772276349890e+01
8.842525169649785255e+01
-1.848287965442014524e+01
1.430869911928589033e+01
7.360084951366193451e+00
9.607140184080691370e+00
-1.897682550180239502e+01
-7.384391401517808617e+01
-1.638020686152302972e+02
-3.119028297724997856e+01
-1.459869210586514612e+02
4.860222909242173728e+01
8.001533022793623218e+00
-9.711951071583426653e+01
-2.280312333623726317e-01
2.835020869884260719e+01
-9.968529497505855375e+00
-9.923564389523204454e+01
-1.528236101645985343e+02
1.014105940838261546e+02
-9.240116171268716982e+01
-1.580995382632476094e+02
-2.936511455175075014e+01
-1.270634407080493986e+02
-6.716977545838953745e+01
-1.937882565810312485e+00
-1.735375621623792313e+02
-1.338730674072075999e+02
-2.694292500423332513e+02
-9.773708956981454321e+01
-7.418132071354932577e+01
2.813163606588318544e+01
-7.575690590515023359e+00
-2.674545315617032770e+01
-6.499468439582486212e+01
-1.789806795137167796e+02
-2.809443169934326079e+01
-3.495361580856705075e+01
-3.449582894204561967e+01
3.318895472892310750e+01
-1.346747419561718857e+02
-1.499664270962901469e+01
-7.377657616834395071e+01
-1.192160026013439307e+02
8.569577186531176949e+00
-1.561964774286060162e+02
3.752261881554019851e+01
1.016759167177965679e+02
-1.212257811206693248e+02
-6.964467109511919318e+01
-1.156197079726857737e+02
1.007935996806463663e+01
-9.462632838571556704e+01
-6.175885731625041331e+01
-1.403178623546050119e+01
1.051322015902066198e+01
-3.956052131615370371e+01
-2.555006810991673660e+01
-1.874596501204806032e+01
-5.010152550569095808e+01
-3.256761001029775571e+01
3.635521768352822392e+01
-3.934320480615338056e+01
2.281817518566612080e+00
2.308851230902105556e+01
-3.651670618259018397e+01
-7.672954495863476154e+01
2.059613124402218887e+00
-1.848902088863053450e+01
-4.498871630474231154e+01
-1.583445692861356235e+02
-8.533237344980256012e+01
6.199167556966442305e+01
-8.990470386162074590e+01
-1.721155099909434227e+01
-9.021480840764488107e+01
-3.591559367185824669e+01
5.014123115883472792e+01
1.117953064745491076e+01
-3.635971701332576345e+01
-9.537674542507345166e+01
-4.460689855751546418e+01
-1.403007049126422601e+01
-1.249285347941132329e+01
5.732346616468863942e+01
-1.394167885679195251e+01
7.586701073244900329e+01
-3.024398330920367073e+01
-2.435700036436450944e+01
4.035539243996527148e+01
-4.545406858055406474e+01
-9.427641515919955850e+01
3.938573343711010466e+01
1.298069213958035562e+01
-1.264995047217368977e+02
-4.230515322909664633e+01
-6.889902935177397580e+01
-6.373062286132924470e+01
-7.711654266477346198e+01
-4.849056365902995935e+00
3.259930096203999028e+01
5.128981467918720227e+01
-2.506544415454133059e+02
-8.737048001356149030e+01
-1.186488201208467075e+02
-4.292719552242611769e+01
-6.565735035266158093e+00
-5.105341768315850004e+01
-6.962104911391514861e+01
-1.709505833796536933e+01
-4.166229300726982387e+00
3.795165948661384903e+01
3.385189356041584574e+01
1.763287546179314091e+01
-7.222751701403454661e+01
9.698580837236357866e+01
1.416156955608131796e+02
-1.218304525844534680e+01
-7.785202101031947564e+01
-2.325399613587215697e+01
8.131810818885639947e+00
-1.317139274170330623e+02
-4.601444284587563516e+01
9.634292084191841354e+00
8.454087462843077105e+00
-4.912002471521844882e+00
-7.386713359677216317e+00
4.500145036089919870e+01
-3.051821605556909844e+00
3.218826186189670580e+01
-6.943585980519175394e+01
-6.031427051801843220e+01
5.050220653351189526e+00
-1.008321088036673672e+02
-6.290378508449899186e+01
6.137077871486825131e+01
-4.403740694211892048e+01
-8.609483991083305909e+01
-7.187762298836170771e+01
1.421084906788286162e+01
-9.174495505535551843e+01
-9.471571951629341868e+01
-7.754335836288228734e+01
-1.294493405614890946e+01
-1.936120135116759684e+02
-4.062134929283038787e+01
1.492092184294492654e+02
-7.314527072288846909e+01
5.469349358929341065e+01
-5.303774881536824637e+00
-1.186901532610037862e+02
7.601879680027106190e+01
1.249583752762895017e+01
-8.224137294128709641e+01
2.711306966551916275e-01
8.991506302681386842e+00
-1.319419713180801068e+01
7.553402500176261469e+00
-1.260719654953267366e+02
-5.174775746257252962e+01
1.342441000625653658e+01
8.038690685087388488e+00
-2.403457547341032807e+01
4.498847708765100606e+01
-3.443107295681359403e+01
-2.038564631734905674e+01
-1.121574080681279213e+02
8.501695237159978547e+00
1.307585626400710055e+01
-5.118932422593091758e+01
-6.301892570879027744e+01
-1.481695794280204836e+01
2.391007467622607408e+01
-5.950428167212145070e+01
-3.008691843767687146e+01
2.028274133311333571e+01
-8.123609076795513317e+01
1.170476522917034856e+01
-5.697955800133144066e+01
-4.526365327290857010e+01
-7.914580329116999735e+01
-1.597174614094130334e+02
-1.832295556841920359e+01
-9.800807731713234716e-01
-3.212954576377946125e+01
-2.784983221751033966e+01
-5.083624091299874692e+01
-1.113525867649202894e+02
-5.589451164252417925e+01
-8.172445366780084441e+01
-2.603818671599270829e+00
-2.317242853622244070e+01
3.589498236291524336e+01
-1.224593961841907799e+02
5.747497157481647889e+01
1.196343586039004947e+01
5.495735333242620868e+00
-1.695688363753212684e+02
-6.224170646492898840e+01
-5.119780698364493787e+01
-4.771325078284561982e+00
-2.034725638994589758e+01
-1.563207872237716174e+02
-9.407280143318506305e+01
-3.797781347269192764e+01
-1.068991812987661660e+00
-1.019468870420948576e+02
-3.381144527860315918e+01
-4.875572477690333528e+01
-1.029008205115944463e+01
-1.388228954936892023e+02
-1.069890862792681219e+02
-2.138713199270326015e+01
-4.354561874458656234e+01
8.188494640938262137e+01
-3.510961290979224714e+01
3.716354571972857457e-01
-7.512567234288397344e+00
-6.699987121104803123e+01
-1.074568768033406627e+02
-3.658135889726919743e+01
-5.590442629151004894e+01
-3.363718201973632915e+01
-9.387090553714756425e+00
-1.286444106018970501e+02
-1.042874128787319137e+02
8.314137740467258197e+01
-4.280490696058569711e+01
-9.005693028269092792e+00
-8.633049557076820690e+01
-6.243303467672373586e+01
-8.909578360700056976e+01
-1.532276287806823518e+02
-1.405883080412975517e+01
6.616848575048616965e+01
2.687964284548327498e+01
-8.196343135101864164e+01
-1.714082401485070761e+01
-8.511300552717017354e+01
2.871637211114266108e+01
-2.681159357994417292e+01
2.215796519817892118e+01
1.825212715064238012e+01
-5.557659117525436443e+01
-5.768247810421669897e+00
-2.546099589242251398e+02
5.562354819117047100e+01
-5.544193132078740405e+01
-1.338316659169659317e+02
-2.710297440887713094e+01
-7.375652180365020172e+01
6.720397771121992037e+01
1.932557085594795865e+01
-1.465559664901398662e+01
-5.904010873813103899e+01
5.058160360240692910e+01
7.674302480598407783e+01
5.745912526688613298e+01
7.374558635691386144e-01
6.844982302177322708e+01
1.588293260152751429e+01
-2.418976155825403396e+01
-5.865640281580336080e+01
2.281479375897089312e+01
-3.294308490228842174e+02
-2.535626509133146556e+01
2.138285678964390968e+01
7.552450487967652748e+01
1.106878975181759017e+01
-7.097540807493852810e+01
-5.949551169758260727e+01
1.850333379565459779e+01
-5.949211234916300839e+01
-4.071492779849646126e+01
-1.122075944791474171e+02
-8.897592475237881615e+01
-3.800092161497492782e+01
-3.145457359803737063e+01
3.332483428773485912e+01
-6.508338837526173393e+01
-7.553342531386732617e+00
-2.693530587829251033e+01
2.569341904947388855e+01
-2.474402242163699839e+01
-4.477828839637305691e+01
-1.588790148699361566e+02
-9.045362039903442053e+01
-1.434218057744468524e+02
-5.411141369937887191e+01
-2.423243874830339450e+01
-9.876777397669840752e+00
-1.452792537404606605e+02
4.073672444012456140e+01
-4.162254477996925317e+01
1.236228599283899712e+02
-1.205794306054883691e-01
-5.148186184388914199e+01
2.999208275463774953e+01
3.221483945147053873e+01
-9.449543936094492835e+01
-8.764604920714569403e+01
-1.813504475166743646e+01
-1.207426622713780375e+02
6.664665744148737758e+01
-4.796404107375273895e+01
-4.366911973772671729e+01
1.191485002890995792e+00
-5.759043731577185810e+01
-4.999633855854278863e+01
-4.062476438717231986e+01
-1.045956749096659735e+02
7.808440688000044361e+01
8.167853271712010610e+01
-1.239242843621222789e+01
-1.056665077073529346e+01
-3.320203092513523302e+00
-6.152412182558306597e+01
-1.305115648484643884e+02
5.882000649730343866e+01
-2.012977819766463199e+02
-3.219568207103175439e+01
-1.966698602843365506e+00
-1.596742087663407403e+02
6.111671882215058815e+01
-1.509179258978688551e+02
-6.310632504519229258e+01
9.243987044929724561e+00
4.251371497025502322e-02
-5.987550937626797065e+01
-7.652302135495484947e+01
1.759905787031656246e+02
-2.655576782847133188e+01
-2.821257509158117216e+01
1.052134472723484038e+02
-1.475865772773852314e+02
-8.261052669641941293e+00
-1.255496347753229429e+02
-6.042325853712880246e+01
-5.653680531913050800e+01
-7.530817324442854499e+01
1.215162310054262207e+01
-6.900085881403819599e+01
-2.807281461443636772e+00
7.661228523564861348e+01
-3.477960894043492601e+01
-1.132647767488495134e+02
-2.147721911831672514e+01
7.551295189292339671e+01
4.223120857326882316e+01
-5.677547397072965651e+01
-2.620530110577183791e+01
-6.949641975902400759e+01
3.513694229966077387e+00
-8.792218198501765869e+01
-1.439966089693592721e+01
1.202886525051993658e+02
-7.214301803427557047e+01
-1.117885273495943466e+01
-8.539061653373431682e+01
2.526092216483223751e+01
-6.064170091725282674e+01
-1.749838263099394453e+01
-2.904501147917325454e+01
1.239021705030521616e+02
2.640155545238656032e+00
-1.373762649486519649e+01
-5.010290011490245377e+01
3.802938645238606341e+01
-6.146174650266999606e+00
-2.440973604142537567e+01
-1.008928904331541361e+02
-4.938775693119339394e+01
-1.070413331345342129e+02
1.221226570288801838e+01
-1.146475473930961186e+01
-1.349199124041145410e+02
1.076316467644834489e+02
8.397935849010281117e+01
-1.090196215670968627e+01
-5.399055341123073504e-01
1.023827189501285062e+02
6.805338117582893176e+01
-6.398468663431770409e+01
5.250514507186795754e+01
-6.194520871610704660e+01
