-9.391209430430104987e+01
-5.618098474215103266e+01
-3.724005189045846009e+02
-8.768982538584877773e+01
-1.795857012157073598e+02
-2.723035292792623068e+02
-1.330571246311665732e+02
-4.134382017767584330e+02
-3.522349568565124969e+02
-5.019134255881560591e+01
-2.094484480381186131e+02
-1.996268263588312948e+02
-9.410939978756813673e+01
-1.799619682182224665e+02
-1.032130845291942478e+02
-4.992554553870198220e+02
-3.316465676276086469e+02
-3.169172050393213453e+02
-1.931372417423294792e+02
-1.155664048016659393e+02
-4.724808775674077310e+02
-3.262767716021452884e+02
-1.594143981478453043e+02
-2.357837944549263796e+02
-2.486620616517038798e+02
-2.173678083330733841e+02
-2.564343509610885121e+02
-2.091939941356943677e+02
-1.552409589152620413e+02
-2.730798475059782504e+02
-7.310985066406563249e+01
-4.005725325722776233e+02
-2.906725204831531073e+02
-1.409333492004775508e+02
-5.426261893269327174e+02
-1.442366051011701131e+02
-1.337523706202874223e+02
-1.013209678478503264e+02
-3.112961151752273281e+02
-3.593576431216356468e+02
-4.163679992421327825e+02
-2.181575471998073681e+02
-3.039884684401426398e+02
-5.073195749508689119e+02
-4.844540303952808813e+02
-2.678547033122191579e+02
-2.185546109645754314e+02
-2.635209587452570759e+02
-1.017846117138846438e+02
-1.213961289741218508e+02
-4.349460848135979631e+02
-1.855362720601723368e+02
-1.425647618350528205e+02
-2.918984068090086339e+02
-5.017102795556376122e+02
-1.869693257506339137e+02
-1.008447527651218110e+02
-2.310688900454090344e+02
-1.979000933347424507e+02
-1.591498089918698042e+02
-1.819915570062283621e+02
-5.508263648579689971e+02
-1.030001080597079692e+02
-2.963334140496417035e+02
-2.198906931934494366e+02
-3.372796191789171303e+02
-8.876473530770297771e+01
-3.975027393022162414e+02
-3.031431317269547776e+02
-1.301595265543261348e+02
-2.365797319624622617e+02
-3.200975382690692186e+02
-3.463147409580033695e+02
-2.820722087926778840e+02
-3.974540903070824811e+02
-4.801161076320652228e+02
-2.310627378860179988e+02
-2.171320088048933314e+02
-2.045712853232378450e+02
-1.267693206886612245e+02
-2.324352807375884993e+02
-4.922309828953013948e+02
-2.800925085503502601e+02
-5.468963324057108366e+02
-3.866021925108843220e+02
-3.490384740775367618e+02
-1.032232782778214926e+02
-1.021248962126091158e+02
-4.125359598531439360e+02
-6.500799653902136299e+01
-8.092393544152481866e+01
-1.234219429269862331e+02
-3.394389543672356240e+02
-1.626227018222933225e+02
-1.267797337771368973e+02
-1.172821526641234158e+02
-1.437390458618349669e+02
-1.316175919975555360e+02
-2.089614130436530104e+02
-7.559459020792738215e+01
-2.854326293477000718e+02
-3.240650885213686365e+02
-2.771432388320858990e+02
-7.816786963493002816e+01
-2.851502015381861384e+02
-3.933573915063467439e+02
-3.331034473202569757e+02
-2.149135123451374909e+02
-1.027599757281145969e+02
-1.317389295333408938e+02
-3.344523900298067929e+02
-2.954288332263521397e+02
-1.845123808969843822e+02
-7.612203707042664291e+01
-6.265769747420522151e+01
-1.560455063405643727e+02
-4.282798582163258629e+02
-1.814685565753611058e+02
-1.174226271734366094e+02
-1.177069008031715356e+02
-2.434774782852225030e+02
-1.506961739546937622e+02
-3.093772649479826669e+02
-3.016548190089503123e+02
-5.792511880739577634e+01
-4.707746734968328610e+02
-6.228539055136644720e+01
-3.276070745509729250e+02
-6.334567715562863555e+01
-3.572156015521288168e+02
-1.965861877851584154e+02
-2.523638641116775716e+00
-3.256124901882566292e+02
-7.921358149378666269e+01
-6.624122764559874099e+01
-6.514883443693206289e+01
-1.553082146288514309e+02
-1.359986408321378804e+02
-7.729755010975344476e+01
-1.099574555684793609e+02
-1.604362549944771672e+02
-8.780740136633298221e+01
-1.430683981993042835e+02
-1.935068362227847274e+02
-2.259701575988991067e+02
-1.207026664979715491e+02
-1.216197752404500960e+02
-8.579005208233526503e+01
-7.521918338668902493e+01
-2.119362279910873212e+02
-1.125301544770708801e+02
-1.290371864630745620e+02
-1.896466289983067668e+02
-5.814027980796875283e+01
-1.123109952053718246e+02
-2.874115658504609314e+02
-3.916830247405599152e+02
-2.794583430680582978e+02
-9.803789655346727727e+01
-4.500022354659048460e+02
-1.163722207078012616e+02
-4.372194480338794165e+01
-9.664450418006012455e+01
-9.955994567436385978e+01
-1.195425163425509538e+02
-2.664604414769148661e+02
-1.771705867520735467e+02
-2.215044846959648339e+02
-2.692501134365824669e+02
-2.841345914156185586e+02
-1.146721436973882930e+02
-1.212973869572948615e+02
-3.905095405659677681e+02
-8.887235994773406844e+01
-1.362553517297654366e+02
-3.542978733870775159e+02
-3.667562495305255652e+02
-1.174914568646274660e+02
-1.655514637036280590e+02
-1.367224175924522740e+02
-2.058587756591684297e+02
-1.092394372201843140e+02
-2.681453348554224476e+02
-8.666018765596706430e+01
-1.192649358394503452e+02
-2.018000290540628328e+02
-1.275326936028358773e+02
-4.214478516974919842e+01
-1.063356092697395354e+02
-1.860272117832824961e+02
-2.596346614720583830e+02
-1.146093944650112491e+02
-1.528692795800170359e+02
-8.113045440438735056e+01
-2.312133959567518673e+02
-3.419233676400117474e+02
-2.754403755586557168e+01
-7.887164792541715030e+01
-3.124285538823639854e+02
-1.460066051931642050e+02
-6.081320142724151623e+01
-3.532779568235266652e+02
-1.012971141130636710e+02
-1.946427026384932901e+02
-1.377337457115178836e+02
-1.795756704830463946e+02
-3.122722328755667149e+02
-2.886033538093839752e+02
-6.747777295829861544e+01
-3.415800937269799533e+02
-1.938832102884422852e+02
-2.311383053272688528e+02
-8.320895377887853783e+01
-2.382649033246330532e+02
-6.199125173114769893e+01
-2.661135698500373792e+01
-1.904311447137953905e+02
-1.437035540131939229e+02
-1.881391965822683687e+02
-1.155127366935352597e+02
-1.518947084098081177e+02
-8.739055785362384654e+01
-1.436511814826104683e+02
-1.401091928220862712e+02
-1.679799003694013493e+02
-2.064637321266032473e+02
-1.469184089196729701e+02
4.593547202657674688e+00
-3.911524050503910530e+02
-3.182755445236836067e+02
-1.066902094365092921e+02
-1.084873470478051729e+02
-1.050506416442849229e+02
-2.362044526302897225e+02
-3.307887515588457177e+02
-5.809086866607796651e+01
-3.427584371356786619e+02
-6.962542527409377158e+01
-1.235568145294307243e+02
-6.308967099284288338e+01
-2.354771365867986219e+02
-1.543109607827302909e+02
-1.615495677800344652e+02
-1.228340155704641177e+02
-1.232664616810062341e+02
-1.452270097258642920e+02
-2.043710728568335639e+02
-2.620962830410893503e+02
-1.237042825790822889e+02
-7.398348219832986672e+01
-3.797941877966787274e+02
-1.052390350094607783e+02
-1.542679190864660654e+02
-2.119367174903077284e+02
-2.682752239834279635e+02
-6.511357382903705115e+01
-6.191512005109755989e+01
-7.961254001104767042e+01
-1.954446452427245333e+02
-1.068847691690241106e+02
-1.635113146315330823e+02
-1.575325434332285681e+02
-6.561113291748333154e+01
-2.602087645225999495e+02
-3.578202525742901798e+02
-1.272458287519545195e+02
-2.133631513656322909e+02
-8.730195804457400754e+01
-5.716562072511987935e+01
-2.120381150839834845e+02
-1.210870230250557995e+02
-1.421646036328094169e+02
-1.506637144433227888e+02
-9.324330824822433783e+01
-2.027250822793092198e+02
-7.535605637579573113e+01
-1.122851164348721511e+02
-7.229921681430893443e+01
-4.682107284214053777e+01
-1.596038867102415395e+02
-2.869849315109562440e+02
-5.244775204000534075e+01
-1.214343546586623859e+02
-7.229137410340975123e+01
-2.222254311895784440e+02
-4.166649842361940728e+02
-6.558476234897507595e+01
-8.372982091980705377e+01
-2.611544438748339303e+02
-1.743952697497490192e+02
-1.582437816659543728e+02
-4.601322521544361166e+00
-7.805917938502940956e+01
-8.431504765231859722e+01
-2.519045643866233490e+02
-8.527687698903710611e+01
-2.074178745790930236e+02
-2.746147481290441874e+02
-2.252049836683873991e+02
-1.758894903479629193e+02
-9.311449582156016902e+01
-2.144136174059021869e+02
-6.250328771636111469e+01
-1.031917696436172633e+02
-1.746060071218734038e+02
-1.671284380435837420e+02
-1.684939483052872902e+02
-8.922440517724974995e+01
-1.614488218377348403e+02
-5.723792964776741599e+01
-1.269103316050044867e+02
-1.210463171974948722e+02
-1.111369915831951545e+02
-1.172664578305760301e+02
-3.797872166106278655e+02
-1.106304534081028947e+02
-1.875011616903444462e+02
-1.769452790074770405e+02
-3.777847725657540536e+02
-6.514831783143566213e+01
-3.342500890293072757e+02
-1.751661216530374077e+02
-1.735630062968222944e+02
-9.469826495415841805e+01
-1.075443092170883546e+02
-3.248174278029097195e+02
-1.242348096506470085e+02
-1.002365765101064596e+02
-1.157650806551753391e+02
-1.793036865168535314e+02
-7.527245858499028941e+01
-2.029042765190930027e+02
-1.227770796055044968e+02
-1.664514108156295720e+02
-9.269116395075623416e+01
-2.761918208526348053e+02
-8.676679247591496846e+01
-2.231678055792888529e+02
-9.979113903582549483e+01
-1.634845901953571001e+02
-8.439284083980913920e+01
-2.078610159019719390e+02
-5.318041027237199359e+01
-7.781243850988690269e+01
-1.427846840975959708e+02
-1.091043499259760523e+02
-9.134567988863176424e+01
-8.737295752975430219e+01
-8.731478224554702194e+01
-6.272008523971863525e+01
-7.819918557065381037e+01
-7.733338565249464125e+01
-1.294726481146193180e+02
-2.884023403965410353e+02
-1.623566911146314737e+02
-1.720801742659995739e+02
-4.463769718113866958e+01
-1.285451796029245202e+02
-1.165226689029116045e+02
-1.212402093310151088e+02
-7.072751052193549981e+01
-7.615557181785572993e+01
-1.171540528732928124e+02
-1.204731835281571080e+02
-1.579370663309895804e+02
-6.544807063388526558e+01
-8.314192354672165663e+01
-5.415916365111402797e+01
-6.543766164603221114e+01
-1.536038893050317427e+02
-9.831061139893907352e+01
-1.118669523599299112e+02
-1.362198767896279890e+02
-8.040208270311268279e+00
-9.135619360715170956e+01
-9.419701609611449555e+01
-1.285837791937537986e+02
-1.584951964634760770e+02
-1.659369687723151401e+02
-7.244523350000784490e+01
-1.807330491701459607e+02
-1.016849877658841024e+02
-7.896721094518538564e+01
-2.613495449722229296e+02
-1.571160836734317456e+02
-1.670753904163121319e+02
-8.996207604104810684e+01
-1.109762190935781518e+02
-2.564499206763694872e+01
-7.929662291212132175e+01
-1.252459351875666300e+02
-9.629559719395231809e+01
-2.393214140700071084e+02
-1.092285626401071426e+02
-2.571210089136590113e+02
-2.148873393592048160e+02
-7.122261970621894989e+01
-9.892558737194154617e+01
-1.494643840671399744e+02
-1.297119080363032140e+02
-1.100657395596640526e+02
-8.397348425013930751e+01
-7.735233520507719618e+01
-1.535852807343968607e+02
-9.935134794958018745e+01
-1.761308998989842962e+02
-1.387481931339032144e+02
-2.737308933318164463e+02
-1.025894479361581233e+02
-1.306471474891028208e+02
-8.927910039669137632e+01
-1.225845216309182319e+02
-6.969675494906863378e+01
-2.128454951557144454e+02
-1.198410722034252416e+02
-9.353883337313679647e+01
-1.332746853455238067e+02
-1.746536908028089954e+02
-1.014090536570769814e+02
-2.199525149283362566e+02
-5.154145744026139653e+01
-7.752943469281902367e+01
-1.904060621223656540e+02
-2.720331786943751808e+02
-9.649070815369937293e+01
-1.126219079269964709e+02
-1.089033686715604716e+02
-2.640441775579361661e+01
-1.326867751850326158e+02
-1.517818854748526007e+02
-1.415467354759078944e+02
-6.263753442986617159e+01
-1.233456242353526164e+02
-9.291865662837035700e+01
-6.785793739121371004e+01
-7.009523560174102386e+01
-1.095921209774971885e+02
-1.024716789877433598e+02
-6.267485573829648615e+01
-9.906766429427126752e+01
-1.010656014359668688e+02
-2.629732054047788665e+02
-2.548320101198644920e+02
-3.228797136570221937e+02
-7.604798931077198176e+01
-7.403809506639683491e+01
-9.626642840089152742e+01
-1.126563929368402910e+02
-1.179761331735652021e+02
-2.096376845801357547e+01
-1.261921960557831000e+02
-8.686804089398548001e+01
-1.931758652976628241e+02
-1.035663555915690637e+02
-1.146854188185872090e+02
-1.051674733386424236e+02
-1.634906667308001431e+02
-1.309375701652191708e+02
-6.653569412940014161e+01
-1.068149651197676491e+02
-2.395277131567461026e+02
-1.078390848331671776e+02
-1.582351900782700227e+02
-1.251943342221153159e+02
-2.304548455849522099e+02
-1.039734216242634517e+02
-1.685914574745283971e+02
-1.107318911817969251e+02
-9.466199720595345468e+01
-5.614040565293326779e+01
-5.089254893972338323e+01
-6.570753199293557145e+01
-8.817857817542289922e+01
-7.149207333230091876e+01
-8.202088583812469835e+01
-1.765700616599979185e+02
-1.148516211377133232e+02
-1.324445359742238679e+02
-1.183971061420456721e+02
-4.895179467640331694e+01
-2.281440522109232916e+02
-1.987358669276383694e+02
-8.698479307953496686e+01
-2.593980536001423616e+02
-1.146687571914284547e+02
-8.566067102180639381e+01
-1.048908875492607393e+02
-4.323016251657463158e+02
-2.445059046828153271e+01
-1.808432116690884186e+02
-2.377424896392913354e+02
-2.470971185553815417e+02
-1.370057458070589291e+02
-1.824876983031609825e+02
-1.529460420204728734e+02
-7.004267080742815210e+01
-8.654228083237325109e+01
-1.119445641784797658e+02
-8.447176561727674482e+01
-1.755338824803409921e+02
-6.976756756913644608e+00
-1.980022437700368982e+02
-1.900338199407897264e+02
-9.216666933124027139e+01
-1.230323064298770959e+02
-8.682230752575537736e+01
-5.231680029845924196e+01
-7.819454861674830681e+01
-7.177485173812441133e+01
-2.109645295198178019e+02
-1.127596160658803228e+02
-1.188311802491168123e+02
-1.987912075439707564e+02
-1.590303903322362657e+02
-7.196821937178059159e+01
-8.214845063197373065e+01
-1.145869555879811088e+02
-1.043237835528166784e+02
-1.448672212913778026e+02
-1.575572961378579464e+02
-1.165957943143340287e+02
-9.106365816607493002e+01
-1.259251167476618463e+02
-5.474374870971590923e+01
-1.308934043150377420e+02
-1.040133585547509227e+02
-7.304721853284442545e+01
-7.748352793576803776e+01
-1.496581482346747975e+02
-1.079872295915483704e+02
-8.369410932016555194e+01
-2.437222803294862388e+02
-1.086360761825683596e+02
-6.871644933847659331e+01
-9.184519467588624764e+01
-3.957712447665818445e+01
-1.477726470131941028e+02
-7.100519303406615279e+01
-1.006900234609510534e+02
-2.199546889377532466e+02
-9.851158429031521280e+01
-7.005320226234380243e+01
-1.207126152673515378e+02
-1.162177083021080080e+02
-8.025581831418419654e+01
-9.559459444399314521e+01
-1.736769621341412062e+02
-9.387221852453475890e+01
-7.480678078046403812e+01
-1.774886738515209288e+02
-7.366338151191811789e+01
-1.983399190368920699e+02
-9.118261633736159411e+01
-2.593446567724485874e+01
-3.724725480818990064e+01
-1.150151066841209371e+02
-1.084556201828618214e+02
-8.698887504111786484e+01
-8.498649921449641909e+01
-1.243351393714255693e+02
-6.279535675043739928e+01
-1.314189948236081591e+02
-1.114897558136656670e+02
-2.737354851512766913e+02
-1.984398844308683465e+02
-1.261819066186618841e+02
-1.451507474948683125e+02
-1.600770102295843458e+02
-7.607559455842432783e+01
-4.713656451822230053e+01
-7.605848015785036864e+01
-1.452898984041743802e+02
-1.198706758573527082e+02
-3.432138924401968438e+02
-2.870690455396771199e+02
-5.970384293876941939e+01
-9.724025849239608021e+01
-9.998685416280314087e+01
-8.722013769563035623e+01
-1.109869681782616482e+02
-2.084471559805953405e+02
-1.562749037692958893e+02
-1.015976530400016884e+02
-6.033727026640441693e+01
-8.439654877206703532e+01
-8.477205434032363485e+01
-6.718640677977320763e+01
-6.907709597577253646e+01
-1.126376539605850553e+02
-9.781483832735938222e+01
-8.806797947138745997e+01
-4.789161999067843567e+01
-2.733222848315188003e+02
-1.055339281847533925e+02
-1.285506146388982245e+02
-3.497479611425353596e+02
-7.686706200953535983e+01
-1.392269535603595614e+02
-1.967466918932859699e+02
-1.171045010144663934e+02
-1.620983861970304929e+02
-6.130445699481588662e+01
-1.094626496194115788e+02
-1.323747964800229511e+02
-1.254888976508000553e+02
-2.552326215793037250e+02
-1.088331576014593054e+02
-2.559073192770404717e+02
-1.941305962048189713e+02
-8.418248014841039151e+01
-4.674653807365960745e+01
-9.597522196972036568e+01
-8.467023583733097780e+01
-1.575628634991820149e+02
-2.019910384996213679e+02
-1.476797701070595963e+02
-1.008098898381748967e+02
-1.665923175809732015e+02
-6.949558628481076994e+01
-1.228122480038254309e+02
-6.320159423827639955e+01
-1.830627942590665498e+02
-3.167539643883765166e+01
-2.494510975603703287e+02
-1.459802515574515098e+02
-5.225274371803355677e+01
-6.155160140005871483e+01
-1.104312447760585627e+02
-2.117200634636198231e+01
-1.120073325401648674e+02
-8.991711320630521698e+01
-5.279612749152057916e+01
-7.236237573661246358e+01
-1.087377092884615308e+02
-1.031471395301839067e+02
-5.969533287666749288e+01
-6.665680226129387620e+01
-1.156190316720284130e+02
-2.535455046217548158e+01
-9.706299893139133417e+01
-1.210705188025566059e+02
-2.337675673286386768e+02
-1.380298554548574543e+02
-8.711822209820694241e+01
-1.041178393825255881e+02
-1.323430497045279139e+02
-1.814603215036869415e+02
-6.051988015140435806e+01
-1.801126564736264868e+02
-1.244200960619969294e+02
-6.716158035817085192e+01
-1.829450939704007624e+02
-8.119904547760577884e+01
-2.654669697011817107e+02
-2.793495658548253004e+02
-1.563572216683725742e+02
-9.925838758557266317e+01
-1.676347813200893313e+02
-2.218985225667756822e+02
-2.711251170553993575e+02
-3.181054171980889009e+02
-2.141504012460278545e+02
-7.886742466586105138e+01
-3.428027010789878659e+02
-4.539670286507633534e+01
-1.078793912495366953e+02
-8.087162557606430369e+01
-1.573065045482501887e+02
-8.170519366087128788e+01
-2.841822992135340655e+02
-8.456290199828998766e+01
-6.303443365791437714e+01
-6.380365133823306678e+01
-7.076706519017631081e+01
-5.682881625500649392e+01
-4.483569848062103347e+01
-4.024222117083114370e+01
-7.944534015833725960e+01
-5.145152819260962218e+01
-2.395540305236466168e+02
-1.175673976721914329e+02
-7.347879677757288164e+01
-4.538340789440505318e+01
-8.739297104450714926e+01
-8.801499723557728316e+01
-1.512489953247578853e+02
-2.062592466016672006e+02
-2.163151869758751218e+02
-3.069755088259094578e+02
-2.918230437348097439e+02
-1.436786591873585053e+02
-6.973766958302334729e+01
-8.036899080971954845e+01
-4.760545947997259475e+01
-6.210641286861823573e+01
-1.072104849789958223e+02
-2.870170360296125409e+02
-1.157461078685008857e+02
-1.824021622896344752e+02
-3.011576156390587471e+02
-4.262169061060536990e+01
-1.892076725209109327e+02
-3.128871873523628722e+01
-1.815400585649366008e+02
-3.626767215976211389e+01
-1.344028497635111421e+02
-2.857927994488714489e+02
-1.090576754158402935e+02
-1.463203458831146690e+02
-1.583923740666098752e+02
-4.877921110264072979e+01
-3.075502303559920279e+02
-5.272836214558607537e+01
-3.188222242574582879e+02
-2.697135333061845017e+02
9.489838946813136999e+00
-2.235860595146962737e+01
-5.298169325137879326e+01
-1.728458847594050383e+02
-5.913342885239130453e+01
-1.539046562543613845e+02
-1.976251607909770485e+02
-1.202116530606655260e+02
-1.114369422442910462e+02
-6.169911061312766520e+01
-1.210848548496135493e+02
-2.487140751001735453e+02
-2.764027122165265382e+02
-6.925908137639467554e+01
-8.004305862972070429e+01
-1.068762516743570217e+02
-2.187667368106622234e+01
-6.015791020800291022e+01
-8.327170223794456660e+01
-3.360069110054379280e+02
-1.017490259129215531e+02
-3.392029549033029525e+02
-7.584124442058470095e+01
-7.037914668052714262e+01
-7.312926655960978906e+01
-1.390056351342702214e+02
-8.952037172306397395e+01
-1.739341427157570479e+02
-2.035913117813115036e+01
-2.605451591199195605e+01
-6.025029622924257922e+01
-1.355538827639092005e+02
-1.108961531685697821e+02
-2.534036354388473171e+02
-1.188160169929710150e+02
-9.194774178308522039e+01
-6.912936978778765251e+01
-1.063901165283147776e+02
-1.328973689023733584e+01
-3.020812005823066215e+02
-9.462193647528332008e+01
-8.697140068182869754e+01
-2.498659596807675030e+02
-1.072484802286615775e+02
-6.399581538429690397e+01
-8.545536365820716185e+01
-5.366957855535110866e+01
-2.597969738839755394e+01
-8.879394358600961823e+01
-4.750094664923588539e+01
-9.194259398823092511e+01
-1.649140327457336355e+02
-1.116573736446231351e+02
-6.215687242062816154e+01
-2.051221673861846853e+02
-1.078178893887098297e+02
-1.573569133178229720e+02
-6.847689462764773793e+01
-1.220996530231983570e+02
-2.650621873322347142e+02
-3.801280484270917270e+01
-7.913479500439171943e+01
-1.709569653839969305e+02
-1.398139522469068652e+02
-1.279253749427452078e+02
-5.886691863084794818e+01
-1.074907478818237792e+02
-8.150666023292991724e+01
-1.441116664860950038e+02
-1.695545432149492342e+02
-4.649079034288688206e+01
-1.349208405622200928e+02
-1.860419264532498573e+02
-9.991307457897974587e+01
-4.316141111531105423e+01
-2.936732743870715012e+02
-9.757093762743615173e+01
-3.192343929673105549e+02
-8.973363348036511411e+01
-4.043105708915443586e+01
-7.591647509494063684e+01
-1.029866058336786807e+02
-3.432590899005791698e+02
-2.786124355705917424e+02
-1.460513259874394691e+02
-9.553564643099785769e+01
-7.481635188869491060e+01
-1.051581054859613147e+02
-1.355224201352922933e+02
-1.303325247579296047e+02
-8.508582981646391374e+01
-6.562481035234536364e+01
-1.905771884379217056e+02
-8.178011042582059531e+01
-1.470690231082582216e+02
-1.219104511207428061e+02
-7.064599930143103279e+01
-1.701231961748142680e+02
-2.189183418223796025e+02
-6.080557621422343573e+00
-9.205678719222231621e+01
-1.067668917652430878e+02
-7.620432561275400474e+01
-1.033607550822886054e+02
-9.509466214794188943e+01
-4.274699070083521946e+01
-1.039890847303986732e+01
-1.109910330542903409e+02
-4.061315077499463655e+01
-8.277822257386371518e+01
-2.802187446019381127e+02
-7.597130309592203901e+01
-4.880982337115379721e+01
-9.303812924788654470e+01
-2.359418167536974522e+02
-1.653633763588752572e+02
-4.025549056183345442e+01
-7.009152897716273856e+01
-1.326235929202287593e+02
-8.306029947909266298e+00
-6.715522161583153604e+01
-6.068079930202405592e+01
-2.530085758071485031e+02
-1.609015955020717286e+02
-7.744153918223669564e+01
-1.405887923206623782e+02
-4.569907269849346676e+01
-8.567565263906902828e+01
-5.960904773325424344e+00
-7.050492759936568632e+01
-6.283296416434513532e+01
-6.207234620747335185e+01
-1.215010745063172521e+02
-1.034545538713601900e+02
-1.123287660699963340e+02
-7.390638172692482044e+01
-6.037300150116899999e+01
-7.278464009117261924e+01
-9.404224656398757531e+01
-1.303364317275047313e+02
-1.715707880962364129e+02
-1.100595637028782789e+02
3.406985078648233412e+00
-6.437066565995664291e+00
-1.586222948824509160e+01
-2.021215036864434751e+02
-1.205843552469400493e+01
-9.783102101025492914e+01
-1.057637012536218606e+02
-6.225084260277390058e+01
-2.660242624793264099e+01
-4.830259828667242061e+01
-5.376474622839134554e+01
-4.156687619068559059e+01
-9.699005234167894685e+01
-1.440121930575712383e+02
-3.991694726824260897e+01
-1.114093880975199795e+02
-6.889988247748016192e+01
-1.218246084228180734e+02
-9.851700023999612199e+00
-6.928972908056813651e+01
-1.628365625831632428e+02
-1.770243070735079982e+02
-8.120142581509517754e+01
-4.813701663709537115e+01
-1.451417819803507996e+02
-3.321208788480455496e+02
-1.271201861350376845e+02
-2.147718250627821135e+02
-6.063697130041829553e+01
-9.056433471576367822e+01
-5.811350894504841591e+01
-8.153691719424310236e+01
-1.157882377538973913e+02
-5.877565894802249602e+01
-8.286079787123702545e+01
-2.244555481298935433e+02
-7.037928073635363546e+01
-9.537582394970827693e+01
1.438816977133322439e+01
-6.749285326253215089e+01
-2.790773627313261329e+01
-6.804166818730773514e+01
-4.647196823598402204e+01
-1.724512150537871662e+02
-2.496945075159517557e+01
-8.791422860128710681e+01
-1.674264019945728137e+02
-2.041915743812591018e+02
-2.130077066785466968e+02
-8.266197170781012460e+00
-1.117430551144297795e+02
-5.691198408470410186e+01
-2.203567894283155510e+02
-4.284259753974696139e+01
-1.094510486088212957e+02
-1.234069907112908453e+02
-1.868633874070081902e+02
-1.098855756322335395e+02
-5.202570416484100235e+01
-1.682548554754243924e+02
-1.078761254670518923e+02
-2.245015388024714866e+02
-4.294016848187567348e+01
-8.757123038423259231e+01
-4.887985252851761686e+01
-4.039608874637362135e+01
-1.364569931407615400e+02
-6.879919957071669501e+01
2.863451964333626165e+01
-3.439140196316976983e+01
-2.100852651827622424e+02
-2.542036365679101095e+01
-2.356218281771866714e+02
-5.469749020639482495e+01
-6.966681268492129675e+01
-9.602269765574330052e+01
-5.673112776638694754e+01
-3.345983343264185805e+01
-5.748717335389635963e+01
-6.599927090715556233e+01
-1.201325223439800709e+02
-4.370955493363950239e+01
-7.266760477152580222e+01
-4.630480107342923191e+01
-5.194119817034281539e+01
-2.628717266975813516e+01
-9.015730349989317460e+01
-1.162052437189544207e+02
-8.943143576086308144e+01
-5.016073798107098014e+01
-5.535163517203753258e+01
-1.369120479939425650e+02
3.636296997843393797e+01
-1.002724992895755918e+02
-1.448766485843724752e+02
-7.995787316183958637e+01
-7.247055680788264453e+01
-1.119492092018405032e+02
-1.216985600583756479e+02
-1.315515709586144908e+02
-1.968786086855139104e+02
-5.845786767517039095e+01
-1.267102242759161612e+02
-1.941176251824631720e+02
-1.062107008348032338e+02
-7.302289604879604212e+01
-2.754225808391694272e+02
-6.352482674045049293e+00
2.766964446385262022e+01
-4.755584059373434513e+01
-8.995650835441817605e+01
-8.108515326105802501e+01
-6.854502815146689443e+01
-7.585862060214130054e+01
-1.087793622906640962e+02
-8.475721345356788561e+01
-8.190857124825751612e+01
-6.625686190180377366e+01
-7.116313983674386634e+01
2.148001712918480166e+01
-4.119503054020880484e+01
-9.035731841098812822e+01
-8.617354270546908879e+01
-1.292876729008596612e+02
1.573126276172708060e+01
-3.667842314865625042e+01
-7.566211432491778055e+01
-1.051558679571222825e+02
-7.478593547502310912e+01
-8.984992198429226562e+01
-3.930549508606219433e+01
-7.639994333413244476e+01
-6.692796263364712672e+01
-1.787673708389150988e+02
-7.535110139259097650e+01
-5.138762127373593103e+01
-5.124444112017576458e+01
-3.023049858471951268e+01
-6.409506287202884778e+01
-1.184919215812890059e+01
-8.763460321491649552e+01
-9.198731853234369282e+01
-1.848875688969142175e+02
-6.483152718966317707e+01
-1.492891152259478531e+02
-4.467079411857656623e+01
-4.742134692983856326e+01
-2.402148968715708577e+01
-5.943599834091260448e+01
-7.725416946374636495e+00
-5.929802110679941052e+01
-1.370158040907691941e+02
-5.624819150360996645e+01
-5.514862807369806319e+01
-1.393274614698663925e+02
-1.277082055847177173e+02
-1.237373437518087371e+01
-8.035465603348717423e+01
-1.131708313882752890e+02
-4.067853691267053762e+01
-3.470588847452752645e+01
-1.067022548700165885e+01
-1.060074881164722314e+02
-8.478206322693360164e+01
-1.172653877175639963e+02
-1.656204001393874137e+02
-3.557044539296357755e+01
-9.892570283417616395e+01
-2.355021772220059120e+02
-1.637016068294761908e+02
-1.403820786604369175e+01
-1.380949912265205057e+02
-6.060074870416122650e+01
-1.479574306636482675e+02
-1.167887437166464650e+02
-8.788301074229707410e+01
7.420373534066726506e-01
-2.398097561226166476e+02
-1.815882635463890438e+02
-7.818846688717172810e+01
-7.284595635850641315e+01
-7.672814174700241097e+01
-7.848745061240613552e+01
-6.166831809599294445e+01
-2.788018246579703430e+01
-8.416861864726641329e+01
-6.332051776842714474e+01
-8.291390113051498645e+01
-1.041734416170201598e+02
-5.522132712637329632e+01
-7.804585887486973661e+01
-5.721320377669228208e+01
-1.138119753705865236e+02
-7.867729649995709451e+01
-2.177310653286147613e+02
-2.001403496436575438e+02
-4.082146811190241920e+01
1.747322692284225809e+01
-1.135086644775389857e+02
-6.584294319535246132e+01
8.036408565634232559e+00
-8.530248530145216534e+01
-5.821375794738643350e+01
-6.266141879444079166e+01
-4.626488185278384435e+01
-9.506901529399158335e+01
-1.192900972704125167e+02
-1.509023277101468068e+02
-5.298717606545224612e+01
-9.999326345046347342e+01
-1.753144381325753329e+02
-1.173505963840096342e+02
-1.271252183735509789e+01
-3.214526438409161813e+01
-6.086919909963215503e+01
-5.931586235990856437e+01
-6.813508594904263305e+01
-4.353387137148438057e+01
7.066375807797442121e+00
-2.963849585026513012e+01
-5.657351829521627451e+01
-5.989981078602088616e+01
-6.931219319743237861e+01
-6.283040311437908088e+01
3.379327721262370687e-02
-2.279856548252969617e+01
-8.803453078044765334e+01
-7.255567472179859578e+01
-3.446725094171503088e+02
-3.368590706796629775e+01
-7.895700477575955745e+01
-3.794933185602884862e+01
-1.171389339506128380e+02
-3.361833787228653136e+01
-1.429287278047348764e+02
-8.722764578256283130e+01
-7.216048544236423368e+01
-3.552614014083629002e+01
-8.053176793054069549e+01
-2.090741309261196079e+01
-9.672500993929277513e+01
-4.603400692077573808e+01
-8.368777366206461465e+01
-9.389700211130097784e+01
-6.634664154517084000e+01
-7.615999070226833112e+01
-7.663671777560666953e+01
-7.920470460813336899e+01
-1.037405056113623090e+02
-1.929958037079786095e+02
-5.320052871462327460e+01
-7.163095195067576526e+01
-1.841338181097034408e+02
-7.857777261634979027e+01
-1.411222233626327807e+02
-9.452237813416655854e+01
-1.092081380309733731e+02
-6.082404721332333963e+01
-4.183234224366898957e+01
-1.095959021888781990e+02
-4.482808446358380650e+01
-1.057316104131462851e+02
1.382495375846056618e+01
-4.483351078558265357e+01
-1.175995734722536383e+02
-1.862593963193158970e+02
-1.538838687490045629e+02
-6.062046600170633326e+01
-1.126525963932227512e+02
-6.893656376477119352e+01
-1.544617631701414666e+02
-6.068508785573477127e+01
3.180180642957785153e+01
-9.420565664156711705e+01
-8.994512755751418354e+01
-5.367002278754911515e+01
1.241554258901277308e+01
-2.657249807183487178e+01
-6.303322267279130386e+01
-5.270226889120483804e+01
-3.865454732776773028e+01
-1.115357542429576654e+01
-2.204999543599468836e+01
-7.587825707171150214e+01
5.969614165567094233e-01
-8.191678040449339449e+01
-4.313462622001665636e+01
-6.659656593985474160e+01
-1.328398090858424894e+02
-2.277125486292736980e+02
-5.150595764475855276e+01
-3.183900920244055044e+01
-4.830350093127079703e+01
-1.401202671530959378e+02
-4.090196559864945414e+01
-4.636559053321271051e+01
-6.424045528670828276e+01
-3.944717595328323512e+01
-4.721898755545541349e+01
-1.243167391414195322e+02
-5.519047244883586245e+01
4.961106402747887500e+00
-1.929707515537965321e+02
-5.539229964510737148e+01
-8.939728074776644462e+01
-1.297982172579895348e+02
-2.603433874586561956e+02
-5.562107276251174426e+01
-1.041703742815209353e+02
-4.966551811000137207e+01
-8.838614259399759021e+01
-1.321047564918627586e+02
-3.935546701241190704e+01
-4.883192132464148472e+01
-2.151900039661248343e+01
-8.175523982471426621e+01
-1.312579753304235908e+02
-1.247975701341019317e+01
-5.982514931327299479e+01
-5.248791095027763021e+01
-6.773399585235955556e+01
-1.330529533995360225e+02
-6.106194293012509178e+01
-5.751327279594704578e+01
-1.418844482938974352e+02
-1.344321201247582565e+01
-9.674604562748477576e+01
7.146879586479442992e+00
-2.191606939051490599e+01
-1.143638644350327809e+02
-2.645951147240242562e+01
-5.792237795336109940e+01
-3.156340967453921564e+01
-1.653789616605780566e+02
-3.657885166653883147e+01
-6.242679373349174909e+01
-2.973610385773341136e+01
-7.477633976496882440e+01
-1.711620552271029965e+02
-6.373133352457312384e+01
-5.208799778682771375e+01
-7.412354533943002366e+01
-4.604341559881491719e+01
4.290505659825797125e+00
-1.199616919581748675e+01
-6.597698679495269403e+01
-1.758824913664035421e+02
-7.039850445346341701e+01
-6.407493745987777345e+01
-2.743632939684769667e+02
-1.661845724148072918e+02
-3.417526730542552116e+01
-6.387832008209818468e+01
7.862598145560312446e+00
-2.062341330583981289e+02
-1.041821649689235301e+02
-6.976725844918576058e+01
-1.948596282127456334e+02
-1.666994068253187038e+02
-3.463825441203226774e+00
-4.756890058962591894e+01
-4.060866606501592457e+01
-3.049680066573732518e+01
-4.116616326687042715e+01
-4.639115967256472572e+00
-8.908556451144271193e+01
-1.791716103764387924e+01
-1.840138532567052039e+02
-3.651275630090131585e+01
-1.310195768053522443e+02
-2.029021035737724787e+02
-6.158309897453292336e+01
-5.368069095334583807e+01
-1.548513437426232713e+02
-5.999373922110521562e+00
-8.955364879935348199e+01
-3.921793580508783350e+01
-4.987183067796446778e+01
-2.025214719383407669e+01
-8.296074410601491422e+00
-4.984881452222860077e+01
-1.314226699653074206e+02
-1.298449762499862743e+02
-2.207460546290646164e+01
-6.859458740642968166e+01
-1.641612480826701699e+02
-3.219160260700974163e+01
-2.779498660257634413e+01
-5.989090745359085588e+01
-4.035970076206521640e+01
-1.402351124045044060e+02
-9.028493484734217134e+01
-1.549545604802179923e+02
-1.373249388380889968e+01
-1.278891866826184867e+02
-3.282813459548023616e+01
-1.649405476594033644e+02
-6.859481590709638965e+01
-4.655712032480636964e+01
-1.844170147038131802e+01
-1.492295057234864828e+02
-7.564634932852578686e+01
-6.746629218434387099e+01
-4.512085375359032469e+01
-1.015772135259898050e+02
-4.799097942686088913e+01
4.405991358962921822e+00
-1.831261431824701447e+02
-5.054387199665507069e+01
1.155342933942007733e+01
-8.416490478772416850e+00
-5.043912431812231034e+01
-7.177572794936645550e+01
-2.995227530681439987e+01
8.426267419820334226e+00
-1.304233205362427839e+01
-1.019038848369925745e+02
-6.610023322547569080e+01
1.071428677288582776e+01
-4.173431346451329205e+01
-1.616812733774257822e+02
-2.960610704799033499e+01
-2.990531888389774906e+01
-5.476633107924131139e+01
-8.964508679373096811e+01
-3.166560337063283725e+01
-3.951590578450709756e+01
-6.975363387000223270e+01
-1.099736245047323138e+02
-1.348064173122954230e+02
-9.918658433809417829e+01
-1.157155984750907862e+02
-6.468939343114178087e+01
-2.367638399737467125e+01
-4.276718741703788851e+01
-1.178839507960641697e+01
-6.951856281052398856e+01
-2.017811145057856947e+01
-9.853951099256967439e+01
-5.516246120597244840e+01
-2.762983727712372684e+01
-3.991175223833784003e+01
-8.827012748800947861e+01
-5.373666384165275645e+01
-3.340067808531506444e+01
-4.193994074326433008e+01
-2.109308497493233858e+01
-2.152717794362288259e+02
3.909433101809963773e+01
-3.799184571135455712e+01
-7.114031701816873010e+01
-9.246896612367697799e+01
-4.885452914459246188e+01
-1.218652178162017634e+02
-1.616094452730692694e+02
-6.798910150736378455e+01
-8.337597400234213296e+01
-6.237903998339618283e+00
-4.094840963508694642e+01
-1.688410846613847127e+01
-3.737546822362169507e+01
-6.998008799185396356e+01
-3.972374334151822950e+00
-3.282852846645273814e+01
-1.358679014375418603e+01
-8.443051919005715433e+01
-7.893960906442764269e+01
-9.078371749154656811e+01
-7.326925688094624434e+01
1.533117917926587381e+01
-9.807797632864051707e+00
-4.485215284707192751e+01
-1.045313993297390454e+02
-1.101672898142425083e+00
-3.613138476463555548e+01
-6.090701796451142513e+01
-2.505585359047857708e+01
-5.083108935786891180e+01
-5.299871799454900412e+01
-1.176728120370133297e+02
-5.706970815593343360e+01
-1.019124747935589994e+02
-1.573047616344279618e+02
-8.512272500681926601e+01
4.664668594885296216e+01
-9.596518826470716590e+01
-3.061083736988403814e+01
-6.652373299625043046e+01
5.537898283701906621e+00
-1.609917841579087394e+01
-1.181375101210409184e+01
-2.135213304376744645e+02
-5.316263629083842090e+01
-6.206247769586494201e+01
-1.525713958476254106e+01
-1.121091375015756171e+02
-5.609409264807902673e+01
-1.715524450062723645e+02
-5.384953265843041947e+01
-3.127554863839291954e+01
-1.301334311101892922e+02
-2.713766132912149942e+01
-2.693014343815242739e+01
-6.002527669932121057e+00
1.160760527036322287e+01
-9.217470735504738855e+01
-3.949766528083533501e+01
-9.014907494957775214e+01
-1.008527687913024096e+02
6.565352415809107356e+01
-2.911303581335918977e+01
-1.360071414259707012e+01
-3.946961554679090511e+01
-3.913944049757700583e+01
-8.671729110096686099e+01
-8.750343228404716456e+00
-2.011724625182165198e+02
-6.178419881849096384e+01
-7.045700210436854150e+01
-1.999638227800288632e+02
-2.562045547448622074e+02
-9.757827257785992003e+01
-7.000655203334341081e+01
-2.824277415486720599e+01
-2.076117328533392481e+02
-7.226340561237674365e+01
-5.669980493943273814e+01
-1.145457626772310533e+02
-1.267213636294459320e+02
-2.552988208295004995e+02
-7.755499821042059239e+01
-1.825784075332651071e+02
-8.228760159595857715e+01
-4.969171505006468692e+01
-7.714019099181534500e+01
5.368644680107991007e+00
-2.984507932555639798e+01
6.474229081657213669e+00
-2.729353682736214637e+01
-1.882006077311394279e+02
2.586215486276590525e+01
-5.189365474105616727e+01
-1.268557683481016340e+01
1.921508727683355744e+01
5.852793457934609478e+00
-1.313463046606744626e+02
-5.214345852620679977e+01
-8.860570083748689285e+01
-1.593681393967035262e+02
-8.633865942172398888e+01
-3.970179791198260943e+01
2.264692319773584472e+01
-2.245245751656193534e+02
-1.350597037709738117e+02
-9.010778014402465885e+01
-8.098017264936410697e+01
-4.602151348381975993e+01
-6.016826355826614048e+01
-2.706827540993766945e+01
-5.055473338253662519e+00
-2.035066372424836345e+00
-2.144274359251957662e+01
3.472890608373130306e+01
-1.344853208303821361e+02
-5.177216139327799738e+01
-6.980565816669729884e+01
-7.547694492903622177e+01
-1.558561265336633994e+01
1.287700001878984324e+01
8.273524215052219688e+00
-1.684037856827606561e+01
-9.577793864351966135e+01
-1.834387602731351024e+02
-1.346294999902320910e+01
-4.581474984861500843e+00
1.942000636445378348e+01
-1.422000061708624230e+01
-1.406868917114203441e+02
-1.781148818840875094e+02
-8.103018239370464926e+01
3.546774105762303009e+01
-1.884666471459740933e+01
-1.956301528327594497e+01
-7.968854128458580988e+01
-8.462347570735411750e+01
6.481802865962316673e+01
-1.828422102493529167e+01
-4.795137537970545338e+01
-9.213623544300162393e+00
-9.068643185317682764e+01
-8.058079273089708749e+01
-1.866084629061737132e+02
-7.290830814344917599e+01
6.412123966174476664e-02
-2.911789528012562300e+01
-1.174435361854534676e+01
-2.528495104433029894e+01
-8.648819633113988914e+01
-2.928489084365584176e+02
-1.694606951262394432e+02
-7.946026117330774241e+01
-5.550048355108744147e+01
-7.662254716509966102e+01
-6.572210145774033663e+01
-3.887494327190157151e+01
-4.402868607721648431e+01
-1.875779627170780941e+02
-1.012001426651952727e+02
-1.998206383074997916e+01
-2.253193655802360240e+02
-1.954767225628216920e+02
-3.342995727402532680e+01
-1.633799764535369548e+01
-3.945237553088219329e+01
-4.108201247932203160e+01
-1.788985674690296435e+01
1.173654938368304101e+01
-6.368314810969843620e+01
3.569570698517978258e+01
-1.964271387385132357e+02
-3.345043946909474641e+01
-2.782511978237496919e+01
-1.606346561086468228e+01
-1.135295745451801253e+02
-2.834915560160401071e+01
1.536210427578765803e+00
-1.276573430801093423e+01
-2.005893020023637519e+01
-1.280046470412617623e+02
-1.132484962973000648e+02
2.740827865866183544e+01
3.112991411840798150e+01
-1.675203425877239738e+02
-5.438718161055632550e+01
-4.520866386576402363e+01
-1.017981304983952668e+02
-1.000147108224771699e+02
-6.984313737646365894e+01
-1.376468080130912597e+02
-1.165684580583792638e+02
-5.600191409639950280e+01
-8.413659170036598312e+01
-7.859709035369712637e+01
-7.926637165055042544e+01
-1.037072601082132621e+02
-5.900904493969960640e+00
-4.828419616178837259e+01
-1.007292407740575868e+02
-5.071629540220419585e+01
-3.526806324373353618e+00
-2.545320047690831586e+02
-1.833794249357632111e+02
1.490724530548567373e+01
-5.651196677116948308e+01
1.209972704960658518e+01
-4.521605448644351810e+01
-3.915208002302473744e+01
-2.038103279662566933e+02
-9.136254683100565899e+01
-2.599247481049964392e+01
-6.484251019196641153e+01
2.442376928861821384e+01
-6.587758816499808745e+01
-4.063451045391339278e+01
-1.136787648054063027e+02
5.161977455505180501e+01
3.819108197213049039e+01
-1.276563640569769120e+01
-9.361707526111047173e-01
-1.581143964121373813e+02
-1.387182154162308336e+02
-7.993592283050134029e+00
-5.251064279369986565e+01
2.084418464874752885e+01
-2.002858641730144029e+01
1.826584212078734026e+01
-4.856163118068971585e+01
-2.462039071380579003e+01
-1.084260743476850877e+02
-1.064983908592798940e+02
-7.961987097356060872e+01
-4.208673353235625569e+01
1.813022165652776607e+01
-1.570233929372556076e+02
2.316727383251190986e+00
2.779982056273460955e+01
-5.301135744872539135e+01
3.569256796749755267e+00
-1.114226811367578023e+02
-9.949865386554125735e+01
-7.950495017427098787e+01
2.813226464592858633e+01
-1.149795489632738139e+02
-4.252380083817799061e+01
-5.409719528283508794e+01
-1.042377009580985714e+01
-2.613859355057519451e+02
-1.699441890351900497e+01
-7.452576775453181313e+00
-5.814458647822581838e+01
-1.715858589570603385e+02
-3.307789063183997769e+01
-9.287624965872142369e+00
-5.218113947079861248e+01
-2.971555417534521837e+01
-1.832330632972568196e+02
1.085018024499093769e+01
-1.247627970933574773e+02
-5.721935936243539800e+01
-6.521141886213510475e+01
3.043088986409705399e+01
-2.065994101652513848e+01
-1.934613032953871539e+02
-8.864680664520192011e+01
3.567960893467461148e+01
-7.276203336621001938e+01
-1.191803894498568184e+01
-1.175464650870637655e+02
-1.155606357168470453e+02
-8.715407642156127110e+01
5.921232980864289175e+00
-3.868952895114799162e+01
-9.422707839702947297e+01
-5.561002367535628821e+01
-5.096646020681170342e+01
-5.643138064670783649e+01
5.402426972780816072e+00
-1.118230709226446891e+02
-5.875304883399138589e+00
-6.344897287503738426e+01
-5.092269901487760819e+01
-3.814540983719084011e+01
-3.577553627687792925e+01
-1.604257053412665073e+02
-4.422393786874666688e+01
-9.595102859135189988e+01
-2.136276051035457613e+01
-5.569206902488480182e+01
-7.650421381619992189e+00
-6.986525694857918722e+01
3.154542506655354472e+01
-3.224714690486962354e+00
1.996724937092852770e+01
-6.903750508164259259e+01
-1.426231184178378442e+01
-3.678687720870259170e+01
-1.054622063502755651e+02
-1.435948701451610532e+01
4.671125624798690978e+01
-1.132164761946798421e+02
-3.251284147205400643e+01
-6.219854894676562651e+01
-1.155843868369431533e+02
4.261103736202812797e+00
-3.105046986795228747e+01
-1.835355919806734448e+01
-2.951414579740205113e+01
-1.640906646289978426e+02
-5.210064207991017327e+01
-5.912021716154701068e+01
-6.688881700209704206e+01
1.561606190246052961e+00
-5.985969135127064078e+01
-4.048137490799855698e+01
-8.704562505142273210e+01
6.220373840116195652e-01
-6.784199079233059138e+01
5.930215137978925810e+01
-1.951174496835369609e+01
2.787932058349971953e+01
-1.031024386448125085e+01
-4.147250388046137459e+01
-1.090193360809094258e+02
-4.996082937627235765e+00
-4.485133405848306865e+01
1.818260447231310195e+01
-3.443965781058410869e+01
-2.096004286442617115e+01
-5.735012972752699056e+01
5.547472397106391639e+01
-3.948118051971495390e+01
-7.538107118996565248e+01
-3.139532571489719714e+01
-6.462725459512159887e+01
-6.051567869646866882e+01
-1.887221497601001374e+01
-3.575121943897333665e+01
-1.016445675542717879e+02
3.030749023842673751e+00
-4.862260304680069112e+01
-9.503588624898824833e+01
-2.086137722021702245e+01
-3.958590359755739030e+01
-2.257328683654915835e+01
-1.130077668912579725e+01
-4.575293823068277277e+01
-5.871565753232985685e+01
-8.330191968384643530e+01
-6.564373342752261919e+00
-3.030718915238355748e+01
-9.310427341933404932e-01
-1.626666399273819366e+02
-4.781037214662818258e+01
-8.686396027551322163e+01
-1.907798047235306171e+01
-1.278683960589581261e+02
3.331395713556412375e+01
-4.803916441133715409e+01
1.447170971440826293e+00
8.387469909216292763e+00
-7.329529989603641127e+01
-6.485179093589309218e+01
-2.599344557547149748e+01
-6.386795882651863110e+01
4.867867998766806181e+01
-3.544703700267967861e+01
2.164166694327811058e+01
-8.050961990517635058e+00
-6.839244460910040857e+01
-1.959114239271414704e+01
-3.024835716190141000e+01
1.463167997379736107e+01
-3.150930148819099941e-01
-7.188451673835919564e+01
8.310545835592364483e+00
-7.121371573944307443e+01
-2.796944576053903120e+01
6.014989358904838923e+01
-2.494274882529663273e+01
-1.504438857301056487e+02
-1.904392758295431065e+01
-2.615281278146916577e+01
-1.607704125776541559e+01
6.161892146453291730e+01
5.942251032345453154e+00
-4.844654197412828012e+01
8.140381833223936781e+01
-4.068902177540194032e+01
1.772623625332811059e+01
-2.830392860663556576e+01
7.542438233093886168e+00
-1.767275114269109508e+02
-3.320486020513671122e+01
6.032681065272795351e+00
-3.960447470749964793e+01
-7.744765784290351007e+00
-3.616134991210205385e+01
-3.379491746233769334e+01
-9.936558830321686742e+00
-1.293129119726197018e+01
-1.276418202192943312e+02
-9.358912976009953866e+01
-1.082608687212055969e+02
2.456446517472869573e+01
-4.310146112303303312e+01
-4.418998706885481909e+01
-4.995047453504876955e+01
8.146078015480142653e+00
-4.657047685403369996e+01
-1.134185059888833393e+02
-2.162324665077938448e+02
1.390989643926467068e+01
-1.179675032046670964e+02
-7.625190965414243749e+01
-5.252080277418829724e+01
-3.511326019957805578e+00
-1.071821820660947822e+01
-3.559122080965001089e+01
8.781361139830181628e+00
-2.570422700728855148e+01
-1.116699077173285559e+01
1.425819413042842143e+01
-2.167458696290296416e+01
-1.625860989620014152e+01
2.392323082184572414e+01
-3.357675407702413395e+01
5.833152384982234651e+01
-4.384249334690612443e+01
5.900919138044560697e+01
-2.877038385334265058e+01
-9.566214436421003597e+01
-3.264167971403313686e+02
1.703048299197098459e+01
-1.313131972209187950e+02
8.540266800560460947e-01
-1.635226268014163509e+02
-2.189533308766398250e+02
-1.136132582240095559e+02
-4.728539962018033549e+01
-4.081584348463763945e+01
1.258740806733408135e+01
-2.946531738312688731e+01
-9.419037970401106463e+00
1.328544303228984802e+01
-3.908439327733708524e+01
2.410320106650266325e+01
3.045709953254834090e+01
-9.884046593803319070e+00
-2.524859362955514541e+02
-2.298539840990034122e+01
-5.427374258635479976e+01
-4.982217234538588002e+01
-3.767618619724125040e+01
-4.961041974281008038e+01
-8.178613200720668885e+01
-2.544837475480028388e+01
1.092042583145342860e-01
-3.358960055153445978e+00
-5.518333479042983925e+01
-2.037021496685109412e+01
-1.044665939523178224e+02
-2.153031883804912354e+02
-8.119792171998604147e+01
-1.539544878099941627e+02
-3.786367123418983738e+01
6.396170542593268493e+01
-7.478041846801232850e+01
-8.790086972671655019e+01
-2.389000563192856816e+02
-2.486323483324443373e+01
2.273261219378788667e+01
-5.683072836986737286e+01
-4.464355828852768582e+01
-6.516239956627083529e+01
4.028618290671479940e+01
4.341321813989338807e+00
-2.005434382179048214e+01
-3.230495849196465485e+01
-1.411703139153890163e+02
-9.211247911584648307e+01
-6.059225481950866765e+01
-3.251442442302419522e+00
-1.060586172322720699e+01
1.260466070229247748e+01
-3.111484029481711389e+01
-4.161143254467410735e+00
-1.435648200550669742e+02
-2.224565896134711807e+02
-1.186490404192444856e+02
-6.538869235947731795e+01
-1.484837090386390912e+01
2.376215390008627537e+01
-1.002240007294714559e+02
-5.772687588156713900e+01
4.290907206176467703e+00
-8.317990268113106822e-01
-4.741787925732251097e+01
-2.165804508766206595e+02
-6.366190099361359955e+01
-5.816029702413482738e+01
-1.367351782616710238e+02
-6.045769522579850275e+01
-5.982314628928885014e+01
-1.054850165140380085e+02
1.271272826204585726e+01
1.029845697142962990e+01
-1.056932531745173094e+02
-4.278926150440887000e+01
-2.313300337703502407e+01
-2.512397165771003245e+02
-5.103409426164048135e+00
1.166377859183514865e+01
4.918528111622157439e+01
1.023731714248748403e+01
2.573144426840761412e+01
-1.054315182551548986e+02
1.664769339517942726e+01
5.417077922117433531e+01
-1.751826733752766074e+01
-1.444417054907018212e+02
3.380619984573283432e+01
-1.047007632322853823e+02
-1.178005396639187268e+02
-2.111811580853164116e+01
-2.198641088347400796e+01
-7.967613513151503923e+01
8.396905279281365608e+01
1.067275486283428521e+01
-1.144847178271863868e+02
2.776267824958629404e+01
-2.328872946489567539e+02
-6.872438414955804831e+01
1.641896231686848751e+01
4.345519243265275833e+01
5.799738813420793093e+01
1.111760220374165442e+01
-2.266002970079513545e+01
-5.376971356277030623e+01
6.595311818391274983e+01
-2.926271869514876300e+01
-1.059879273655472360e+02
-2.063226139433557194e+02
1.240736863584167793e+01
-1.173502097594200109e+02
-1.065181643135958609e+02
-5.170967224918797456e+00
-1.247067288314468385e+02
-1.365563895342707781e+02
-7.796644095843107891e+01
-6.077876805215339573e+01
-2.897315711518511705e+01
1.181203562106038873e+01
-5.294218285858829631e+01
2.613996363587158100e+01
-8.793287576910144310e+01
-2.765770435497130109e+01
1.802926219485689785e+01
-1.616127894997111980e+01
-2.255413033043398343e+02
-1.320821652339479897e+02
-2.017678323503587023e+01
-4.002045706821776605e+01
-6.128804027645904284e+01
3.729405043166463685e+01
3.987375099644006582e+01
2.164167416107677511e+01
-5.324646351867821181e+01
-7.062312094876287460e+01
7.483708843539187683e+01
-5.698473356008395285e+01
-8.534217044351653669e+01
-1.488131806537782893e+02
-1.391930167873942992e+01
-4.776845297539071566e+01
-2.125004010231629366e+02
-9.521039103795185099e+01
3.770968886196013869e+01
-1.167541320396711626e+02
-6.175528349561982111e+01
-3.439413900248324296e+01
5.376733081518920443e+01
-5.760737228330268778e+01
-1.322981545204448821e+02
-1.383116695146005384e+02
-2.534589485714796808e+01
8.781308604587252375e-01
-1.608808285235942037e+01
6.006972232996693606e+01
6.684379261044450971e+01
-1.567629355159475608e+02
-8.687040937863628187e-01
-9.049213997190915393e+01
-1.077337713459651525e+01
-2.332032544048888667e+01
-1.222574359307193959e+02
2.377621975432245449e+01
-9.061503220786406132e+00
3.669613437573902814e+01
4.792898792393867780e+01
-1.672750446844194130e+02
-1.763481640475470158e+02
-2.450341620073972138e+01
-8.511588797400165163e+00
5.594332392880079396e+01
-1.758045567105617835e+01
-1.097862492124077107e+02
-3.567141075696379460e+01
-2.398712582829040940e+01
-1.312053693104523404e+02
-5.040907321229020965e+01
-1.016873174185271438e+02
1.417078814568108136e+01
-2.055140315014200780e+01
-9.674894537689034735e+01
-8.679055643961675059e-01
-1.898068434529343449e+02
-6.687558980109201912e+01
-3.800833718304225783e+01
-1.823716792787814711e+02
-3.643546587169970508e+01
-1.019134268522221589e+02
-2.139045467188395833e+00
-1.850994734347877113e+02
-6.735174807539208075e+01
9.698522676227346651e+00
6.606639020399117612e+01
-5.715217041438965850e+01
6.039726057844432461e+01
-9.064174639675684375e+00
-4.002571000760895004e+01
-7.484270053730482175e+01
2.624678353949039433e+01
-6.047001233876678583e+01
-5.075419744981152093e+01
-6.138487813783488178e+01
-1.580886269504432562e+00
-1.729878359386854072e+02
-2.973622183139788433e+01
-1.725425355074237075e+02
-1.251826667826935449e+02
2.059853990380721811e+00
-4.730964557885009469e+01
-8.647106643009431082e+01
-3.043367221335135753e+01
-3.468125313550739008e+01
3.019367670255149960e+01
-2.817901359039705511e+01
3.262979350031591963e+01
3.196946343976532035e+01
2.503491106314494985e+01
-4.010875146553090076e+00
-1.744649383351401184e+01
-3.102394927096337369e+02
-1.122012180567276118e+01
1.946431804150418188e+01
-7.347135064198833554e+00
-3.552034125348811244e+01
-4.066253929729489869e+01
1.478273052744640381e+00
-1.876417481931439397e+02
-4.584465821290635290e+01
-8.318161212357821910e+00
-5.075254186301360448e+01
4.496841318935915410e+01
-2.097685067665914005e+01
-6.095701911734479950e+01
-5.376459011262252830e+01
1.739845077882904434e+01
-2.534058754026405893e+02
3.479777994261276319e+00
3.344928610581203543e+01
-1.431662678371457957e+02
-2.960203618495854130e+02
4.415600683306097096e+01
3.104491945995610536e+01
2.204346247401041126e+01
-1.161883455767704021e+02
4.159693942266119393e+01
-3.327709535293404031e+01
-2.086777565489626340e+01
-1.841764682839131240e+02
7.523703527303851502e+01
1.140287769208065427e+01
-2.400330116096031077e+02
-1.501223749107383298e+01
-9.458056274664198781e+01
6.478529650830346043e+01
2.411761164340454400e+01
-6.292070602202402085e+01
-4.935608703966403255e+01
4.452278649569239377e+01
5.967713925329920954e+01
1.420249339782132125e+01
5.002253789275216178e+01
-2.509571571881572822e+02
-1.315519835367109351e+02
8.235328774174917044e+00
1.210518129647113028e+00
-7.275040062638336735e+01
3.723861535152835245e+01
-4.702321442251083283e+01
1.953095342180340666e+01
-2.255486713764704518e+02
-1.170309239152524441e+02
1.094022068905303513e+00
1.362364265736763969e+01
5.434918204181477108e+01
-5.986556749642608111e+01
1.181161398758890613e+01
-9.343091643266664903e+01
1.182166412200562888e+01
4.565922868477593255e+01
2.797706964961595233e+01
5.674316709078533449e+01
-1.373415160305153506e+02
-8.779952495106897459e+01
-1.238492363210168890e+01
-4.841055211281272364e+01
-1.545515075544716410e+01
-7.459230745554361874e+01
-4.197172728751286286e+01
3.723544611212707878e+01
4.011996613706860160e+01
-3.651713998928089211e+01
2.790185185996934081e+01
-1.293896625637341344e+02
1.339607517143886639e+01
-8.088665019216168162e+01
6.417812499141916760e+01
-1.305959714399195093e+01
3.893685604680012347e+01
-1.486759477096305204e+01
-2.706944892709083206e+01
1.993973495393380801e+01
-2.895298034389794850e+01
-5.745294464512693366e+01
6.475616665387576631e+00
9.174644485757514900e+00
5.778873868016012239e+01
1.709512999385301768e+01
3.666473355620442476e+01
-3.539082630210764080e+01
-1.780630355869963921e+01
-3.750716222246042264e+01
-5.011235487850711934e+01
4.396812731334847513e+00
-4.188126863615273265e+01
1.047894461784092641e+02
-5.830827305072110534e+01
1.560986350724917315e+00
-1.753644541506589860e+01
-3.714079443352562748e+01
8.911907485658657890e+01
-6.645582740983513759e+00
-3.417297254472758539e+01
-4.011054912312950194e+01
2.090794971165854221e+01
2.837412418674745140e+01
6.942871133345121848e+00
-3.110475604259613647e+01
-4.519095141989694753e+01
-2.896196056523777429e+01
-1.856032743677553754e+02
-7.782411499189805681e+00
3.321891351637336243e+01
-4.653026397481819743e+01
-3.054731837969544017e+01
-1.326055169543698753e+01
5.549789221420269314e+01
-3.959637499904175684e+00
1.130087171609666399e+02
4.680115156252315955e+01
4.449850864441401654e+01
-1.297503727596183012e+02
-2.385905534846917320e+01
-6.512996651689009298e+01
-1.954723236873962549e+02
-6.709965958231330774e+01
-3.699221749067561404e+00
-2.808174431833275264e+01
-1.329718201900661256e+00
-1.318007961869608664e+02
-4.064787448223002286e+01
2.634572823280423393e+01
1.874821511840011112e+01
-1.227302489942944135e+02
-2.456231963896873083e+01
8.653723555930739053e+01
7.033938497318823124e+01
7.560799033289285376e+00
-3.731640873579648598e+01
-9.321838380975155047e+00
-6.186732841211281198e+01
1.924756928596996985e+01
7.774147172612941858e+00
-2.200251875195291973e+00
3.937602446555802516e+01
-8.720269353255990552e+01
-1.897716280250982379e+01
-1.120005700040986198e+02
2.522819980067661660e+01
-2.859485097803172948e+00
-3.737500658906526496e+00
4.376263708802699881e+01
-2.133209261676289259e+01
-3.893431136170426043e+01
-9.304801315008030826e+01
-2.282737799200319273e+01
2.722400826707860944e+01
4.732370239890839159e+00
-2.505710432106735652e+01
-2.656983352290115477e+02
-7.696933989508488594e+01
-1.651709134102357268e+01
8.867959782685659320e+00
-2.036855116766026299e+02
-3.958002020533545817e+01
5.047578218901821856e+01
2.914647468726704105e+00
-5.787693324093085323e+01
-3.057831550648755581e+01
-8.242703683066528697e+01
7.343153517218534709e+00
2.756657118944819729e+01
8.197098666338543893e+00
2.919083223721143483e+01
-7.677761334342417854e+01
6.230344545355116992e+01
3.659971978931881154e+01
4.690313987363612114e+01
-9.502324035238552824e+01
-7.428208027306247629e+01
-1.251004722036286410e+01
-8.333795458406827095e+01
-2.063357993978773095e+02
-2.636694318856157793e+01
-5.234715863682794179e+00
-1.625481749037256236e+02
1.739099389610053947e+01
-2.659775791676518963e+01
-3.425464494889327227e+01
-1.846932485234798094e+01
-5.231261599050802147e+01
-2.579084471665737510e+00
-7.658896726422307211e+01
3.098745333691383053e+00
-3.092429411917924043e+01
-4.525407463743934500e+01
-3.056007508859697737e+02
7.028198624575681208e+01
-5.765077750135502299e+01
7.263642422578666924e+01
-1.424366336307635095e+01
-6.661457696879789125e+01
6.608328961859001538e+00
-2.157543371622505219e+02
-3.367444250480966161e+01
5.098814501283013101e+01
-2.593539947058050643e+01
-1.358945447822718222e+01
5.128259444487363794e+01
-5.798263709084569939e+01
-4.104623735721703781e+01
-2.542683338355362821e+01
-1.756038621031877085e+02
-4.648656320025305888e+01
4.624767694325569778e+00
1.045694380937435852e+01
6.416969231969201815e+01
5.606508413970824733e+01
1.839317955557200435e+01
-6.407700824543659301e+00
-2.170861702261718307e+01
-3.128555489134680556e+01
3.368575713346498901e+01
6.244568624340639218e+01
-1.760236941764173935e+01
9.754011426053303069e+01
1.177600724955300393e+01
-1.628968138507618164e+02
3.458905495339287484e+01
3.108539143667967508e+01
-2.351553250323943871e+02
7.332150906791198963e+00
5.336714735612028448e+01
1.171643153729610276e+01
1.243784454433451003e+01
5.062961702275748621e+01
-1.646927400101776868e+02
-2.096975408908641612e+02
2.477540195272926837e+01
4.010147316933881712e+01
7.480095542453000235e-01
-8.635239976031732567e+01
-9.069450036727215547e+01
-2.531539677858084758e+01
-6.511719356973375739e+01
6.713177833486898294e+01
5.300312715961283061e+00
-3.976455563506556246e+01
-2.428075775065369157e+01
2.126605003029594343e+01
-1.612662003032568236e+00
6.412926710511038664e+01
-1.375316343836592523e+02
3.311230528417343066e+01
-8.732368627749694667e+01
-8.774148446812625934e+01
-4.324799370521560604e+01
-3.436432129972453708e+01
5.808777744106221519e+01
-2.554921467599905327e+01
-1.010370540084249171e+02
3.595130167008818489e+00
-2.327394430564365280e+02
6.243600781082440676e+01
8.660779868874881515e+01
3.229631428799473269e+01
-1.715339288504828801e+02
3.627720879506887997e+01
-2.312926470291768055e+01
-5.590919769730788857e+00
1.193440918062597689e+02
1.779680032021909142e+01
-4.200029131834941154e+01
6.396588971033290250e+01
-4.245467386670523524e+01
-3.394429040770097572e+01
6.317924469375090268e+01
5.265924760642372604e+01
-1.050372737586836536e+01
-3.700396014550749157e+01
-1.309442835523515214e+02
1.698083336551658107e+00
7.974242364457965948e+01
-7.026502242810747134e+01
1.441539227549654356e+01
-3.077686906064347738e+01
-5.632628667554138957e+01
-4.150251469086512657e+00
-1.822557814235923956e+01
8.917560740609502545e-01
3.310341777858607770e+01
1.817636350434065662e+01
-5.440130263495139218e+01
8.083529288052577044e+01
-1.894213787138847920e+02
-1.859440366219949681e+01
-2.041798988263848003e+01
-1.210998823812875571e+02
-2.063193981319438990e+02
2.320495289430238017e+01
-1.157975868285643628e+02
-7.663444879297470536e+00
-1.163570363849278237e+02
-4.710632856674426705e+01
8.400531964411214858e+00
-7.380643840969062808e+01
-2.346215247662456704e+01
8.360619174670549114e+01
9.150822609170263888e+01
-6.039066418167641359e+01
4.926053055315885842e+01
5.060493230860154767e+01
2.631559850260381950e+01
5.668154652850208919e+00
5.125041369597646934e+01
-3.494662751914844989e+00
2.197679379529674293e+00
2.238219027271766493e+01
7.518689946338810159e+01
9.784122622778048139e+01
1.061510610246024271e+02
-1.215044152350969853e+01
5.062799794516629959e+01
8.837894092384681599e+00
-6.459222480077684736e+00
4.876373257312937426e+01
-1.995390136899590061e+01
8.173724514174560341e+01
-1.757254708473927707e+01
8.459339855629949056e+00
-6.946143268075019250e+01
5.102661990699164818e+00
1.042382087252346423e+02
-1.019874849426810215e+01
-1.481755559635423936e+01
-7.188659703401176770e+00
2.812772060652898176e+01
4.505060404538963326e+01
7.432837606402728170e+01
3.148572408247301269e+01
-1.915021918381327737e+01
4.780853519048153544e+01
-8.710111186010885831e+01
-2.130053648782583764e+01
6.296255306744033220e+01
4.234716788244671193e+01
-2.555875764741907119e+01
-4.584385785393615720e+01
5.187839672993627005e+01
-8.791117856951971987e+01
4.985340849305032407e+00
1.290999681823055667e+01
5.150408978326149168e+01
-5.431399261430244962e+01
6.120979184065615897e+01
-1.547961869184334205e+01
-7.254380415742565447e+01
2.427836650300200461e+01
1.448127741225522414e+01
1.326003671216841440e+01
-4.358300282268200476e+01
-9.698173460883737107e+00
-5.267666128379751456e+01
8.624559150803264629e+00
2.611567750998682413e+01
-4.228523164343002350e+00
-5.789453462639040993e+01
2.329693702752197737e+01
-3.807209693347903112e+01
-5.642085430380519995e+01
1.620830850172526993e+01
-1.894078399374334936e+02
-1.594376883888963903e+01
6.198251607738129110e+00
8.454493730218631242e+01
3.026740110852502497e+01
4.926882883751204645e-02
-1.599145730961916456e+01
-1.249573216406280523e+02
1.045921467240378888e+01
-4.100133912097808775e+01
6.131260391305293922e+01
-1.161288965718773625e+01
1.773382080978370823e+01
-6.058225193755727389e+01
3.162399399023578894e+01
-6.981044841953014668e+01
7.254820176536432541e+01
1.190682593457660232e+01
3.559492503955155485e+01
1.105788651529179276e+02
-3.329396673465575418e+01
-3.131441317678137182e+01
5.348590292562742121e+01
-4.853012360500545697e+01
6.614098615997870922e+01
-6.290098515981921423e+01
-4.083257385334877654e+01
1.906004641903751917e+01
7.631972808615174131e+01
5.779087266579393400e+01
1.648347175617965377e+01
-3.218267620647230842e+01
6.594148115540593835e+01
3.718076568188575948e+01
7.992276285384841117e+01
3.329628968579572756e+01
4.617259838777232517e+01
-3.176599651483343223e+00
2.203791660682031406e+01
7.120194185756798788e+01
-9.397313082376967941e-02
-4.180265135659055886e+00
5.045127409451777112e+01
-2.158218148498863798e+01
-1.703910746849450675e+02
-5.432204798491792985e+01
1.536921809480990930e+01
1.103589102137291604e+02
-7.062795753235474194e+01
-1.659312661553497037e+01
1.913910150735915749e+00
-8.992070883226666922e+01
1.072436337946888898e+02
3.017923066836485191e+01
-4.891198115380741740e+01
-1.394560659243873602e+01
-6.866144845199659130e+01
6.480636769610669035e+00
-6.807554597117116657e+01
1.799628084265641803e+01
-5.455013801669112183e+01
6.044599546531335221e+01
-6.847806747864808585e+00
2.290461566835743668e+01
3.184545732280383845e+00
3.078404362678767825e+00
6.039123417263177629e+01
-5.791540927737474931e+01
-6.771884903211297058e+01
-2.070652522280496157e+02
-1.676326703984291555e+01
9.187738006179704087e+01
8.540722138032539590e+01
4.027174090150334962e+01
2.309766174043424769e+01
8.220661669946267125e+00
1.500278958476629043e+01
-2.024916025998280134e+00
-2.106678525551967311e+02
1.266644105725773954e+02
-6.313100760618829099e+01
1.131107325994190660e+01
8.232156596506315793e+01
-5.049633682782375388e+01
-1.888879370209987485e+01
9.582616300601593196e+01
6.174040741465325510e+01
1.320656443258526451e+02
-7.196530362783235546e+00
-5.007626614928966546e+00
9.010620347368318050e+01
9.996910377439391482e+00
-2.099534700069776250e+01
-1.172886031308874522e+01
8.576599251851177996e-01
-6.699148459720373694e+01
5.830130061961262555e+01
-8.679601161242416651e+00
1.288569148121965213e+01
2.157042726672867161e+01
3.702327514658492191e+00
6.058456631342253473e+01
1.051956743555632130e+02
-6.092829220510991206e+01
9.453688614658673828e+00
-1.244125483509162962e+02
1.074211969335323431e+02
-1.977848509007893085e+01
1.022656930878078896e+02
3.903673352375278682e+01
6.338756462040637985e+01
5.290552641406742396e+01
7.217800529414104460e+01
-5.095069594388594680e+01
-2.846334386802827510e+01
-3.515466871498240664e+01
9.963725817585121547e+01
7.479395486027650009e+01
4.008538366296041744e+01
-2.451886000795190057e+01
1.254360671212293710e+01
5.911105083738021904e-01
8.618987987547528462e+01
1.078448255986773887e+02
-6.676329903811895861e+01
-3.607644484178165101e+01
-8.964392795246905621e+01
8.328736399042568905e+00
-1.170770049141017921e+01
-5.759475259608461784e+01
4.266780782111041503e+01
2.527590014434525756e+01
-5.635574550356718504e+01
4.876724438595431366e+01
-1.286799554784505517e+01
2.101962496131100622e+01
9.655386053483385922e+01
-1.381489421238103965e+01
-8.463733728057228234e+01
7.251425356865895822e+01
-5.012273718058153804e+00
-8.171209762706473612e+01
9.349433613825996758e+01
4.920341562168530913e+00
3.727927852471879078e+01
-2.669955805104308411e+01
-3.807807450133225302e+01
1.206161211685255807e+00
-2.118238236202759595e+01
-1.997737523953765049e+01
7.465371375770675400e+01
-7.762411311455308294e+01
-9.229355894812016459e+00
-2.205736368892918620e+01
3.553218955690196879e+01
6.159542556061194318e+01
-8.679757264766294611e+00
5.373685304660440920e+00
-7.372138322389616860e+00
2.624852790092473853e+01
-6.746711379974627221e+00
5.403309534355000920e+01
7.091067675485008159e+00
1.576252509176084970e+01
-7.234633553891052316e+01
-6.197432968788815799e+01
1.308030087455914270e+01
-4.554237748451654966e+00
4.670576587717062012e+01
-1.469735064768542543e+00
