-1.079051485591236172e+02
-8.892223055293688105e+01
-1.384997464534598635e+02
-1.337817845301636339e+02
-1.092581480589657019e+02
-5.644234001892782544e+02
-4.227139656141567912e+02
-9.164862353603149359e+01
-1.944840525923704035e+02
-1.451312688257492027e+02
-2.343990910642084771e+02
-3.122544218779307243e+02
-1.231700501418391553e+02
-1.248603160792153659e+02
-1.389641162077947740e+02
-2.882111386585858099e+02
-4.862855794219311178e+02
-5.229275877422467147e+02
-4.244546632150685639e+01
-9.657530070410851408e+01
-3.275646959738131159e+02
-6.527718421553822736e+01
-7.452693164873127785e+01
-3.818884952806188267e+02
-7.609280719263713877e+01
-4.486624130958556975e+02
-2.356746693714910066e+02
-1.438186796936294343e+02
-4.963476698783551910e+02
-4.137769549262907844e+02
-1.096609650946611509e+02
-4.044242623883364445e+02
-1.250459722901218242e+02
-9.763289582725802518e+01
-2.378016077036940601e+02
-5.106098935610461353e+02
-6.218846955571298452e+01
-2.145110429291389664e+02
-1.428514958788761362e+02
-1.389256069084901242e+02
-4.416215689782697496e+02
-2.536810350270945378e+02
-1.178427320666393996e+02
-1.225617938986952709e+02
-2.824785505425637666e+02
-7.277673035124320222e+01
-6.375946814444694155e+01
-3.823384635604062964e+02
-8.550560902244998829e+01
-9.382286355807593736e+01
-2.812727247292078800e+02
-1.371943927011652704e+02
-4.644798311577299614e+02
-1.178219013920034683e+02
-2.168339099924011180e+02
-4.650910186616504234e+02
-7.240695773903198074e+01
-2.968840521521926803e+02
-5.237114657482251232e+02
-2.430631321513134822e+02
-1.129264826736011997e+02
-1.342955995297211871e+02
-8.630141084527745932e+01
-8.934722497567956623e+01
-3.185959930220049614e+02
-1.888040080221417156e+02
-2.712942605223827854e+02
-1.480116998577696563e+02
-2.375716723546272249e+02
-2.929582983574151740e+02
-2.722348920087831061e+02
-3.372378220783636493e+02
-1.536865033472063260e+02
-1.169405943243807258e+02
-1.227832027887650383e+02
-1.673107986057611924e+02
-3.208760480257675454e+02
-1.173056070099288064e+02
-1.934876349493175951e+01
-3.795383790733643536e+02
-1.530968193007554987e+02
-4.099862328922731649e+02
-1.167249328353775581e+02
-6.353736611279978774e+01
-1.364555503211914242e+02
1.036157604328612081e+01
-8.835622925380093307e+01
-5.586721097508242337e+02
-2.305520082783640703e+02
-1.162698999560251281e+02
-1.708583678736433171e+02
-3.899740078744730454e+02
-4.777946815717172058e+02
-1.113515310263436362e+02
-5.339026798087068073e+02
-9.924686185506052993e+01
-3.244841435725985548e+02
-1.112821242622889883e+02
-3.686556108866048476e+02
-2.226647995035198164e+02
-6.836517252165700143e+01
-8.350274486547522201e+01
-1.016042352284502499e+02
-1.162936144216079128e+02
-1.269808769326572246e+02
-2.215515275148067076e+02
-1.893391753041726133e+02
-4.413742242380015455e+02
-1.278703196636923565e+02
-5.720434853073469128e+01
-1.983965849517215645e+02
-7.396282825267132921e+01
-6.234041661386854827e+01
-3.391244627094403086e+01
-8.667407077465779253e+01
-1.210961439025463591e+02
-1.533652736295950376e+02
-2.101406308058113268e+02
-9.071770587766773986e+01
-4.311176233437901715e+02
-1.737247658096321743e+02
-3.660364453266471401e+02
-2.642728056828384524e+02
-2.525444480001276872e+02
-1.007922363986347847e+02
-3.483836357302568558e+02
-4.814776481014868637e+02
-1.227503063973479982e+02
-1.466906317574284344e+02
-1.161137632701824884e+02
-2.347599634734941674e+02
-3.814396494212348898e+01
-9.587064888132299245e+01
-8.126112799454918445e+01
-6.656802082538214904e+01
-1.256941074194920560e+02
-1.290198608191166727e+02
-5.786296805610736271e+01
-3.291815595843218034e+02
-1.454505855673813812e+02
-9.875928706036869187e+01
-1.268221739169415088e+02
-3.323137420737621710e+02
-1.456647724570744913e+02
-8.383795886544262999e+01
-1.124427956379923899e+02
-1.227570616548344162e+02
-9.367708619351867583e+01
-1.929530222807404130e+02
-1.592314586780152297e+02
-1.536352970676891800e+02
-1.829806457851916264e+02
-3.440025681372411555e+02
-1.304820161921769852e+02
-1.784553365229770066e+02
-3.261419414714002869e+02
-1.487435542675694364e+02
-1.096628586634576124e+02
-1.220952921105359792e+02
-1.908929412620683479e+02
-3.725024052190277075e+02
-1.991642679258848716e+02
-1.185407121713118528e+02
-6.135252736971447973e+01
-8.953692778289723719e+01
-1.839292631664328042e+02
-9.725788090767889571e+01
-2.391099400885530315e+02
-7.951131281091817016e+01
-1.554452459528708346e+02
-7.886801640137142044e+01
-6.073394483928802146e+01
-2.101589730139154995e+02
-2.014893688492250021e+02
-1.534924313552954231e+02
-9.326399939929956417e+01
-8.549326130386300804e+01
-5.264459430058362699e+01
-7.233638858031270047e+01
-1.178389655758039396e+02
-8.879359905194624503e+01
-1.339053454588569139e+02
-7.256174212112406963e+01
-1.215700897414223931e+02
6.698541380079262808e+00
-2.495889979261402516e+02
-2.953003326870205001e+02
-2.586937006977028659e+02
-2.720683230817307390e+02
-1.432774970573426856e+02
-2.714868981239087020e+01
-8.471872778823319550e+01
-6.589987423966289271e+01
-2.581210784774660283e+02
-1.659189372865499763e+02
-8.024856896722087640e+01
-6.211778536478741586e+01
-3.030714426511028137e+01
-9.450492169278790300e+01
-1.011532859282661718e+02
-4.184011185497097358e+02
-8.440931646835173296e+01
-1.156129455449929253e+02
-1.877369571090215175e+02
-4.649267910568770503e+02
-4.196972340473239456e+02
-2.214285460944068120e+02
-9.798857456301857383e+01
-1.005674688200818849e+02
-2.276626678160490656e+02
-1.643894284192031705e+02
-1.071461982249325047e+02
-6.309096207352235552e+01
-1.482038777153902629e+02
-1.621090366696616911e+02
-2.259224105252573338e+02
-2.611624008148776284e+02
-2.957059602675650467e+02
-1.816729721127212258e+02
-1.216942248434038731e+01
-8.263340363707932568e+01
-2.144243737583071265e+02
-9.861806452378760923e+01
-2.385168015872279454e+02
-9.400446508662486167e+01
-1.375190770651351215e+02
-1.133008394209351337e+02
-2.620416604925607658e+02
-1.031109299840453417e+02
-1.778117116460682894e+02
-1.184345738867877031e+02
-1.611178381268188105e+02
-1.295720383181476620e+02
-1.150809596844252098e+02
-1.802377297876583953e+02
-1.714957441580154409e+02
-7.834143534551324706e+01
-1.195857461297759841e+02
-1.135917876635320454e+02
-3.726609053088549217e+02
-1.962465272812387980e+02
-1.697816286774055925e+02
-1.565076342855274163e+02
-3.508380983293134250e+02
-9.688410959796708255e+01
-1.032289457484743025e+02
-1.687859312969103769e+02
-1.426460433583012275e+02
-1.368322253014697480e+02
-9.621750449050580301e+01
-1.633693645921488269e+02
-2.609445869435252803e+02
-1.611067035288047009e+02
-8.294889934779112650e+01
-5.418591251053376823e+01
-1.792059064700153499e+02
-1.188486541401395868e+02
-1.226548009021060608e+02
-9.887352344017202199e+01
-1.311871986988562639e+02
-3.651619761674903941e+01
-9.162502128213787955e+01
-1.615953188194539223e+02
-1.270020157607094973e+02
-5.495294198677279240e+01
-2.730343462022071890e+02
-1.513702213059890482e+02
-8.520607084818951193e+01
-2.012242229511309120e+02
-1.888212138400933497e+02
-2.018625694962639159e+02
-6.064752910143478459e+01
-1.881472330072518275e+02
-2.906969629033541196e+02
-1.964557589756475409e+02
-7.620041924242754305e+01
-1.049628525608211760e+02
-2.793558313875429349e+02
-1.593122157846468099e+02
-1.279796754590790613e+02
-1.120008064664019969e+02
-1.478059405921870564e+02
-9.347974747598377121e+01
-1.296089472959778277e+02
-1.839640429794448551e+02
-7.546573220876707921e+01
-6.979366199595860110e+01
-1.064233871254891852e+02
-3.207649971584331183e+02
-1.029067614949683076e+02
-1.277483495436167544e+02
-1.013293465716993325e+02
-1.277947518594819627e+02
-7.592182489821809099e+01
-1.763129452543094544e+02
-7.304415332428578722e+01
-1.135486764429137168e+02
-2.363854541868856245e+02
-1.966979248292461762e+02
-2.816707913697675849e+02
-1.196207151361271031e+02
-2.061124509752855829e+02
-1.410245854626443816e+02
-1.187784242778532189e+02
-1.426344887920460280e+02
-1.875005256716613076e+02
-2.213635300400636936e+02
-2.544299643219061409e+02
-1.124758460094513310e+02
-7.442062753545994269e+01
-1.175801465462076862e+02
-1.630791993113620038e+02
-1.089311811928529892e+02
-5.815336198448678573e+01
-2.063684656046321777e+02
-1.267674683237113697e+02
-7.882523908480065700e+01
-1.307563996826840480e+02
-2.880743710551212189e+01
-2.048746083178181721e+02
-1.629505852299687376e+02
-1.263805927984971902e+02
-8.859115229782804590e+01
-1.291306708782041710e+02
-2.540814895538206599e+02
-1.356887906246851117e+02
-2.832247700745870134e+02
-1.137370828514821000e+02
-1.702022980755586730e+02
-1.076400628452188215e+02
-1.301891469597930779e+02
-1.080387878912844855e+02
-1.519879518207619071e+02
-1.424959752087333982e+02
-8.014598712534439073e+01
-2.213878917056240709e+02
9.314388344693287536e+01
-1.598477095610503795e+02
-1.404315955090513341e+02
-1.123311420714105111e+02
-4.247581087909844086e+02
-8.385842060174056201e+01
-1.610149370779094511e+02
-8.002578802963964222e+01
-1.002479358852596647e+02
-7.608338695332720647e+01
-1.040786078341092775e+02
-1.720174195869099663e+02
-3.139087172120412106e+01
-1.145694427625128782e+02
-1.785437229321755126e+02
-1.203253264631853483e+02
-2.930735174834645704e+02
-2.295392195239047339e+02
-9.601167647651928405e+01
-1.531049559359447017e+02
-7.877787736984501521e+01
-1.271267398046018684e+02
-1.319999251173975381e+02
-1.541350294267848540e+02
-4.381526507335173619e+02
-1.038662215199794190e+02
-2.509421312011155862e+02
-1.409027985378100709e+02
-1.226742750344407398e+02
-1.387569556499862529e+02
-8.834257472823992430e+01
-7.178718463540388939e+01
-9.070506663024644922e+01
-8.053964360641765552e+01
-2.305473725928166289e+02
-9.493564911281731611e+01
-6.798313230705346655e+01
-1.460427462136296981e+02
-1.314230100596970772e+02
-8.396824394733687313e+01
-1.170181447343545784e+02
-1.338046968582772820e+02
-8.381317255422703738e+01
-7.833801194746297369e+01
-1.234709616197108772e+02
-1.149920911264198082e+02
-9.914167177935928521e+01
-9.831160257735609775e+01
6.640225574894526517e+01
-9.219072426079492288e+01
-8.967863579418614961e+01
-4.131653867261425717e+01
-8.311272425212894177e+01
-6.182018687634884202e+01
-1.099864664416667495e+02
-1.073189471709630993e+02
-6.415215529553725560e+01
-2.618042540139980474e+02
-1.390461565980697287e+02
-1.183523347296425214e+02
-1.453728937739988680e+02
-2.936900626833717354e+01
1.850461103804526886e+01
-9.458885077127028751e+01
-1.262773756075817175e+02
-1.703710956167464019e+02
-8.704727020799583670e+01
-1.731265781215200832e+02
-1.407965419300961969e+02
-2.590018931276212584e+02
-1.237753806463236970e+02
-2.033510381786974506e+02
-7.295929416231035702e+01
-1.763205094070076768e+02
-1.734763478165421304e+02
-6.776938464320984679e+01
-2.077626513356632927e+02
-8.183142834575502889e+01
-9.057366846405807337e+01
-8.294507418707244994e+01
-1.180649150374914882e+02
-5.842184100644360711e+01
-4.132885702890331459e+01
-7.008975367108767784e+01
-1.045810400878366124e+02
-7.076335556490396073e+01
-2.621055615917609884e+02
-1.230646257221551991e+02
-1.295981560375126378e+02
-8.302895756560162965e+01
-1.539179882473854946e+02
-1.333322881057009113e+02
-1.194173239294406415e+02
-9.202344839671727073e+01
-7.522905429544664457e+01
-1.283590245540978856e+02
-1.873317943716503464e+02
-1.509123535681240185e+02
-1.209341939073536736e+02
-8.542711248230833121e+01
-1.615090263346721713e+02
-9.957678620806470349e+01
-9.926157651288806960e+01
-2.950070716276371741e+01
-1.343696270340009278e+02
-1.058366284765023124e+02
-6.409312299719647399e+01
-1.142288238059685455e+02
-1.543888470944251878e+02
-8.515496109904033517e+01
-6.135693313995386688e+01
-3.249462505119491880e+02
-1.155792291632127586e+02
-4.885529349222679230e+01
-2.235338230159292152e+02
-6.347645645447324370e+01
-3.100943642128868305e+02
-8.887688262613984591e+01
-5.221249531830325452e+01
-3.581969360355240894e+01
-1.233596923018000950e+02
-1.249977991627351486e+02
-1.319223855794518840e+02
-1.382841639559998441e+02
-1.425405426465027858e+02
-8.826602102611211365e+01
-6.858646141556752696e+01
-1.300638707351035919e+02
-1.048536982371773973e+02
-6.700849956787847361e+01
-1.223320095806757877e+02
-9.692286686429309839e+01
-9.698654437820363228e+01
-1.252601417303943663e+02
-7.749339081853484856e+01
-6.133018381881943526e+01
-1.799560647901894868e+02
-6.879796045602000731e+01
-7.609773005159391346e+01
-8.661274344547030068e+01
-1.850018041962024995e+02
-8.735013544550768927e+01
-3.817006455232282747e+01
-8.288599206014237097e+01
-9.145983195059289983e+01
-6.214031407618647052e+01
-7.406227379417944690e+01
-9.695683527844906280e+01
-2.339082489880030096e+02
-6.943900485420429902e+01
-1.521292700835692813e+02
-6.539437669488980021e+01
-3.106091530274997581e+01
-1.873778125739011102e+02
-1.246030806605240286e+02
-1.419903884895109627e+02
-1.242425255956557777e+02
-3.818969349906699051e+01
-2.680798316344757382e+02
-1.109933588462304783e+02
-1.407157074234036713e+02
-1.063568823030772279e+02
-9.184888615202925166e+01
-7.735983824352007332e+01
-5.785014558674153307e+01
-9.134228130520585864e+01
-1.917908730997147302e+02
-4.851332191048284415e+01
-3.924322693886134061e+02
-1.492526914598259395e+02
-6.218764383979952015e+01
-1.495227233220836638e+02
-1.090052327856144245e+02
-1.008748178903908723e+02
-9.438795251192549074e+01
-7.699506623603051025e+01
-1.382284566504602026e+02
-1.368255740263119833e+02
-1.159205614724466074e+02
-6.765150717772618805e+01
-6.966559328870094703e+01
-2.817973793276015613e+02
-8.283196408735902594e+01
-1.133664193255409742e+02
-1.522673863194694945e+02
-2.226597407084113911e+02
-6.597955955890618895e+01
-4.586632289231536674e+01
-1.056255999796150746e+02
-1.575588351986503426e+02
-1.040276616763591733e+02
-1.365467051007923089e+02
-1.798271065487897431e+02
-2.184001124470963191e+02
-4.123134108488869742e+01
-7.826163680186741090e+01
-8.256485988854740299e+01
-1.013245548677568308e+02
-2.422180631289533039e+02
-2.166383195769318490e+02
-8.533239451006194543e+01
-8.195007934319826859e+01
-4.237933239876306857e+01
-1.342340337874128693e+02
-4.467735563101863505e+01
-1.142185657795000395e+02
-1.301153515425213527e+02
-5.658982076878380951e+01
-9.436308315731288587e+01
-1.051511177428412935e+02
-1.007756476658265541e+02
-2.613693400700140614e+02
-1.574281889764196194e+02
-7.032963731742100322e+01
-1.472345890473248460e+02
-8.363658054624698934e+01
-6.891633387604113636e+01
-1.070698389998549374e+02
-5.543519949353120069e+01
-7.795263938006189619e+01
-1.991511509948514060e+02
-2.662335763754055051e+01
-6.788545376282905863e+01
-1.455672526680360193e+02
-1.453199764688415314e+02
-5.790829725617408030e+01
-2.308923709725099798e+02
-2.542149325208698656e+02
-9.423783612870099091e+01
-8.598025293433093452e+01
-1.980979317593168503e+02
-8.701166800321303185e+01
-7.774406658090705946e+01
-1.725435885995590297e+02
-8.683741374855183892e+01
-1.879502593131084325e+02
-5.527320929880693257e+01
-8.624000965245372186e+00
-6.546851437548123442e+01
-7.645350549045110711e+01
-1.082249787618654580e+02
-8.956872150942855626e+01
-6.710042847893663520e+01
-3.254551579606943505e+02
-3.312099043795552689e+01
-8.948028679366383642e+01
-1.268937183805700499e+02
-6.665996065630019984e+01
-7.224153887726811263e+01
-8.553511690346338980e+01
-1.947630090547895918e+02
-1.290285913238280386e+02
-1.029205949791429049e+02
-1.050378362469372320e+02
-1.361113439970547461e+02
-1.475582602373626173e+02
-1.615256516892827108e+02
-1.205024302244430743e+02
-7.303243005115973574e+01
-7.141565509380862409e+01
-2.970807617843797743e+02
-1.744924728839902457e+02
-4.007130880260089612e+01
-4.221039294392588204e+01
-1.238892365335008776e+02
-2.053072027770079444e+02
1.374020644368094679e+01
-1.904083898452743995e+01
-4.724176499933301443e+01
-1.122749311808160542e+02
-2.876173586112249154e+02
-1.057221842557204923e+02
-1.253933873408650044e+02
-4.678736699252281994e+01
-9.800301909795486210e+01
-8.746291708877834026e+01
-2.525471079756246411e+02
-1.485072746032472537e+02
-7.199854327547396338e+01
-7.563642324472567680e+01
-1.012543146846536644e+02
-1.788460340136330728e+02
-7.789571632597370865e+01
-1.029768383880515472e+02
-6.735062361551325694e+01
-6.842709171239533816e+01
-1.126553229713974389e+02
-1.234519323290451922e+02
-1.195846801792778535e+01
-9.822965674863810648e+01
-1.363594291669056133e+02
-3.222936452691192244e+01
-1.382665700240748379e+02
-2.784567186443181868e+02
-1.367923639902808191e+02
-1.468079212772257449e+02
-9.948357342207582121e+01
-1.655210351053183899e+02
-3.737178298072132065e+01
-7.039866106015094260e+01
-9.935560922240871662e+01
-6.948664160577520477e+01
-9.722814834311954257e+01
-1.007918530990284722e+02
-1.309595232287039437e+02
-7.176691098055415807e+01
-5.744505079712895679e+01
-2.549093276309266969e+02
-1.607575093041101013e+02
-1.074422049463069584e+02
-6.362249181561351463e+01
-9.648312429308793980e+01
-2.863255985548852323e+01
-9.376528593690096613e+01
-3.314403556427490116e+01
-1.326631486053260573e+02
-8.746622890103706993e+01
-8.200038604146324417e+01
-2.493121479961738771e+02
-8.419231818153261315e+01
-1.120817518813242799e+02
-1.718154900647243153e+02
-8.825332735306446352e+01
-4.284322442514167051e+00
-6.657555799841343003e+01
-8.952837040888954334e+01
-8.814550188604829373e+01
-9.528897052448959926e+01
-7.886138082224726986e+01
-8.843152295964223697e+01
-8.823871780799558451e+01
-2.658856213043430898e+02
-8.501045980130405155e+01
-5.503406936117624326e+01
-1.063381536404349106e+02
-6.792576969484605343e+01
-5.886887435521391154e+01
-2.620930180220977377e+02
-1.214193645522016567e+02
-5.767946901291023920e+01
-1.070496276277887375e+02
-4.223464489729579441e+01
-2.051444647882771051e+02
-7.523456087759075217e+01
-1.877923745576246688e+02
-5.205342180526245954e+01
-6.565512135314335751e+01
-2.113335222453241329e+02
-2.308510880982039453e+02
-7.757451364886415490e+01
-6.330667857014594091e+01
-5.702013019298044583e+01
-1.393655338375184556e+02
-1.843679881733216064e+02
-1.866768793157785922e+02
-2.892216846122566665e+01
-6.545736470291888054e+01
-6.752268935746178613e+01
-6.009875793249879905e+01
-5.375943665524297899e+01
-1.217614020370773034e+02
-1.208834688259969994e+02
-8.974219741368465009e+01
-1.975447516055713209e+02
-2.008928546687162111e+02
-1.682568991023314027e+02
-2.002832900187964640e+02
-7.692709555299495605e+01
-1.249617541551891549e+02
-2.734490543976535548e+01
-7.742416341484864972e+01
-7.634198740349302170e+01
-8.838682194805173253e+01
-9.530412707417590923e+01
-2.552070935851024558e+02
-8.409138967192285463e+01
-7.831778786472693810e+01
-1.830012931829733702e+01
-4.828065959540863616e+01
-2.293223512901600998e+02
-1.339919715395951698e+02
-2.257847836497125229e+02
-3.750869475486946669e+01
-7.760922145951678885e+01
-7.961215451956772426e+01
-8.867989011867359750e+01
-1.052825846824127183e+02
-2.974668806282768685e+01
-3.987783884481325458e+01
-6.859653740133504130e+01
-7.231213567879072457e+01
-9.827439169266368424e+01
-1.101763450812493517e+02
-6.560109666513424997e+01
-1.327533047183634949e+02
-1.391395701724973151e+02
-5.591424082960593012e+01
-2.954950083776736847e+01
-6.030469075045031246e+01
-8.498462195865054980e+01
-2.153515294660300583e+02
-1.074470151211783957e+02
-3.948810732940332002e+01
-6.328096193925583179e+01
-1.641452023419412285e+02
-5.140244435145549318e+01
-1.483479144129844371e+02
-7.827844611344552561e+01
-7.632244057159908834e+00
-2.049277297288793420e+02
-1.551561196924363912e+02
-8.207891891417688157e+01
-8.968105429107592386e+01
-1.102239412925276270e+02
-5.773527291465853040e+01
-4.261191930111512960e+01
-1.436974173379019817e+02
-5.823936421894239146e+01
-1.001112462548338442e+02
-6.990774155240249854e+01
-1.088192027229767405e+02
-2.568958567659429093e+01
-9.570197590596768578e+01
-7.483569444326187181e+01
-8.962053446219326247e+01
-5.909517539106150252e+01
-7.191793821239303952e+01
-4.117032025184472843e+01
-1.310136175950479753e+01
-6.064938002310028509e+01
-9.537444849814859538e+01
-4.109414391940191535e+00
-1.150566935918399736e+02
-9.566265113394626951e+01
-2.126097970856654911e+02
-4.339942995060184217e+01
-2.664721438592603420e+01
-1.487747533485584199e+02
-4.497372064662096136e+01
-7.987265900692543141e+01
-7.138282303455279987e+01
-7.410335916220418540e+01
-1.820847939351773732e+02
3.293597812469073460e-01
-5.930451833804901440e+01
-7.502657704966506458e+01
-7.167538718240605533e+01
-8.497109824263387168e+01
-9.166629458434567823e+01
-8.729585931454008119e+01
-5.431103642577523516e+01
-5.386915107741117481e+01
-5.301153600987716175e+01
-7.554646137192054312e+01
-1.060270001482966222e+02
-3.163478247781519315e+01
-1.657740210384490638e+02
-5.050801992635513216e+01
-2.282438205438172929e+01
-5.316660079834595365e+01
-1.025090091764728442e+02
-1.967446748912420844e+02
-2.741375403938249633e+00
-1.150758171455338470e+02
-2.282948891942839964e+02
-8.419433737127960171e+00
-2.345990955864268699e+02
-1.761903363096079147e+02
-7.758997497715630232e+01
-7.892831178278335358e+01
-2.322560263660283795e+02
-1.483095160013922396e+02
-1.054297177480930543e+02
-4.199199716821273398e+01
-1.048650637338034528e+02
-5.637879734596801029e+01
-4.321922719403566759e+01
-8.113858596436531911e+01
-1.331611593277504255e+02
-4.944822018789722051e+01
-3.184648886445090454e+01
-1.133476458180405899e+02
-3.453450250003676558e+01
-1.637062915897882931e+02
-8.918021570605131387e+01
-8.652906910730193601e+01
-4.097243743692276752e+01
-4.273507074923204385e+01
-3.468631561852673428e+01
-9.541129935160732600e+01
-1.256525497604613548e+02
-9.083378436685914892e+01
-1.282421017694868794e+02
-5.583067470073876137e+01
-4.292621824090855398e+01
-4.478561443266862341e+01
-3.381795778915498829e+01
-2.675040069814171773e+01
-7.741409753040827013e+01
-7.696538478773749148e+01
-1.647243518078844318e+02
-3.750629622507473471e+01
-7.111931459184550874e+01
-7.145583274020029307e+01
-1.499686698779906919e+02
-5.818550767413873359e+01
-1.088706097885885669e+02
-2.117613944641192347e+02
-5.214041223450200846e+01
-6.826748619144005659e+01
-7.968905180992052806e+01
-1.454659904669218804e+02
-2.350692021938901632e+01
-1.103465519170319737e+02
-4.056747120048534327e+01
-1.260864563244982719e+02
-7.161618432478836382e+01
-1.672519998935071612e+02
-2.223951925430202436e+01
-9.038902053609005804e+01
-5.992183052836203672e+01
-4.810456221541113564e+01
-6.782550162484132272e+01
-4.510695676944752108e+01
-4.607671940829612822e+01
-1.884858924939484268e+02
-2.254392415116138295e+02
-3.542104740831595677e+01
-4.496224042939743981e+01
-5.602633479296908092e+01
-1.316446565829751023e+02
-1.583889989267107694e+02
-2.125693717968308363e+02
-8.042102614715315667e+01
-1.530695526537523961e+02
-6.206670189366993640e+01
-7.089070351354052946e+01
-8.052262937059043679e+01
-4.217499588868918892e+01
-1.462735316183804457e+02
-7.500812912684182265e+01
1.581271222730251225e+00
-5.923922491155569503e+01
-1.629061044347783138e+02
-1.109391515497150920e+02
-1.646060093783987668e+02
-5.867293165626850282e+01
-7.673411368974734614e+01
-1.552851889718647840e+02
-4.895918667863017504e+01
-6.693652382210706264e+01
-5.227492563192451769e+01
-3.418980546787030050e+01
-1.801309670471383129e+02
-6.813399772897223272e+01
-6.578791974736371628e+01
-4.680009198291855910e+01
-5.498973731433657974e+01
-1.047233549034009599e+02
-1.033974888677113171e+02
-9.676881179055634163e+01
-7.777222751248675081e+01
-1.124850181201264832e+01
-5.841142018159442983e+01
-7.695306008099193207e+01
-8.735297636822494383e+01
-8.499974305375511108e+01
-2.772983602383067137e+01
-8.260089900348759784e+01
-3.785894657394250373e+01
-1.239881397408507837e+02
-1.194294498911750964e+02
-1.416273785975269561e+01
-7.087313579492354165e+01
-1.155715258427750598e+02
-9.513833884395569385e+01
-3.508361844891285841e+01
-1.323172396229203684e+01
-8.858769390682448375e+01
-8.210716941448285411e+01
-9.008002491052293692e+01
-1.383072183118428313e+02
-8.278191062868629047e+01
-5.551236769316260933e+01
-5.560334409458028659e+01
-6.473183678716122813e+01
-4.633734235056274997e+01
-3.156434128845940279e+01
-1.718124839166945321e+02
-1.182803538574771949e+02
-8.507343536123264016e+01
-2.365937432136934149e+01
-1.002881880919850204e+02
-1.417662134044550726e+02
-2.086973176729667898e+02
-1.071792154971989675e+02
-7.032349806052607732e+01
-3.387611947887407382e+01
2.273146005504966638e+01
-7.283217029575156687e+01
-1.357421231909043513e+02
-9.801199034002686972e+01
-3.427780956204682639e+01
-7.913062475097090953e+01
-9.030308768305329181e+01
-4.799087076542855357e+01
-1.762563311043486749e+02
-6.689851962223139026e+01
-5.143027647921884693e+01
-3.036946983273411149e+01
-9.329906278590836166e+01
-3.719503818837826259e+01
-6.413005772744924116e+01
-7.169713871850191822e+01
-5.496365614435219271e+01
-8.360510498908158183e+01
-7.969482612434977398e+01
-1.203168667183529550e+02
-6.754845972749156147e+01
2.447056547737843957e+01
-8.208473790950006332e+01
-4.568910602083937533e+01
-9.520419899046825662e+01
-6.271145326252438679e+01
-5.799731962976372301e+01
-3.256314633871399167e+01
-1.026209485026530217e+02
-8.228834873524311888e+01
-5.651865684475049534e+01
-5.766539066180804696e+01
-2.333369799406995924e+02
-7.244531888113303353e+01
-1.217903580267719121e+01
-7.092844385760552939e+01
-1.056893160684830377e+02
-4.565156871448193954e+01
-3.984359577252642737e+01
-6.921816731869893147e+01
-2.341624725989466071e+01
-9.023042961960422303e+01
-6.217236107075670759e+01
-5.406487233411944970e+01
-5.009625229766798782e+01
-6.783097168202608884e+01
-1.503670187178059905e+02
-1.325709597015879240e+02
-1.519092948169112844e+01
-4.412972508462725330e+01
-1.559976702352570044e+01
-2.936671661102471376e+01
-5.209169980326221605e+01
-7.326111799069244057e+01
-5.045730245514131695e+01
-7.206388224947239962e+01
-4.853450604936035262e+01
-2.492265590462932323e+01
-6.805589158466597155e+01
-5.189185100782528792e+01
-9.574107473895459464e+01
-1.965205280537841759e+01
-2.874734443460140199e+01
-9.677556909266407104e+01
2.742810400470142440e+01
-2.397673302819693220e+01
-4.892291199038817240e+01
-2.356943645968685530e+01
-5.980088889160205667e+01
-2.257071384536622816e+01
-1.283057169589574471e+02
-8.844423513224640487e+00
-3.420497534448510635e+01
-1.502100734642428677e+02
-2.999095370133737504e+01
-2.343792060732151015e+02
-5.124889909831722434e+00
-2.368370912580483889e+01
-9.458643695849715982e+00
-1.568969540311175592e+01
-7.787073224076068811e+01
-9.757596235448366428e+01
-1.187812798152590688e+01
-1.484208077809883548e+02
-2.756246230011575449e+01
-4.449590408574287181e+01
-8.033699496687439989e+01
-2.764659057828110633e+01
-8.291650863508458258e+01
-8.194587434953054128e+01
-2.387613254322120326e+01
-9.043700674143961749e+01
-8.631348858217030795e+01
-1.352307969031538164e+02
-5.820223525767232786e+01
-2.981704401572990548e+01
-4.456376008175557502e+01
-2.065621037767505186e+01
-6.258787250290102122e+01
-7.107237764256862533e+01
-6.503071205029553425e+01
-7.413765431488306490e+01
-6.119143880023111137e+01
-1.579398109531978491e+02
-1.347520982943277943e+02
-4.431821736127137967e+01
-2.377632384493777806e+01
-5.198706219461374189e+01
-3.634624125801348100e+02
-2.314225405169992200e+00
-1.997389011520365045e+02
-8.416091439330132573e+01
-6.368665008902274849e+01
-5.726409420970885833e+01
-4.056711455925069743e+01
-1.712356852532911944e+01
-5.281435546619191257e+01
-3.557191613908692318e+01
-8.941573958334885219e+01
-3.159017784071062351e+01
-8.380843034604566810e+01
-1.153452804847999573e+02
-4.186758423133080242e+01
-1.698103952079118528e+01
-2.888162391410088503e+01
-7.464099800761303527e+01
-5.823816986225486403e+01
-7.764018886796385743e+01
-8.461656522972407402e+01
4.554669069780629798e+00
-1.709750141266098922e+01
1.915929813777452750e+00
-3.342550714949419444e+01
-1.318753815187857015e+02
-9.645520870571455418e+01
-9.365601117824780886e+01
-6.051984024868735190e+01
-4.616688247021060931e+01
2.119873478535275524e+01
-2.768281935347692979e+01
-1.908726407747101916e+01
-7.623678476617541833e+01
-3.956867491756590027e+01
1.104763438505867157e+01
-3.772569441600041955e+02
-4.943907740231085768e+01
-1.012897934485256002e+02
-1.887949513885707518e+02
-2.835118448063113306e+01
-3.077523874292786843e+01
-6.698334384884297776e+01
-4.254891054228930614e+01
-7.222104237931361581e+01
-4.701742554352676962e+00
-6.422580992280789758e+01
2.917562663699149539e+01
-6.845239464930580198e+01
-5.754162946450803418e+01
1.017093413871886298e+01
-3.759564519686665562e+01
-9.243194750851378672e+01
-3.948629402980969871e-01
-7.884077729519164279e+01
-4.521278040311031532e+01
-7.904847728778975124e+00
-7.973529660693328935e+01
-9.153659487981705922e+01
-4.210928312971832810e+01
-2.684815045217426643e+01
-6.050942581810200949e+01
-2.376298548745951678e+01
-2.423931706304195188e+01
-8.220281492914284627e+01
-1.300441359232496552e+02
-8.315457300113629913e+01
-4.142132431762412637e+01
4.894502251713603869e+00
2.734940377355606245e+01
-8.431850211950293783e+01
-4.127748670462686675e+01
-1.257045341569709080e+02
-2.106845628936653156e+02
-8.660564248647710883e+01
-3.043719435296296183e+00
4.728616470793014059e+00
-9.159311173300652342e+01
-9.033256164330026650e+00
-1.177753425768938200e+01
-9.191627440090329060e+00
-1.589415273541447959e+00
-5.958998099265181736e+01
-2.807095406158964579e+01
-1.882127478092151023e+02
-5.276221598466976559e+01
-1.174184403570639716e+02
1.951633456131797573e+01
-1.898301779616643614e+01
-3.627592677719964342e+01
-6.560077974084788366e+01
-1.191483903284315602e+02
-2.709546717590226308e+02
-6.425973539644836308e+01
-6.831201413665823452e+01
-5.267707980258644795e+01
-2.731716037953444243e+01
-1.713250158173793238e+02
3.403893385695093343e+01
-2.407851997013483469e+02
-2.017781855638889112e+02
-5.952299437707263507e+01
-1.664205770122484296e+02
4.775871385241734401e+01
-4.141382218337675170e+01
-1.306455884024798308e+02
-3.913009516110008690e+01
1.931817382651495052e+01
7.383455465218489167e+00
-4.463289059219900423e+01
-1.361431616650087619e+02
-1.621895378683166200e+01
-2.052953484520385814e+02
-1.489372858787488951e+01
-9.512214181139960090e+01
-4.190107484467667120e+01
-4.372327429345044152e+02
-3.038067185130627479e+01
-4.215683652378018564e+00
-1.921911532947470391e+01
-6.884037974732359544e+01
-2.485101232981290309e+01
-1.597853070138610576e+02
-1.296076056916153050e+02
-1.627810086152512952e+02
-2.892448095775452543e+01
-1.448579080483973769e+01
-1.831429285206702673e+01
3.261327626023529547e+00
-2.411145195404250217e+02
-2.030132242209523952e+02
-4.401606456550734237e+01
2.200479945640505264e+01
-5.004034707692686368e+01
-1.113466917183547906e+02
-1.397519033760498530e+01
-4.656961956067985398e+01
-4.507203918611109827e+01
-2.252324491908905202e+01
8.737254037032968768e+00
6.083839552529653361e+00
-4.554256988406429230e+01
-1.405958366491290121e+02
-4.464423570669612218e+01
-3.954337519811426205e+02
-4.634094513598128628e+00
-1.268788770417171463e+01
-1.044741073482717724e+02
-4.868794170198383142e+01
-1.654957451116775928e+02
-2.004572056822091781e+02
-3.304103504622688092e+01
2.162810135137024758e+01
-1.240914251128655934e+02
-1.904220396281325520e+02
-1.494320225436665339e+01
-2.389416218574251900e+02
-3.378870833247903249e+01
-2.146131085504792679e+01
-8.294908740843123951e+01
4.234326103350110770e+01
-1.717438824571405007e+02
-5.602945220419815087e+01
-2.255159538814527309e+01
-1.239978069869986257e+02
-4.287507524541333481e+01
-6.231481354122550442e+01
-2.620871112912419676e+02
-8.605283987972555337e+01
-5.028499036928246824e+01
-2.705645540841896945e+02
-3.523165652039430995e+01
-1.289582118534723634e+02
-2.794652832810386656e+01
-2.837345341724414993e+02
-8.438843011958776685e+01
-2.399105698180028696e+02
-6.860344867754035647e+01
1.462660302480662722e+01
-8.027703381836093399e+01
-2.850521186254178474e+01
-1.703417512247442005e+02
-1.385443761604008728e+01
-1.215120058804846792e+02
-9.175299289900034694e+01
-1.239123102220926853e+01
-3.374964641739798026e+02
-1.000045844475199885e+02
-1.405365472211951783e+01
2.472413534001645985e+00
-2.495848724815941182e+02
-5.041017495851585295e+01
-1.485569644709890724e+01
4.834213082824993535e+01
-2.477438863884725890e+02
-1.266959737013461051e+01
1.878979599660069510e+01
-3.642823814996808096e+01
-7.795866942241615050e+01
-1.397813385914760431e+01
-9.921392354373995204e+01
-7.175776159651195485e+01
1.495322509794496568e+01
-1.287039251322295570e+02
-2.853238773220538178e+02
3.388448514320160143e+01
-6.261338817518436883e+01
-1.132569582476736514e+01
-3.675748797081473640e+01
-8.900959330033078487e+00
-1.453373446389006176e+02
-4.787532086546038457e+00
-2.972941564134482917e+01
-9.689990242232440210e+01
1.994000411080719459e+01
-2.718008077586157469e+02
-2.232962738390486379e+01
-1.836965293638932621e+02
-9.179562214718816904e+01
-6.245031116190570231e+01
-4.824636443317675116e+01
-3.122383416912534813e+02
-8.903374296800681975e+01
-9.527246320133997415e+01
-1.091970794434344327e+01
3.163020546943934619e+01
-1.803124387627388785e+02
-3.339956756955400863e+01
-1.207185135158805309e+02
-6.503941688677907962e+01
3.130152446915374753e+00
-3.885888730943896974e+01
-4.373987951087460146e+01
-3.937716933389428391e+02
-1.706106597599674046e+01
-1.316699113805453010e+02
1.008244760101160864e+01
-2.781871708106539245e+02
-1.533264888708637841e+01
-4.766351456499768346e+01
-2.441105179490850219e+02
-1.216851968041469831e+02
-2.149139925329625100e+01
-5.304749890249453870e+01
-6.724061207246620597e+00
-1.499734698380318036e+02
1.304857015970767975e+01
-9.050593931898235667e+01
1.332166673600607965e+01
-3.887286783781748056e+01
1.360903174462396237e+01
-4.231871393374397883e+01
-2.689679433275955489e+01
-6.309336893421521353e+01
-1.345382504557082370e+01
-4.293903595122390016e+01
-4.007013079856554327e+01
-4.696613338748117883e+01
-2.993349370914677365e+01
1.231525849022502506e+01
-6.685113720735795084e+01
-9.084267323509564562e+00
-1.008338133341141827e+02
-1.766828183299264197e+02
-9.206007814641736786e-02
-2.578936490440353779e+00
-2.080249106131967096e+02
-3.724786516890794985e+01
5.640179969744508526e+00
-2.331691646750960842e+02
4.983396262682299493e+01
-3.965366671365470097e+01
-2.390853981951183300e+02
2.054575384784220660e+01
-1.431988000315566865e+02
-1.483606354378517267e+01
-7.003765905201817077e+00
-5.907883615789774723e+01
-1.263751147329399771e+02
-1.740901094265658173e+02
-7.839993263436204529e+01
-3.084779998721762695e+01
-3.744156695949445179e+01
-1.374300280896254947e+02
-6.913988228425317573e+01
-8.614649539975776804e+01
-7.193884541064322491e+01
-4.061777307176788554e+01
-4.045827494433603988e+01
-7.439304623123572924e+01
-7.795117655983275995e+01
-3.893922583469007748e+01
-7.226899269374237633e+01
-2.258694287380242827e+02
-1.729734882554822946e+02
7.649173790747084922e+00
-7.081496448821148704e+01
-1.484310801723659665e+02
2.277953994098254498e+00
7.849128025448073309e+00
-1.046509377905088343e+02
-5.576022881519528518e+00
-9.399607065167589326e+01
-1.564090093436429356e+02
-5.681406692256007318e+01
-4.792348035763087211e+01
-1.114156241579266293e+00
-1.107535797978584924e+01
-2.986274809030183519e+01
2.355710490029291293e+01
-8.398146060666687163e+01
-9.391356386749268381e+01
-4.247519701523589220e+01
-1.299239546433762769e+02
-5.286022252283103740e+01
-4.487662614012769779e+01
-3.699057542923962956e+02
-1.354668686548295398e+01
-9.345943086295790181e+01
-4.035637038367723051e+01
-9.669162385720080977e+01
-3.267451301346457626e+01
-1.948955917775727187e+01
-4.969553639566427705e+00
-3.613900118370466430e+01
-4.312695304290333809e+01
-1.142421589036672600e+02
-3.055483698825611327e+00
-1.066430574747175797e+01
-4.492838122942423240e+01
-8.915507250337483924e+01
-8.945762683732961307e+01
-2.777385054863037794e+01
-1.682376005397608765e+02
-8.763115210830356716e+01
1.002912328566274880e+01
-5.027310986903277978e+01
-2.651677806455892039e+01
2.351635018168200020e+01
-1.213489190826518893e+01
-2.401120027338630507e+02
-5.738432541913655882e+01
-6.009234373753631075e+01
-1.002603523632205338e+02
-1.795277763095254500e+02
-4.447618244696352008e+01
-4.346046590719781477e+01
-8.507342428321815930e+01
-1.512442646445518335e+01
-2.375478312277570581e+01
-3.707769290336287327e+01
-5.607991704217740647e+01
4.043268683155017840e+01
-1.030608889163510042e+02
2.074780133456084741e+01
-5.680425668798419281e+01
-3.794281301217124280e+01
1.812341276365974352e+01
-1.244315628983759154e+02
4.176874233365062850e+01
2.592546181939235339e+01
-8.989295467778298132e+01
-5.369532364347040243e+01
-2.784567620207069183e+01
-2.997811831218655243e-01
-2.279664004743925432e+01
-1.816966428393345723e+02
5.706291242885232151e+01
-5.011169391113298843e+01
-3.256799452751269541e+01
-2.391703715062909907e+01
-4.256025422445449635e+01
-1.801486336917138544e+02
-2.898392441460653401e+01
1.451395397124871067e+01
-6.747381133947510534e+01
-9.078661181861453144e+01
-4.581588689686846010e+02
-2.766295945999858930e+01
-3.173510174147567113e+02
1.419683195303264256e+00
-1.029847306226176329e+01
-1.569661516885119568e+01
-7.270671837461571840e+01
-1.195300387939819018e+02
-1.293216704458615141e-01
-4.171400899273920970e+01
-6.962992257133757334e+01
-1.858159995928312469e+01
-5.880537120562230768e+01
-1.205819226867792793e+01
-7.456059181063821484e+00
-1.767391975158531636e+00
3.418029943299734441e+01
-9.487082670905802217e+01
-3.872133499783282673e+01
-3.404248281536365539e+01
-3.057169540929290008e+01
-3.826133401600060324e-01
3.763546982567476107e+00
1.215922568162091011e+01
-2.746581934201016395e+01
3.826471084535992162e+01
-2.644596104105954737e+02
-3.950050098102701668e+01
1.628580821011122737e+01
3.218314918240288591e+01
-1.679960033879095249e+01
-1.873524042719167824e+02
-7.281648726927591042e+01
2.509873997473070517e+01
4.235722428521111738e+01
-4.627041114593737348e+01
-4.612004722833263770e+01
-3.743160063859853892e+01
-2.499420273761056137e+02
5.008249962960277912e+01
7.424115901824677621e+00
3.035854301431589874e+01
-4.002666055248442945e+01
-1.213602087772441820e+02
-6.017545576587397704e+01
-1.415013981509918040e+02
-5.185253526433960758e+01
-1.178924644603003458e+01
-3.656641494364976097e-02
-4.389710893763513155e+01
-3.289737985054988201e+01
-3.572493254687483955e+01
8.173579219570683563e+00
-1.971126611339370527e+01
-6.829536026578009000e+01
-7.137647611194394415e+01
-4.817616583917043016e+01
-3.447599880473973144e+00
-6.155136771406480989e+01
-9.465594954312422260e+00
-1.036530771986315358e+02
3.697156627079519353e+01
-2.713513584821849633e+01
-1.764512027386072646e+01
-1.216466222594333715e+02
-1.611959217405732261e+02
-1.674730536178972216e+02
-1.083511230427621541e+02
1.050005951075901578e+01
3.851354605816936783e-02
-3.627541016788599393e+01
-1.527220185020125882e+02
-3.585068776208298402e+01
-2.985964801335169341e+02
-3.367006481895948866e+01
-1.424460119784544077e+02
4.060413258358724420e+01
-1.443129200680464521e+02
4.394196246777866577e+00
-8.705015147622037830e+01
3.111437623830465782e+01
-6.169880458905367959e+00
-2.414054118531182382e+02
-1.086457148420437591e+01
-2.465189441002426918e+01
-3.432232046907815004e+01
2.633422379912488509e+00
4.614949419178472567e+00
8.382664039848121362e+00
-4.411094602113118412e+01
-5.687634562411014372e+01
-1.852457962696312563e+02
3.844795947069300723e+00
1.999085109740997268e+01
-3.014095569030079957e+01
-2.536927121804167484e+02
2.825911127300221892e+01
-7.008170196546232944e+01
-9.167942412439536781e+01
-1.138913448987030819e+02
-8.249757071934496366e+01
1.305834939649916748e+01
-6.432696121099881736e+01
-1.322447409355409889e+02
-4.123966803242832491e+00
-3.602659698165834357e+01
1.528215556823013799e+00
9.886771502863043182e+00
-4.204905290432492393e-01
-2.677821202013414847e+01
-2.531434613116972514e+02
-8.596921340791098487e+00
8.656835599997336317e+00
3.020030294057391984e-01
-6.054362344277851093e+01
-6.778787423768534381e+00
-1.732930305604750743e+01
-4.611552900238852715e+01
-3.769860758378206356e+01
-1.405099293268536087e+01
7.208460953302250118e+00
-2.817533854697211382e+01
2.055595238698427352e+01
-1.528545252212070977e+02
2.832262167530259944e+00
3.201603156519433213e+01
-1.377478266365486377e+02
-3.448391321176322322e+01
-4.530152159912584864e+01
4.083446908750431703e+00
-5.298078728103011770e+01
-7.489273019898124062e+01
-7.840995661171460540e+01
-2.339844074634524986e+02
-2.585730578479243036e+02
-5.618066173647366668e+01
-9.512855826132634718e+01
-1.993280406297463969e+01
-8.296698554055633679e+01
-1.873507852884003455e+00
-1.473745503185945438e+01
-4.979292139921274618e+00
-8.773877810752324535e+01
-1.311054254514796469e+01
-5.207085931061723727e+01
-2.415356292468297852e+02
-2.265249553360694676e+02
-1.974074109044535703e+02
-4.776468091451756948e+01
-1.820004827389215052e+01
-7.467078662237085496e+01
2.166505115366427958e+01
-1.738779915342654476e+02
4.514100406648154262e+01
5.063983636854261761e+01
-2.141164817986798994e+02
-1.548126395295059297e+02
-5.661279027770774519e+01
-1.472972338267393866e+01
-1.461810980226082961e+02
-1.967188512474967865e+02
-6.580145580426247420e+01
-1.336919761232710471e+02
-2.798588831592431347e+01
-4.692853164313371295e+00
-3.913585781740417957e+01
-5.380495296113041093e+01
-2.016019259890902333e+02
-3.790360994972064645e+01
-2.150949770372818648e+01
-9.429676687399270918e+01
-1.227373768439201740e+01
-2.750083388186196487e+01
1.008423098217545943e+00
-1.941597679079576722e+02
-4.404626778669907594e+00
-8.640169557772544806e+01
-6.013104703825862885e+01
-5.841258274716667387e+01
-3.204265763331544292e+01
1.448590876344933420e+01
-1.898734004948694576e+01
-8.381862580637196913e+01
-2.856320512311437199e+01
-1.677421844718955128e+02
-4.117633627845613375e+01
-2.169736294633888463e+01
4.898560905424029954e+01
-2.009370778915222218e+02
-2.305514999149824007e+01
-3.180494449172469018e+01
-4.352681646372569446e+01
3.245694456153857033e+01
-1.023115092492191138e+02
1.606115425164185240e+01
-9.163721592124726101e+01
-1.430177608374226281e+02
-7.576174044185080447e+01
-1.943205207591310923e+01
-6.658841263896813700e+01
-6.981360884225357211e+01
1.895500529127845368e+01
-8.444655201143949341e+01
-1.370956984066888822e+02
5.905578758607134660e+00
-7.238426279540294672e+01
-6.311098835340106916e+01
-2.271582073063094072e+02
-2.254228707690670319e+02
2.509362880997906586e+01
-3.102762010173775309e+01
-7.021042084070813871e+01
1.769668689289680685e+01
-2.311677100534568012e+02
-2.091810485919303630e+01
-3.342854490972948156e+01
-6.589497173090168758e+01
-1.746467854432993931e+02
-1.032734855694649383e+02
-2.600931703601792044e-01
3.792080866890245261e+00
-6.813488782828457602e+00
-7.365026312521557372e+01
-1.604615030702787237e+01
-6.897424092382436811e+00
-5.681264916763100814e+01
-6.894743532431837707e+01
3.012816067929819042e+00
1.995245823128503559e+01
-5.432207773459631994e+01
1.585890031799411304e+01
-5.446118595400577078e+01
-1.857659641166281403e+02
-2.539808068740965723e+02
-5.815850223314984646e+01
-5.417552091533630687e+01
-9.155783077920298751e+01
-5.190634056241334804e+01
2.479632890257476063e+01
-6.326327402977412362e+00
-9.465160132395091352e+01
-2.021938990472023647e+02
-4.133131098339060117e+00
6.439016085904171405e+00
-2.098275604095279903e+02
-9.232950147580547196e+01
-1.604138830999456218e+02
-2.914893496140672369e+01
-6.977423279395694067e+01
-2.152353847340449988e+02
-1.700514729440534722e+02
-3.613783587901821193e+00
-2.735991476408349854e+01
-1.171154928694280670e+02
1.415173962314625555e+00
-1.786282499104181625e+02
-9.372752735578872318e+01
-3.498204146765442033e+02
-1.575929132565837563e+02
-1.481200661125227214e+01
5.790254488491393658e+01
-1.295200423154319083e+02
-2.287291999814040722e+01
-3.300166865056922916e+00
-1.240180799902211248e+02
-2.030310954299479249e+02
-3.251345003879400508e+01
-1.954700648904646414e+02
-1.405728128352170359e+01
-9.973994164317269906e+01
-6.770669359510937113e+01
7.277416156098558631e+00
-3.598862166433864900e+02
-1.505438295451110662e+02
-1.143271538581910391e+02
-2.914608290364729442e+02
-1.030516060984392368e+02
-2.604834226965451762e+02
1.932377496553420571e+01
-2.479050443463015085e+02
-2.037704375801603192e+02
-2.418054391998375152e+01
-1.433174311775186993e+02
-1.544902523554396225e+02
-3.860319013611261312e+02
-1.726929329229218411e+02
-2.363295548628348683e+02
-1.465633222871358576e+01
-8.741615066714180671e+01
-8.052215771440677372e+01
-1.971130574471225145e+02
-1.633400256760787670e+02
1.405758911060696192e+01
1.059452227307215821e+01
-1.981690457853508178e+02
-1.265143361105180020e+02
-1.490245190857127398e+02
-1.228059684428253888e+02
-5.403130637579433824e+02
-1.508078359334919298e+02
-1.359646187102920862e+02
3.288528604068704908e+01
-1.004215396620199670e+02
-8.049482288521761575e+01
5.683483762276939188e+00
5.623759832578858031e+00
-1.290813492706755028e+02
-1.384021486065564659e+02
-5.455421664809816207e+01
-1.142402611733094631e+02
-2.262522324136331520e+01
-4.214738103954050530e+01
-4.196284984883261870e+01
-1.543970271737705957e+02
2.304572729510499585e+01
2.462866046877070048e+01
-3.190244127375282801e+01
-2.679089562980976780e+01
-1.892087026291977736e+02
9.147221198780556506e+00
-1.542097193730243134e+02
-2.059347937612074020e+01
-2.942628329935573817e+01
-2.418067176801014853e+02
4.954421693022482032e+00
-4.009659693195382602e+01
-6.025584836970610780e+01
2.477897005980631917e+01
-9.405951645944043094e+00
2.100469379537237558e+01
-1.348808511935517451e+01
1.082750948673080416e+01
4.354333568932318599e+00
-2.072311949586796516e+02
4.840547610273041812e+00
1.224946216588179482e+00
-1.653945555287534148e+02
8.633272048388533904e-01
-1.177925283083932442e+02
-1.539577108633632747e+02
4.462004318699885630e+01
1.223954864017433408e+01
-8.997536039532004537e+00
-1.360520402385409966e+01
-5.011110584418156577e+01
-3.522175278735553547e+02
1.080780887088923947e+01
-1.427729304535725419e+02
-4.478659425941609129e+01
-3.036723088593841524e+01
-1.928101716088042750e+01
2.300731433602664922e+01
-1.603691656073571892e+01
-2.323174890989276093e+02
9.378495868066600849e-01
-1.842992017874697126e+02
-9.646094556495259553e+01
-9.028249449941885985e+01
1.613215591185259967e+01
1.882874494157553613e+01
-7.540050841810869997e+01
-1.599914729806465630e+02
-1.224879889024683877e+01
2.597358085762204993e+01
-2.083591218507013423e+02
3.613600154288983646e+01
-2.872673414747129641e+02
-5.761974794543331058e+01
-5.322635107752192596e+01
-1.369374401136757911e+02
-5.988050126696560937e+01
-2.114360398013041618e+02
-4.947759400695313303e+01
-5.925919364811288403e+01
-1.689427469707242579e+01
-9.662954392334783904e+01
5.527772378647065921e+01
-2.277953619295805652e+02
-1.384480903561552054e+02
4.404042135397764923e+01
-1.567956581218637666e+02
9.100108806606286294e+00
-8.819918534027095802e-01
-3.855826765957308666e+00
3.603881672023496741e+00
-7.289955042866948531e+01
5.314339071819631499e+00
2.453830328326348109e+01
-8.398975821915070128e+01
-3.390251267185452377e+01
4.647096973311504087e+01
-9.163240871863104076e+01
-6.437734508005672751e+01
-1.049411760957302420e+01
-1.029813200316142030e+02
7.797630627390344848e+00
-3.932965227971514821e+01
-1.287130360083304481e+01
3.084269656491094835e+01
-2.513115620883959593e+02
-1.333875334626869744e+02
-1.293216917842033808e+02
-2.534095918588479890e+01
-2.039074644742344589e+01
-1.109992230617477986e+02
-1.832703800777240488e+01
1.286066024378570916e+01
2.310237596140311211e+00
-2.941706696051136305e+01
3.733897947401038664e+01
-1.061409488976982090e+02
1.407408571795503960e+01
5.222839472712479392e-01
-1.031208286813636192e+02
1.194205599006242835e+01
-3.795099155926736501e+01
-1.086444609664919057e+02
-6.233106189414331766e+01
-6.520916151070699129e+01
-3.999294295131491594e+01
-3.524011742791807933e+01
-5.250486383873337104e+00
-5.529304965453142984e+01
4.933376540127969179e+01
-3.892210035260343659e+01
3.148501224212745342e+01
-1.573546159377670506e+01
-1.281425595294134041e+02
2.396635491079462099e+01
-1.446505521616549572e+01
-1.174842801647920965e+01
-7.982818016298234909e+01
2.241114892356104349e+01
1.573902379561812381e+01
-1.288972074644050281e-01
-1.480627457862628660e+01
-1.246903311379432182e+02
-1.267985179032029386e+01
1.299574013938952177e+01
-2.772277739451579137e+01
3.710119677601562671e+01
-2.166824741957202605e+01
-3.833888100482233341e+01
-1.480130411273933930e+02
1.671191253965913504e+01
-1.284398449556882582e+01
2.249825299309470594e+01
-3.905373466608678257e+01
-1.648021258789626131e+01
-1.712987238590844186e+01
-3.516247283677314783e+01
-2.130958007007149035e+02
9.496550159008496195e+00
2.524139719934447612e+01
2.521464143260321222e+01
2.899896813389719341e+01
1.730483729225079159e+01
-3.577218322266328698e+01
-4.600310245937521358e+01
-2.513663611379962504e+01
-2.942515529660535734e+01
-5.978570713804921866e+01
-5.007718171060347601e+01
-3.276635962797301715e+01
-4.146045601073988252e+01
-3.133068104083548988e+01
-4.476635723700050562e+01
-1.098898839331129267e+02
-2.887821735220103392e+01
-1.698422812133758271e+02
-2.658975458773479659e+02
9.363052600911359491e+00
-3.396281507211824646e+00
-1.755187465637974142e+01
5.104913221103819865e+01
-1.007798719401680927e+02
2.022646477724014957e+01
-3.825435223907138749e+01
-1.493987113154886259e+01
4.221146175769610664e+01
-1.213531245290023151e+02
2.575678573411536831e+01
-8.401796436643812171e+01
-2.333931100328186403e+02
-4.095690258897933234e+01
-1.177021607873657842e+02
-1.077291699336710984e+01
4.122103216344441989e+00
-3.910906417449703554e+01
1.411633012908916385e+01
-1.643467745484554143e+01
-4.121469191956479960e+01
-2.829981816217208745e+01
2.884576318042479670e+01
-1.833122653935940605e+01
-4.510737525503857626e+01
1.771440279964295428e+00
4.007223175283955641e+01
-5.757149615616417293e+01
-2.533729921070934310e+01
3.529349326386014241e+01
-3.449559954153649244e+01
1.409503509816119049e-01
-1.366197610208422475e+02
5.048754392799344259e+01
4.215202317638724594e+01
-4.286602818561618733e+00
-3.198392127121510953e+01
2.257633297107599191e+01
2.306276348974756729e+01
4.261050391776217339e+01
-8.212974206751769657e+01
3.418995879700653973e+01
-1.150491641843452442e+02
-3.683078172045304655e+01
-3.743469659955111695e+01
-4.981389546198141716e+01
-2.185000348149370097e+01
-4.772873270512415900e+01
-4.635833111242158022e-01
-1.101766141133325760e+02
5.924739032218127477e+00
1.086209396312477793e+01
-2.185337846743987029e+02
3.059430456525786468e+01
-2.096143738048266982e+02
1.985800532127649376e+01
3.195728240935824260e+01
-2.240478026724157701e+01
4.262694380056298371e+01
4.498547182064910999e+01
1.186874981946231777e+01
-7.787935532174345532e+00
-3.001757233980518436e+01
-3.484680367905396565e+02
-3.777269857729537250e+01
3.495959439808550684e+01
-1.944378603337479205e+01
4.494932890101551948e+01
-5.365798746059125790e+01
-2.794516771498810215e+01
3.061273196682754616e+01
-3.815685546080533186e+01
2.703000569541180198e+01
4.465042471337540064e+00
-1.947754367244836260e+01
4.134961987203942613e+01
-1.126140583480028567e+01
1.039142895318948590e+01
2.074001360766882840e+01
-2.839005277509173197e+01
-2.168514339269754885e+02
-2.483632488053881460e+01
-4.694167812925827832e+01
1.888297580106097939e+00
-1.459864687589845857e+02
-3.480058104734317226e+01
5.413965830517523870e+01
-1.357948062835509120e+02
4.004700436811123865e+00
9.604220130216174311e+01
-1.620399284214509805e+02
-6.772450981228203659e+01
-2.596469807258262108e+01
-5.214631904326375889e+01
-2.194375646840542515e+01
6.570208070231288389e+00
-2.763303104363254192e+01
-1.476891402836673706e+01
-2.968915381829064870e+01
-4.210044419198450782e+01
-5.434694383475994073e+01
-4.913174968639553164e-01
-5.858471500163103940e+01
1.745531204646169954e+01
4.571094774609406386e+00
-1.253883091033964092e+01
3.866602459133287084e+01
3.690628389040830371e+01
-1.815197544446552058e+01
-2.221553302695016896e+01
-1.023497911400357623e+02
-5.242239150983287743e+01
1.596513279139054475e+01
-4.386082160722864387e+00
-2.024619691500844283e+02
-1.964652127763861245e+02
1.178728887959422877e+00
-1.831985975355954110e+01
-7.497142353621541133e+00
1.572893420360095718e+01
-2.934831187103781076e+02
-8.341755440962447921e+00
1.347674679802286768e+01
-7.190571002211356699e-01
-5.724607400040855509e+01
2.627894258378198344e+01
7.073905721864784368e+01
6.528402263362039548e+00
-3.736460413460164887e+00
1.213324784734081163e+01
4.038806296570687948e+01
-3.558021084165355319e+01
4.746268694922579101e+01
-4.705801046567384560e+01
-3.048303105079295960e+01
1.998671988628728968e+00
-2.496867508742255382e+00
1.406683628932121621e+01
1.486792328732464341e+01
1.602888257784839254e+01
2.146964085674989065e+01
4.385038990098038880e+00
9.856895874058110962e+00
6.898621319380876571e+01
-1.106043149272328208e+01
-1.384092514050416867e+01
-5.509815503358403532e+01
4.095198472747645724e+01
-3.133401456500648408e+01
1.190591787384391864e+00
-5.369841352239603793e+00
-5.329720825598616329e+01
-2.380441693533859677e+02
3.146433748260446350e+01
-5.689336287542496962e+01
-1.625481555505307938e+02
-1.981251484152240891e+02
3.063976930743969618e+01
3.248049917336433623e+01
-9.926031189802252186e+00
3.558410424170403275e+01
-1.674809287960626136e+02
-1.499635978569318695e+01
8.413101463223249254e-01
-1.335516812872927801e+02
-3.625463375812000777e+01
4.847789803822118415e+01
8.755437935342220612e+01
-4.465580467589773406e+01
-1.184276841448580342e+01
-7.238843749305146957e+00
-4.014359907675036254e+01
-9.117689827411325609e+00
3.181771014499744155e+01
-5.433810552232870350e+00
-1.226708384495184134e+01
3.785048167725752677e+01
-4.654443942610342333e+00
2.703996648711559203e+01
-5.155604107107592426e+00
-9.351934398114266855e+01
4.297377428800533039e+01
3.214248752562144773e+01
1.636351563677254006e+01
3.532727571236333119e+01
1.914061867850735155e+01
6.240179152972747545e+01
-4.150379698984302479e+01
-2.924986506173756595e+01
1.585029661172765714e+01
-3.513836760709335749e+01
5.383590549679471593e+01
5.768637986665794415e-01
-3.443112886123041960e+01
-5.607532928377180781e+01
-8.080985804755883350e+00
-2.597681150056092747e+01
3.460412281359833742e+01
-3.829942036999960919e+01
3.384344689627855018e+01
2.566518949076309752e+01
3.587267806716840823e+01
5.257757679571300713e+01
2.695392301391052570e+00
5.228704583631650138e+01
-2.336512854563104824e+01
-2.514487156492747317e+02
-6.810842679129513044e+01
4.332170188947558387e+01
-1.626625626310478197e+02
-3.766462188718447379e+01
6.682896229207378269e+01
-1.318193170741174258e+00
-6.046797134539508534e+01
8.570375830676047713e+01
8.330141021803243007e+01
-4.495323200120999729e+01
5.129504840650866981e-01
-2.539978363491869118e+01
-3.116910389797422454e+01
-8.367733747286292711e+00
2.593076670100630921e+01
9.309906981500077450e+00
-8.515563837028466310e+00
2.296071818048397972e+01
-9.654362036776461764e+00
-2.976381830358488401e+01
3.689030118201256414e+01
3.472312507217358757e+01
-3.108435909592569146e+01
-1.188558200355004146e+00
-1.401296835577142019e+00
-2.238673045824670282e+01
3.759014618865336388e+01
7.371051037184796151e+00
1.396724119526265895e+01
-1.383885655204603893e+01
7.044827964492030858e+00
5.533163927879476063e+01
4.808574740609551412e+01
-3.497337614850313514e+01
-1.949199180016769617e+01
1.580326577540814981e+01
-8.143474807034522200e+01
1.214278854344770764e+01
-1.826085133814181916e+01
-1.590286042554464530e+01
-2.060947201878184387e+01
-3.588987888968982531e+01
6.330812002299477825e+01
-1.209599948578503472e+02
-3.655916380082290829e+01
-1.357789575734503096e+01
5.794376948390231519e+01
7.195845786607557670e+01
7.212578232509804366e+01
-5.365624578647523180e+00
5.272764364363067102e+01
2.359862519283777260e+01
-3.827334348584007273e+01
5.602754744395411990e+00
2.123551481337844393e+01
-2.410181568954997999e+01
-1.409990521872704505e+02
-5.657139316983889898e+01
7.122835112951392489e+00
2.029629580763177188e+01
-5.554061098770965543e+01
-1.062065358268699953e+02
1.748661073792668219e+01
-1.099125818966114139e+02
-1.618016435320810160e+02
3.354496178736206957e+01
-5.165461105207214132e-01
-6.192847427971244656e+00
-5.520010581739221323e+01
-4.872587524946066395e+01
6.631217487525631782e+00
2.668220104074441679e+01
3.821972182424498499e+01
-5.543858572275446761e+01
2.919270397030969733e+01
1.224806815544027927e+01
4.922892290891695666e+00
5.039488164635839240e+01
3.849377627347081443e-01
-1.020286199461655769e+02
3.991331919619099722e+01
-3.653172908144858866e+01
3.370100943540980154e+01
-3.705427052569518764e-01
3.618887364972832188e+01
4.920213774695444187e+01
5.754200541529030488e+00
3.269066714338734414e+00
4.608236728327812415e+01
-3.244733561262526678e+01
-6.827191252768288088e+00
-7.142451686615501671e+00
-9.382231041278572548e+00
-2.119678986336638786e+02
2.663122673525052164e+01
3.133805102023367795e+01
3.642157103304398902e+01
2.723216682752411089e+01
1.471985604105248058e+01
-7.956108258372080400e+01
-3.442272998326129141e+01
-4.484820886234561499e+01
4.956127500572719669e+00
1.843347745601572996e+00
2.079788818083187607e+00
4.281193326999383686e+01
6.560781746968926598e+01
5.665305569467449232e-01
4.324523046965938988e+01
-3.273045346562160773e+01
2.925888328858995635e+01
4.202444773973965653e+00
-3.201056066559159774e+01
2.229520167876154346e+01
2.831631258366147463e+01
4.384197608693484938e+01
3.237378029368889543e+01
5.294879539023239801e+01
3.188476590828248902e+01
4.081807754209138039e+01
1.006904111009571494e+02
2.687855715175071225e+01
-1.491468011167098666e+02
1.029175607806536519e+01
3.746119560882799249e+01
-3.902548461411114999e+01
1.547161325753532601e+01
-6.082704191957437700e+01
-2.915424908040813534e+01
-3.278768328608636295e+01
-6.012106822902462966e+01
8.139710426360495887e+01
5.161882408698127733e+01
5.345204381194796639e+01
-1.324791411048909140e+01
-3.941690273306645054e+01
-3.788478182154505447e+01
-1.810984564236288179e+02
4.078805885235227890e+01
9.862378875295426894e+01
-2.867197645742048451e+01
-3.005457337967408193e+01
1.490525371731185800e+01
-6.361228693215127805e+01
2.406668751754416036e+01
-7.770500356588215141e+00
-2.798671744199825895e+00
1.038189388544095948e+01
-1.521681430487540183e+02
6.851275926015287610e+01
2.495880302037127763e+01
6.652934546848202046e+01
-2.136871698212229376e+01
-2.536814816380340574e+02
-9.589113902273038548e+01
-4.464241022449193963e+01
5.675899334841227528e+01
-2.979561348837054879e+01
-4.076215658028010580e+01
4.952784226263261758e+01
2.231578104399000750e+01
-2.729408493605174613e+01
-3.222994865977103984e+01
1.253993034139047857e+01
9.811673030259157713e+00
2.359751312555912506e+01
-1.348482431215487054e+00
9.951358671334475048e+00
4.933412272484831362e+01
4.885943676234836630e+01
3.081858910324177714e+01
2.655463004845153208e+01
4.351129103594690406e+00
3.214159994846249901e+01
-1.079098712503487434e+01
5.564679615491778719e+01
-1.903334871122314098e+01
3.935470614733369388e+01
6.209623179438356999e+01
6.169381194870554452e+01
5.260668407209229258e+01
4.565800411233799139e+01
5.140555384458087929e+01
-4.374533474572146474e+01
2.786087841479735161e+01
-2.244907764896922231e+00
6.086123629327261142e+01
2.610600078403351887e+01
1.398138152556130542e+01
-5.684416577522409852e+01
-1.540699438137205561e+02
-2.175040511963970857e+00
-2.011900184586876890e+02
-7.579232550979688199e+01
-1.460670353233344372e+02
3.816701602022070716e+01
3.026765728904908315e+01
-1.047342429385592766e+01
2.833616389274067160e+01
1.573385154945721354e+01
4.496813922603317337e+01
-1.341494707558355515e+02
-1.085785668279899596e+01
-8.475593981749012684e+00
2.107495574269264438e+01
-5.265851884720403575e+01
3.100172014168472501e+01
7.065749698462171580e+01
2.054989002125665820e+00
2.166600364805962897e+01
1.589487941867025711e+01
7.856279826241937769e+01
2.845639101984261288e+00
-1.743262412947359508e+00
4.844685042327831326e+01
1.116387960783996220e+02
-2.056078354464656854e+01
8.961354244376657618e+01
-1.664874101383568927e+01
8.434245837361004305e+01
1.836082255539110974e+01
-5.218498419612424755e+01
6.011339450548518926e+00
7.808093876704495528e+01
3.709484990170963670e+00
1.130438261128360722e+01
-1.636056340764493200e+01
1.378819789656881589e+01
4.896738334661787651e-01
4.366992474242935884e+01
2.703068743989983425e+00
-3.184752288100708029e+01
-3.084530424340020716e+01
5.264735540118477530e+01
-6.607850323632862910e+01
3.960990568282602453e+01
2.115375522785824103e+01
1.577821757220124255e+01
-1.178858104031226617e+01
5.362492492866738303e+01
7.027966196947900812e+01
-2.141913307731289251e+01
7.141589400154842338e+00
1.119745244715491594e+01
-3.034305891186023985e+01
2.537915291217764491e+01
-2.930472010695767437e+01
-2.948693944439071402e+00
3.198983672101601883e+01
2.096235898321161528e+01
-2.560457592995436471e+01
-1.556647333717190236e+02
1.079199696686228691e+02
2.828515526976590877e+01
4.493338082188084570e+01
9.012197181835071547e+01
-2.211403456393426836e+01
7.523513276123630078e+01
-3.892639959060331556e+00
7.919576725934929584e+01
8.333328283237425183e+01
2.147497444256136134e+01
6.829812317449919590e+01
4.250312887130739625e+01
8.352446356111045134e-01
7.348378043842208740e+01
7.285793491238901254e+01
2.992191851530441227e+01
-9.246184567598163540e+01
-2.219185442366146788e+01
-2.122365469932869075e+01
1.176906718354256043e+01
-7.534729151436178540e+01
-8.522046543690156284e+01
1.013110020567129510e+02
2.491484384050359324e+01
5.660506697795401010e+01
-3.035105993056193086e+01
-1.742666972802760199e+02
-2.707778565522201575e+01
5.716890977346692893e+01
7.042261170657137370e+01
2.355898022015537663e+01
-3.100057262131319646e+01
3.587755988163036136e+01
1.503213209582592924e+01
-1.846163542086455323e+01
-1.747313400475732692e+00
-1.324400662157287911e+00
3.657898813706733421e+01
7.478887978634645606e+00
9.563984969298050487e+01
4.120721916822192910e+00
-3.202795655913575956e+01
6.632798540996236625e+01
-1.676681403020855328e+02
5.539570068500967182e+01
6.935599740790007672e+01
-2.449123574671550330e+02
1.431520891051059152e+01
9.995750769003507230e+01
-4.568882804645691920e+01
3.910823693058057415e+01
8.445492185626657999e+01
-2.688221523852096766e+02
-2.663772320506652136e+00
9.441380824357722190e+00
8.371968546253594923e+01
2.136642974947753260e+01
8.315280735267195666e+01
1.576660208265384711e+01
-4.329388308497706817e+01
-2.286628480835213395e+01
-4.439404830113936384e+01
-2.680485770799577949e+01
5.322130258042236051e+00
2.245494107111433379e+01
3.405002989017390291e+00
5.446663040390868105e+01
4.841680290537152587e+01
3.897433866777652156e+01
-1.401172847709700875e+01
8.416531946161815370e+01
-3.164901989452422626e+01
-1.758329874748272346e+02
6.729304483127756953e+01
-1.455098622321229129e+01
6.838173776211206700e+01
-5.125886680974448950e+01
-1.544622397801023794e+01
3.672042368263509360e+01
7.072742039755965493e+00
-3.256899889922038938e+00
2.075046879424164104e+00
-2.329341477701665042e+01
6.461506991690279733e+01
9.556364015409656076e+01
2.374663200834125476e+01
7.344601064553107506e+01
-4.128375205217555788e+01
2.287614245115602785e+01
1.026883320104811759e+02
-4.519879529220432346e+00
5.425433726798070921e+01
-1.740198315591919709e+01
3.134932045472467621e+00
-2.238676895019979725e+02
5.884897138601366606e+01
2.366899294998957259e+01
-1.331957672330268849e+00
-7.073294811292502970e+01
1.422343049900538290e+02
6.037355421212552642e+01
5.764753039533260903e+00
-2.274753120128053752e+00
-2.123913589031030824e+01
5.462643584015507514e+01
6.316904899526124950e+01
1.587168867618080803e+01
3.970945855383286016e+01
-1.573485971727497770e+02
6.277172313571639251e+01
3.008701208090457158e+01
3.387208339358195985e+01
-2.978244359843144728e+00
1.277437190077665434e+02
1.466006959766159135e+01
1.300596631383160968e+02
8.525562545997490815e+01
-5.160333967223310481e+01
-6.625583479203567094e+01
4.631470973972542993e+01
3.047694696792427749e+01
-2.633222070450054275e+01
6.626082340747458943e+00
1.094708490307431248e+02
7.110610885468244646e+01
2.892738565675271900e+01
8.715963387706437970e+01
-2.332429233913137523e+01
-3.773870840015618455e+01
-3.187638499182591545e+01
-3.739536462899417302e+01
3.538389419711947426e+00
4.363266337815733209e+01
5.838572646895599405e+00
5.687501479432032170e+01
-8.572139556670947513e+00
1.383548027026648697e+01
5.778899218996309628e+01
-2.226644310446409349e+02
1.190504863155040027e+02
-3.760264877470844169e+01
-2.238424475984554931e+02
1.631052092977763834e+01
-3.813486302659267579e+01
7.697119051436943415e+00
-3.768438485449560460e+01
8.292280301683767618e+01
-3.716987625833806419e+01
5.067862450222497017e+01
3.407924371900952565e+01
3.239639684128395203e+01
