-4.669072430736957102e+01
-2.307694597607398066e+02
-1.148377534011580394e+02
-4.518855777545226715e+02
-4.652025728605368613e+02
-1.866825561955251942e+02
-4.585823900930773789e+02
-3.875705172343550089e+02
-2.999301625123941335e+02
-1.807963014466122615e+02
-2.024820442935143774e+02
-2.568847750147511420e+02
-1.372064206786071736e+02
-2.746399197113896093e+02
-2.656304317296298905e+02
-1.120125827792246440e+02
-7.417628713264163309e+01
-3.228258487102792742e+02
-2.144453058011294786e+02
-8.007777189206109369e+01
-2.686492999672169049e+02
-4.113042792445325802e+01
-4.449657024657125248e+01
-1.388251792620594358e+02
-4.497506041190402470e+01
-4.547712227984565914e+01
-7.005032068474153562e+01
-6.066340652115997756e+01
-4.140488380246797817e+01
-8.552671296435381976e+01
-5.361775528632426102e+01
-1.405779504336502157e+02
3.926408360963080213e+00
4.448837642573266749e+00
-2.037259724078890599e+02
-9.522718699795505870e+01
-2.909286041157060509e+01
-2.411389495604555009e+02
-1.699968954706360478e+02
-1.603377301567083180e+01
-2.063609902085898398e+02
-1.724337201260901224e+02
2.078874853278999524e+01
-4.045236584929573098e+01
-1.120933122612839838e+00
3.834312547021104933e+01
1.814212117271725333e+01
-4.780826775117813554e+02
3.842268741630743989e+01
-8.936992219624741551e+01
7.475571832867501598e+00
4.115374933127534973e+01
-2.830105779744691858e+02
8.771278719610823060e+00
-8.273219796280559990e+01
4.161989472379542576e+01
-1.159332021716225256e+02
-1.883716393534564872e+02
-3.999456557767638856e+02
1.595656634413625063e+01
-2.753097409792462713e+02
6.398530858921103714e+01
-5.513197942330596391e+01
-5.191186408348935188e+00
-8.986456912779843265e+00
1.231406569946507545e+01
2.681888842131290573e+01
4.022576524631751482e+01
-5.394264924828843277e+01
-5.719799295264179051e+01
-2.434224005365521748e+00
-2.968411811492685715e+01
9.681376685181956532e+01
7.352894014561704239e+01
6.918671508011409799e+01
1.779568849921257012e+01
-5.471343381087184099e+01
4.779126391145021557e+01
1.181319348529574995e+02
5.058750190759309362e+01
8.294585395216039103e+01
1.294471479286510487e+02
5.442511409641732456e+01
1.237940660459778144e+02
7.696850211405347864e+01
3.118113174089426565e+01
6.083193775730806863e+01
1.445652161049364111e+02
-2.944732401916989062e+01
8.221526235266930271e+00
4.817907725720846912e+01
3.518382030494775847e+01
9.924715722358810410e+01
7.802091931880254094e+01
6.103850971484438048e+01
6.455866094327033977e+01
3.482322500749091176e+01
2.088462327753649106e+01
1.124488120728084652e+02
6.573617130653815366e+01
1.000321954907635984e+02
3.726604533345802395e+01
-6.854616015971657816e+00
2.058843399186322287e+01
5.762776372606629138e+01
3.437273790442704779e+01
2.277547856637825774e+00
1.124578686389786952e+02
1.388952824275466469e+02
2.907825887546766808e+01
1.428869763469836016e+02
1.107273681550610007e+02
1.512434874091415224e+02
4.275040223507848935e+01
-8.374468142909731228e+01
9.781459085023399780e+01
4.905050907790817405e+01
3.321095350286589820e+01
1.499903312561506823e+02
6.362546433520449796e+01
1.305554095478038619e+02
1.996218120796953599e+00
9.113778235903507152e+01
1.532446451502176501e+02
6.218882995937887870e+01
1.054842968352412953e+02
9.227036267631507371e+01
1.026402325985694546e+02
8.259253583770460239e+01
1.198463938548104295e+02
1.690416075668512974e+01
5.289732221293662207e+01
7.677420525024533049e+01
4.564804551757251261e+01
3.550786169570628914e+01
1.193478827093889407e+02
5.358631620307576782e+01
7.158621341452584375e+01
4.105630987983983005e+01
1.300669988773667001e+02
7.348594276097449551e+01
1.002646687171538815e+02
7.351166357250747296e+01
2.894597546305462998e+01
1.536071292473489223e+02
6.882696526444021856e+01
-1.176866006064160786e+01
6.140846766919436561e+01
-2.232073950192168255e+01
8.064579713765402857e+01
9.443223229863727397e+01
1.233174386485554237e+02
7.186214688425856423e+01
1.073682041077132112e+02
5.052378256622778707e+01
1.024417446295008745e+02
9.554299100036098480e+01
6.808199708899792313e+01
5.622481975608039306e+00
6.948730362847825859e+01
2.370811639670823467e+01
1.294235589637517307e+02
1.279920698855258934e+02
2.693025029149614369e+01
2.214022102870212905e+01
1.452498191221715729e+02
1.001711972296012760e+02
1.601396545277693804e+02
8.699739370192945387e+01
9.537692149106659656e+01
1.252785093211861494e+02
1.396718443199128217e+02
1.015014600854295139e+02
1.512017722549070697e+02
3.038660082954335095e+01
1.178972061012029116e+02
5.942902831396460783e+01
-1.590866873845463090e+02
1.637314664889874791e+02
4.574396806808296745e+00
1.229474069509621330e+02
1.398518409503809607e+02
-1.222527312155593222e+02
1.063304674117012212e+02
-7.096596780538934013e+01
7.563763363282723162e+01
1.018218029145171499e+02
6.507538507820093798e+01
1.450400147574135872e+02
-1.002796868416882461e+02
9.480913878000630746e+01
1.275341885245533007e+02
9.597075252346418495e+01
1.519207797040184857e+02
1.455025701356422587e+02
1.249822197502845711e+02
1.427855604347264773e+01
8.473084818810438890e+01
-6.897457566340541746e+01
7.474065428160426450e+01
-6.077187713736167041e+01
1.036886044963991651e+02
9.720678663386271978e+01
1.305137274443054594e+02
9.444623609839338485e+01
1.403534521163410318e+02
-2.288745495030354959e+02
6.546721720747879658e+01
7.399880541759640096e+01
1.039892822567662023e+02
1.083867311648448748e+02
-7.903717186058905497e+01
1.430316652056038151e+02
1.097954375080390719e+02
1.544385319038030104e+02
2.008599219255987478e+01
-6.536951979686017467e+01
1.272415950049660864e+02
-1.724432441413073320e+02
7.397670748631253446e+01
-1.803609612395765680e+02
8.407320272988391707e+01
1.241094263594494862e+02
1.111901920150667991e+02
8.618669322110727649e+01
1.795744877239196313e+01
-1.711607240981319364e+02
1.175602828795355634e+02
1.061418275265400268e+02
1.613181112693997932e+01
6.187937837081889825e+01
8.886712632445531312e+01
4.341140235512915524e+01
1.390248348150246045e+02
1.102486083160797676e+02
1.588322383813406304e+02
4.297720410269339197e+01
1.124217436961988028e+02
8.081051881798673264e+01
1.053201111761539011e+02
9.866493566068500343e+01
-1.584432856755657326e+01
1.070417856768904414e+02
9.549464430943173454e+01
-1.787500309117196196e+01
1.112531485308393684e+02
1.228029136057968174e+02
9.636746222238245707e+01
9.399490666591327681e+01
3.763260067368302231e+01
1.427307567000952417e+02
-2.084280937134504939e+02
-2.160553052352905468e+01
-9.184354522129672205e+01
1.381072412293633533e+02
7.684813285825340756e+01
8.915946654245097136e+01
1.117448436145920994e+02
2.094569822636510992e+01
1.278394087347680994e+02
-7.593050589588867183e+01
9.417979317596370947e+01
1.448082716929223182e+02
-1.392900443878172609e+02
2.119058475370158590e+01
-1.224786845635839256e+02
5.284170409116049427e+01
1.472079917983586483e+02
-5.642668504511760830e+01
1.514757450796113574e+02
1.554627817651408748e+02
1.426639331451161752e+02
1.097638590859419452e+02
9.084761763607731666e+01
1.412557435920413411e+02
-1.901895577344715775e+02
1.101136546987277143e+02
7.729249747637197743e+01
8.665465120332895310e+01
1.043517556912017312e+02
1.707246055797905626e+01
1.241841300851406515e+02
-1.522269373986847540e+01
7.266443757140464754e+00
9.074872511672984388e+01
-3.678997096275016077e+01
1.190664458240559327e+02
5.691158582055234660e+01
-1.461128316264865532e+02
4.243342123562119639e+01
1.381321131613341322e+02
-7.931979779733198654e+01
1.201723078688233102e+02
1.426087340276531563e+02
-7.191159008042170342e+01
1.234549284391048047e+02
-1.915162840074411292e+02
1.415410339976671423e+02
1.112811639083729176e+02
-8.932710599237609017e+01
1.192554339836177633e+02
4.205459347629525269e+01
-5.860529322219570503e+01
-7.709564078369820095e+01
1.673152428210324842e+02
1.014472592917016698e+02
-6.122055107766570359e+01
-8.044294888725542592e+01
5.533713317057777203e+01
-7.182146549451240958e+01
1.259170666319485719e+02
9.810154148566257959e+01
-5.637182592323874530e+01
-3.950026507618704663e+00
-8.486001936752171559e+01
1.128556010837793764e+02
1.254137223564465558e+02
1.840499643664274387e+01
1.643478603963783371e+02
1.048017488681369400e+02
1.459878435892410948e+02
1.155832860848112915e+02
-7.087277255947475396e+01
1.159231350198713244e+02
1.090592262348252888e+02
-8.344312563294901963e+01
3.438613319665955714e+01
-8.365538523931159887e+01
1.257651703106437537e+02
1.656465827375360220e+02
-7.125850575908978612e+01
-9.156000272049394084e+01
1.846032160740162738e+02
1.113321304176535449e+02
2.448134010561048512e+00
1.264791293671240169e+01
4.134389596276847101e+00
1.174318100961568234e+02
1.251824140101570464e+02
2.190915817570265745e+02
1.046532215176973182e+02
-2.390783698845375227e+01
1.214205332974301399e+02
1.932018414535761508e+00
8.537575585184910665e+00
-8.084077582648939142e+01
-3.593363323213668536e+01
3.182399550268684152e+01
1.125484005131844754e+02
-1.262507878455058403e+02
9.708975638761899063e+00
1.088547717149532446e+01
9.969773191629408871e+01
-6.488189387118660534e+01
-2.698014345057094943e+01
-1.440495142176396541e+02
4.421018405179256661e+01
1.224127732707530924e+02
-2.188560632402281669e+01
1.265894437740735725e+02
-9.735359533503849150e+01
-1.823772128664816989e+02
-3.719286516338786441e+01
6.492980114856115392e+01
-1.121891519841627485e+02
4.893429232968674114e+01
-1.857517619654356622e+02
1.001020776005641437e+02
5.089409054148592304e+01
-2.423621729458409391e+01
1.195504059457741022e+02
7.052765598060233287e+01
-3.104383974528967371e+01
-8.654906106528459020e+01
-3.706800959431753029e+01
1.223503845162454553e+02
1.657417640105998942e+02
7.092124194890092781e+01
1.694858099129220363e+01
2.032761046687020325e+02
1.690450772116936093e+02
4.039390839236403963e+00
6.645407946203339122e+01
-1.987963917229411237e+01
-4.604979268334675879e+01
-2.192069604643681657e+01
-1.080980294961218533e+02
1.261547528072874655e+02
-5.930023565093301130e+01
-6.831686960116415719e+01
1.560165608487199336e+02
6.901427056674040728e+01
1.173752121004643243e+02
1.445735783704745643e+02
1.051948051508526447e+02
9.358684253668221231e+01
8.679557539838782532e+01
1.078960071569894552e+02
1.110038202034525767e+02
-4.892143269613909240e+01
9.100987765287628406e+01
8.682283141903698720e+01
9.964909529423766799e+01
1.440598188230791266e+02
1.484592046219907502e+02
-3.508642527716389168e+02
1.239085373592319002e+02
8.836932304479364575e+01
1.114596995282167313e+02
1.150038934955227745e+02
-2.576449085659112370e+01
9.303262444000878872e+01
-4.476100352876368049e+01
1.541688377532169625e+02
2.668455176858216760e+00
2.196415680633336365e+01
1.435239208041420795e+02
2.841697685330874634e+01
1.115643610224728377e+01
-7.976819856591480118e+01
1.190169090463033825e+02
1.356876882356538374e+02
1.509825092366250487e+02
-4.358794435640146503e+01
1.492017473133740282e+02
1.359745309062271588e+02
7.298264537450859279e+01
-1.548263265304495917e+02
8.527044609202927461e+01
1.187081297045626798e+02
1.042493834535965789e+02
6.376053165899074315e+01
6.504430621205506213e+01
1.013561519426903175e+02
1.347855041020351337e+02
6.917541901539095761e+01
4.024711875793817484e+01
2.068104326685083265e+02
-3.071593084693303410e+01
8.050199753113078316e+01
1.101801962668172905e+02
5.398568836611262611e+01
-4.004217629563602543e+01
8.404244339135271957e+01
1.430553378233277044e+02
8.886028442307032549e+01
5.914639935604967746e+01
2.190538820425411473e+02
7.615998609129587749e+01
1.414130693197395772e+02
-1.400413125297313854e+01
-7.688890661339897292e+00
1.481948154613051827e+02
1.502266967920625689e+02
1.161568014945816145e+02
1.004088700584751450e+02
1.557811339672336715e+02
7.272862859204496999e+01
5.108773653923060465e+01
1.027580559218895502e+02
-1.362587882805493393e+02
9.372563365525888912e+01
4.013069499940524310e+01
-6.644661817753230082e+01
1.391394106212983957e+02
1.828745416027895772e+02
1.232480133247397305e+02
9.765791862190431516e+01
1.468348718657121594e+02
1.604287137795034113e+01
3.430385809599168567e+01
-2.818071247561221639e+02
1.285144823456217864e+02
7.179719766664770475e+01
-3.437609840085607971e+01
1.687268000432247845e+02
-2.430683702165979412e+02
1.954369847191655936e+02
1.468699838075115167e+02
5.988288168798644051e+01
5.669587804192502745e+01
-6.602698911146823946e+01
-4.520256938599453633e+01
-3.568497074572933059e+01
-1.446737199814484143e+02
1.528899099584227770e+02
1.308557272941419569e+02
-4.108693967506905409e+01
-6.716244725533590554e+01
1.369632848592909511e+02
1.135248525004394509e+02
2.339029111497134181e+02
1.381808763455635756e+02
2.766252685399230700e+02
6.004295781240469410e+01
5.711850114372480647e+01
1.526882262811832902e+02
1.651352765309767960e+02
-1.368941425575509463e-02
1.535361341613022148e+02
-5.216052647770418815e+01
1.139681398164208161e+02
8.364313111759051367e+01
8.224741884319064411e+01
6.897118721480202908e+01
5.589594884389052254e+01
-1.769540019038461764e+01
1.144817942376143947e+02
-9.604683259797937467e+00
2.828799521355751168e+01
-2.450295578443008271e+00
1.658488111752181169e+02
1.215555050847098784e+02
1.144665786929728597e+02
8.177434826750712205e+00
-2.237072009787252114e+02
6.654071190942077862e+01
3.283251141629175152e+01
8.688907484041494911e+01
8.672120159121006111e+01
1.469892937415994538e+02
1.432961675473088405e+02
1.493532692704908129e+02
1.242191370901580001e+02
1.588447730232362574e+02
1.209461929005463361e+02
8.529762574953451804e+01
8.288907580772037420e+01
-7.330917118624276441e+01
1.003170132668085870e+02
1.236071651011204722e+02
7.322590981679427102e+01
-1.374354447122829015e+02
1.460637594124099508e+02
1.176125770986202639e+02
-1.115781567863336754e+01
-3.436992402181874695e+01
5.734493448050513109e+01
-2.605084304681225831e+02
1.144891188812923701e+02
1.413306171505553266e+00
1.186360416930700978e+02
1.357422176882978420e+02
1.191168560667396434e+02
1.862729284748974692e+02
-6.023397617534354431e+00
7.714838378086258786e+01
1.126809842390771905e+02
-1.879777314881722532e+02
1.273362698528922863e+02
2.071030461358744788e+02
9.810868963586636937e+01
6.046305558237018829e+01
1.298060773860709673e+02
1.333609978789222339e+02
1.016551109542393476e+02
2.777687771613595658e+01
1.510475286640671015e+02
2.473231900991708301e+02
9.202994451806407028e+01
6.728496405954670934e+01
5.032294309428457524e+01
1.331665478344920928e+02
1.001013334773139150e+02
2.003367624885952125e+01
-9.514873161778993449e+00
9.764789383312790960e+01
2.266163845476047527e+02
1.119920351334488799e+02
-1.754678809617871593e+00
9.874251191360309576e+01
1.257364968092707755e+02
1.257142168326871001e+02
1.284763001309881645e+02
1.147795621528341456e+02
1.672354835119761844e+02
-1.393770015145981844e+01
2.292867122709077137e+02
1.237417011557614899e+02
1.395120582593088443e+01
1.593187531316326613e+02
6.507429672855549541e+01
7.249044877919581609e+01
2.123691910632780662e+02
2.351819241479064431e+02
1.446599275604918375e+02
1.504131384494381791e+02
1.556719275037038983e+02
7.819647198874315563e+01
1.421968654339331124e+02
1.489988397191136755e+02
1.340520064669031228e+02
1.191722100261138024e+02
-1.276313830606010526e+02
1.385939328510766302e+02
9.760784028232795606e+01
1.337407676044451819e+02
3.148794217431998277e+00
1.346390520205993653e+02
1.486226772065105877e+02
1.356449954138977887e+02
1.370035750811022695e+02
1.652207572114646155e+02
1.117978747541850311e+02
1.097736800268684192e+02
-2.216891839201438188e+02
6.712924900505176140e+01
1.506635064432319098e+02
1.049739023419244859e+02
1.215376489509864655e+02
1.279307027717564722e+02
-2.250510450380587315e+02
1.527488581266317453e+02
1.089772079882073399e+02
1.663256351118251075e+02
1.486560419740124814e+02
1.422945078862095158e+02
9.596783723024338997e+01
1.226651107325968439e+02
1.718976564893908403e+02
1.407766447742314142e+02
1.428268691514359148e+02
1.734286931416497453e+02
1.297074245946665201e+02
1.428752741430993183e+02
1.606817896568499009e+02
1.269457511164289372e+02
1.287578995894711511e+02
1.404176987326074482e+02
1.560979946429760616e+02
1.562167636677245071e+02
6.236537084764167815e+01
1.511802019532600525e+02
-6.264947269839062471e+01
2.102149300626155650e+02
1.556698688406962958e+02
1.366051921806920575e+02
1.860112693958115528e+02
1.007106539396723832e+02
1.420516372616365572e+02
1.590448727122066828e+02
1.612807908125102472e+02
1.771063166112036242e+02
1.342785445213707192e+02
1.552065890151066583e+02
1.287097939852083641e+02
1.303809842242364994e+02
7.885354213905695531e+01
1.500370583586185660e+02
1.337941516979378207e+02
1.595081465824137581e+02
1.449798841183596778e+02
1.506699780984616552e+02
1.543051679724657390e+02
1.347109913067570517e+02
1.419227077503556984e+02
1.549898528337300831e+02
1.266535133441302321e+02
1.018412548192515175e+02
1.569317115052365637e+02
2.156386989575511279e+02
1.442263382955694908e+02
1.425856939703070623e+02
9.819476367818862172e+01
1.408151618329918051e+02
9.034757969802441835e+01
1.166678920374035187e+02
1.567725449556550927e+02
1.203452273677505389e+02
1.207289497984503726e+02
1.746551408663933103e+02
1.284655449807959826e+02
1.095350916680418720e+02
1.361465415342299536e+02
1.489676120115648814e+02
1.571746691797965809e+02
9.496522919646218952e+01
1.293124934114630662e+02
1.555994141800011619e+02
1.363961983833570173e+02
2.436888708151120397e+01
1.313926768336176281e+02
1.345529474998437536e+02
1.620665565950994846e+01
1.420243264445164471e+02
1.220505935952298842e+02
1.356563994334791801e+02
1.346176640093393075e+02
1.238686347503634124e+02
1.100897398337199604e+02
1.559742638750579999e+02
1.192134514189824870e+02
1.091458401840836956e+02
1.502885244022074858e+02
1.134564452449184984e+02
1.405174807821301783e+02
1.235590284125225509e+02
1.424998057329365793e+02
1.517274898109621404e+02
1.307306071426407641e+02
7.791371508568278159e+01
2.256602101331708354e+02
1.951659582933415891e+02
2.142955220124332527e+01
1.055438248635422696e+02
1.485983689412462070e+02
1.324191995118210627e+02
-2.436081044959847191e+02
1.329880999510038180e+02
1.437474284795771098e+02
1.346084149982418126e+02
1.180916102651517861e+02
1.581378742983993675e+02
1.656544695380312362e+02
1.523396080812709386e+02
1.315424072296678162e+02
2.321484633316731276e+02
1.094096366428451574e+02
-2.033434582816434499e+02
1.435268518294093667e+02
1.164992895313139059e+02
-3.339397086148310336e+02
1.805066254326195008e+02
1.486614841643984164e+02
-1.519161865314113697e+02
1.573059145813750206e+02
1.187875615043683410e+02
1.018131129190241637e+02
1.252677642618828173e+02
9.717736487964468495e+01
1.340178940963869536e+02
1.242772281960338745e+02
1.676266052170069258e+02
1.611966809573550563e+02
2.306591094942674260e+02
1.554627769796368284e+02
8.110441260040794020e+01
2.381341575017038110e+02
1.367165374308663388e+02
1.754099976716006211e+02
1.221973635346904246e+02
1.271765684578082016e+02
2.056085326457694862e+01
1.272214891641709329e+02
2.695108404083496225e+02
2.695524437689015258e+02
1.364772405260025607e+02
1.497863895268450278e+02
1.362918684678579666e+02
2.520415173454948956e+02
1.532392724096966390e+02
1.502290339138955346e+02
1.358405179701071290e+02
1.338886207838883422e+02
2.280753405981285482e+02
9.347902415110436891e+01
1.339601743125303699e+02
1.338109134565874285e+02
2.355323342110425244e+02
2.481029792138028256e+02
1.688954505494571947e+02
-1.894664173048426221e+02
1.520420195724818768e+01
1.352709656455781158e+02
1.514399807089607179e+02
1.261701992416653724e+02
1.391606500014692642e+02
1.788950759353318176e+02
2.405525072621327070e+02
1.255625980596467457e+02
1.264068450872654807e+02
1.653429688392594699e+02
1.676286221540371741e+02
2.448674644721537845e+02
1.595449390232151359e+02
1.309525983493706462e+02
2.543861136956868449e+02
9.314693329778317832e+01
2.820913116831671346e+02
9.051597281820346552e+01
1.444549190871555595e+02
1.548533608704344147e+02
-1.541325370846384999e+02
1.374432294464987194e+02
1.454428752680111643e+02
1.142850129574495384e+02
1.389473670141007631e+02
1.928564496607000933e+01
2.471195083810953861e+02
1.290082001854596285e+02
1.272499964024026866e+02
2.520016427209441190e+01
1.265698358652654463e+02
1.316222036726493059e+02
2.508371140797306111e+02
2.479717224001175282e+02
1.435868328842743438e+02
-7.092869167995985435e-01
-8.825501618175934482e+00
2.406286975404028681e+02
1.176251081053297298e+02
2.667187537688869270e+02
1.871901110724703585e+02
1.526409541785449733e+02
1.587576283102365551e+02
1.383031482720552106e+02
2.564115210257386366e+02
2.254162321412315748e+02
2.219212971203933193e+01
-2.403527253042225880e+02
1.319072036363515394e+02
1.384004868182488508e+02
2.368617904745289025e+02
-2.569092632820101585e+00
-1.014588665604914297e+01
1.567471004311601916e+02
1.551562248929142243e+02
1.814697346970996250e+01
1.831317516835450760e+02
2.392954564618679001e+02
1.321275133443953962e+02
2.043918214222500751e+01
1.143751891448536924e+02
1.137444967947882049e+02
1.387340123860932408e+02
3.377418961724708879e+01
1.251547400817323137e+02
1.647333793943111857e+02
1.506687537245080648e+02
2.613450810609539303e+02
1.457506041546635345e+01
2.147830383638707303e+02
1.285797391588953644e+02
1.398734896241338674e+02
-1.755269061410679114e+02
2.292574148629520892e+02
1.459871286402951398e+02
2.233122693640562488e+02
7.400489569485209529e+01
1.279592729876155204e+02
1.150205253839081081e+02
-2.082853703290786029e+02
2.522301941884574319e+02
1.334582454099018491e+02
1.429044386522323293e+02
1.313537980891221366e+02
1.252477174950656575e+02
1.488466166290975536e+02
-3.229254292946620808e+01
1.911132562962906434e+01
1.703494523524543354e+02
1.370885565618196438e+02
1.246361124426223483e+02
1.360822788879173117e+02
1.292029905494961213e+02
1.259495671230173315e+02
1.359913794525038497e+02
-2.620947704211538110e+01
1.422632186882927670e+02
1.159251557407394984e+02
9.052949103471441106e+01
-1.055610983680713844e+01
2.382003420991755434e+02
2.289713979437229625e+02
7.558254764524136249e+00
-9.053964490928126452e+01
1.637899812276814089e+02
1.389261795980995089e+02
1.181761595985248334e+02
4.429545447604340325e+00
1.589060037284045279e+01
1.478477333477491698e+02
1.399875209242916583e+02
1.448561111304189239e+02
1.557965330909022441e+02
2.033287551091754040e+02
1.587064242004979349e+02
2.619409921576299212e+02
1.371476263063969725e+02
1.136465931410444057e+02
1.575872947352960978e+02
2.390641701313477085e+01
1.475611534425012223e+02
1.393028657912653330e+02
1.387978426048789800e+02
1.287601776937448221e+02
2.731749363780425028e+02
1.395739809994894642e+02
1.145825982817162014e+01
1.488021762928774194e+02
2.216268504424020875e+02
1.452943487427633045e+02
1.485337071983744011e+02
2.688031901566027670e+01
1.548329677163511633e+02
-4.827676973842820729e+01
1.367417069338603710e+02
1.384378587031454515e+02
2.138096165690745920e+01
1.204777881260463346e+02
2.377161191159671318e+02
2.599326302255227574e+02
1.623934111361515704e+02
2.443524865507383765e+02
1.333964297528701195e+02
2.168345121010102048e+02
1.629070438742440956e+02
1.374929161271908242e+02
8.258505732601207683e+00
9.429617111084446890e+01
1.420498546904157422e+02
1.341618451626407307e+02
1.155556035391892067e+01
4.850592824288531801e+01
1.341843743096115418e+02
1.545828728597749375e+02
2.323282291432504678e+02
1.428893217456238851e+01
1.451299494334144811e+02
2.393715319207931032e+02
1.485427825871985306e+02
1.665744038131051354e+02
4.371792024499222862e+01
1.447813151450232567e+02
1.617487572645759997e+02
1.520512055188426643e+02
1.673007032914020158e+02
-2.379959275305070889e+02
2.523280176226383276e+02
5.639643737387359579e+00
1.578002765578862920e+02
1.638131175724742548e+02
1.625148127233031516e+02
2.464236216109271709e+02
1.523571020844026691e+02
8.443354012985977874e+01
1.055160672090567857e+02
-5.799481776436629588e+01
2.539114580614445629e+02
1.485929250877142351e+02
1.503296340240094935e+02
1.625563379880072716e+02
1.292973314899696788e+02
1.263775821717667753e+02
-2.402245845279448702e+02
1.366408280762423715e+02
2.377004507394147765e+02
1.306683690196867360e+02
1.381821609922137384e+01
1.096695450566126766e+02
2.533752099453889741e+02
1.551361276919133729e+02
1.185903942047176258e+02
2.416831414652818069e+02
1.660523974530815963e+02
1.292579291025329553e+02
1.898685051622050253e+02
1.472548700829918289e+02
2.473727151803713582e+02
-2.345970978253512556e+02
1.610128018267362791e+02
1.844002725740112680e+01
1.594834683339056198e+02
-2.491361255454366130e+01
7.649212405766817824e+00
2.909233115372663292e+01
-7.336718333716603979e+00
1.220254234295039879e+02
1.464146791343541452e+02
1.830690913165134361e+02
1.522512561343607445e+02
2.858080548507374488e+02
2.696259608252225348e+02
2.327311546554341248e+00
2.396013504353703354e+02
1.542302945593442587e+02
1.776974615910641262e+02
2.330919023384232673e+02
2.759886727100037547e+02
1.437529616396304846e+02
1.693119233931112433e+02
2.462410781947638156e+02
2.166918512685735720e+01
1.711370433956162742e+02
2.650106448593752475e+02
-2.717695779498903903e+02
2.650362809987253740e+02
1.379621971900458846e+02
2.703367503752277798e+02
1.586521136005388257e+02
1.572820604372459741e+02
2.249839749854230604e+02
1.575535255408239834e+02
1.773333791721250634e+02
1.153336139921057111e+02
1.305710626068755289e+02
1.733238095210309666e+02
2.812782209433846674e+02
9.976848480140189679e+01
1.542625524210714048e+02
2.165039697492733808e+02
2.617499456734215073e+02
2.496269245398988517e+02
2.445495800285306984e+02
2.434206317731411389e+02
1.584482434488723754e+02
3.079774268951416616e+01
2.496012423236854261e+02
1.122356696822414790e+02
1.114163689586476380e+02
2.462243906295492479e+02
2.682617106987961506e+02
2.451058462227031214e+02
1.620939916304317876e+02
2.242771119618317357e+02
2.800133561572721419e+02
2.826645553959421591e+02
1.799069626159260622e+02
2.399082708256296712e+02
2.877608607041141227e+02
-3.073475130992935078e+02
2.926219054543531684e+02
2.817995442485694184e+02
1.086818888072824336e+02
9.568231822299631517e+01
8.653856626636314786e+01
2.347415560983628495e+02
2.717119347924392514e+02
2.760862182055717540e+02
1.203892695508016004e+02
1.186313177980691478e+02
1.570130644357116694e+02
2.671113716799762869e+02
2.304400914728519751e+02
2.406138883020184664e+02
6.273289555906267623e+01
2.245148455760032959e+02
2.000390375034339741e+02
2.600095417786967573e+02
8.627262712697748270e+01
1.211550376992701956e+02
1.266109252846188440e+02
2.406035663124397956e+02
2.044246466874637917e+02
2.379738304222657348e+02
2.518990501895847842e+02
2.414532259075875800e+02
2.568450678131503082e+02
2.176260378737522672e+02
2.365601372606628843e+02
9.891114789319203737e+01
2.678242304858379157e+02
2.881666620578701554e+02
2.497767383433421458e+02
2.473487632521174078e+02
3.008628863867950258e+02
2.820303119542862760e+02
1.059155097645641206e+02
2.443798421004784984e+02
2.238857186095458189e+02
1.295911076492100165e+02
1.558126745737665715e+02
2.840777860239642223e+02
2.502982238693850547e+02
2.385737865232424326e+02
1.621016621593202558e+02
2.412369901090124245e+02
2.731486660702764198e+02
6.835762293211428187e+01
1.117378052188074804e+02
2.560023126166578891e+02
1.252841256632324729e+02
2.779313468331853301e+02
2.677717736212373438e+02
2.768378816817466941e+02
2.331700893891297142e+02
9.782355492694463805e+01
-1.779975591452503920e+02
2.019801131105326704e+02
2.371876313924453541e+02
2.707795763453904101e+02
2.796648980963267377e+02
2.424683203150312920e+02
2.583387208705562443e+02
1.209485270351743935e+02
2.246354494770439487e+02
2.507815916881281169e+02
1.485596691920666217e+02
2.442225700157840151e+02
2.605640936587871010e+02
2.530805890888096599e+02
2.428714291175409130e+02
2.828812007777755753e+02
2.858341847901181154e+02
2.631347374982834140e+02
2.690616539748550622e+02
2.802875176686487748e+02
7.034921737816063114e+00
2.591155545428466667e+02
1.698651293192161802e+02
9.153529442664368787e+01
2.438845500526065564e+02
2.644818777502613329e+02
2.023603855959182738e+02
2.312094727876257707e+02
1.523198366031788282e+02
2.925109779899768228e+02
2.388156774422798776e+02
2.026251787407070992e+02
1.222481270518656515e+01
2.612084080607891110e+02
2.493684705856206278e+02
1.568331618429475895e+02
1.776963918278233336e+02
2.718591643852994935e+02
2.326699205628537754e+02
2.398591847242926747e+02
9.128263181725750997e+01
2.719997246583614583e+02
2.205235201056526080e+02
2.638233773990641566e+02
1.314583635427909485e+02
2.750815861699864513e+02
2.649265333587874807e+02
2.543764204180763784e+02
2.613688850370518253e+02
2.411235582448701962e+02
2.497996159476424793e+02
2.525940753427655352e+02
2.484768130242840130e+02
2.156599274660202070e+02
2.791757342127802985e+02
2.918509432664056931e+02
2.692582928021797670e+02
4.045084890395500565e+01
2.790913411448262309e+02
-3.861672749595939536e+01
2.549813560051668730e+02
2.155634267248145193e+02
1.944621274957144124e+02
2.354224484479621253e+02
9.657482953271197346e+01
2.677461810293537496e+02
2.357483751259216547e+02
2.222169602340505321e+02
2.543965120975966840e+02
2.429693559283006152e+02
1.916143284020556905e+02
2.347781417308804919e+02
2.526215229086605234e+02
2.504266563723162733e+02
2.486068618938857071e+02
2.354390345530278523e+02
2.339856036377962312e+02
2.330430653088685631e+02
1.055538019121819957e+02
-2.894442220902211602e+02
2.291783628443214411e+02
2.243054269078670018e+02
2.275320944664938168e+02
2.492747475374971771e+02
2.378179454758014515e+02
2.334695997156617295e+02
1.054265140559114116e+02
2.646972356131042261e+02
1.939005191666509518e+02
9.006769039065332549e+01
1.223917283531831117e+02
2.518287066665139378e+02
2.790858613793037648e+02
2.349511073117079150e+02
2.385226872824915745e+02
1.343837766356268162e+02
2.301100945312672081e+02
2.733660572071289607e+02
1.305771957936678120e+02
2.601720939949245803e+02
1.772673182946139718e+02
1.276548034338791666e+02
2.371197009562515348e+02
2.505673669774360235e+02
2.409198666956190777e+02
8.949769516852160223e+01
2.537602633917362027e+02
2.989765877372859677e+02
2.595422382258968810e+02
-2.639192354655347685e+02
1.176967294130032400e+02
2.775659557815861831e+02
1.080095093461040676e+02
1.016404147916637442e+02
1.180729821882329560e+02
1.399132492295099155e+02
2.580991006665466330e+02
2.249637424060075830e+02
6.702666235263023964e+01
2.365172018144475032e+02
2.391574419502723288e+02
2.998286460055073235e+02
1.366805761206587988e+02
2.738579997234322150e+02
2.523497091715007912e+02
2.641142106921756181e+02
-2.869750926482192881e+02
5.114498634339088312e+01
2.500473031594127633e+02
1.064011342061685639e+02
2.462815770641525148e+02
2.634261480307196734e+02
2.498116673597481565e+02
2.502772215319251927e+02
2.306204354344025660e+02
2.766615277557117452e+02
1.056983337640735385e+02
2.656376948737555495e+02
2.346453682010572663e+02
2.747377642663444703e+02
2.465378544525075313e+02
2.836877002768201237e+02
3.113211951335364347e+01
-2.669205744556832087e+02
2.140146531600687467e+02
2.472283413619420003e+02
2.540820403913842256e+02
2.363960912820057274e+02
2.413633753248595895e+02
1.402160092788971895e+02
1.599701404900536659e+02
2.530285505056826878e+02
2.667588789646644045e+02
2.343617888496312673e+02
2.339400346801747332e+02
9.778123589048554720e+01
2.271821330278289111e+02
8.183076339256430742e+00
2.745849523551685820e+02
2.660833158108358703e+02
2.756800844380259150e+02
2.690865847029681390e+02
1.459250809518703988e+02
2.582946191351717289e+02
2.318287383546767728e+02
1.076666178412314991e+02
2.448484577656399779e+02
2.707077014388642056e+02
2.412631357913660963e+02
1.244768609732431628e+02
2.670059573522501637e+02
2.563806142436819755e+02
1.191838169206099565e+02
2.492933061110371114e+02
2.502942448986127886e+02
2.287702259534555651e+02
2.360638241036405418e+02
2.210787891662049844e+02
2.524915058940725032e+02
2.722088833606865705e+02
2.127668500223268779e+02
2.499229369002235046e+02
2.455447888533649632e+02
2.625248646360030307e+02
2.560738792927455165e+02
2.594759083818864838e+02
2.425535948875348140e+02
2.302010897651489074e+02
-3.069427805362581694e+02
2.300496086317454001e+02
2.174553567341030771e+02
1.195006671142741794e+02
-2.212437270882432472e+00
2.908696409145942425e+02
2.243872845733600627e+02
2.693761410004124173e+02
2.695292501725461989e+02
1.916040709720590485e+02
2.777003677341916728e+02
2.600390319638754022e+02
2.430609630540782007e+02
2.005267911195555826e+02
2.492482199812234853e+02
1.614051063432053468e+01
7.568333512935183194e+01
2.042521395060421128e+02
2.559777633648102153e+02
2.464023379012343469e+02
2.284385470777080513e+02
7.210196592529229065e+00
2.464044655974113311e+02
2.415065250242883508e+02
-2.266127748279789955e+02
2.671657410183523211e+02
2.474399206445274331e+02
9.866593623961074400e+01
1.107802248780517544e+02
2.782020143471480651e+02
2.645700014629529733e+02
9.680246240817034220e+01
2.526153774684426025e+02
2.232209180675313007e+02
2.345975443862940324e+02
2.410357088491376203e+02
2.471783352682469683e+02
2.420319941092641898e+02
2.463774933380661309e+02
2.120665654296938669e+02
2.641939721558695737e+02
1.314701789974017743e+02
2.628042097877062133e+02
2.354554591324566672e+02
-2.690364375428866879e+02
2.657723751639105103e+02
9.255482329368260253e+01
2.872036624928221045e+02
2.409565643976561660e+02
2.448986750351412525e+02
2.287349533228129417e+02
2.217972765630440506e+02
2.357283130634436077e+02
2.284604853832575770e+02
2.401696024483350698e+02
2.564274068806419109e+02
2.348079190087570964e+02
1.402178596504313930e+02
2.411780755051856033e+02
2.392128640041213998e+02
-2.109375448329856795e+02
2.725022439432455030e+02
2.420972618637494520e+02
9.453370815956748174e+01
1.128456417289216063e+02
2.283623372493848649e+02
1.095704445900654633e+02
3.005797422812393052e+02
1.132849400883466870e+02
2.261638838499449662e+02
2.793573259792880776e+02
1.168315227619537637e+02
2.559727203836598903e+02
1.112780298366224514e+02
2.649580615943687008e+02
2.451450811867259176e+02
2.222973998542004495e+02
2.361734183213364417e+02
2.176537040805256993e+02
2.422504744666779857e+02
-6.458840388548990632e+03
2.492072021002171027e+02
2.720613567779038249e+02
-2.779730865796670969e+02
-6.761330549546229122e+03
2.413035487300608395e+02
9.319560604700595263e+01
8.987071408175754073e+01
2.587549040724534848e+02
2.636588483172893120e+02
-6.518635791892756970e+03
3.557307186603378568e+01
1.385695578289197556e+02
2.741804430002713957e+02
2.381140506563898498e+02
4.938880352858734568e+01
2.586861728424960347e+02
1.995173801050628981e+02
2.295586837145786490e+02
1.316710599062625704e+02
1.333687866477633008e+02
-4.036447038750978663e+03
2.602056184047307852e+02
2.222234482744605089e+02
2.425152749548481950e+02
2.195075702878651782e+02
-1.058038023687197438e+01
2.392777014603415751e+02
2.108871373083047729e+02
2.081066334640965465e+02
2.438230546603376467e+02
2.332646929028884983e+02
2.325120817381268807e+02
2.167404289113908362e+02
2.496804915702632570e+02
-3.565701634067019654e+02
1.088613365248646119e+02
-2.827321891404844791e+02
2.480605765131388409e+02
2.833765505387199255e+02
2.649385326225602739e+02
-2.557917937181468346e+02
2.275652071504262040e+02
2.254590055899573713e+02
2.672164977939293067e+02
2.447154953225358724e+02
2.117226398754739023e+02
2.676983254408197581e+02
2.716317005872519985e+02
-3.233362525291246925e+02
2.542136217405632976e+02
2.479882848545306047e+02
2.103117694977812278e+02
1.104269648710996847e+02
-3.507541848682706586e+03
1.094688469824013595e+02
2.384577488175001463e+02
2.671363199225694416e+02
2.439151412025287868e+02
2.554111940115245716e+02
2.315360129963981706e+02
2.362486128526013829e+01
2.461719896738584339e+02
-1.903876009747293438e+03
2.153394758619774052e+02
2.494488958957900024e+02
2.682080823279311517e+02
6.290679475227435091e+00
-2.080103335024728324e+02
2.800005466331867865e+02
2.616672802699305294e+02
2.286961219451944771e+02
2.925365576908128560e+02
2.284243260919972158e+02
1.193963141357163238e+02
2.251147939682726928e+02
-3.000069241552997710e+02
-3.622494058416543339e+03
2.604818244372013964e+02
2.400570699984288865e+02
2.512952007209484577e+02
2.506446841237311105e+02
2.446356819239561275e+02
2.560211850030162282e+02
2.337479902245414394e+02
-2.837951201863575989e+03
2.284238108738599067e+02
2.264452308706296435e+02
4.788870618652407529e+01
-1.395566381140608200e+03
-1.201194241125770645e+02
3.288995050525927581e+02
2.202226816627746757e+02
1.057798216735226475e+02
-2.241253201525539396e+02
2.513635098676492134e+02
2.533224154063145761e+02
2.232877855491429386e+02
2.705854806322251989e+02
-1.055954574565346320e+03
2.275861869367257384e+02
1.286923747519589369e+02
2.541789595119551564e+02
-1.183380252687819848e+03
-1.632224925649387899e+02
2.283019314114161205e+02
2.546225979587392487e+02
2.656896095089269920e+02
1.289544534214520866e+02
2.945049080668637771e+02
-1.491087461628673509e+03
-5.162594729714788144e+01
2.533639210703827587e+02
6.899347434898842835e+01
1.161378994560391078e+02
-2.846337805710584234e+02
2.112484297442803722e+02
-1.895829623535541714e+03
2.506466072601052133e+02
1.201334608665481767e+02
7.377036999976877496e+01
2.109793829214754624e+02
2.693188230607315745e+02
2.472859064259299942e+02
6.109882237744571398e+00
2.320616523988587687e+02
1.972639865508918433e+02
1.300985155739790002e+02
2.650352519506933504e+02
2.567305794916202899e+02
2.549247472511877106e+02
2.538963975161540532e+02
2.640063461948039958e+02
3.106676765017718935e+02
7.878676951889534052e+01
2.288977461222104353e+02
9.882690466262151574e+01
-6.193376208882630181e+02
2.030027493207456075e+02
-7.544025934754095033e+02
2.081163761636173319e+02
2.716370035316768963e+02
2.243614908756430850e+02
2.809384988879465368e+02
2.074717772555156614e+02
-8.792506410261966039e+02
2.330239279037890867e+02
2.891289098427330373e+01
2.788323078012281258e+02
2.335094957468225516e+02
-8.479342730191850706e+02
-5.338064365499692485e+02
2.336029282789377817e+02
1.004616760764320418e+02
-5.024549644324654878e+02
2.355787685384423185e+02
2.346464439453510238e+02
-4.976625060940912135e+02
2.352362647330382686e+02
-2.522586985681640783e+02
-1.165606002751096213e+02
2.489861371635759895e+02
2.483989486798848247e+02
2.458954490332447733e+02
2.699564636155812991e+02
-1.112714777120749261e+02
2.256193250195694020e+02
1.186545424805691340e+02
-7.120034338360866286e+02
-5.184749513521983317e+02
2.477612494115303434e+02
-4.607833773177309240e+02
-5.882378663185078267e+02
-5.033209192530823657e+02
-2.637195245679571372e+02
-5.241697908312430627e+02
2.713588320948164778e+01
2.653223717555009102e+02
2.212119360269207391e+02
-5.319599062458362368e+02
2.055351949606266828e+02
-4.491774266406962397e+02
2.659399904607587359e+02
1.223387713255374933e+02
1.280887021014921174e+02
2.317801619964196504e+02
2.645484967681059061e+02
2.259529235260995392e+02
-7.016177617188023987e+02
2.658593394378813741e+02
2.617020879934005961e+02
-3.066944978031154960e+02
2.525136709937950741e+02
2.545858127830521198e+02
-5.829135567582982276e+02
-6.878191017268165979e+02
8.467370294626231697e+00
2.503701676824047411e+02
2.537581069419691744e+02
2.867108320350038753e+01
-5.083810287011364721e+02
2.131307486081284992e+02
2.348582432762100893e+02
2.039081962430396970e+02
3.043659225122941052e+02
-1.605009052776099452e+02
2.290152349168619139e+02
-5.575589621407673349e+02
2.650631801060470707e+02
1.265399424142810858e+02
2.650757680641379466e+02
2.469587817598064134e+02
-6.967004647663695778e+02
2.657989910429286056e+02
2.434840238262610796e+02
2.414917624151262316e+02
2.172438075661007986e+02
7.563867011591341338e+01
2.111627634864428558e+02
-7.042606154326285832e+02
2.264953747205565833e+02
2.207872577531489355e+02
-6.306330510767928672e+02
2.020724896964474624e+02
-5.179549911387186967e+02
2.536046814897545687e+02
2.428445626636790564e+02
2.510954309002222544e+02
1.086654778002324946e+02
2.431673355885208423e+02
-4.807137772765830164e+02
2.348909497866183926e+02
2.438365538120682743e+02
2.421453455085351436e+02
2.776785066314673145e+02
2.504995441023211526e+02
2.464529232717486877e+02
2.297606563797008050e+02
-4.390489992989444659e+02
-6.804035478111433122e+02
2.677403300537290534e+02
2.146957224500665689e+02
2.639240346334486276e+02
2.403021979900422878e+02
-6.114257743419800590e+02
2.186835281369928623e+02
-6.731766843321790930e+02
2.761281131220605971e+02
-1.877425602273007996e+02
1.172472001572923261e+02
2.167400594447464641e+02
-2.536513514048778291e+02
-6.480401180324581674e+02
-2.608338315304470711e+02
2.373151570911710166e+02
2.097059549664332678e+01
2.732196015506215758e+02
1.729203539619064145e+02
-5.903709630293922146e+02
-3.268309113828252066e+02
2.534734042911150596e+02
2.965619184397237973e+02
-5.671173328632492030e+02
2.347068489337023891e+02
-5.701583763571666168e+02
1.014885800395708770e+01
-5.840128149420224872e+02
2.200493499732209273e+02
8.266329922276612763e+01
-4.919278675059005081e+02
2.074544667279964756e+02
-5.009662279223945234e+02
-5.248577721558503981e+02
-3.787178195679612713e+02
1.062602360947180387e+02
2.292854202130124008e+02
2.700623788853134783e+02
1.174084666548660181e+02
9.768210371070358633e+01
2.620006400657798622e+02
2.297389061722155077e+02
2.229787945801042497e+02
2.584227387962581020e+02
-3.165634519053294298e+02
-8.940657653726432841e+00
-2.319910920471162115e+02
1.347594430991005652e+02
2.439145337035933494e+02
-4.726494137929906287e+02
3.002143399100507395e+02
6.589310859004967824e+01
4.689338194262552406e+01
1.125176887553188863e+02
2.888757304707795583e+02
-6.904489508694674669e+02
-5.464860972485880666e+02
2.259883650241779947e+02
2.065248797603047706e+02
2.175153911756001719e+02
2.163059319295777811e+02
4.536590736506826715e+01
-4.300250427166790246e+02
-3.744376729582380108e+02
2.869488063763863011e+02
-5.345582445699138816e+02
2.311472609037036534e+02
2.048959750102593489e+02
6.217204230104764662e+01
2.135842315275544934e+02
-4.903677063808212893e+02
9.843904860355156927e+01
6.669785223721095235e+01
-1.118033361480594294e+02
2.295979124423297435e+00
2.429989613563390094e+02
-3.053057482498242052e+02
2.330767486654617926e+02
2.420231870616635490e+02
-1.035099845966007024e+02
2.729720088704931413e+02
2.377620834149621487e+02
2.463804495089944737e+02
1.844094038483893883e+02
2.394282088996572213e+02
2.635154559051043179e+02
1.243245414276003658e+02
2.384084567462753910e+02
-1.300387941910649658e+01
2.339298041193312088e+02
2.599663128423295575e+02
2.328330065053895055e+02
-4.317113330203915780e+02
2.682512081256235206e+02
2.213411966865423608e+02
2.082480936893593082e+02
2.549748680130703065e+02
2.784239244725807794e+02
2.359089547689020492e+02
-3.285871644093212467e+02
2.599423885647199199e+02
2.682580793304088047e+02
-3.885391773007331153e+02
2.835778678278491611e+02
-5.068233625951548333e+02
2.313173630123342832e+02
9.292256361104315943e+01
2.267979879570423520e+02
1.257100886747803230e+02
2.494920726490067295e+02
-4.142152281550820021e+02
1.804644499427919868e+02
2.950452992454709147e+02
2.471116332639574011e+02
2.087420479061182448e+02
-5.194770122158748791e+02
2.575816956327073513e+02
2.394052676084224629e+02
2.540799127478925072e+02
2.485612845165777003e+02
2.433577723640677277e+02
2.596547934462613512e+02
2.148499353788583335e+02
1.486136934416567499e+02
2.819407679398524920e+02
2.721484586340783380e+02
2.311555164571700800e+02
1.413199875053906283e+02
2.667160785451649190e+02
2.790536438410959477e+02
2.505577397433503108e+02
-6.636580661939907486e+02
2.325542566733622323e+02
-4.294754345793468815e+02
2.753655570356100952e+02
2.746519140730723620e+02
1.585526095253015910e+00
2.580171268004335161e+02
2.349689797634435138e+02
2.626098077408743734e+02
2.753132317603022443e+02
-3.627749138942439799e+02
4.270577403257070159e+01
2.450479213740670730e+02
2.587510639988844332e+02
-1.349392617394087779e+00
6.411626994711730276e+01
2.545108805677325847e+02
2.519516757086182963e+02
2.543216276609239799e+02
2.109202820605784439e+02
2.421170719472002588e+02
2.600752009944023371e+02
-6.039296058588600999e+02
5.006805526530447992e+01
-3.957996849410774871e+02
2.982544262695217867e+02
2.593505234181923242e+02
2.759594722895126324e+02
2.314167808005346956e+02
2.517154269700889699e+02
-6.211556448317944614e+02
-7.002314376645429093e+02
-5.769075494588189486e+02
5.387285977710962470e+01
2.561724086037455663e+02
2.426527516388871959e+02
2.616786253018531738e+02
-6.368778112561569742e+02
2.535589146907014992e+02
2.381658879072558932e+02
2.522164864865888489e+02
1.767624748750462800e+02
2.294671137727552548e+02
2.677856708494308577e+02
2.352958972651862837e+02
-5.414344204659705611e+02
2.672912145929175267e+02
-6.924584990046662369e+02
9.500039470463451607e+01
2.029760423907457039e+02
1.019539965439846583e+02
2.606981122737795431e+02
2.454753704379912165e+02
1.268266874190852320e+02
1.906666957459258072e+02
2.611332684039701348e+02
2.423012550932924967e+02
2.620868273100553552e+02
1.078901466807415943e+02
2.859086498730894732e+02
2.126950800187462391e+02
2.614573931058755534e+02
2.794486913304214681e+01
2.698476022356686599e+02
2.710040219175911034e+02
2.915113300531593836e+02
-4.985009672727094312e+02
2.585435179783333979e+02
2.536679709598753618e+02
2.644580531701840300e+02
2.192757503047689056e+02
2.501168938259885124e+02
2.049629608782463492e+02
2.646738140080406083e+02
3.569434360099560877e+01
2.645417655992780510e+02
1.911630141984062448e+02
2.582032247825455329e+02
-6.203655172380051681e+02
2.825524685015716386e+01
2.295376816523317132e+01
9.916244158254717433e+01
-6.025944194136682199e+02
2.313925226846149030e+02
2.215014564609130332e+02
8.316584721477917697e+01
1.909197750668667481e+02
2.371702974914493893e+02
1.000169894758619762e+02
1.676041700588078811e+02
2.612257761048822999e+02
1.984266888394474222e+02
-7.681579910529096651e+02
2.314016587406863437e+02
-5.523946506662550746e+02
2.383841005441489358e+02
2.454845876137749485e+02
-5.393363315102740216e+02
2.778193360045387408e+02
2.694479355749963361e+02
2.241052533054716491e+02
3.475588230727311156e+01
-1.747918260974655595e+02
2.814759547910278457e+02
-5.611041130214265422e+02
-5.448579849454355326e+02
-5.556282260218208080e+01
2.345618840112885550e+01
2.290295063341974071e+02
1.278535418092388625e+02
2.435103786299109174e+02
1.862441917434899779e+02
2.771890459830863165e+02
2.657487875400422581e+02
1.916897236057125724e+02
-9.788704093949456819e+01
3.582615904454689826e+01
2.730071847460546337e+02
2.089325913900216847e+02
2.332101077136748302e+01
2.427657161980307023e+02
5.254990665928616522e+01
-6.091701542676358372e+01
1.999535871210409539e+02
2.294245666032788620e+02
2.255642901510818774e+02
2.727037333172687568e+02
-2.718533589790157521e+02
2.703315450357210921e+02
-2.681969384231996401e+01
-2.745040344613674677e+01
-3.990060498204509258e+02
2.689400897427085511e+02
4.463369454914101198e+00
3.449983158418157814e+01
-2.725125801038368536e+02
8.816203207072398129e+01
2.244086348091451271e+02
-6.710001432278565403e+01
2.026473951054137501e+02
-2.767140496844145048e+01
2.456417649144919437e+02
3.908635612804044968e+01
2.165840279341604742e+02
2.656647705445237193e+02
8.446331264186827070e+01
2.397501858916617721e+02
4.726225044319568269e+01
2.264617543282076895e+02
2.522069709589983120e+02
2.414352258437818932e+02
2.454053978842364359e+02
2.263457804732020691e+02
2.523294980799857399e+02
-6.775395069322328823e+00
4.040632010177859001e+00
2.218416676208122169e+02
-4.199129270964428429e+01
-2.536125496742317864e+01
2.614075073577164687e+01
2.468525031716521880e+02
-1.681870433372509126e+02
2.494228526416412137e+02
2.559330725304468785e+02
2.137764548518430274e+01
2.500076669482659497e+02
2.396486403065213437e+02
2.601477168432347753e+02
2.998231168712144381e+02
2.318349557704857489e+02
-1.949494699975412004e+01
2.675961369453785323e+02
2.262094057106860987e+02
2.590862444915995866e+02
2.525884655035915216e+02
2.496135602396848299e+02
2.620535498737341413e+02
4.199226172366076071e+01
1.260455518444964866e+02
2.133960885724101502e+02
2.803066752888204292e+02
1.339718297465196315e+02
2.400179306334984517e+02
2.335398601834607462e+02
2.724578262666597084e+02
2.000040878288763224e+01
1.044270113982985748e+02
2.436261831185307472e+02
7.363081380501057538e+00
2.544102299181744797e+02
2.447373259293910053e+02
2.572361064558834869e+02
-4.452460917118960992e+01
2.812412210609187468e+02
2.483835208960661873e+02
-3.292009891430451489e+02
1.936507670123798164e+01
2.190332146380019083e+02
1.506580163347799441e+02
2.221379100660834069e+02
2.472982058311342257e+02
2.512800333813193561e+02
1.975750541930050304e+02
2.429342055584062905e+02
-2.045626456947739769e+01
2.402174456157330553e+02
3.131139678209549402e+02
-1.382870859848390523e+02
2.553805720188872783e+02
3.876063122378639036e-01
2.327413378712549274e+02
-5.257368624362960929e+01
2.572401806757226268e+02
1.864045924025487011e+02
2.555794850132108422e+02
4.968952488562510439e+01
2.558991726278341048e+02
2.770833732339482367e+02
-3.144355285685270474e+01
2.386953983420518171e+02
2.739872866426642304e+02
2.261140693468346115e+02
4.040242786685732312e+01
1.767365697153057624e+01
2.514905797753370962e+02
2.415085702093989539e+02
2.514124209080098922e+02
2.593760660019704574e+02
-3.952037020396177525e+01
-2.594567696814948476e+01
2.558548143942469153e+02
1.395485471237856814e+02
2.668423315971931515e+02
2.475127912719172230e+01
2.656007964059416508e+02
1.765831005598748789e+02
-1.651705534513068869e+02
1.026677639489528673e+02
-2.536219639912664547e+01
2.570424822543164396e+02
-1.718746510001915624e+02
2.139223391758087303e+02
2.801067993991995309e+02
2.333261637601921166e+02
1.179032995581727903e+02
1.380087101896147317e+02
-2.109497307994161019e+01
2.526844165789215708e+02
2.614383747979576924e+02
2.661505038535872245e+02
-3.158993434975864716e+02
2.499849222328760163e+02
2.351697278958144466e+02
1.211159891302992548e+02
2.303303975040326748e+02
2.470876756190806987e+02
2.688461549071153627e+02
1.635330172688517791e+01
2.728799738531133698e+02
2.709095837045725261e+02
2.359281305295095308e+02
1.125170973023584509e+02
-6.473905522203750706e+01
2.218943460975200139e+02
2.473203264007982227e+02
-2.650448583864728676e+02
5.021358697738094179e-01
2.754202233863525180e+02
4.139427815015019974e+01
1.346348421626149729e+02
2.670770521356075733e+02
-1.031364617056559325e+02
2.520761295576280929e+02
2.726927803788464075e+02
1.094682098412341986e+01
2.489640959289131104e+02
2.666710354780009311e+02
4.052949451978903994e+01
2.683439771918348242e+02
2.576991888935995121e+02
2.363858162185546803e+02
2.630918397109901434e+02
2.393847709658485883e+02
2.711288023339739084e+02
1.361744976079591822e+02
2.564037920772428265e+02
2.382376096690026657e+02
2.392896636079016446e+02
2.279643578336060727e+02
-6.111836504784784552e+01
2.392161203461556340e+02
2.325377427120011760e+02
2.481932074908100390e+02
1.330779289799737626e+02
2.431458367954020332e+02
2.945637597476160181e+02
2.244741444468069744e+02
2.682632053456385393e+02
2.439659463171345237e+02
2.588133093563751572e+02
2.504695551735677839e+02
2.483155462928442887e+02
9.827339507733526602e+00
1.025585844482071707e+01
2.583888621036738868e+02
-2.909434715471790014e+02
2.842330486079291063e+02
2.455185553948188613e+02
2.705746483485917793e+02
2.873570593235866681e+02
2.828845418724613978e+02
1.466674759081647892e+02
2.636649737914094658e+02
2.856496253803186391e+02
-3.165691870815155085e+01
2.795506745575714831e+02
2.263355222663718678e+02
1.428158544247480961e+02
2.399877881757397233e+02
2.566313068460790419e+02
2.495035681217960075e+02
2.444414141285174082e+02
2.278690564599869504e+02
2.599052709841891442e+02
2.682396853571078736e+02
-3.047886645429733790e+02
9.287972018289991638e-01
2.395756169602797456e+02
2.490730742083422626e+02
2.560380287589961199e+02
2.535877288150556410e+02
2.021379499761462455e+02
2.355384160163326328e+02
2.738513384311572736e+02
2.470497710896655974e+02
1.673650853755279968e+02
2.871318599943072627e+02
2.515117628458569925e+02
2.716614272569968875e+02
3.975932694987108107e+01
2.786721329541850878e+02
2.422695769756898869e+02
1.537452120373240234e+02
2.291937898732386145e+02
2.698481001339705472e+02
2.843978526927598978e+02
-1.354531104444569394e+02
2.594863360317255001e+02
2.332837438101775263e+02
2.795628173867326041e+02
2.315841763742436683e+02
-6.023116148355512678e+00
2.770756090713227877e+02
2.337623665321016233e+02
2.698116916575305027e+02
2.692483790227337295e+02
-2.316837787092948133e+02
2.315592544936446870e+02
2.233203850740127905e+02
-1.889519890973630822e+00
2.504434808046113972e+02
7.308531463449980947e-01
1.625895725427582761e+00
2.610485220701265803e+02
-1.960857519087866763e+00
2.775961692826995204e+02
-1.421497236201521730e+01
2.326590219981419239e+02
2.889337727422844750e+02
6.662898585521276118e+00
-9.196361942614572627e+00
1.308043356870504681e+01
2.624257660759267310e+02
1.132624675452216820e+02
2.137833930611112976e+01
2.454997391756724880e+02
-9.523284511729229962e+00
2.681176200511915795e+02
2.510558800514933182e+02
2.185247967463658370e+02
3.018449564340727420e+02
2.638617234172193093e+02
-1.073685034215606038e+01
-2.776121514922127176e+01
2.754687571993791266e+02
2.627096659106241532e+02
2.732686330941718893e+02
1.035957360756825949e+02
2.025423382732340087e+02
-7.918197266814843260e+00
2.494007838443229161e+02
-1.048891079181968138e+02
2.538743505050819067e+02
1.528854120847353215e+01
-1.826735598213069522e+01
2.733112650137882156e+02
2.687947151662229999e+02
3.750327132003079100e+00
1.119240045454943129e+02
2.367429080137573578e+02
2.215882721728989111e+02
1.987107190935401206e+02
-3.646375737817140816e+01
-5.651650243019616937e+00
2.423055706521909656e+02
2.638551303218832800e+02
1.194663333276754571e+02
1.476458573886742442e+02
2.709667957169563124e+02
1.595527517673207285e+01
1.928953201733505125e+02
1.962129453778636332e+02
2.666586905458523233e+02
2.651352443238390606e+02
2.534308330051279654e+02
2.729918699374150037e+02
2.591254578560843811e+02
4.105035249239989525e+00
1.622718452261153743e-01
-1.157630845778570006e+00
2.245102778984036149e+02
2.234309231155303905e+02
2.475346726814927365e+02
2.264080375547917470e+02
2.211363572720340187e+01
2.261533119562444938e+02
1.057912289116951001e+02
2.458896231532438605e+02
2.841610410345242030e+02
2.658474926479480018e+02
-2.837797464138702708e-03
-2.804755522342505003e+01
2.432783800109913841e+02
-9.698653886943280611e+01
9.557155157448420368e-01
2.307985308331540750e+02
2.186139027263505454e+02
-2.797816279818597707e+01
2.562759739512572992e+02
-1.155201643345538400e+02
2.586152392326424660e+02
2.879401028177425133e+02
-7.858758963502189943e+01
2.607819376472192516e+02
2.298593785128166473e+02
2.265675575152072838e+02
1.876955892735640816e+02
2.612552432463820651e+02
2.611136684508934422e+02
2.390837558619388403e+02
2.620003368600691829e+02
1.244731603425433235e+02
1.396856416865551864e+02
1.904297004439485477e+02
2.307933662426229091e+02
2.586098961144689383e+02
1.629776982784806592e+02
2.688743875402423100e+02
1.050501409293357256e+02
1.868726529685414448e+02
2.613751742658423609e+02
1.939642236058114122e+02
2.460263248831103056e+02
2.311577779359500937e+02
2.743289351558152021e+02
2.475509815290046163e+02
2.273254535980789228e+02
2.709585591531665614e+02
2.578857959793205623e+01
2.642885645137606048e+02
-1.785912955243433657e+02
2.381972784114372033e+01
2.175298248493093070e+02
2.557273238447043582e+02
2.528303493219483187e+02
2.680784449333950192e+02
2.665289854406756831e+02
1.248810214791036231e+02
-3.088976797454694179e+01
-2.366286573169551843e+02
1.795200575616983656e+02
2.317908249043173328e+02
2.219495061116114698e+02
6.111898467181498518e+01
2.480407507341973314e+02
2.596173713408848016e+02
2.575422239751933375e+02
-2.133461690750455375e+01
2.541435231301854003e+02
1.805612648426609042e+02
1.369415000177912702e+02
2.671837429267477546e+02
-1.287706124577891842e+01
2.125549863896325746e+02
2.373825259823203737e+02
2.625159415396566374e+02
1.559432438448743881e+02
2.552348972932535958e+02
1.314211736327318931e+02
2.168687298203940657e+02
2.580036668861075100e+02
2.067368397361646544e+02
2.592683696088123497e+02
2.382942878198872450e+02
-1.630268800002362752e+02
2.337422664837879722e+02
-1.207837036416529344e+02
2.220560239608219035e+02
2.428507194438951728e+02
-1.265669886442670133e+01
2.873915146556229274e+02
1.821615786292582584e+00
-1.306967322454810869e+02
2.930414972641806344e+02
2.815770636416751245e+02
-2.926635046561269746e+02
2.146919853057901548e+02
3.685720751838744036e+01
1.545994871861161641e+02
2.058183906383643205e+02
2.174596630257919969e+02
2.727709801947072492e+02
7.051001392731251372e+01
2.702365519771317395e+02
-1.493546618261059393e+02
2.453035792120783185e+02
2.292287001140194604e+02
-3.375005055044942992e+01
2.793817381786020633e+02
-9.505878784432800899e+01
2.772449198528030934e+02
2.814155123934417588e+02
2.728750051105142234e+02
2.773750700739935269e+02
-8.994797809492283136e+00
2.627279782652013296e+02
2.742681478045745962e+02
2.595194153603189875e+02
2.761058054859786353e+02
-1.078423636806533636e+01
2.295715401441858603e+02
2.726980829399550998e+02
2.155316010360457426e+02
2.458665732263420409e+02
2.440624029998814706e+02
-3.228837061884243553e+01
2.623399770511766746e+02
2.551023342997884527e+02
2.757914371517051677e+02
1.873911836393029660e+02
1.212762791647958664e+02
2.640528063868811159e+02
2.678992340408856876e+02
2.397216976026717532e+02
-2.894355158159580697e+02
2.468487680582981341e+02
2.322285478642787950e+02
2.864973344318771069e+02
2.510754321156954347e+02
2.722551340643430535e+02
2.464216146190128427e+02
2.280174780442111171e+02
2.748263809780975748e+02
1.658451983606322528e+02
2.544401950839591677e+02
2.534089654546606312e+02
-3.390590105972802348e+02
3.988523324700197037e+01
2.375416436939153755e+02
2.690888203032797037e+02
2.605693156316765453e+02
-9.342832660406969580e+00
2.913801336088282028e+02
3.010429633763276343e+02
1.735406857608882660e+02
1.822303858656812281e+02
-2.473090595828579978e+02
-1.769455618844274909e+02
-6.266422840334786315e+01
-1.288607811516584434e+00
2.407269602507134607e+02
2.235781834595415489e+02
2.700074611325094338e+02
-2.895928532844032475e+02
2.424359402132963055e+02
-4.001611228985179736e+01
-6.049023702094918775e+01
2.339874493911836453e+02
2.689526218384002050e+02
6.492816527374317559e+01
-6.901112944857858622e+01
2.852192184196903781e+02
-7.715299341024217483e+01
2.965676911844046799e+02
2.854860180198891726e+02
-5.922148513853103395e+02
1.448413266102757291e+01
2.536070708020919540e+02
1.414632941841920228e+02
-2.076374882820626055e+01
-3.081956063241987636e+02
2.544212688940004057e+02
2.586599810288233243e+02
2.786602874646969781e+02
2.773099793732027365e+02
2.850207170891912369e+02
2.101682107069972858e+02
2.083911192127017102e+02
2.755607288569896696e+02
2.515792276091405881e+02
2.757235926835538748e+02
2.843845114075097626e+02
-1.548261401062859477e+01
-3.741396880121874347e+01
2.464851796899201872e+02
2.306789197184170348e+02
1.735102371025313914e+02
2.034042827754061022e+02
2.421156831550844117e+02
2.914487297981701204e+02
-6.830484869649737334e+01
2.145943472022996730e+02
2.704923850155943228e+02
1.718557844386194233e+02
2.610891744327163337e+02
1.226403853258366041e+02
2.778052670022144639e+02
3.662053510445502980e+01
7.026968307845905315e+01
2.447221439617727015e+02
-5.227274024563072885e+01
2.410692710189767922e+02
2.419360059473401918e+02
2.570282109878676238e+02
2.646288404951125131e+02
-2.770253380620012251e+01
2.005916274492644789e+02
2.078176479549310329e+02
2.766264334833190333e+02
2.574437700061457690e+02
2.700458456838676398e+02
2.359035800440915693e+02
-2.332885623808304842e+01
1.905351681282041909e+02
2.685924698730002547e+02
2.619554693050590117e+02
1.597590767949045301e+02
2.506818117407056548e+02
2.800306405141985238e+02
-2.384464976479141569e+02
-9.089903520094676992e+01
-9.830553998152063855e+01
2.457162914828712985e+02
1.834089326723157569e+02
1.448037628564106853e+02
2.601289661382670602e+02
1.967063915686302948e+02
-1.386806357068958846e+02
2.693452625424264397e+02
-2.559471996012518957e+01
2.745502869579003686e+02
-1.141410782225403580e+02
2.455492323538028074e+02
2.484151427610353267e+02
3.082226377247203004e+02
2.774407441342070797e+02
-4.645292097719044477e+01
-1.498384847186567015e+01
1.938344912355435952e+02
2.487946910292036478e+02
2.603246361913377882e+02
2.406451856131323552e+02
2.496530727786901593e+02
-2.762221056528460394e+02
2.582728051064923420e+02
1.831011460888517490e+02
-2.426389886985199098e+02
-8.964448533871632208e+00
2.825786834961097043e+02
2.671740502502934760e+02
-2.477525956357010273e+01
2.782917430814474073e+02
-5.115322082518044766e+01
2.853217670881621189e+02
2.280476957990715334e+02
2.817514987280794116e+02
1.450210242671055596e+02
2.328305787378559444e+02
-9.686768453491907849e+00
2.755621437074493656e+02
2.150125062442893977e+02
2.726585211942035585e+02
1.766987556393745535e+02
-4.973440072931042977e+01
2.805711505251349536e+02
-1.974888826739341994e+02
3.080896292421166436e+02
2.547692661872425504e+02
-2.117722387712302634e+01
2.711823783666774261e+02
-1.653983348151375594e+02
-7.990808665241985409e+01
1.489836111783791353e+02
1.339184792278170733e+01
2.243011316422958430e+02
3.733854763072655203e+01
2.457012231494819616e+02
-5.032061842794734048e+02
2.791989875140059212e+02
1.890432299783392978e+02
-9.867385509231149854e+01
2.506464640184583743e+02
2.711616542094591864e+02
2.776135288946045421e+01
-8.029572319428731930e+01
2.042996957676218130e+02
1.011896545853389284e+00
2.825100822629470940e+02
1.130530498790793104e+01
1.957044145269782121e+02
2.077038588067908336e+02
2.533653600966023021e+02
2.518173696842291065e+02
2.592072815177813254e+02
1.922948287604867517e+02
2.715882777086180226e+02
-1.752012072221951939e+02
2.663493293150183945e+02
2.458491014789831866e+02
1.278325486061149832e+02
-5.523490641458593586e+01
-6.907693651631664977e+01
2.553334192725451715e+02
2.499555729361842964e+02
1.774083056912414236e+02
2.773918708405019515e+02
2.108148887334320420e+02
2.539092387908623607e+02
2.706677642018821643e+02
1.346297339605492027e+02
2.454141525182908765e+02
2.535633129816679343e+02
-9.345343053582959669e+01
1.324981712658782271e+02
2.478494105229215450e+02
-1.151280690090709555e+02
2.374388257000173326e+02
2.646345210241195787e+02
2.697140141485037930e+02
-1.391906310493047556e+02
1.956529811666757155e+02
9.417474826121105025e+01
2.661896808078683421e+02
1.729305295359259844e+02
2.149216639054338884e+02
2.509796630301213440e+02
2.600205754589644584e+02
2.282363496004790591e+02
2.872162424773169391e+02
2.357989308272905760e+02
1.934188857844627591e+02
2.561878656896241182e+02
2.695552561929183639e+02
1.995184061681403023e+02
2.880935627976505771e+02
-8.059980436672327642e+01
-1.151215948460252889e+02
1.207634446785993276e+02
2.733250752905370291e+02
2.702842194855746811e+02
1.465287973367911718e+02
2.718593232867511915e+02
-6.781745897799928002e+01
2.706252181543604820e+02
2.983049672041461804e+02
2.691024739422639414e+02
2.424324684168589386e+02
2.810393025783743042e+02
2.401292519857535410e+02
1.559810023906986771e+02
2.072128226437183116e+02
2.622642119867101655e+02
2.309317219675878903e+02
2.638059109359020340e+02
8.128902814708155233e+01
