-1.351170521421604178e+02
-8.431477456258447489e+01
-1.092493525198904933e+02
-1.715467831626226598e+02
-4.994212479371146287e+02
-1.087671521657747888e+02
-1.557105177124457214e+02
-1.768234303156942246e+02
-9.551070609292658276e+01
-1.199855840168976755e+02
-2.481623771228375688e+02
-1.618105176509189960e+02
-1.478458510336666336e+02
-1.526685091976289073e+02
3.141564049040894702e+00
-9.720789560465159695e+01
-2.981465931410921257e+02
-3.835444968789577160e+02
-3.336094463820434726e+02
-1.816719109769765623e+02
-2.531432035121626996e+02
-9.477466542908322822e+01
-2.226459209782127573e+02
-5.232137089324429269e+01
-1.605724929125169922e+02
-1.022154104515680899e+02
-7.311131042344358377e+01
-2.275481435177139531e+02
-1.666688818023539511e+02
-7.860487806876338368e+01
-1.164856297639369416e+02
-9.789801781201641973e+01
-1.038387586802442542e+02
-7.513962831012692334e+01
-6.550041721072469159e+01
-1.207712815551401064e+02
-7.628422884100908163e+01
-6.414245444736987167e+01
7.357553839286265429e+01
-1.955958704710515690e+02
-7.803126314062218682e+01
-7.322191049391261686e+01
-5.506106240264183782e+01
-2.016780604785357696e+02
-1.156799524829977628e+02
-3.465648489794444842e+00
-1.096744426025994130e+02
-1.023477252851923964e+02
-8.437237106860433755e+01
-6.699404109269244145e+01
-1.641822757991511139e+02
-1.232613006477767925e+02
-6.610999711025525016e+01
-1.275709971591345919e+02
-6.158248546561132031e+01
-3.844325557107714531e+01
-8.512975030171074309e+01
-3.014029361837158376e+02
-1.038766872557265515e+02
-2.564784389831095837e+02
-4.323992648811804429e+01
-4.310248302884255622e+01
-9.222805951671900004e+01
-1.358181865977859388e+02
1.088620886734759097e-02
-7.613373367095961441e+01
-2.876009215976792177e+01
-5.046665116064266243e+01
-5.294131894297912311e+01
-7.818423760158320590e+01
-1.229332802153165858e+02
3.582125621363303480e-01
-2.423051468276396747e+01
-1.542559267006504626e+02
-6.189225377969393804e+01
-5.047108606409310028e+00
-3.329636160171112635e+01
-7.504768164502311834e+01
-3.941669918436018349e+01
-7.809541383118161662e+01
-1.206791901231741804e+01
-8.772204922024435803e+01
-3.019459682300720260e-01
-1.961294189128616665e+02
-5.242427869757315761e+01
-2.516229343724013745e+01
-4.554158332015889243e+01
-7.808856384478984580e+01
-1.140066956141781276e+02
1.480147072333733149e+01
-6.167014333266605774e+01
-1.567861675146199900e+02
-1.342737888215805242e+02
-2.630557480288970851e+01
-9.562190923546572208e+01
-8.552422912169916458e+01
-1.661766543540368843e+02
-5.904380895513669714e+01
-1.846442784625734248e+02
-5.356710486407307314e+01
-8.033025767643977133e+01
-7.050305890004165121e+01
-3.721559943533112857e+01
-5.784662939915577340e+01
-7.704131210089076376e+01
-3.648875880846567554e+01
-1.010198831124899925e+02
-1.857611932018410528e+01
1.074937685879859828e+00
-4.501489487595428329e+01
2.498886654779505534e+01
-4.047162741910871375e+01
-4.469179821688882726e+01
-1.775643659742388252e+02
-1.599690847083136021e+02
-4.572146190450222036e+01
-5.907342540800899400e+01
-1.813516005709523711e+02
-1.062396569725272002e+02
-3.006538398761681208e+01
-5.677989332788719423e+01
7.277999771754865677e+00
-1.877713465386079008e+02
-1.192243975112390046e+02
-1.921147928347807579e+02
-2.951503889188580843e+01
-1.523622291938944784e+01
9.377189572424574848e+00
1.991125157659881495e+01
3.386942538347383014e+00
-1.260891251298738780e+02
-5.847008672390352046e+01
1.292821330945902787e+02
-8.490083634727878348e+01
-1.067360910811450339e+02
-5.584730599459085454e+01
-2.657299008297281944e+02
-8.336723994449926067e-01
-1.104036514826640314e+01
-1.188356419361963674e+02
7.460045530617182408e+01
-7.173879785822157373e+01
-1.206588621589449275e+02
5.962311230811607032e+01
7.507486766161161995e+01
8.360529780246490361e+01
-1.184002618792739838e+02
-1.162666390081228940e+01
4.556555824131691423e+01
-1.328408477368072056e+02
-2.835603494719461537e+01
-1.387144423921242833e+02
-1.340337117476057642e+02
-2.092276997240992102e+02
9.774579356792902729e+01
-6.846645056571148302e+00
-4.990264876498611102e+01
1.591056296977599516e+01
-1.796467142822650942e+01
9.866280162336276760e+01
-3.003888734482043787e+01
7.835859300436159458e+01
-6.144878208696439970e+00
1.982637646400864639e+01
1.083110308775620467e+02
6.800696544062520843e+01
1.017898170800075945e+02
7.744514643433906542e+01
-3.869037207564460346e+00
3.432413883562785628e+01
7.196431079043404111e+01
1.028847316426517580e+02
-2.642770228600068094e+01
7.360694749242476576e+01
1.034570223699365386e+02
1.362764532148319745e+02
1.080670692315900538e+02
7.958037818465679436e+01
1.146962274529885661e+02
1.204069256889148676e+01
1.105507460803967774e+02
-9.124688971831872664e+00
4.068600133634954830e+01
7.554969952554404244e+01
1.212826346043414105e+02
9.696826746577315248e+00
7.806449688020290978e+01
8.887558758343202214e+01
4.191687135396745134e+01
3.589611897133340079e+01
1.071237780522247220e+02
4.374398103154219086e+01
9.259793837153439711e+01
5.517606383387568059e+01
1.047282152092147669e+02
1.076116053840284792e+02
5.487555587067757301e+01
1.049964301195139313e+02
8.114776206965147765e+01
-5.191792214810357908e-01
7.721024625286430876e+01
1.484477389180161708e+02
1.320514343540399693e+02
1.269974244182442789e+02
8.139022816202543709e+01
7.653533455251761097e+01
1.217136404546305073e+02
8.652982235853811233e+01
8.315037024262356624e+01
3.488382022969584995e+01
1.063030587067796091e+02
5.191935487384935755e+01
4.902899677680255763e+01
1.232061490199322975e+02
6.079241514380457545e+01
1.173416931752760206e+02
-1.847878079984909903e+02
1.055805943714052120e+02
1.294738396379719632e+02
-6.340690529435645928e+00
1.345639063175919716e+02
-1.324220179212972823e+02
1.201689935389998425e+02
9.079789482193064032e+01
6.619162072540572694e+01
8.123460470576965520e+01
1.303039741935944846e+02
1.450301435102464609e+02
-5.639819540278050169e+01
1.341718071461309307e+02
7.552739818253878923e+01
9.097651252788799070e+01
6.314923341941313595e+01
1.773105657426714288e+01
7.232039080686092802e+01
1.293423715154424656e+02
1.132890480294187654e+02
7.848396253763432640e+01
5.583099209718562772e-01
8.474375131612835332e+01
1.216690127494726994e+02
9.726957879478698032e+01
1.461614872009522799e+02
5.405743006257280570e+01
-2.355313615710556121e+02
-1.203038267501181338e+02
-9.448365109409871820e+01
1.517645857559340357e+02
1.458058935044283828e+02
-9.486465865741848802e+01
1.575301912964828261e+02
1.204882627595719384e+02
9.260098317693963565e+01
1.486769112639289574e+02
1.330037641555664152e+02
1.301573735136363155e+02
2.962936779997875192e+01
1.700733788356178877e+02
1.263068892293778163e+02
1.188802618744243915e+02
5.578353173221704253e+01
1.193020479325097654e+02
1.544445973243540209e+02
7.157236475369661832e+01
1.049877629866418260e+01
1.109345772255199023e+02
1.433607333365629302e+02
1.462913437977832132e+02
3.194218978608836323e+01
1.201597323464614391e+02
1.367060660573154109e+02
1.464395906110411261e+02
1.557449865492796448e+02
1.618085415953854636e+02
1.622755053930997633e+02
1.356527200723653266e+02
1.368365521885650935e+02
9.048862959825731878e+01
1.621934816018364813e+02
1.538330887717307576e+02
1.377521668869411826e+02
-1.289473195182160339e+02
9.938898381106054103e+01
1.265822259102898926e+02
1.138017813549062964e+02
1.513211237778721454e+02
1.334020847843433160e+02
1.300328116016896729e+02
1.293276052366905446e+02
1.149927353418361946e+02
1.269599433257630636e+02
9.262958609461885828e+01
-2.286990567352457333e+02
1.595246723208185813e+02
1.237880993946055810e+02
-2.249130520302479113e+02
3.987461515452582717e+01
1.183614897063792597e+02
8.434278507861246510e+01
1.298206286742168629e+02
1.378146871307060053e+02
1.507858883615501497e+02
1.131865028021584152e+02
1.443835605821196566e+02
1.349959293547108246e+02
2.847274683847066967e+01
1.493629550363988301e+02
1.198029326131579353e+02
1.415411091650126991e+02
1.800320157159669350e+02
1.993641443851683448e+01
8.783990061501337721e+01
1.235885999722229514e+02
1.432398378016078198e+02
1.239406894927259657e+02
1.393234833756562239e+02
1.750387174436669397e+02
1.872348164453557331e+02
1.863413509360679541e+02
6.647630198418244163e+01
3.146400976871694866e+01
7.114048885545798839e+01
1.464569597612897667e+02
1.291197304438153992e+02
4.077852399210064505e+01
1.199083153229795897e+02
1.153380231453347449e+01
1.269664988666177123e+02
1.129288699513310519e+02
1.308372455070785065e+02
-1.301386241181193668e+02
4.321233168632920751e+01
1.691371688774463848e+02
2.180259122226692625e+01
4.133805473764849125e+01
-6.742460177454596248e+01
1.507268380046329241e+02
-1.868767847274810379e+00
1.155594799045387902e+02
3.607326968792150979e+01
1.359508084618199462e+02
2.186231783117248710e+02
1.482315081297087147e+02
1.735748628512839957e+02
1.464195966841960228e+02
1.873762223916712912e+02
1.909460509040996214e+02
1.580533990724787259e+02
1.555226781935874669e+02
1.365611553869096326e+02
1.558209544474453594e+02
1.412342698859098959e+02
5.345882237249458058e+01
1.516470120497303640e+02
1.250524940261339424e+02
9.336449891682507030e+01
1.129737534080484949e+02
1.418875956241447511e+02
1.176841639191694355e+02
1.912207373159017720e+01
1.298148937538238101e+02
1.988994935631680505e+00
1.364853586405209853e+02
1.184501446332618713e+02
1.339935564960761383e+02
1.699352676547723036e+02
1.589044912087685191e+02
1.121037427248788418e+02
-7.868215643170330509e+00
-1.812995007456328835e+02
1.094532237751092509e+02
1.577626046667677429e+02
5.213505254575511572e+01
1.297403349106310770e+02
9.908167540930217854e+01
5.358762510006387458e+01
-1.319409429952779078e+01
9.411604577226923141e+01
2.083413752686470843e+01
1.167096713453042156e+02
1.491672126827264719e+02
2.331433347786858690e+01
1.226736584815288751e+02
1.483334161630270955e+02
1.465225324485587066e+02
1.398294885961570913e+02
1.550506987760483639e+02
1.446265816809667228e+02
4.720672951922392713e+01
1.192530607901424418e+02
1.660227250881291354e+02
1.169524585158431478e+02
7.504700475813254457e+01
-1.734793666848091220e+00
1.507510631268121131e+02
1.111352522657246595e+02
1.088237365196170856e+02
1.271821529630337437e+02
6.311437819680014627e+01
1.815696694910006102e+02
2.133905605221103201e+02
-1.573998328168499938e+00
1.517977854782439522e+02
1.232713937593012474e+02
1.839724181995910044e+02
1.625246427246971166e+02
1.695954769017087926e+02
1.415319756307882528e+02
1.619156511348818412e+02
1.420813550351382446e+02
1.564030314953147069e+02
1.392743454113463883e+02
1.790614613153051948e+02
1.647388247940189672e+02
9.536386889805328337e+00
1.101008788883527245e+02
1.794395896603898848e+02
1.562962547483378160e+02
-1.996390801723036361e+02
8.728658344620954779e+01
1.487802006876027008e+02
3.732361579332626889e+01
1.364947687541546486e+02
1.518095858747051636e+02
1.315765422767157418e+02
1.255804213141704082e+02
1.495382491875851372e+02
1.296074662270898443e+02
1.252910135432682921e+02
1.280979335845876790e+02
1.418348306262617768e+02
1.438384871147071635e+02
1.673108339353543101e+02
1.753883153979703309e+02
1.275158688869984047e+02
1.140284247318316346e+02
4.590127893307334261e+01
1.110341561750781949e+02
1.292407383904327389e+01
1.290990339920899146e+02
1.520483130540723948e+01
1.454788205613446053e+02
1.493856540266083641e+02
4.146675963224862471e+01
5.352509060842004374e+01
6.930934325065305757e+01
1.199679044493157107e+02
1.466946652845379617e+02
3.021469226902982541e+01
1.373981615656600468e+02
1.543332711002250335e+02
1.137567374211199365e+02
1.365052464463794308e+02
1.513225558269583644e+02
1.251646478498276025e+02
1.580024147905048153e+02
1.661961594186441857e+02
1.554194941758374853e+02
1.278348312334321122e+02
1.555083504784215620e+02
1.381839046496069159e+02
1.373082090214105335e+02
1.512945759380291406e+02
1.818558346587406618e+02
1.390887046452751292e+02
1.882209089851055808e+02
1.827454129003630499e+02
1.441205817457451417e+02
1.177875522881894881e+02
7.240830241861681316e+01
1.422093091344848972e+02
1.408540435430408309e+02
1.828252820422464140e+02
-3.253332922282373829e+01
1.636046894778832552e+02
1.165709534375307754e+02
1.084489874901959610e+02
1.337017516872028580e+02
1.659757632120831374e+02
-1.552184895584030073e+02
1.438972181798786494e+02
4.849300661643624721e+00
1.632716157795266838e+02
1.607821029944230418e+02
1.572598039738410023e+02
1.360525481444951765e+02
1.364834452336763491e+02
1.167983278265313629e+02
1.590772897912573285e+02
1.470827148353798179e+02
1.437703399870992484e+02
1.876297574446323893e+02
1.611374158436281334e+02
1.630093766466407033e+02
1.732159052438037463e+02
1.618642775367754041e+02
1.317335730331850812e+02
5.559195363037819249e+01
1.291036326891774024e+02
1.699210355890247399e+02
1.011874556174065276e+02
1.350619367206035406e+02
1.445906213301211096e+02
-2.243243333343481538e+01
1.401000687713603270e+02
3.736496829448270773e+01
1.782138821303244924e+02
1.583162775577402499e+02
-4.389684069157991075e+01
2.171730799669042256e+01
1.903880301683494451e+02
1.673624574361286932e+01
1.446066027614514269e+02
1.532239521142961678e+02
1.595453741662321931e+02
1.133089416697772833e+02
1.081056115849150387e+02
1.840418074129384536e+02
1.647497275408784390e+02
1.390072245015670660e+02
1.816552224261412221e+02
4.263605231843789056e+01
1.294779490303643001e+02
1.214363513280513729e+02
1.452153826892952395e+02
-9.560216067220679292e+00
1.345731328454562288e+02
1.434605820543047514e+02
1.442385986186593243e+02
1.320292508322739593e+02
-7.651025265515954743e+00
1.832796431181107550e+02
1.622364152799833619e+02
1.509506721066824468e+02
1.742637503531261700e+02
1.203726201868305878e+02
1.483392595676180008e+02
1.320136469830227952e+02
1.656318680940565571e+02
1.507744380122297230e+02
1.437947312056512317e+02
3.072081093806505692e+01
1.632307726992106041e+02
1.420404868966637366e+02
1.540739051946277698e+02
1.770523450684065381e+02
1.256701218042803418e+02
1.345313085418500805e+02
1.149858404698870231e+02
1.193317261702986798e+02
1.636360546448469790e+02
1.601265538127667583e+02
1.105456041794518995e+02
1.611376640531871089e+02
1.453315447263587998e+02
1.317260014450670269e+02
1.678389140037176617e+02
1.387129016203054732e+02
1.811009143244775998e+02
1.689038587167721914e+02
1.606594071232777310e+02
1.577555730753769865e+02
1.307717576624865785e+01
-7.041622659720590605e+01
1.751570524765363928e+02
1.497064862661007396e+02
4.165934111411257845e+01
-1.894310016755824222e+01
1.369964005043051145e+02
1.485668702053175139e+01
1.672910091535062804e+02
1.593053098228003250e+02
-2.001753936301496140e+01
1.415381581923050192e+01
1.478666633146543461e+02
2.384121738645953315e+01
1.280226367680535304e+02
5.463542778422083757e+01
1.543253903352788257e+02
1.135692988296785160e+02
-5.305999375524379502e+00
1.578064108215685906e+02
1.612933244732267326e+02
-3.573708146863197044e+00
1.507152850963371122e+02
1.836920336006768650e+02
2.957004403512840440e+01
1.995454173943330716e+02
5.884911097929347079e+00
5.143531163488469815e+01
1.169364923142772739e+02
1.114188967417227900e+02
1.251404673685733400e+02
1.483043454143989095e+02
1.605147164177228376e+02
1.409300609649134799e+02
1.417535212026381828e+02
1.104404572300504270e+02
2.594693967380493405e+01
1.036656666772544355e+02
1.717343367724557481e+02
8.843120036304487996e+01
1.440335896864089307e+02
2.790384825966570759e+01
1.297495664406856974e+02
1.318081117278321130e+02
1.750462307002748901e+02
1.365592711836348201e+02
1.415455250233657694e+02
1.434868742634415355e+02
1.869461230249341099e+02
1.804542824684645552e+02
-1.487935069693396883e+01
1.937542064360643224e+01
8.152488043587698030e+01
1.479764214578232213e+02
1.480325749784039147e+01
4.814044115518598232e+00
1.390836526574869083e+02
1.408061368959408810e+02
1.250341217602817920e+02
1.232305566058976751e+02
1.475315326513099023e+02
1.604646305746098562e+02
1.712431844622499852e+02
2.508069009503084601e+01
2.376726442736659806e+01
1.531407377785490098e+02
1.688782726164957069e+02
1.744767175604906413e+02
1.492893245340538328e+02
-1.310869803672161993e+00
1.384054605795343207e+02
1.439153322682419400e+02
1.602409323071671849e+02
1.539690086786614813e+02
1.342611048320122222e+02
1.624219532510942940e+02
1.416139571048230721e+02
5.491230832962315844e+01
1.465727594387529962e+02
3.286037829946064903e+01
1.526326992547045336e+01
1.564183039185901123e+02
2.868089076126807413e+01
1.432072151532373994e+02
1.408509767163345430e+02
1.660470263103647426e+02
1.492953625511040627e+02
3.045265093478650442e+01
1.499527541299258928e+02
1.576297185676336881e+02
1.516652499172288628e+02
1.616735765113037360e+02
1.559668718995051506e+02
1.583531288839673721e+02
1.286592044950154730e+02
1.293305066469426379e+02
2.277353647401929493e+01
1.584034493522308367e+02
1.845022284955941245e+02
1.611226694907871320e+02
1.760411773894747967e+02
1.396449758592984551e+02
1.890585682124928155e+02
1.863037067410975567e+02
1.412509858470438644e+02
-3.382953565608872282e+00
1.830852615850880909e+02
1.294346816733762466e+02
1.444213859710010013e+02
1.814676589440603891e+02
1.783367666901055202e+02
2.019297232308648233e+02
1.898313914112154919e+02
1.538930208106621933e+02
1.491127157017954517e+02
1.363080715839371919e+02
1.433347955119069752e+02
1.476933799070546343e+02
1.865062648932404556e+02
1.787521346763244594e+02
1.659669526797765968e+02
1.401488004934556102e+02
1.516748884026171140e+02
1.985254363016746595e+02
2.904973639541426564e+02
1.866501123062508896e+02
4.231180785780460951e+01
1.811352196440690818e+02
1.289590501467721140e+02
1.525645144947384892e+02
1.767913429469465143e+02
2.018343112611277093e+02
1.463864218416080405e+02
1.642940771121784849e+02
2.869679699953115914e+02
1.670596858530776672e+02
1.667259490509806881e+02
2.564019383815151514e+02
1.644401818250466079e+02
1.780132022765347983e+02
1.801769737874550970e+02
1.750161965277226841e+02
1.829202893663619705e+02
2.829483326771976976e+02
1.428417924142781033e+02
2.799391493810479687e+02
1.579323761634059053e+02
1.627804274048828006e+02
1.317624340347595648e+02
1.514760744576223885e+02
2.301636652667675662e+02
1.450590253744941549e+02
2.821893113631551842e+02
2.676383250736475361e+02
2.899699067517674393e+02
2.764922475620925866e+02
1.521555272364115012e+02
2.545840124468135173e+02
1.810347970337536765e+02
2.758954388832486302e+02
2.692392423144448230e+02
2.815555265825333890e+02
2.844699121382209341e+02
2.659970960940753457e+02
2.827848818366184673e+02
2.993738345641800151e+02
2.837719245226187468e+02
2.475587565163984891e+02
2.760624187823805187e+02
2.871629447037819887e+02
2.479869738877498264e+02
2.341453091707331851e+02
2.927761113706829974e+02
2.650479125808251410e+02
2.760252770513785663e+02
2.117363336553940485e+02
2.987381137442253589e+02
2.717941820163991338e+02
2.780270462449960291e+02
2.991198779653616384e+02
2.862636384709602453e+02
9.243761357441974269e+01
2.661103985086177772e+02
3.721482744769056694e+01
2.745604701297596648e+02
2.939790793836895091e+02
2.911091550583550429e+02
2.881491110256312140e+02
2.977545096944379566e+02
2.429480106472670116e+02
2.834116856417167583e+02
2.669737099443423745e+02
5.494187417417123243e+01
4.668963756888246053e+01
2.746882839310820259e+02
2.612105303937378267e+02
5.842500548084848333e+01
3.260078538836705775e+01
2.454254347693946556e+02
2.446380350007961226e+02
2.924063700561655423e+02
2.545762349909878992e+02
2.734934694030497440e+02
2.711937394437974262e+02
2.879696052515964766e+02
2.579774499218204937e+02
3.023029396654754919e+02
9.421257671989492621e+01
1.762947851660179595e+02
2.470930856766081831e+02
2.782328563049967443e+02
8.548956781855495990e+01
2.790120490225550611e+02
2.392040664530616993e+02
2.256323910317196919e+02
1.718878687593708605e+02
2.641377174545278876e+02
2.694548744693926210e+02
2.383511196149910063e+02
-2.185708515050201015e+02
2.552575837231895548e+02
2.921658520819921705e+02
2.441478778051451570e+01
2.589321152448914063e+02
2.578911470355185998e+02
2.894429485389654246e+02
2.706014051194853209e+01
2.596256814412863605e+02
2.544198324930741535e+02
4.474665012780016582e+01
2.458392845771246016e+02
2.521934140474706112e+02
3.907798033395900461e+01
5.699802355008691279e+01
2.576280562985846245e+02
2.651102849321363237e+02
-2.667018640325835577e-01
2.739536681958334725e+02
2.560769252679724559e+02
3.092324312757803000e+02
2.834972916396898199e+02
2.742525584036338842e+02
2.495856395003257262e+02
2.605557415167997988e+02
2.789916005229964640e+02
2.887190306376881495e+02
2.883271312794466326e+02
2.719297103948231324e+02
2.924971110355940027e+02
-2.847099126599064789e+02
2.839179476413291923e+02
2.766629964073571273e+02
2.645460715458647769e+02
2.939715996384695700e+02
2.630307169228319708e+02
2.171620987739044608e+02
3.000721489700622442e+02
2.722072212959656667e+02
2.530191645101260747e+02
2.883864686254845537e+02
2.733414038408694751e+02
1.296527980959815807e+02
2.959694234533395729e+02
-1.061835052616155508e+02
2.472977782797509860e+02
1.190717133382262602e+02
2.408474391178534120e+02
2.643581207355858851e+02
2.485936094763798678e+02
1.094501500736892581e+02
4.191573781697454137e+01
2.332304947686574792e+02
2.694199806024528243e+02
3.056788821248264298e+02
2.492044796695280127e+02
2.697878120193334439e+02
2.230423367685672531e+01
2.685908518772684772e+01
2.576734529702355303e+02
3.654558042068978807e+01
2.493833965648871640e+02
2.981575803628089716e+02
2.566305950908778186e+02
2.882108834664805386e+02
2.572810338120864344e+02
2.782675383461011052e+02
2.795666215879086849e+02
2.952134980491089209e+02
-2.739169421378304037e+01
-1.865371978514549767e+02
2.698511374255215287e+02
1.090636762771219992e+02
1.290468974339147508e+02
2.428041449618391994e+02
2.900298656577087968e+02
3.755399889232407418e+00
2.968371105960069372e+02
3.003086837914829630e+02
2.526681328308627599e+02
-3.197599233069961144e+01
1.809324759796581361e+01
5.357487914476439528e+01
-2.397944612772761559e+02
2.790184159813113638e+02
2.395048199635292292e+02
-2.775934682179670290e+02
2.836670019319186622e+02
2.398834889785002247e+02
1.829695139656284937e+02
2.652910072750969448e+02
2.897493834563150585e+02
2.967810528769629741e+02
2.429763445415517253e+02
3.650470186077967583e+00
-1.568272841010848992e+02
-2.362325963988916442e+02
2.709704702728674874e+02
6.852165767733140456e+00
2.118491358527126636e+02
3.162956583830853674e+01
2.723816934343196863e+02
2.473310298849045807e+02
2.429207592477918922e+02
2.672497135339767738e+02
2.682739891501599914e+02
2.775720423952292890e+02
2.911839266069696350e+02
2.829265587541691502e+02
5.524816252478078127e+01
2.163503172877486236e+01
2.336171524501329202e+02
1.034408973796523696e+02
2.941346438464195217e+02
2.596134340604009481e+02
1.658744977406456940e+02
-2.065422821698828955e+02
2.601148018105666324e+02
2.732965262402703388e+02
2.835213492562487545e+02
2.419594686169215549e+02
1.276096182907228638e+02
2.502587206990965853e+02
9.147228072308841718e+01
2.829427853506745691e+02
2.048783179896076945e+00
2.671107803941842462e+02
2.913414271221159879e+02
1.300524805019514929e+02
2.835022756980485497e+02
2.493284889751951141e+02
2.477262066682515353e+02
2.506086624133610883e+02
2.732235801853832982e+02
1.030956302024972189e+02
2.425757255596729465e+02
2.841349646140138248e+02
2.378125196018378347e+02
2.622004821163251904e+02
2.683231403253571443e+02
2.290755152689521879e+01
2.767358756238584192e+02
2.614925929288166344e+02
2.493417835013470381e+02
2.289056484602523369e+02
4.109530930938080928e+01
-2.271321453509287380e+00
2.497314466066396221e+02
2.344596095839595762e+02
2.524219275907236693e+02
2.473247069029060583e+02
2.563724147468863066e+02
2.659931161909745470e+02
2.682609007629415601e+02
2.713033601975474767e+02
2.457909533502724457e+02
2.712955103322813102e+02
2.353997568876722255e+02
2.581929967746704051e+02
2.628668215720028911e+02
2.698127653754530115e+02
-2.681858905065166709e+01
2.865255816761252845e+02
2.573742545157759309e+01
2.405682063749868576e+02
2.764416876691933567e+02
2.497447711823341479e+02
2.734767726485221147e+02
2.644043166896839239e+02
2.504696325632817775e+02
3.006730372052949178e+02
2.176781197448149214e+02
2.801012660033090924e+02
2.558677904211765224e+02
1.423127358948685242e+02
9.732271911563734079e+01
2.568401723548846007e+02
2.758267580461870239e+02
2.652982808785559428e+02
2.838523532324427379e+02
2.504332901446311439e+02
2.596674526588064964e+02
3.087574946550980712e+02
1.664531204181936630e+01
2.560794910905436836e+02
2.651952364509932067e+02
2.581666989493739948e+02
6.179834792786084563e+01
-1.714786112818572406e+01
1.673533722706646358e+02
2.682407215230797419e+02
2.530812863164230748e+02
2.936152637155830121e+02
9.297009902120888114e+01
1.070152630900378199e+01
2.417867258416960965e+02
2.772966989592930531e+02
2.518635010484003089e+02
1.966341592362607003e+02
2.508887993558084872e+02
2.752193340949345384e+02
1.854850181032875582e+02
-3.254361475877207965e+01
2.241457030021526293e+02
1.295352521594958546e+02
2.392658667955560077e+02
1.300441517953713344e+02
2.756186628220404486e+02
2.310944620657027997e+02
1.411419066915169367e+02
2.471682641593196763e+02
2.663359277855594200e+02
2.717213012774841445e+02
2.691493489474205489e+02
2.643770887780291332e+02
2.073206391363632122e+02
2.414309998775686950e+01
2.441928919792746910e+02
3.056117933021170074e+00
2.621220397727033173e+02
1.426448677897475363e+02
2.828516324542227949e+02
2.599243272491108883e+02
2.090710413368792331e+01
1.163503729839526528e+02
1.020554407613261105e+01
2.737168692578877653e+02
2.703528195918760275e+02
2.840765848918239840e+02
2.598411129144985807e+02
2.121608623302332148e+02
2.262036676761622971e+02
2.796996215325209505e+02
2.869992578013736875e+02
2.359800831950860811e+01
2.408933705117522663e+02
2.877591865787636038e+02
2.705051833417139733e+02
2.607905627278165639e+02
2.411342046688814378e+02
2.573059363546445866e+02
2.804543864523679986e+02
2.588467491816865049e+02
1.218135805964964931e+02
2.769180429054397337e+02
1.413763400320702601e+02
2.772685347312857402e+02
1.925708292068501351e+02
2.765470735839845702e+02
2.461986798535494358e+02
2.610913607426103908e+02
2.715561565960475718e+02
3.050452633375754203e+02
2.826956138936251364e+02
2.663512515663519480e+02
2.796189452252289698e+02
2.708703386073623278e+02
2.418764713697265165e+02
2.520828315518076579e+02
1.041179030499176150e+02
2.363463464459273951e+02
4.387614123416445011e+01
2.714706037555835678e+02
2.477206531431369285e+02
2.697261440681501199e+02
2.733703683962702371e+02
2.801147726784652150e+02
1.398067791589832041e+02
2.826490124970792976e+02
2.849397878605245182e+02
2.483385656212910249e+02
2.615063365470286953e+02
2.404714462248736027e+02
2.510294859886833478e+02
-2.922510532252134396e+01
2.486263376448621045e+02
2.647637483953469655e+02
2.240435511849690897e+02
2.417871471260130534e+02
2.586893199759726940e+02
2.474813848210765173e+02
3.047104996849958525e+02
2.803059609633975242e+02
2.288687815284268652e+02
9.952245809330014481e+01
1.014447441066688356e+02
2.502233626236298107e+02
2.770011954686685840e+02
2.715073524262593310e+02
2.497199548817447692e+02
2.530035744210965447e+02
2.512491318837800804e+02
2.702539573399718620e+02
2.722634576560544701e+02
2.626558559749074675e+02
2.656475536804682633e+02
2.740365258472153300e+02
2.371500102245829567e+02
2.867538417498663534e+02
2.927871186108966981e+02
3.840610481978347934e+01
2.489754443242065349e+02
2.512725975623717432e+02
2.158461242761370613e+02
2.531431960860346635e+02
2.212065883495794196e+02
2.643312625297473915e+02
2.773905629898289362e+02
2.442923921875561177e+02
1.437819583576214200e-01
2.854856576152201342e+02
2.629775278589056597e+02
2.999276969525712957e+02
2.045334195008829852e+02
2.511634324337700832e+02
2.651907198392420355e+02
2.470264301974667944e+02
2.395220801123366812e+02
-2.846975475617999507e+01
2.518864265842175030e+02
2.031803766146892087e+01
2.794554683481978259e+02
5.535981477900293157e+00
2.428413282827011983e+02
2.698503522589600152e+02
2.379072348253411917e+02
2.746673803651376602e+02
1.348305957271453224e+02
3.068735936085610660e+02
7.944164128898290755e+01
-1.678718552408525966e+01
1.408172139874884294e+02
2.674748168828293728e+02
2.581743194233579288e+02
2.688334680191084090e+02
2.461261277099212634e+02
2.564238047452857927e+02
1.442525823195053931e+02
2.313015305718190007e+02
2.669142175116361955e+02
8.051618183959587327e+01
2.467771202988851655e+02
1.448797326830015777e+02
2.614715638278709093e+02
2.694923938414900704e+02
2.410404911991947472e+02
5.521742019130994095e+01
2.541352205065934982e+02
1.352617139799434085e+02
2.424361590664428263e+02
2.691201453931916490e+02
2.574216610482150145e+02
2.720608850701795518e+02
2.940246977542564082e+02
2.769244146939381608e+02
-2.477909122401443653e+01
2.475013627933558098e+02
2.558882536126165803e+02
2.720389357136056105e+02
2.547997669209021581e+02
2.815435417719736506e+02
1.084619168555466189e+02
2.337783532049440112e+02
2.789740623529618233e+02
2.561176764208398140e+02
2.345160956433968522e+02
2.763704571095456117e+02
-3.886416716167589414e+01
2.686689865763744365e+02
1.234006396756905843e+02
2.595794233244679958e+02
2.781260024088986711e+02
2.519967001900031391e+02
2.426021002472529631e+02
1.060723653739196237e+02
1.305269492897322152e+02
2.602765512484227202e+02
1.332322246318123860e+02
9.153454921998526572e+01
2.683745166017418455e+02
2.740180517306962429e+02
2.421970102046014688e+02
2.418697109076103402e+02
2.407619313869570590e+02
2.521869026512143819e+02
2.352111971141875415e+02
2.685145644880711870e+02
2.602545364508488319e+02
1.255751843375832237e+02
9.092605596106167809e+01
2.433656260546700025e+02
2.353231148565317881e+02
2.775861516847494386e+02
2.282974695424901768e+02
2.569115520398004264e+02
2.514572055007019173e+02
2.048826810818466697e+02
2.622317183515567649e+02
2.119994321370893147e+02
1.217486003284479779e+02
2.490107595974470485e+02
2.376947817920216153e+02
2.717624369175860011e+02
1.121581369757490165e+02
2.556175661460553385e+02
2.902857900455791196e+02
2.407103269531242802e+02
2.627450618358827796e+02
2.652405037866698194e+02
2.363354346642528299e+02
3.735066701433368053e+01
2.201291543051478357e+02
4.743365603437506195e+01
2.527097795749710940e+02
1.424681905975783422e+02
2.565456871041956788e+02
2.506864622989725717e+02
1.405804875442306070e+02
2.582520621722430292e+02
2.355446233425222999e+02
7.549966550015034272e+01
2.802679486634926889e+02
2.726989523280811909e+02
1.534389561153882937e+02
2.500585425030265867e+02
2.654223082273014143e+02
2.717593872138041888e+02
2.867996163346002163e+02
2.434098854510650938e+02
2.770424720972197292e+02
2.950752103429010731e+02
1.250137179964017662e+02
2.250732981061669307e+02
2.348367805646344948e+02
1.093897308736154201e+02
2.428700580441604870e+02
2.451857533940409155e+02
1.311056474399010199e+02
9.808855346025625010e+01
2.402880539410271012e+02
1.060153887791493332e+02
2.661078013969254243e+02
2.733054029920902508e+02
2.052035301313737818e+02
2.481764406561266014e+02
2.380864771358892540e+02
2.381422165458005793e+02
2.622956951162761356e+02
2.349439200017034182e+02
2.885753548398811290e+02
2.498352700041168646e+02
2.163669351093660111e+02
2.734618579389177739e+02
2.498553216592019623e+02
1.387419979560901311e+02
2.603950761663307958e+02
2.829468996081254772e+02
2.740817685652876889e+02
2.600752095333244256e+02
2.931613589724691451e+02
2.667768838589149141e+02
2.367674124436211969e+02
2.087245595603440620e+02
2.150399474379197784e+02
2.447005296079639152e+02
2.542305662594943101e+02
2.562693892046323754e+02
2.338778256607401715e+02
2.372641494353709106e+02
2.653200918033960534e+02
2.608268284743951995e+02
2.445976461104330042e+02
7.994048613701468753e+01
2.794238355610610256e+02
2.726214585171510976e+02
2.684956769460214900e+02
2.658470047445425735e+02
2.464553728466163705e+02
2.543088833692853541e+02
2.352337802507536537e+02
2.720201272460838027e+02
2.687604309899626287e+02
2.393529824066771710e+02
2.674262504527556530e+02
2.526508412988106045e+02
2.328214244932489407e+02
1.449918385423590621e+02
1.373748933108655308e+02
2.697556046002127346e+02
2.374610701919635289e+02
2.634241940594291691e+02
3.026456372699066719e+02
2.571335824956926217e+02
2.588087880981319699e+02
2.519260120279417663e+02
1.047762638078119011e+02
2.427276756852071173e+02
2.120731701307225023e+02
1.482858964787666309e+02
1.507436665765740145e+02
2.655808535761323128e+02
2.419158696610835761e+02
1.324332456334397818e+02
2.484802378986225619e+02
2.373555079781295092e+02
1.397124180602900481e+02
1.619814866184778168e+02
2.939251851472196790e+02
2.251243733136429910e+02
1.544785901399009447e+02
2.498897303318808554e+02
2.807756202686042570e+02
1.236296033515286155e+02
2.460938417523628914e+02
2.585819237073776549e+02
2.388279135191538103e+02
2.406360458782234275e+02
2.397831048274623527e+02
2.570740075308286805e+02
2.291414767648500117e+02
2.727149654539571202e+02
2.509661067930080662e+02
2.600321193721305235e+02
2.476643679033842318e+02
2.249615038813034857e+02
2.502492284299045764e+02
1.185182115251618029e+02
2.625591016756785621e+02
1.159091617072521245e+02
1.396195418574616554e+02
2.695127240974092047e+02
2.676991715944240582e+02
2.456346937146259961e+02
2.256703026295151062e+02
2.813620159173168531e+02
1.178443593200108097e+02
2.745412331522422846e+02
2.191694816538037571e+02
2.318372950518819096e+02
1.428333724609843784e+02
2.292460519744178953e+02
2.767872628072574344e+02
2.810618061689793876e+02
2.491096989969782953e+02
1.486703439505579070e+02
2.561767343239804404e+02
1.948161595030090041e+02
2.412309940880409727e+02
2.372430737821878211e+01
2.762487265758032891e+02
2.467564890492792244e+02
2.278742236635986558e+02
2.361155173443700335e+02
2.807751766812609731e+02
2.438940304841120224e+02
2.397837194394341793e+02
2.108326309908250096e+02
2.752932007444719602e+02
2.407149561616146798e+02
2.307000241183309868e+02
2.501463140905346165e+02
2.187075897161812179e+02
2.313032603925591957e+02
1.319587202672021249e+02
2.449339384361005898e+02
1.357071887205970029e+02
2.315483034547913803e+02
2.395588194577088075e+02
2.735305068012741003e+02
2.537975640131974728e+02
2.589884827620044234e+02
2.581280386901635211e+02
8.378338121651877657e+01
2.522655552602036551e+02
2.718248682531374243e+02
2.589464363607858672e+02
1.737276992644159179e+01
1.062844798731148757e+02
2.782690265522295476e+02
2.293339726326257164e+02
2.472270723884936672e+02
2.539773069235351386e+02
2.497178615023062207e+02
2.800533510007841187e+02
2.533489799454468425e+02
2.433456443959013313e+02
1.950490041733049793e+02
2.403822914219983602e+02
2.138247218696999994e+02
8.910922691573513532e+01
1.026473475725661757e+02
2.107353147660781474e+02
2.803831974147988717e+02
2.783096884883856319e+02
2.677028887712989444e+02
2.472052805859399598e+02
2.724293143925422100e+02
2.333690980770047361e+02
2.349227523552408456e+02
2.751416117311670178e+02
2.434042489368553106e+02
2.453004988539672695e+02
2.512802413719869037e+02
2.405280537291100416e+02
2.302019776861463356e+02
2.717066505120329793e+02
2.268429605603049026e+02
2.397642107327654912e+02
2.086264442982321725e+02
2.416570163588079652e+02
2.316180788714629841e+02
1.018287498240750892e+02
2.542161348889878525e+02
2.103681742035004447e+02
2.516082767632212267e+02
-1.348392380233235599e+00
2.507747232982519563e+02
2.722941526045809724e+02
2.575425450598351063e+02
1.463804938579954751e+00
2.052407880212814177e+02
2.426859212925122051e+02
2.358852120198034754e+02
2.189116160234829636e+02
2.541458525399789323e+02
2.546433496333471567e+02
2.005768513524848800e+02
2.282234368862798704e+02
1.353761558935648850e+02
2.247387298860857072e+02
2.694147838826866064e+02
2.694045516114666725e+02
2.694336127230989177e+02
2.402200588605402629e+02
2.114842165423268909e+02
2.161448195751826233e+02
2.411185514536643382e+02
2.569333624970171286e+02
2.550663162687176282e+02
2.491233587292419998e+02
1.300373255073330938e+02
2.512013370019319325e+02
2.621207029156570343e+02
2.399032518624572390e+02
1.034320594465673935e+02
2.095560017510603075e+02
2.324690371995878309e+02
1.432751033794192494e+02
2.583004747200264433e+02
2.845794486161469194e+02
1.243503812377112752e+02
2.101041137377585244e+02
2.691849937122698293e+02
2.715760209683921289e+02
1.173323876352601332e+02
1.163966462143917795e+02
2.778076414870674853e+02
2.622479221800405753e+02
2.399154742852046240e+02
2.717946882274087557e+02
2.434233721019460859e+02
4.164240836195745032e+00
1.201583870121796025e+02
2.687495980743534574e+02
2.824137271198958388e+02
2.695521272953791936e+02
2.538097987079224254e+02
2.265585332047811278e+02
2.558790477247221986e+02
2.657367138883559505e+02
2.156122269304415227e+02
2.330208405402808012e+02
2.793926021331582206e+02
2.734326946031334273e+02
-5.736431716503852840e+01
2.498749488460972543e+02
2.887106524382237467e+02
2.421705797048787190e+02
2.742340143196629469e+02
2.618882293742185539e+02
2.884133959917094217e+02
2.542175730472134489e+02
2.500960641482811297e+02
2.578545871646768433e+02
2.713988480266161787e+02
2.141549416934434475e+02
2.556422217761667923e+02
2.833212985925715088e+02
2.556290358438881754e+02
2.880977619789933328e+02
2.319593820541507796e+02
2.649630609128022343e+02
1.813853331963602500e+02
2.639867940903134240e+02
2.826198999646640004e+02
2.476472450409104056e+02
2.679679364790001728e+02
2.793320353421962636e+02
2.611151039900225896e+02
2.793833509124947341e+02
2.744411066709309353e+02
2.389062145291586603e+02
2.633850101604375595e+02
2.743148288837369364e+02
2.669288521432002881e+02
2.567557712049440397e+02
2.548236852048283367e+02
2.407349011593617547e+02
2.621151589287701995e+02
1.295186425441985421e+02
2.587062412888141125e+02
2.541836040731761273e+02
2.340786184629492936e+02
1.751650614042009124e+02
2.467903394332415701e+02
2.216383128024154701e+02
2.599821475472207908e+02
2.289352384733014105e+02
2.518995362652131860e+02
2.465145530149911792e+02
2.458216756038470976e+02
2.541647050617856110e+02
2.406490182437828480e+02
2.529803392917423537e+02
2.458985636958491909e+02
2.594564234603342925e+02
2.584455085772177654e+02
2.494950251797804128e+02
2.774174011271212521e+02
2.386522236258498424e+02
2.602988256502038098e+02
9.329082175351243222e+01
1.155104492075381870e+02
2.776833529230752333e+02
2.502868088061732976e+02
2.685250879066537664e+02
6.444875773034222277e+01
2.507567802659272616e+02
6.096086539642246294e+01
2.412044139058057226e+02
2.662787537124351616e+02
2.489614843664410841e+02
2.577712969631932083e+02
1.526635831501210703e+02
2.151087821289863200e+02
2.597899924625280050e+02
2.295095146367737300e+02
2.255220268663676961e+02
2.317884934724570485e+02
2.620379036382702793e+02
2.462576961440980483e+02
2.236139515161087274e+02
2.167007469822479493e+02
2.509280244783345211e+02
7.669812331487435131e+01
2.829428776309125055e+02
2.741164340334150893e+02
2.250618847771164610e+02
1.187341800827894644e+01
2.513248444672040876e+02
4.864366607001588250e+01
1.307068739436847409e+02
2.328933192758007920e+02
2.615143520264919630e+02
2.229804152156000612e+02
-6.761597575561609119e+00
2.799478614970677199e+02
2.551437183494389842e+02
2.351525296692910274e+02
2.512239222234933607e+02
2.387319871184182603e+02
2.369325245056914468e+02
2.514506802813300794e+02
6.118697107400126356e+01
1.294232338169193497e+02
2.635621573266246855e+02
2.553894842905050950e+02
1.456351948205816313e+02
1.665309756666789269e+02
2.695355847572452603e+02
2.038373977932094192e+02
2.085763706350114717e+02
2.533782269788910071e+02
2.559036377955979162e+02
2.481613513961852107e+02
7.671417334865942905e+01
-2.724998115400734378e+01
2.365218492575410210e+02
2.718817078060712333e+02
2.459064052198843342e+02
2.618499357092075570e+02
2.164987489877249800e+02
2.695352737932474270e+02
2.268654940167280074e+02
2.486436377824872750e+02
2.503256373098190579e+02
2.060290296701448369e+02
2.559055568396287583e+01
2.809757705095523193e+02
2.769834744846178296e+02
-3.573061364590053302e+01
2.727309028831962223e+02
1.966496267817443595e+02
7.522271440536390230e+01
2.834141961746514653e+02
2.419444487451883106e+02
2.595064027608481183e+02
1.235623304332288797e+02
1.259866902819398859e+02
2.494643043416198793e+02
5.086600939836267798e+01
2.515568782409936830e+02
1.264517346726869391e+02
2.303330671290924556e+02
2.351722016425191555e+02
-6.765860816880007178e-01
2.200078651640195631e+02
2.665044977574098652e+02
2.341428232555035152e+02
1.160561966769243725e+02
2.601667662764311331e+02
2.404598951966881657e+02
1.466754038375714515e+02
2.514001062411732335e+02
1.443954255803834030e+02
2.156578843166188335e+02
2.514851871278566762e+02
2.329434487005040637e+02
2.385617932111975961e+02
2.360967689224394803e+02
7.328324612559167406e+01
2.515093526100046688e+02
2.534866749616856509e+02
2.785121647399409994e+02
2.255511273890210759e+02
2.293942104826034551e+02
2.531210938204207253e+02
2.388550233798262923e+02
2.638474813066921456e+02
1.199939367002570805e+02
2.446440510862507267e+02
2.574735566739599335e+02
2.358831478023549266e+02
1.123009516199488331e+02
2.744207770933830943e+02
2.472339584179990766e+02
2.289823620890655889e+02
2.588498542765959769e+02
2.616103141101677920e+02
2.451559408983316359e+02
2.642296925075821719e+02
2.552079311322187607e+02
9.065018164308226289e+01
1.061545897947557933e+02
9.431389356258475232e+01
9.367439463688970136e+01
2.438328904795633889e+02
2.808531380880594952e+02
2.337095758301178421e+02
2.396915031886740906e+02
-5.976478081698843425e+00
2.848599125308779776e+02
2.366020566501396161e+02
2.547389636050041304e+02
2.237423193766102827e+02
2.547672371821677473e+02
1.296011099965287485e+02
2.360271910524134569e+02
2.793930629340773066e+02
1.699815173432418192e+02
2.126891658796764659e+02
2.481459572063386929e+02
2.347322612310454133e+02
2.336717420304834434e+02
2.181230047033258757e+02
1.292691706492740309e+02
2.593350291597088813e+02
2.422341212457251629e+02
2.507156348836010125e+02
4.827495284261922848e+01
2.544089197398892566e+02
2.645640663653208549e+02
1.310406339823338158e+02
2.349570257952904626e+02
2.415599342149714630e+02
9.093096688118890825e+01
2.414652895088146352e+02
6.774169302012992944e+01
2.745898681592494199e+02
7.630232137120512448e+01
2.453072081414139802e+02
2.528723730576613207e+02
2.753669187654035113e+02
2.695088028484234428e+02
2.364522092053923927e+02
1.459093527502116103e+02
-4.102837957187931295e+01
1.940211500283595569e+02
1.930171977582174350e+02
2.563439237019305210e+02
2.826410370111115071e+02
8.673613368392186374e+01
-2.895881756616746827e+01
2.172944580818200961e+02
7.211340773323281894e+01
2.979563556371875279e+02
2.452416667683120863e+02
9.065763544642064176e+01
1.174803212690172529e+02
1.511230548450992046e+02
2.353119066606762999e+02
2.672609743662897017e+02
9.449607203768084673e+01
2.713784738564984877e+02
1.683785960249167033e+02
2.384441979363304540e+02
2.340752020655507977e+02
1.980028873988197518e+02
2.410534916325584902e+02
2.689502504086300405e+02
1.142146356093234232e+02
2.145719449698435426e+02
2.499349982189116020e+02
2.525627295236118925e+02
7.475202064994448392e+00
8.812395551994038101e+01
9.081213773903307640e+01
2.714012441696620499e+02
2.209753008632701494e+02
2.367764942112538904e+02
2.418954591472857487e+02
2.920426622568435278e+02
2.757261391905179835e+02
2.565558964003516849e+02
2.356700698443701754e+02
2.575957272934066395e+02
1.510421920173349974e+02
2.663678652527630675e+02
2.604659124147482316e+02
2.777182922420061004e+02
2.002995474009117913e+02
2.727735249000191970e+02
2.485918584235569995e+02
1.242146623823421692e+02
9.127005589140992470e+01
2.761617269821133505e+02
2.405129027976644807e+02
1.025239408266965597e+02
2.606236328319032509e+02
2.508738338891143655e+02
1.361775142399256424e+02
2.496016197963761556e+02
2.800826429865039700e+02
1.261108568612525573e+02
2.419313300285433854e+02
2.023977156630488423e+02
2.626301057323165082e+02
1.867299333972859188e+01
2.642079463125720622e+02
2.742712415562153296e+02
2.301864751642621343e+02
2.709964694593277272e+02
1.271013058797123136e+02
1.109534753893210990e+02
2.809256216785421429e+02
2.557150837908231154e+02
2.173985546558657234e+02
2.648123070068787683e+02
2.473828607364238508e+02
1.131914901829309059e+02
2.559100693646365130e+02
9.927375267529511405e+01
2.750143009892523764e+02
2.629772939601967323e+02
2.160483168362634672e+02
2.222463665189102073e+02
2.632549906019092987e+02
2.269014504055484451e+02
1.607763489353118302e+02
2.714062731876389307e+02
-8.867011616360130688e+00
2.586431538954328744e+02
2.647887183708164116e+02
2.477490447875652819e+02
2.149409821665400955e+02
2.776432076177767385e+02
1.325619948005331139e+02
2.589139438206090631e+02
2.692423504905328286e+02
2.342523227944857922e+02
2.503538798457328767e+02
2.731598668974147586e+02
2.667441277233260166e+02
2.897174801498925945e+02
2.602587263829026938e+02
2.617743570602523278e+02
2.514931017618654892e+02
2.446346488912127484e+02
2.633373504456986893e+02
1.288196590540791249e+02
1.089125283195865279e+02
2.515945071864443037e+02
1.114980119328577786e+02
2.271853399975785237e+02
2.396309259191237686e+02
2.636198237754800289e+02
2.554967955332800784e+02
2.404408663200295564e+02
2.859782147060615216e+02
2.785127131001192993e+02
2.815576129116666380e+02
2.264609335047794048e+02
1.528126818830419040e+02
1.420378134727743600e+02
2.662311140752794358e+02
2.685938685520970921e+02
2.797063311954684082e+02
2.610871596328787518e+02
2.252618115768573830e+02
2.529382294485640728e+02
2.652874510911274228e+02
2.688852160882378257e+02
2.311176314816632669e+02
2.020262384302529313e+02
2.610253481147997263e+02
2.470388238348884045e+02
2.582127997583282877e+02
2.560248030390173994e+02
8.291316494067370968e+01
2.257791656713923771e+02
2.851352911063330566e+02
2.701397824045848211e+02
1.200645563018991595e+02
2.711612145717953126e+02
1.026801788773741180e+02
2.706359737074625400e+02
1.795914397181280719e+02
2.592190247511513235e+02
2.650180392544345978e+02
2.154434733936237194e+02
2.457773995077174618e+02
2.037929551240173964e+02
2.149885191200306167e+02
2.272874427202586105e+02
2.829539316468926131e+02
2.159514343944464088e+02
2.226174935421350369e+02
2.536393086294846455e+02
2.158417582433101529e+02
2.353374280483486416e+02
2.587952655733253096e+02
2.423703474159321445e+02
1.966586156166484898e+02
2.800503799901383672e+02
2.415542572706860653e+02
2.278411976801192793e+02
1.097850234873455122e+02
2.456463661260333708e+02
2.719931543736107074e+02
2.014095049181979107e+02
2.569922249154976157e+02
1.139641268161115448e+02
1.034101121811503958e+02
2.428289222307479349e+02
2.356289569795560510e+02
-4.262336986997729582e+01
2.324778632510032423e+02
2.566403073983108243e+02
2.792918680082186711e+02
2.435526436198196905e+02
2.559655358755078396e+02
2.810095402576729384e+02
2.157953242153021449e+02
1.243987090393141983e+02
2.427370595379176166e+02
2.555269020928483883e+02
2.077699053178860993e+02
2.698133623166727943e+02
2.455312913125634964e+02
2.516054884301734660e+02
2.580425274961579589e+02
2.506860962362194414e+02
2.881014390859159562e+02
2.206567195216601931e+02
2.917585196079183447e+02
-1.109700885023252681e+01
2.193609921232250031e+02
2.363331780593952089e+02
2.766888694324836706e+02
2.550415287335801793e+02
2.797063676562230512e+02
2.440341251779906315e+02
2.239092395442745556e+02
2.189640473251575088e+02
2.464038978418758177e+02
2.597735926014703409e+02
1.133128683226286739e+02
3.930678091020999432e+01
2.533342450198884706e+02
2.506983162999279955e+02
2.533952190501666450e+02
2.271190306101956367e+02
2.338356207550276054e+02
2.698306960277444659e+02
2.707965655696426666e+02
2.093662902929798690e+02
2.503862546620347871e+02
1.935840983520008649e+02
2.376273224827422439e+02
2.323594104589963365e+02
2.510676642585073637e+02
2.799198205007841125e+02
2.264688875271431812e+02
2.362963277254167167e+02
2.641795149685613637e+02
1.497662291290130554e+02
2.773541682962014647e+02
2.690245471383999529e+02
2.761835444879628767e+02
2.331527302513472080e+02
1.282001686080267291e+02
2.514323337378577889e+02
1.556312048713430727e+02
2.769574700784864376e+02
9.993118723712484552e+01
2.862096345178736669e+02
2.819472247663013604e+02
2.537997948153036702e+02
2.397999259751720729e+02
2.482117818306313950e+02
2.524085812382547545e+02
2.504574115520541682e+02
1.245957100576858068e+02
2.599351395175093558e+02
2.541923061614934056e+02
2.352498742217845802e+02
2.713855135349795091e+02
2.403751055805059593e+02
1.404525203631922921e+02
2.274329506525021998e+02
1.074679517515025680e+02
2.451115706252838891e+02
2.603751128700628215e+02
1.832221809152153469e+02
2.802614632235471959e+02
2.372367442867239333e+02
2.594655758720662106e+02
2.535981415342889420e+02
2.533288124664632619e+02
2.556697436815852313e+02
2.696079131823743182e+02
2.541862108330369381e+02
2.576836749036506262e+02
2.339560757005352229e+02
-1.513956008014173449e+01
2.838402107156508691e+02
2.737481679101227314e+02
2.604668536206071394e+02
2.543200546392315005e+02
2.676945814609751437e+02
2.671392914923413286e+02
2.839727821421662952e+02
2.848068705952248365e+02
2.888518686306093741e+02
2.446011698978251729e+02
2.432317821245452762e+02
2.638034936555890226e+02
2.060975650176939666e+02
2.525020197898922163e+02
2.509709955056547415e+02
2.488133029800115423e+02
1.097804632639206517e+02
2.393512936349222286e+02
1.255596343698839945e+02
2.201416753036708656e+02
2.506418251488294970e+02
2.786641789427904996e+02
2.635205802413903484e+02
2.644456472507122271e+02
2.669197695979693208e+02
2.028531802464230509e+02
2.433927075014340744e+02
2.657328623515630284e+02
1.351288377715967499e+02
-1.109582392142129947e+01
2.722582595474249274e+02
2.410346554281835267e+02
2.522694170437893888e+02
2.269190630720248123e+02
2.620157051897514293e+02
1.216744062629848173e+02
2.789864646339332808e+02
2.963594708844867682e+02
2.782864182165114357e+02
2.660815852192607736e+02
1.360777140390196109e+02
1.705941409381464382e+02
1.276113125788788807e+02
2.653324762609512391e+02
2.939187612263966685e+02
2.499535462866323314e+02
1.365181281422093491e+02
3.016316655399670026e+02
2.663091635595909565e+02
2.289515488221429109e+02
2.812062588510052592e+02
1.933592540423780974e+02
2.544641755645326953e+02
2.595515457914468698e+02
2.738411280388995124e+02
2.334881250847993215e+02
2.133042726810382419e+02
2.366375583063676231e+02
1.432099261256109912e+01
1.277445892310038289e+01
2.583547128706584317e+02
1.178083749210106532e+02
3.310826300294678504e+00
8.824954336633575736e+01
2.417942736446436811e+02
2.160986982326899692e+02
-5.542451190278114836e+00
2.509114358043736956e+02
2.562392923995233787e+02
2.992790926964551090e+02
1.168491439264393534e+02
2.644126380596316039e+02
2.309678454709232653e+02
-2.091710628177165177e+02
1.041848533404634622e+02
2.893042731941274042e+02
2.590711307021726952e+02
-2.872996528062208554e+01
2.197780103454631728e+02
2.073199375065401568e+02
2.506136385698942206e+02
2.654482665280740434e+02
2.515990024654327897e+02
2.271355363597009784e+02
2.458674076925646830e+02
2.451963036310476696e+02
1.088434628165780254e+02
2.535846686851294578e+02
-5.146337892913279433e+01
2.157850741571253934e+02
-6.452025184639976096e+00
2.458584574190944352e+02
2.235964697696151404e+02
2.279199894614542927e+02
9.720805021385464784e+01
3.135656483746799950e+01
2.638925455494323842e+02
2.131065613985357743e+02
1.625335603775442905e+02
-1.694046568845849947e+02
1.007616261161580695e+02
1.262716651610811596e+02
1.457321718087826810e+02
2.517912938682916888e+02
1.231675180234365001e+02
2.912482029014731211e+02
2.494752241545660354e+02
1.613762846804265223e+02
9.911640242890675268e+01
1.961540123085609366e+02
2.569981769310139725e+02
2.323965060400811353e+02
1.263833914747922051e+02
2.377490681837949467e+02
2.690609394015959310e+02
1.360601740790601184e+02
-2.298484867483792371e+01
2.498176141590856787e+02
1.721009174270618871e+02
2.731955337758216729e+02
2.705543337279153207e+02
2.248440981496943891e+02
-1.610104983575925530e+01
1.224283876402931668e+02
2.124637487897980463e+02
8.861490068226817129e+01
2.067913088356010576e+02
2.413486194625952521e+02
2.380294050740352816e+02
2.349339220809375774e+02
2.531786434694730588e+02
5.110756944885701358e+01
1.675165436776399588e+02
2.545219808737846563e+02
1.427083206835387159e+02
1.233984688586834437e+02
2.368698601228232974e+02
2.602148999035256338e+02
1.039787819510394229e+02
8.211788448839278942e+01
2.058459277424836955e+02
2.474180409653746437e+02
2.195690491284645418e+02
1.660178932573152792e+02
1.538132893334037590e+02
1.231940679610913065e+02
2.006194035907006423e+02
2.541971633980859053e+02
2.482775115454006709e+02
1.682200905812392193e+02
2.684252531292494268e+02
2.251938585342446117e+02
1.892422840938816648e+02
2.417440430499763977e+02
2.841755306718914653e+02
2.573362751606219376e+02
-4.755148366926903236e+00
1.802481444094700862e+02
2.587075918206728602e+02
8.643913957767313150e+01
1.078839417731665549e+02
2.790901709250077829e+02
1.642497409662154269e+02
2.773158789932439845e+02
2.114138943553707861e+02
1.863128172337816579e+02
2.364618484945194155e+02
1.847603595782820207e+02
1.909569499894881801e+02
-8.048120188252980256e+00
2.421594319326252958e+02
2.494085054182825161e+02
2.354808691984179063e+02
2.399273465499933309e+02
2.795090004833186867e+02
2.256603913224798816e+02
2.177161404165586021e+02
-7.606421700767646144e+01
2.620522944511876062e+02
2.417625771195891957e+02
1.882084215300611163e+02
2.382112704549420528e+02
-1.877443233634056128e+02
2.397981816761588902e+02
1.780204324564809895e+02
2.567058641059165325e+02
1.477696161804524877e+02
1.917819878049765805e+02
1.547601452758238452e+02
-8.619642033491814459e+01
1.441037680538439076e+02
-3.410225989443382133e+01
2.489515020840252362e+02
-3.184198835654244419e+01
2.607414651504573158e+02
-7.730701031861168815e+01
2.065080419612276046e+02
-1.468505055682665272e+02
2.466697849011821972e+02
2.348849329585640930e+02
1.911406321261880521e+02
1.107913351014077064e+00
9.436471398392437493e+01
-8.745099428626448912e+01
2.656841860707268097e+02
2.102742393117806046e+02
1.961648828333323138e+02
2.253132024884490079e+02
-2.027612587217788587e+00
2.764261803081773223e+02
8.252989430754148259e+01
2.150409892113912065e+02
4.484266465809071178e+01
1.887340476200363071e+02
-8.188243115298222108e+01
2.226223759127177289e+02
2.251420969923053121e+02
2.183492733406276329e+02
1.947555623394931388e+02
-6.186396716698163800e+01
2.275070274778303769e+02
-8.089087209663124156e+01
2.388780297165309889e+02
-2.506314599451095546e+02
2.254304903405837024e+02
2.386973866326790699e+02
2.132404989878390325e+02
4.813667608393005892e+00
2.768257663476595098e+02
-7.493030817502258856e+00
-8.322501233741135707e+00
2.376937815410280734e+02
-3.013720396561780035e+01
1.188658407241697574e+02
4.414145435999365930e+01
-1.215496517943666674e+02
-1.961152325084229062e+02
2.334540343947489305e+02
1.955629943029380229e+02
1.534478404629185206e+02
2.416378449443780596e+02
2.672767309446688841e+02
-8.414433085258278311e+01
1.962458879269635474e+02
2.358915820880640126e+02
-3.681205520138949527e+00
1.833847581501572961e+02
6.549986357986179897e+00
-1.823573673262811496e+02
1.936985666365930285e+02
2.124042060542190029e+02
2.432082224909420916e+02
2.410773101889560337e+02
1.780625368994412554e+02
2.248793801897812159e+02
2.050880465528497325e+02
-4.646915589341030284e+01
1.820905778219030822e+02
9.427624587265525236e+01
1.149533867310161384e+02
-1.478894761607436408e+02
1.533510800821420048e+02
-1.345302608748691569e+02
-1.118843792061261411e+02
1.021192219495651443e+02
7.393525234567539428e+01
1.179569841067493599e+02
8.909165746603848390e+01
1.881466479131578353e+02
1.658814975913384444e+02
2.362528615705812456e+02
2.414345236494742721e+02
2.160432317441163264e+02
2.686197987380482459e+02
1.681139704369931565e+02
-6.177653645261997895e+01
2.350149062821857626e+02
1.127924885628672769e+02
1.237194779795228499e+02
2.472377706640796191e+02
2.246167186172909567e+02
1.287140607743277201e+02
-3.145198619263826245e+01
-5.323622730032309391e+01
-4.283316420463615515e+01
2.521387071547199525e+02
2.338092262575235338e+02
-7.617136199351247683e+01
2.216147756935933160e+02
1.529614098092400809e+02
1.586293878513151867e+02
2.452725115528004949e+02
2.482673272612651090e+02
-4.090231830871108798e+01
7.600606546576968015e+01
4.864764224888119770e+00
2.277622548058794791e+02
-3.040915512300579948e+01
6.363065732392995244e+01
2.439909155840364576e+02
2.554114421797499688e+02
2.629198994304294956e+02
2.322562708181315259e+02
-4.254050432626188183e+01
2.585428607757767168e+02
8.778073731945795544e+01
2.637173905094384736e+02
2.175173344958590747e+02
2.306260819352599469e+02
1.529326123222095077e+02
2.702621294070166869e+02
2.346183121940757417e+02
2.292826435879570965e+02
1.828580388397230081e+02
9.025391488388677885e+01
2.362270867679014259e+02
2.468599172690653347e+02
2.479721582485813087e+02
2.663318261634450437e+02
2.161280597060427908e+02
-1.373764734381582642e+01
1.741949398245727139e+02
2.312028206128350689e+02
1.732851730745263126e+02
1.323849620896397425e+02
2.539227394603638572e+02
2.066612842416330693e+02
2.548694911032389712e+02
-1.312529831514659691e+02
7.943175584511463683e+01
6.499692031276585169e+01
2.056024663041800409e+02
2.446883402767066116e+02
2.098776960326533185e+02
1.285444649500703633e+02
2.245224948597048069e+02
-5.594971196309691663e+01
-4.026071779380863092e+01
6.883003793501821121e+01
1.417456442879293093e+02
1.362023514243901801e+01
-1.043838403010556704e+02
2.469038694023820995e+02
1.095932374033341716e+02
1.776276520379723820e+02
2.128310135238714906e+02
1.896174919930595593e+02
1.864291193805808007e+02
-6.228837918030301068e+01
7.816471682331356874e+01
-1.966638694393219566e+01
1.965009500577236849e+02
2.376645822219192894e+02
1.870310362004716183e+02
-3.359788539304808808e+01
9.275659386509899207e+01
2.252128922693189566e+02
-8.271845841926656817e+01
2.444771203880229962e+02
2.170399873404191453e+02
-1.256436678718914663e+02
-1.126013314036918977e+01
2.031098954988779042e+02
-5.836188752378568267e+01
1.354107639529177334e+02
1.310923910609793666e+02
1.275595846404271043e+02
-7.282312217215665839e+01
1.347560643530835591e+02
2.353072371321456728e+02
2.545404606661522848e+02
2.196978354557920738e+02
2.551347456630820432e+02
-5.180825606130040839e+00
2.763386712165784047e+02
2.658274706315137337e+02
2.151349132845526242e+02
2.436744144998034756e+02
2.499301257387569706e+02
2.291003361796767024e+02
-8.172090958330899468e+01
2.020815088287857293e+02
1.610538277040972162e+02
2.257297969087652518e+02
2.019561427387035337e+02
2.565803629108707469e+02
2.475549975082518586e+02
-3.803276166943705050e+01
2.020333023048506220e+02
2.544415064853986621e+02
1.349920964125694809e+02
2.196195217056051376e+02
1.585804532052714535e+02
2.599677015781323917e+02
2.226938439264973226e+02
1.165604669471912729e+02
-2.769627891128854102e+01
2.436498834047910691e+02
3.115069214923310525e+01
2.249480886453411586e+02
-6.551331046981130157e+01
2.530513452561380348e+02
4.818355825076262278e+01
2.501849816649504135e+02
1.192698710326004203e+02
1.781603585375612511e+02
2.367746922620000305e+02
2.719798095685218868e+02
2.081638509341129861e+02
-1.201801264150300312e+02
2.135187497960035330e+02
1.073879283343544273e+02
1.945345539717021097e+02
8.833160070383945595e+01
2.108715151767588054e+02
-1.316201237185562718e+02
2.015576947312380582e+02
-6.196579971990368563e+01
3.271295071260831833e+01
1.411974638578998906e+02
-1.279643243400309238e+01
1.010871518126630235e+02
8.939480488645646972e+01
-1.427346589639045078e+02
2.349873716899039096e+02
-1.217392124789061540e+02
2.068881190101681682e+02
1.769368288174302393e+02
2.222217391994365130e+02
2.379884388737708321e+02
2.210255478504062125e+02
2.740368390940545851e+02
2.555835209371252290e+02
2.349046770455347257e+02
2.251326528785094752e+02
1.428986940448939720e+02
2.562181031316964095e+02
2.831605456736958786e+02
-5.249204481965350055e+01
2.314026105471109531e+02
2.789011903821738088e+02
2.238713438981824027e+02
-1.075682800376763311e+02
2.437520959927402657e+02
2.525677919974308452e+02
-4.097703407422800126e+01
1.258779513878044725e+02
2.398887856366571043e+02
-5.462953072092486195e+01
2.759453312772391769e+02
1.707495320906965333e+02
-1.320818744652902410e+02
2.732345157391862926e+02
6.623184242997407978e+01
2.744780265797910488e+02
2.332454685414999176e+02
9.089034094402025232e+01
2.332225291278393229e+02
2.063594324849035502e+02
1.077364039652052270e+02
-1.763039046055940560e+02
2.598785679480226918e+02
1.004755958204275430e+02
2.351983248191090752e+02
2.061053759957702596e+02
-3.948184223744079446e+01
1.366391616102235389e+02
-7.222351846687281807e+01
2.141126105391184069e+02
2.433090820061424040e+02
2.239670888978603216e+02
1.502234508719702717e+02
-1.216083639918561232e+02
2.528809444935245949e+02
-1.042791560403847910e+02
2.362740510233559519e+02
-1.295727825895954481e+02
1.311481435460733849e+02
-7.682417464319718725e+00
2.358943635898109221e+02
6.145203009740345124e+01
2.205607751126064215e+02
8.716495757454994475e+01
2.473253912242004446e+02
8.162638534384981881e+00
-1.896403563773906598e+01
2.441996904529923427e+02
-1.496173054070813713e+01
2.584143828106286946e+02
-1.623460142275703788e+02
-3.756475028697252583e+00
2.266177857075758197e+02
2.153913165634572806e+02
1.905269178497831888e+02
2.778507739192539816e+02
1.565342801317045200e+02
1.291757561037423159e+02
-6.226065824650662250e+01
7.914922227869655558e+01
8.058039547446200856e+01
1.012363385180652386e+02
2.606117085239283142e+02
1.990558583140813766e+02
-3.407340445058359535e+01
8.430326010163467743e+01
2.566316552911634972e+02
-8.166174493799896084e+01
2.124341887417326120e+02
2.703122231626762186e+02
1.452745735639477687e+02
-1.530183789962229923e+01
-2.887539792499889302e+01
1.154522640308040735e+02
1.968787641680641798e+02
1.986686581585019553e+02
2.814837635833246736e+02
9.554492794375839537e+01
2.052534256193675617e+02
2.192616384293376086e+02
1.707609279037160945e+02
2.219033105690224374e+02
1.787718758564571715e+02
2.128239053658574278e+02
1.250906933864263948e+02
7.529533563332894630e+01
2.239691743003184001e+02
3.615213245746204507e+00
2.151188125750080076e+02
1.025613750844845526e+02
6.030798476372302730e+01
1.749528122035322042e+01
2.618198644503510195e+02
2.131062466332824101e+02
-2.116897428014702243e+01
2.485806191464951951e+02
-9.234262663592755871e+01
2.748687861943672033e+02
2.736322537920939340e+02
-1.886523608591936636e+02
2.624612567748486072e+02
1.199226429996376169e+02
2.804155937860907670e+02
9.244997242890022449e+01
-4.513697632156855377e+00
7.094534326158114368e+01
-4.647346538160384455e+01
-1.384078603081501910e+02
2.413588898017379449e+02
2.894219908262909939e+02
1.194307485576736525e+02
2.339154309658604518e+02
-6.532683419528247271e+01
-8.199974535676626886e+01
-4.053496235218582910e+01
2.504633369296036562e+02
2.307797228757326309e+02
-4.902012420586491714e+01
2.122175256369383760e+02
2.161522771818703461e+02
2.009406576520844823e+01
1.175078586273607897e+02
-6.313214767076497935e+01
-6.115781194220611638e+01
2.318720856511157820e+02
