-3.014052080985084103e+02
-1.146433076482088183e+02
-1.316663390120423855e+02
-9.386419094028020993e+01
-1.296558416315005786e+02
-1.077903214319749594e+02
-1.316401974842837603e+02
-1.421021730566751557e+02
-1.274171546294400343e+02
-8.899107496294355713e+01
-1.120060019220542102e+02
-1.138364175802417577e+02
-3.070283873368177865e+02
-3.937591841616656438e+02
-1.473054978873522600e+02
-3.339887123543201142e+01
-3.332638255598490673e+02
-3.236683266055990771e+02
-4.864942974044075186e+01
-1.384033790842963185e+02
-1.272407821901396403e+02
-3.261047229162228973e+02
-1.145559976712868462e+02
-1.394178295733669017e+02
-1.438539865400931035e+02
-1.299002375289080646e+02
-1.819886749638335175e+02
-1.425762704685415656e+02
-8.894119989970185713e+01
-5.693716626490801502e+01
-4.227462755678134272e+02
-1.620310855595303963e+02
-1.344495251568154117e+02
-2.007362065671579217e+02
-6.847576173080859974e+01
-3.210485466646917985e+02
-1.030924200040899308e+02
-7.842147288701413288e+01
-2.465230547082725252e+02
-1.098479378776374915e+02
-1.020322679527441352e+02
-4.994191858011441809e+01
-5.943627809645596471e+01
-1.694909151832499674e+02
-1.444687065010544131e+02
-1.297857572709482099e+02
-1.664434948951594606e+02
-2.817001268712186288e+02
-1.631468952790985441e+02
-6.574146427524757996e+01
-2.154845423417775123e+02
-2.203730108958640415e+02
-1.335667440256789860e+02
-2.477895411573974513e+02
-3.855309682479208959e+02
-6.152410419010919895e+01
-1.850976087242411836e+02
-1.813886945237985060e+02
-1.091287232413719863e+02
-1.491625819105079245e+02
-1.498030034030480806e+02
-1.111085277057040344e+02
-7.266987432592141261e+01
-3.345126691089666338e+02
-4.871903246828890133e+02
-2.724558301551213617e+02
-1.127031682580209235e+02
-4.184412336895714475e+02
-1.252828605041378154e+02
-1.231117536683556608e+02
-3.457700615358019149e+02
-1.494322137020448622e+02
-3.393934253338299811e+01
-1.035609345255070366e+02
-1.824735572805172410e+02
-1.640024893792908074e+02
-8.732387998974374455e+00
-3.845205428279201954e+01
-1.204619364566313635e+02
-1.785528538316558809e+02
-1.529097745212561961e+02
-8.208621061739687264e+01
-1.172075018012847352e+02
-1.071508132918870189e+02
-9.252137782726035198e+01
-7.026322857573927649e+01
-7.526662855486326009e+01
-3.958579231220007841e+02
-9.312567096906792585e+01
1.564982465397631017e+01
-9.722419692382382550e+01
-1.009543332909431541e+02
-2.064596943756895939e+02
-1.163801365822437930e+02
-8.814537785898849620e+01
-4.759480842998007688e+01
-4.249076528914284268e+02
-7.283718933193965483e+01
-7.587772784506680068e+01
-1.375058210304681268e+02
-9.147426407561292194e+01
-1.011182995479126987e+02
-1.353647886882097851e+02
-9.754974983755487017e+01
-9.569635180492738868e+01
-7.657528330266947592e+01
-2.557101882823754408e+02
-1.789421886390618113e+02
-4.637469738878672132e+01
-6.147880290994137908e+01
-3.548026342175288619e+02
-1.007569558161589356e+02
-8.930739608346294744e+01
-7.139121354441080314e+01
-7.764312674540543924e+01
-1.457257924828972477e+02
-2.985864445019634559e+02
-9.908714324272710883e+01
-1.050096649089947505e+02
-1.088466796464792594e+02
-7.899906386680491721e+01
-9.037251791787770117e+01
-2.220432728706638272e+02
-6.461288232271458298e+01
-6.918095255001649946e+01
-8.519538143391703500e+01
-7.951382086464619192e+01
-1.132002143665683320e+02
-1.100295663140031763e+02
-9.136150209834346470e+01
-7.359441401782262915e+01
-2.439167408306528273e+02
-1.177414861222428328e+02
-1.614429945240179904e+02
-1.205825635258875508e+02
-8.642262133022141768e+01
-1.669746510706245601e+02
-2.154294494635383046e+02
-1.607922534434882778e+02
-1.118126582590891331e+02
-1.153877736833090779e+02
-1.021310204797945573e+02
-7.068739224041387104e+01
-1.042061224648171560e+02
-2.495384666834684992e+02
-5.937808183583636890e+01
-5.741464212318791738e+01
-1.108964344584582165e+02
-1.128328330952384135e+02
-1.055726110095083641e+02
-1.171993646300493594e+02
-7.732349145275347269e+01
-7.483403914056701467e+01
-8.597953781541440321e+01
-3.283376809230162507e+01
-1.191095777311707877e+02
-1.656581630969843388e+02
-1.188198720011870080e+01
-1.094230071479058353e+02
-8.243985291990421160e+01
-8.166906463527131166e+01
-8.779814447399631661e+01
-4.632330386445275394e+01
-1.444388887165103483e+02
-1.123252301542866860e+02
-1.302811248304618346e+02
-9.312901367443971878e+01
-6.253003557451967254e+01
-1.514523693614589206e+02
-5.336477901414662739e+01
-1.392779971390488640e+02
-5.547034420925713505e+01
-6.717575250185160485e+01
-5.976289814964929548e+01
-1.577997978123147504e+02
-7.609518289547712300e+01
-9.985312954895672988e+01
-7.702049272258626900e+01
-1.261571392465983763e+02
-5.052190399867102855e+01
-3.087403452786651314e+01
-6.603489924015576662e+01
-9.273797318674418477e+01
-4.351303227826161901e+01
-1.157843922917996906e+02
-1.620475414750728760e+02
-1.305009631990992034e+02
-6.773784536823055191e+01
-1.135668480684460917e+02
-9.016140258040974231e+01
-8.824532339544700221e+01
-9.759435477467361864e+01
-2.871140059785420817e+02
-8.319553567109915093e+01
-1.319004434057058006e+02
-9.057144775995534758e+01
-7.151280664891380923e+01
-1.220211225416753678e+02
-2.145984577156607997e+01
-1.058510323586551038e+02
-7.415364676228278995e+01
-7.980218138013489693e+01
-4.129063798890695125e+01
-7.177075792105064522e+01
-7.404075023910721143e+01
-4.836775641652003799e+01
-1.094999600223750065e+02
-7.479724945650386303e+01
-7.245191100739469903e+01
-6.506850906531580847e+01
-9.587756295351883296e+01
-6.916729553486601390e+01
-1.794653349459375704e+02
-1.168989910918089379e+02
-8.770620232401024907e+01
-3.236718052666773815e+01
-1.245157076634515789e+02
-1.224986036355529251e+02
-6.505444066153845029e+01
-1.179227799453753676e+02
-1.034494288707164742e+02
-7.899398378860419712e+01
-6.185838000156258687e+01
-7.237754300724024858e+01
-2.010597513217432493e+02
1.062766859720832713e+01
-2.708358208553345037e+01
-6.826297687864799002e+01
-3.451609607786750189e+01
-1.152603882442969052e+02
-1.483347385399002860e+02
-1.394669537262832648e+02
-1.903606074377687207e+02
-6.148978709616024929e+01
-2.300962832849819506e+01
-1.410300552532209508e+02
-1.176191014637320791e+02
-1.227890273436525064e+02
-8.218106101240732642e+01
-1.012229251163775814e+02
-1.427691169101639446e+02
-5.905614131132357159e+01
-1.589449497675399812e+02
-1.007538009020744880e+02
-1.281151776608903958e+02
-5.190492554750059639e+01
-5.989091509972566030e+01
-6.495107676421288545e+01
-6.174496278422748929e+01
-5.336759088808028650e+01
-6.621251653019062644e+01
-6.351212264238962746e+01
-7.939165405160369460e+01
-3.649248709705307903e+01
-6.292365187915174118e+01
-9.577727042017797032e+01
-5.774790650704443351e+01
-7.829616429331497329e+01
-6.866056957654562609e+01
-6.322116693221466477e+01
-1.413055411676415929e+02
-1.147602620543825083e+02
-4.662804792535094123e+01
-8.868331141278916618e+01
-6.057146342227686375e+01
-1.269917705221393618e+02
-8.762276573588825102e+01
-6.716538148667244457e+01
-6.067336188106023087e+01
-9.570472533897616074e+01
-1.064679516141259654e+02
-1.269109331272548644e+02
-9.687999927972184366e+01
-8.219574332164630448e+01
-7.729857502919220735e+01
-8.805088157707537277e+01
-9.079435808069982272e+01
-8.740080391993680564e+01
-1.064441040315760745e+02
-8.384207282614150358e+01
-1.191501724457884848e+02
-9.469273990557178422e+01
-6.927101150836951149e+01
-7.671912862048861825e+01
-1.068200905481594987e+02
-5.257625836645971162e+01
-7.408887841841050204e+01
-7.176920590908804343e+01
-9.884234864519869745e+01
-1.187810724562636864e+02
-3.429520993167490417e+01
-3.227694704173701723e+01
-1.634476157176726758e+02
-1.056579166626655137e+02
-8.828781330110824399e+01
-9.425874470543720918e+01
-1.239040755739674751e+02
-3.207859467907096018e+01
-3.358926806142021348e+01
-2.107844204863113191e+02
-1.040988057494619028e+02
-6.861580183012867451e+01
-1.521095297543065499e+02
-1.108700331203096994e+02
-1.083725031302347617e+02
-7.933925050273825264e+01
-9.088376419525457095e+01
-1.407170175877060387e+02
-6.313497506931705061e+01
-6.952761498859084099e+01
-1.152615636816488092e+02
-9.045606337842181688e+01
-1.221722594104428765e+02
-7.165211768441099593e+01
-2.207312222440200742e+02
-1.241774424988204686e+02
-4.901995066020374736e+01
-1.088335871790212224e+02
-8.507112342997727694e+01
-9.077889993303159599e+01
-1.149747436919512609e+02
-6.178788599738128084e+01
2.328117301429927011e+00
-4.850187795788839651e+01
-6.072879870837071792e+01
-9.034980771080201123e+01
-6.739868444867019548e+01
-9.376057287947487850e+01
-1.093888668666672430e+02
-5.447911055939678704e+01
-1.013242474416110781e+02
-6.172691401159561053e+01
-7.312583685394366739e+01
-8.100497837951557756e+01
-7.574844106058817772e+01
-1.722577335892511030e+01
-4.015660630445314894e+01
-1.310274110683226638e+02
-2.705290685141054041e+01
-9.754293179312226414e+01
-4.207603566784912630e+01
-5.364785815193435781e+01
-8.356391826997295880e+01
-3.862077171506467721e+01
-4.481496592298472592e+01
3.300165729649049240e+01
-1.962168376058941135e+02
-1.289697624517989993e+02
-7.664986531555196336e+01
-8.359715596197884224e+01
-2.993895044448890985e-01
-9.685551187654499472e+01
-7.827307018853106513e+01
-2.636040766789133727e+01
8.917329167025201286e+00
-1.182992106517129116e+01
-3.623898588367168827e+01
-7.311396132671787029e+01
-1.598822454614293065e+00
-5.680458368611166264e+01
-2.946742170378918502e+01
-2.080275212535383389e+00
-5.281619387022592349e+01
-4.931460793630164119e+01
-3.193582711140855679e+01
2.272835710128656217e+01
-2.709844046157618891e+01
-5.041636283304440269e+01
-8.306481249049014082e+01
-1.020898372290174478e+02
-8.050698759357950962e+01
-6.015017400197547204e+01
-1.178363909960485643e+02
-4.248174786552200999e+01
-1.261568359005035092e+02
-9.513913924486686824e+01
-2.382624006981164655e+01
-1.026823632855483339e+02
-2.688994857245859293e+01
-8.517405801939962373e+01
-2.765551337577747404e+01
-1.010740031662183895e+02
-8.703048129818976975e+01
-3.551846459549440738e+01
-6.444877972233484797e+01
-5.070840097562364690e+01
-1.141170639870450856e+02
4.519532478797614772e+01
-1.007081802678753206e+02
-1.099635858262228822e+02
-7.258323287634532051e+01
-9.745896023687119225e+01
-5.223865024739374974e+01
-3.851992860427358778e+01
-1.805356664199251213e+02
-1.224616507486764192e+02
-6.528966190419212978e+01
-2.246588226541918232e+01
-9.829193110396818156e+01
-8.868573674081629576e+01
-3.762904348398349441e+01
-5.070101134597167913e+01
-1.599789360977591741e+02
-7.383898568610992186e+01
-5.765274698036611056e+01
-2.375640508719340858e+02
-1.257770685940719346e+02
-7.857881631684976753e+01
-4.371586867255980735e+01
-1.217886175558687398e+02
-9.394825956842618098e+01
-6.607173738199885804e+01
-8.186017063961128315e+01
-1.168721307968089036e+02
-7.716191499191789660e+01
-4.362000385024738591e+01
1.811008846010858520e+01
-6.154048902752877126e+01
-9.019791227686849311e+01
-8.296882005092179213e+01
-1.128714216741786913e+01
-5.981356123396148661e+01
-5.280909182059299667e+01
-4.266767192050045310e+01
-4.338976405912372769e+01
-7.616745671170444609e+01
2.114241828616228247e+01
-8.170567093165050210e+01
-3.594647711081664454e+01
-4.862290286670464923e+01
-9.736698015398071959e+01
-8.375093892667756279e+01
-4.681970000230511175e+01
-6.426166336131426249e+01
-9.961106307438052454e+01
-3.310333053189840768e+01
-7.579697339075174511e+01
-6.209717742574052579e+01
-1.512829043178601864e+02
-3.269541938798694503e+01
-6.516848884006516585e+01
1.023085725038725968e-01
-1.469899165142698223e+02
-4.634104792923094607e+01
-6.115175736725866784e+01
-2.895318849850150400e+01
-2.136943556473630110e+02
-4.801437716686999693e+02
-2.027721377452259617e+02
-4.475414014185767542e+01
-5.944653146006362476e+01
-7.550366125932970363e+01
-4.714012139792914979e+01
4.015286467322377462e+01
-1.877808377491049328e+02
-3.193647770131943275e+01
-4.014992313849218419e+01
-7.961060843186146485e+01
-1.612371686007145399e+01
-5.166751109905460027e+01
-3.131248708291077492e+02
-6.587788559098220276e+01
-9.123803653856599283e+01
-1.982960529204275701e+01
-2.206039471031652965e+02
-6.884894042031915262e+01
-3.699134580964199870e+01
-3.587578002891234519e+01
-8.013957717833716288e+01
-8.895671210359057568e+01
-5.298822491705217885e+01
-1.840671186344878834e+02
-3.092073490286276183e+01
-4.099968887627589709e+01
-9.269478596237357237e+01
-2.113557959932211361e+01
-4.635331318468954009e+01
-4.439100247874961269e+01
-6.292245093168240544e+01
-8.196423489488009295e+01
-5.156357767237059875e+01
-9.669865160379274016e+01
-1.755548297563582310e+02
-6.183511362587070437e+01
-8.680379939709544601e+01
-2.140186051183952145e+02
-4.824035194588969944e+01
-6.571672424811956148e+01
-6.102360956783425650e+01
-6.675476592137064813e+01
-2.346943626689552787e+01
-2.813190375177562146e+02
-2.294498990748732581e+01
-6.365792066743255617e+01
-8.427621532247752612e+01
-6.618970754730489148e+01
-7.481413876165112242e+01
-3.596800181330485202e+01
-2.324713787903156970e+01
-2.893457265541371726e+01
-1.018887644214257762e+02
-8.241476920201805001e+01
-1.395719784561873666e+01
-8.430233019321350696e+01
-8.241644924687776097e+01
-5.452016361597375749e+01
-1.296760763761466251e+01
-4.289045207825443384e+01
-6.007762815360919006e+01
-2.314110266497534951e+01
-1.687695385182379937e+00
-7.429117873188079102e+01
-4.379832261620715173e+01
-8.197008533362358662e+01
-1.989377002090839426e+02
-1.370361705896117144e+01
-8.434428336391795256e+01
-4.951151189639826100e+01
-1.013601154133293392e+02
-2.786045164961706178e+02
-4.421925482228347448e+01
-4.747346090342766445e+01
-8.339185500667767315e+00
-5.484065932336923765e+01
-6.367577659953755642e+01
-2.137253006290566759e+01
-9.792124845152468993e+01
-2.854192105326593776e+01
-3.498106547988587067e+01
-2.150335807715407554e+01
-9.082495772742291251e+00
-1.186315718797976189e+02
-4.081688109749021010e+01
-9.480568265547347551e+00
-3.673849289970132759e+01
-2.269676980919740572e+01
-7.175396984262033584e+01
1.412118966500347028e+01
-8.589999765612940053e+01
-3.717190772959845901e+01
-8.480875882649316111e+01
-1.655808537585608065e+01
-9.568201928609440188e+01
2.623436263539090874e+00
-4.667060869561851177e+01
-3.112242226501035702e+01
-1.019150560200689455e+02
-5.557518214607996043e+01
-6.198124233396173111e+01
3.746823032200339298e+00
-6.026348987225397025e+01
-1.236225133868028081e+02
-2.824468162563202611e+01
1.066480455857823983e+01
-4.642698246052142252e+01
-1.194021172191469304e+00
-3.335850196490916630e+01
-1.830994244787004277e+01
-3.428357083807004813e+01
1.135952726843390792e+01
-2.277086303558917280e+01
-5.644021801869862998e+01
-9.806382818288882675e+01
-5.161446847376640079e+01
-7.294569725207969668e+01
-4.417190391076798051e+01
-5.686165581489260035e+01
-8.308597674930044263e+01
-2.881912264896196518e+01
-4.158768602949335502e+01
-3.847471189596662100e+01
-3.121851533205233409e+01
-7.111202482920182888e+01
-7.395760834228667591e+01
5.753540547161591689e+00
-2.215087090597964448e+01
-3.724886336962106270e+01
-6.928426466116492577e+01
-5.503691226707402961e+01
-8.190897534394275681e+01
2.056901955971225959e+01
-4.511889627268437408e+01
-4.984950616939730139e+01
-1.068358458411669432e+02
-6.391780283060664658e+01
3.225284398719026058e-01
-5.434273313823671003e+01
-6.615359377036685373e+01
-3.948796110767216305e+01
-7.765304213977810832e+01
-3.494265622884948641e+01
-3.347938122550520745e+01
-5.189884713003664984e+01
-1.096958504816793152e+02
-8.019574634462770746e+01
-4.999020410850476992e+00
-5.994951537812792708e+01
-2.727840679835183835e+01
-7.253951224141000864e+01
-1.063913180429457981e+02
-2.021459569456345662e+01
-9.162729919265103717e+00
-7.300925536896988888e+01
2.578277015266711203e+01
-4.738206180813376989e+01
-7.691595199338075872e+01
-9.716321265629591153e+01
-3.926078852642433503e+01
-3.187307888502277819e+01
-2.214325251691124663e+01
-7.256718110202065475e+01
2.088710309252029163e+01
-1.202892891987823987e+01
1.707877262476368685e+01
-6.954858493449883383e+01
-7.653947956815486009e+00
-4.959423878524552975e+01
-3.781957323217483236e+01
2.520274717270859810e+01
-4.710996869417689936e+01
-3.234262155474827694e+01
-5.115997279380429319e+01
-2.478301686418794247e+01
-1.088901801125544466e+01
-9.360482613237095961e+01
-8.122614472952488995e+01
-3.358533674159660620e+01
-1.719572744607339132e+01
-1.691377722588174493e+02
-9.158004809687939485e+01
1.987273171382317116e+01
-7.878004809578078493e+01
-3.627919981547327666e+01
-2.059247137354019515e+02
-5.543851644090337061e+01
-1.150691959640967070e+02
-4.857892776445751792e+00
-1.861885183726641344e+02
-2.524749907691747808e+01
-3.950720486221811711e+01
-1.835586758300619010e+02
-1.173091326333780557e+02
-3.588653414272025088e+01
-3.654787590605018011e+01
-2.445741830388714391e+02
-6.193104284989255603e+01
-1.855509251665850456e+01
-9.356881030978551905e+01
-3.934758972459601978e+01
-4.927739889638807824e+01
-5.457401909692769237e+01
-5.004561353006891977e+01
-4.960949026806954265e+01
-2.720380642558669138e+01
-3.263199145675017121e+00
7.252182428325681940e-01
-2.157676486408661845e+02
-1.150627773458950287e+01
-1.326493850649220008e+01
-4.668805263340998124e+01
-2.798522006891654712e+01
-6.690839832977165713e+01
-1.572907047241282612e+02
-9.060820222960018100e+00
-1.597030180399401900e+01
-9.063911584300450386e+01
-4.593047632391801471e+00
-2.046122710343977928e+02
-1.602981428597449565e+01
-3.227749647589691051e+01
-4.271207279043618144e+01
-6.576633328828006597e+01
2.136812438928637903e+01
-5.476207508984927586e+01
-1.371033981810604701e+02
-1.745372078415346095e+01
-1.200887050070969053e+02
-4.652695887181624812e+01
-1.913669322259578394e+02
-3.121750969260688180e+01
-1.062790529020630004e+01
-8.070398043386587972e+01
-2.891271675381902639e+01
2.543163928202164925e+01
-1.699244664178969799e+02
-1.993948980658687731e+01
-2.509494415096415310e+01
-1.447508523668070666e+02
-7.592678358929933324e+01
-4.355427465941154708e+01
-5.099346777257984797e+01
-7.484265747062377727e+01
-6.588539865132612761e+01
1.493420571338128866e+01
-6.354181038801415582e+01
1.485791696440545451e+01
-5.027312714995741771e+01
-3.348277169568294198e+01
-2.542902236632158974e+01
-3.112186564501790542e+01
-5.791387302674509385e+01
-3.781451775744608312e+01
-5.843540534623551252e+01
1.030674767975050088e+01
-5.114099216163376127e+01
-6.239790317540136755e+01
-6.627035913125965294e+01
-1.868572622790456705e+02
-3.371082528433532843e+01
-9.152333738125678053e+01
-1.051113772471100560e+01
-6.928165086816996165e+01
-4.327240854213969357e+01
9.837410909764656708e-01
-7.458650837980741244e+01
-4.373806358416948115e+01
-3.936843848881028407e+01
-2.988077234947941463e+01
-1.388472858713457185e+02
-7.196992794337809585e+01
-2.186724094188173240e+01
-4.857132670909175687e+01
-5.595165820840401238e+01
3.624715294551415923e+01
-1.639893339911454007e+01
-1.915862543649132022e+01
-5.163105684264424156e+01
-1.483008345115739246e+01
-9.066914669466190446e+01
-1.501499714935268059e+01
2.733495888181617772e+01
-3.258960612543128832e+01
-2.842916826431938659e+01
-4.513348822479113664e+01
-1.287339704571158450e+01
-7.663250742117149628e+01
-6.761036534766958539e+00
-1.485214601943023638e+01
-7.709799626589067145e+01
-5.926692136283207901e+00
-1.300188084134390465e-02
-1.439342527608387456e+01
-6.641521239980960445e+01
-5.776209529714998325e+01
-2.225311066436935903e+01
-3.750357513035881141e+01
3.970130497377766687e+00
-1.759560621809864642e+02
-1.885722766912307975e+02
-1.265549268572505071e+01
-2.066595366217974572e+01
-1.250847790885930522e+01
-6.121944040386797070e+01
-1.062005123942923461e+02
2.549352642506232947e+00
1.027304795173445484e+01
-3.433239854180717998e+01
-1.117350152100868854e-01
-9.457982041403880658e-01
-5.019586225639640276e+01
-5.869961881427111905e+01
-1.985379663979979625e+01
-8.738279927320675711e+01
-6.347476396933956266e+00
-7.487296450594720909e+01
-2.272613106976601216e+01
3.571081768333375805e+01
-2.335706497801928094e+01
-3.903609854161018689e+01
-1.400498397121093319e+01
-1.122309505297456838e+02
-7.119828419588856150e-01
-3.019712933379001640e+01
-4.570102076029058935e-01
-5.658387330715284236e+01
-8.960561223658677932e+01
-2.449472723781931904e+01
-1.412788247440994382e+01
-1.158119367250444043e+01
-9.419073549019962854e+01
-6.599561105493854996e+01
-3.797965546267840864e+01
-1.764607780547962079e+02
1.095703741182355913e+02
2.191007433335734333e+01
-5.234417569016244443e+01
-2.482460273019526653e+01
-3.363266745900567400e+01
4.371226375670026698e+01
-2.124571291130463635e+01
-3.808523036562321806e+01
-3.975020327247644047e+01
-3.943653441853440711e+01
-4.271645271865129700e+01
-3.159896125744789686e+01
-8.738805311981808188e+01
1.173746514031307697e+00
-3.150010101242111205e+01
-1.433473491776815933e+01
-2.517662523393395801e+01
-4.577316359042067972e+01
-2.013312634581430416e+02
-5.255981498891232206e+01
-4.786078892592215084e+01
-1.976962643800547426e+01
-2.423745655440021096e+01
-3.240552150199552273e+01
-9.794459318034273565e+01
-1.370472514442391798e+01
4.944699200211134382e+01
1.036425597547294046e+02
-4.222392644837512421e+01
-3.495915034667049781e+00
-1.242692997358233242e+01
7.374794010129434696e+00
-1.406097311059507433e+02
-2.292368420131067808e+01
1.132860594886295758e-01
-4.514021067205509041e+01
7.557610920597333859e+01
-1.874055521744380712e+02
1.093591769275011387e+02
-2.974257760788927385e+01
-3.043062094823829966e+01
-5.226428269813332861e+01
-6.357491247687409697e+01
-2.749137426967180886e+00
-9.017742855000327040e+01
-1.406999079149775582e+02
-3.242834698303039431e+01
5.989616888949525730e+01
-2.271198752300610124e+02
-2.346574535176434040e+01
1.018264641196906695e+02
2.439176990357938735e+01
-6.624555952479023802e+01
1.279827068830246617e+01
-2.939401742396086092e+00
1.670412236422498609e+01
8.665942898591410426e+00
-1.443435242504571647e+02
-5.132702328422055871e+00
3.671063878787654744e+01
-1.448103642134506686e+02
-1.619280600761815094e+02
-4.448123387056170941e+00
-5.303719453504135828e+01
-5.398079846330549003e+01
-7.130086474768262406e-01
-2.839669964128773927e+00
-4.351707274489172050e+00
-9.588417230927888113e+00
-3.036508574377722880e+01
5.243807725957313437e+01
-4.043620273449977276e+01
3.970832848490235278e+01
-1.851192367834520951e+02
-3.569776976841032479e+01
-1.348243649350458782e+02
-6.150493064613711169e+01
-2.020643443759794877e+01
1.333255271978720202e+01
2.355455791735096227e+00
-7.576026027231137050e+00
-2.879526674717337187e+01
-1.073874054093556509e+02
-4.526080543279506685e+01
-5.172399480321783471e+01
-1.042568302978832975e+02
-2.532502458419443769e+01
-3.117133526094832519e+01
-1.151831265454899267e+01
1.767442387487243138e+01
-6.818524699974803127e+01
1.946357512962450187e+00
8.449915049202743944e+00
3.163316636119628811e+01
1.381549553986140211e+01
-2.727436368067026251e+01
-3.390042226906085716e+02
7.235411367187317921e+01
-2.158504452901911748e+02
-2.759094878884521052e+01
-5.430653937730340886e+01
-5.436225162214184081e+01
-3.110850229613861018e+01
-2.729829873037245136e+01
-6.322876564596965920e+01
-5.566210927398550723e+01
-2.922295834003301707e+02
-6.512650606683709498e+01
-2.968226053278662846e+01
-3.092769350554479502e+02
-5.829901036150285165e+01
-1.245932513669991408e+02
-1.644436391235316819e+01
-1.111809194263063603e+02
-6.803849137917184464e+01
-2.780929090320669275e+02
-4.461802986052794040e+01
-2.989612974647977239e+01
1.581170069756124974e+01
1.971611989802357812e+01
-2.645356709317073296e+01
2.818909055177644518e+01
-7.801540262948947202e-02
2.573365955795591731e+01
-7.813427406826363608e+01
-4.568374879092195329e+01
9.985473152695433896e+00
2.779257530528749953e+01
-2.627740477797129870e+02
-4.895980330107590817e+01
-2.441073101959984228e+02
-4.915450591858039786e+01
-2.821801954596494966e+00
1.475068773439870995e+01
-1.603942525780155393e+00
-2.043777214996980263e+01
1.137574657648571019e+00
-7.093339285704915653e+01
4.629775433552347152e+01
2.984095355546627815e+01
-1.575562018763933736e+01
4.327585823974217760e+00
-3.180876383828979215e+01
-1.377298653064340783e+01
-4.071975229739607727e+01
-1.060388629333132826e+01
-1.672693420626347063e+02
-1.222838418375923197e+02
-6.548987693382684938e+00
1.596617625799876805e+01
1.020927559154935693e+02
3.075690660651875419e+01
1.924180886282647407e+01
-7.450048504609756606e+01
-2.028785304694976901e+02
-4.932314352081830577e+01
-8.463794018194234070e+01
-4.945899885156205045e+01
-1.803487562660182562e+02
-5.613610567009405372e+01
-4.913757865857192542e+00
-6.485508603552202267e+00
2.269789106133136158e+01
-2.268701434162973385e+02
-5.979267055190547353e+00
1.000129424754720020e+02
-4.403222824805729374e+01
-3.201596724704664609e+01
7.733957674483946221e+00
6.747644348176751805e+01
7.493723390362916348e+00
1.931594196438513222e+01
-5.995950660516058406e+01
-2.226250419845860051e+02
-8.840952089414756188e+01
-1.660989549583355824e+02
-2.576041465039165246e+02
1.234853915730815288e+01
1.115075192704324536e+01
4.605078162286713450e+01
-5.987241722945890388e+01
8.449767677842285707e+01
3.519257186876723154e+01
-1.355950979022011893e+01
-5.811692586747109601e+01
2.192823767905051113e+01
1.391043277739110806e+01
-6.487815079736391510e+01
-5.386003247507872516e+00
1.203761757565552131e+02
-1.674074737701464244e+01
4.367500510291121429e+01
-2.046419168398959698e+01
9.083541821436884334e+01
-3.933627562519316712e+01
1.058372537917584424e+02
-5.949096431918250971e+01
-4.555718727574919313e+01
-8.771416521503952879e+01
-1.714314364197122131e+02
-1.434092354840188932e+01
-4.039519998209028984e+01
-1.977841222303875668e+01
-1.733259179245558812e+01
-9.867355882106706133e+01
-6.014444319191223798e+01
2.470306368459729640e+01
-7.708951925217257894e+01
2.911528788404972445e+01
-1.632475863100694653e+02
2.370849800666043450e+01
-1.304909422082661763e+01
-1.930293152624323056e+02
-3.715045802570072908e+01
5.323887351099998000e+00
-1.152690806735720912e+02
-1.444655491742403797e+01
-1.598199774763153869e+01
-2.091606807276676250e+00
-1.991993548935806189e+02
-7.254163487452046866e+01
-1.810228414543739746e+02
4.363913577235408070e+01
-2.766729812556860679e-01
-5.532737501967047677e+01
2.369583471615590042e+01
-8.193342507037399969e+00
-6.068406977498617039e+01
-7.370201876827884746e+01
1.196206636097492151e+02
-2.568225399688317623e+01
-7.885677086360441024e+01
-1.015014982522052378e+01
-1.454038782833952723e+02
-3.187425885675142467e+01
-9.868470638234271064e+00
-2.460148326320221202e+01
1.257318647637229390e+02
-4.046676622254756808e+02
-1.650509639892616747e+02
-4.378937701976684593e+01
1.281572424735646507e+02
-2.175430780140581533e+01
-1.167085492732022374e+02
1.434472762613494012e+01
-2.100668908504624994e+02
1.141116808189872103e+02
1.228554381925995216e+02
1.077402231790546239e+01
3.251781232864882298e+01
-1.948029351497419555e+02
-5.479733682731826150e+01
-4.862208826717647980e+01
-1.157154736670554200e+02
-4.458992241304963500e+01
9.964290508678318758e+01
2.548361411583540530e+02
4.273456022542346489e+01
-7.372038004115893273e+01
-1.087105868459836699e+01
-3.268232094381090747e+01
-2.331590189890945908e+01
-8.380435303231504918e+01
-7.927265063156765734e+01
-4.624916581653479852e-01
-5.822657420705525055e+00
5.463262765201885429e+01
7.821263139023869826e+01
-4.657700431555002751e+01
-5.849538363657115525e+01
-1.095297999884554798e+02
1.873594228399172579e+01
1.405082337384490643e+01
-4.835014789845089922e+00
-4.149858012090867021e+01
1.107256657765783814e+02
-7.715690220446465730e+01
-3.741878578473053096e+01
-5.342120158718920209e+01
-4.535949926848502400e+01
-4.156857233023480092e+01
7.316169438433828986e+01
-1.776251070965589918e+01
-2.309999720913623378e+02
1.294263324911018174e+02
-1.062414060905298498e+02
1.103946386535631206e+02
1.114617214363641580e+02
1.313784039873056315e+02
5.099146983522242493e+01
1.304886259336637977e+01
1.430704212992839075e+02
-7.098189685105805324e+01
1.623093209403410242e+01
-1.091586132305877754e+00
-1.004952072605175317e+01
-8.494861185015344063e+01
2.120831551142737226e+01
4.058851428823211904e+01
-3.087461157156494096e+01
1.294667441329156077e+02
-2.611052914832612259e-01
-2.588508301094334740e+01
-1.576885153815265994e+01
2.296084516961398947e+01
-2.046056365306537828e+01
2.453355011911828853e+01
-1.832784469285644491e+01
7.418203222679380815e+00
-7.891675839132153669e+01
-3.135544173268353063e+01
-2.722447671396540727e+02
1.437759229666669114e+01
5.437310993884099020e+01
-2.186375651831156119e+00
-4.234769590821554175e+01
-6.198786838363890439e+01
1.325551304962836241e+01
2.684769171904306972e+00
-4.935385991233980008e+01
1.115117685483959065e+01
1.439048657986016622e+01
1.787728912191347774e+01
-3.223992960303934296e+01
-6.810305085404193903e+01
-6.645704436947332283e+01
-7.710115188714368628e+00
-1.244307683420051802e+02
-5.923200861807916340e+01
-1.156178028684589378e+02
3.325687170612587806e+01
-1.800010237251603940e+01
-2.769349194918963519e+01
-1.139678471102028965e+02
-4.748632576300277464e+01
9.580555320813941478e+01
-3.408687768143978758e+01
-1.962492861556185630e+02
-8.464797928949830919e+01
-8.825090983340948014e+01
1.414278300458093725e+02
2.380143262069137222e+01
6.712831195500331205e+01
9.471157440175772990e+00
-2.643583459063020200e+02
-1.282131473127054733e+01
-1.702140145393433102e+01
-1.578400734917435955e+01
-5.605340490942751330e+01
-5.621017251410043514e+01
-4.346195003756686503e+01
-3.268710067877252357e+01
-7.320617625534387685e+01
7.143128703279543856e+00
-1.033498408965382964e+02
-3.805820636796499912e+01
-7.508991311481148045e+01
-8.939478936718107605e+01
-3.136481462245282614e+01
-2.812800427208007648e+01
-2.186300902656186906e+01
5.810507008681902619e+01
1.134299963265588786e+02
8.098279737504959996e+01
-3.726832995792486258e+01
-1.784416671385524751e+02
-9.596376528841811648e+01
-1.033603643598297595e+01
1.184567442624087619e+01
-6.978189117149842957e+01
-2.355261245042726443e+02
-5.951820072072580103e+01
7.803456168847372965e+01
1.230691497626436792e+01
-2.028160567111291357e+01
-5.269691884551103556e+01
-2.104254155084660738e+00
1.050327886781126097e+01
2.647663617305564685e+02
1.170632626951796169e+02
1.980490783388501086e+01
1.209795207469532130e+02
2.188439518558274699e+01
6.290387005520315711e+00
-1.062407238600064829e+01
1.360168545502578468e+02
-2.153096722269318093e+02
-1.605779496303433689e+02
-3.076116182045677760e+01
-2.492830123282303134e+01
-6.212389940808779443e+01
-3.539964361111651669e+01
1.157958576402923256e+01
-5.288559384575450650e+01
-2.966764379395514197e+02
-1.613061991820728736e+00
-7.062654642084368106e+01
8.142961604851223001e+00
-1.223888893724133737e+02
-7.048427294541144761e+01
1.870838939723600447e+01
-1.677382391329705342e+02
-3.511285328759263962e+02
-2.240310183413690481e+01
-3.613225355813431747e+02
-1.746398083937410775e+02
-1.112261447065558002e+02
-2.608911355212870831e+01
-1.216526908898600823e-01
-2.236520181269100078e+02
1.161554779029760596e+02
1.966186021456585991e+02
-1.078570144588066881e+02
7.212271692142464019e+01
-1.787218685502251105e+02
-1.623179129492542074e+02
3.711506757567022419e+00
9.050899075739359034e+01
1.419182971769652113e+02
-6.777408540740174203e+01
9.070181513630416248e+01
9.166751501539218339e+01
-2.375600146514335620e+01
-8.217751573925298203e+00
2.950424744879686045e+01
4.572610182164774528e+01
-5.684195746013458006e+00
-3.029398612861666606e+01
1.256874071726155222e+02
-7.032330452614333183e+01
1.027856605055859092e+02
-1.205064470955065303e+00
-3.687825663703246448e+01
7.436871107142768267e+01
-7.752690647000713398e+01
-2.710310582718892078e+02
-2.353493782443138116e+01
-4.422375262375039284e+01
8.004083689518215294e+01
1.869769305871966480e+01
9.770999456157402108e+01
3.301107011364530308e+01
3.601044725740695185e+01
7.783178612078491199e+01
1.145582498784022789e+02
-5.970683152009121386e+01
1.100275912448933013e+02
2.350482034128806674e+01
-1.072211665547095549e+02
-1.661116873699030521e+02
-1.385347511813799599e+02
4.066614837811758321e+01
-3.863064806665578033e+01
-8.292390347095448533e+00
-4.651515426478454174e+01
-1.823562388103958369e+02
-6.718878867864006565e+01
-4.452960194907930713e+01
-3.557028403360514801e+01
4.245668265388923146e+01
3.535524955865912489e+01
-2.016663205853621434e+02
1.747804147454192503e+01
-1.108826812307146668e+02
-9.732328300862391757e+00
-4.114308793828365651e+01
-3.234589587957933787e+01
-2.316936170725964530e+02
-5.915083002713488725e+01
-7.667369427333225929e+01
5.882093080091184589e+01
8.396377550104108423e+01
-3.878648969132139541e+02
-1.479415065344683740e+02
-4.864245542242146314e+01
-5.806687995425733817e+01
1.619177384072757775e+02
1.095259246787769456e+02
-3.473143193559745612e+01
7.083625905854763971e+01
1.304341514888652966e+02
2.496558611207248646e+00
1.264573793439539884e+02
9.967959223944293967e+01
-7.480282436679377156e+01
-6.533684815933213486e+01
-3.821131521678877618e+01
-8.920190152596205735e+01
-3.903419759880607387e+01
-4.213181571973095174e+00
-7.603926498836972314e+01
8.378806615858158580e+01
-9.275712077117472631e+01
-1.841128138089308663e+01
1.326469079320102651e+01
3.094953137244260688e-02
-4.279196557994437455e+01
3.520728598227830730e+01
2.464225342995739254e+01
-3.846478839018152485e+01
-9.238364154252565186e-02
4.607700877075546941e+01
3.611534456743842725e+01
4.778365029808190911e+01
-2.317767067639387335e+01
-1.377323528496149585e+01
-2.773850379845777070e+02
2.950230378443743007e+01
1.896014803516956704e+01
-1.194160491595130225e+01
1.603973387650917459e+01
1.254560488738383413e+02
-1.793914860088270871e+02
-1.519003363127855835e+02
9.073198184422849977e+01
-2.226823847561727803e+02
-9.369993333007457181e+01
-6.495377730048234355e+01
-7.798596008527979961e+00
-2.279383300016526448e+01
-4.224642631775316204e+01
1.431199969887922521e+02
1.415382610292029142e+01
-1.925633876993304057e+02
1.377420913872714436e+01
-1.000486488260859517e+02
1.044688356686269657e+02
-4.499873831033642091e+01
-2.716682336716806390e+01
2.565892016023986244e+01
-1.314030280360464928e+02
1.349926344273094969e+02
2.677166404079072208e+02
1.869574897537634683e+01
-2.253052100555524362e+01
-1.968878901728568565e+02
-3.090228995764798015e+01
-8.365923630639132114e+01
-3.043358463548406689e+02
-3.400214785429434983e+01
2.554883565698380039e+02
9.182681126151905460e+01
2.408500082909797300e+02
2.735986398839382900e+02
1.620847754184561040e+01
2.203882007838707864e+02
-4.903250761171412364e+01
-1.134817736055611732e+02
2.251248878089361938e+01
2.328586311126129829e+02
1.357100759334016118e+02
-2.535374836061462531e+02
-2.276281383283392756e+01
9.775121895123882609e+01
3.413827065084996093e+01
-8.070780495746518568e+00
-2.548557483162895210e+00
-1.898704155896098200e-01
-3.436278126518084264e+01
4.263441222119329410e+01
-4.250182181485308774e+01
-9.281696759556992049e+01
-3.404381338893755071e+01
6.533173445499443233e+00
2.312349178668310401e+01
1.385141405735232922e+01
-2.742669358172524596e+01
-2.293820566694344620e+01
7.734270422190903105e+00
1.085544746973628634e+02
-2.789379546171840047e+02
9.812761750801284677e+01
-6.484205898521574341e+01
-9.276485614878977515e+01
-7.853663995594054370e+01
-5.838501612022255927e+00
8.810516583232988808e+01
-7.852006720172809651e+01
-3.418057800434925753e+01
-3.798592547584460988e+01
-8.089560886063438261e+01
1.349482032823770226e+02
-2.730770061165040374e+01
-2.915960917211803860e+01
1.317396656891461646e+02
-2.580379315194693390e+02
-2.532272647438378499e+01
-1.979726551266784895e+02
1.265492705544829732e+01
2.259175387520361937e+02
4.034378297202060537e+01
-2.742080215698969710e+02
-1.897630744628505681e+02
9.030044431081793732e+01
1.525830454588821397e+02
1.098402607767017116e+02
1.108071791605195813e+02
1.406450074169421498e+02
1.589550802404554872e+02
1.650341087082875333e+02
9.772207482566307135e+01
-1.927630925410409191e+02
-5.389747509193307451e+01
2.482762663822730644e+02
-2.554662524157050996e+01
-5.650340904699404376e+01
6.658730529633362494e+01
1.925138698152510131e+01
-3.438047580115523942e+02
-2.295542535342875112e+00
-2.545083547820985359e+01
1.021454815615895768e+02
-3.826846242568792889e+01
-1.104783457603437142e+02
-2.046542714032108279e+02
5.876562109437657000e+01
-3.046914268598302442e+02
9.866532255098167070e+01
1.165418875765013667e+02
1.257346934427888243e+02
2.398348042652564800e+02
1.186114848169692664e+02
-1.114946222691709892e+02
-1.098678516857550136e+02
-6.475962529513604693e+01
-8.502164274783825704e+01
-3.492156160957989641e+00
-6.107100932461104037e+01
-9.699377037917585653e+00
-3.316664731288749124e+01
-1.035217016453858321e+02
-7.524642743357198071e+01
1.016023650638368423e+02
1.365875458389473636e+02
2.216850005601145881e+02
1.951583619688445026e+01
1.042090856688916602e+02
-4.456539408351190446e+01
-5.465528233582944040e+00
7.886363726421217279e+01
-1.113854189812911955e+01
-2.311890735715074356e+02
-3.225739339948104600e+01
2.004842929157784681e+01
3.081717704389768642e+01
1.353011732039149422e+02
-1.962002293449150159e+01
-9.754841172281001604e+01
-2.430184391498504226e+02
-3.928635766985856037e+01
-4.279602777595853524e+01
-2.268256366443961269e+02
-1.044349044657351300e+02
1.070992222153959403e+02
3.407354502182036526e+01
-2.731770214538660468e+01
1.377302822105313851e+01
3.164696050348703693e+01
-3.109603927227203712e+01
1.031125535090197474e+02
7.062608816463975359e+01
-6.519370858710516359e+00
1.230952043404045213e+02
8.462512749518123201e+01
-2.255383124814969165e+01
6.737059551904599175e+01
9.656063491797966947e+01
-2.133042276070165144e+01
-3.793992268570296744e+01
-1.726564869564981848e+02
1.109951461224308815e+02
-6.952456800838547224e+01
-9.919568830009035310e+01
-2.126925067336838424e+02
-1.933484082322360393e+02
-1.026582256350504139e+02
-4.542809463654884894e+01
-1.648445545758158062e+02
-1.504351750468534021e+01
-2.181886451793323545e+01
-6.122140465575189694e+01
-1.505742457049116467e+01
-2.542628641273455514e+01
-2.999687966577251359e+02
-2.249189155385934669e+01
-4.626757255332888974e+01
-4.188157095860280776e+01
-2.049430786254695249e+02
-2.942129728026609996e+02
4.413836646105764316e+00
-6.944548265324159786e+01
-3.632051311611169240e+02
-3.275649290798395441e+01
-3.029564936064596736e+01
-2.502462179565248732e+02
-6.246469426378021694e+01
-1.270955116582338178e+02
-7.197358668693081540e+01
-2.541978352946136113e+02
-8.608839968742515225e+00
-3.784336161209566285e+01
-2.000534748207733742e+02
-1.230077881391472658e+02
-1.577640743561958203e+01
-1.819190730201072483e+02
-2.918431632603238768e+01
8.239908536388684013e+01
-4.622222744273756234e+00
-2.514221635209252526e+01
-6.407585689267989437e+01
-5.236624645248719645e+01
-2.325210602141341454e+01
-3.273822480160380337e+02
1.275240073569019756e+02
-4.903582726002872505e+01
-1.240869855865141034e+02
-4.524129542401705173e+00
2.071667992128517000e+01
1.217297930407841733e+02
-5.805705367234976677e+01
5.178143807461438541e+00
-1.045607456048169865e+02
7.905281040024570416e+01
-3.383983715599386244e+01
6.284244307657324669e+01
-8.014516340847575293e+01
-5.897894857874526053e+01
-7.179152657808111826e+01
-1.346575443035741273e+02
-7.755949615269666708e+01
-6.294722559514940485e+01
-8.588297895478461896e+00
-4.925319163998871375e+01
-7.634177007124856118e+01
-2.822364314255582372e+02
-9.013638713216650444e+00
-3.929419744828267653e+02
-1.088875797010219202e+02
-4.872208053378767545e+01
-3.538632544826497224e+02
-1.593078779106325555e+02
1.395661927588733988e+02
1.138780087728768251e+02
1.296277570870005320e+02
1.805900728047230928e+02
-5.560526673110814500e+01
9.752057470160312391e+01
-5.761093933362325004e+01
2.526164075125400643e+01
-7.677336623935609339e+01
-1.021513985912961004e+02
2.465246830599139400e+02
2.053307571665480680e+02
1.210347354236405550e+02
1.474998551242080396e+02
-2.951381716568154445e+01
2.441474674145407562e+02
1.075835166674772410e+02
1.849557932231726340e+02
2.268147492999048609e-01
-5.247347445770101615e+01
5.948009492066648818e+01
-6.722008308416789646e+00
7.239109571876525706e+00
-7.463940710668914846e+01
5.386319170545240809e+01
2.451405396182626362e+01
-7.244718771746458685e+01
-8.177748565434677630e+01
2.051410325760518294e+00
-2.532446769156510982e+02
2.393784356697406110e+02
4.072132750291653736e+01
-1.115323037469779877e+01
-1.058394011577440921e+02
-1.898272360644250512e+01
-5.190261138736846647e+01
-5.063936782975173401e+01
-3.709536425942317805e+00
2.960866527201565646e+01
-6.237267808056279961e+01
3.376522726010522035e+01
4.588204402806053395e+01
1.041596284701100643e+02
-9.290700739861513568e+01
2.121124016878483758e+02
1.371365169479851147e+02
1.181634147555773922e+02
2.106565054499014877e+01
-2.708713792276634535e+01
2.149176413862268475e+02
7.106207727727777979e+00
-2.197556648258706957e+01
2.754776460841114272e+00
5.064420820129841161e+01
-2.392239207198161921e+01
-5.966647585526702358e+01
-3.673289663913647018e+01
3.049330043201534579e+01
5.168216588027630820e+01
-7.414205387358846622e+01
-1.928032884222254495e+01
-2.966328091124866262e+01
-6.536623582850924663e+01
8.108733701573081021e+01
-3.893760197454277545e+02
-6.059286437403157066e+01
1.183942074037584575e+02
-1.879681366623754570e+02
-1.536661333631691377e+02
-4.665647387204085561e+01
8.316415086092742115e+01
-1.293827644015685223e+02
-1.519631070299050748e+02
-1.979308405398393802e+02
-1.419476244363995932e+01
-8.957457512112142695e+01
-8.099147099312889964e+01
-3.797913212211406631e+02
-1.762218997422714892e+02
-3.800287470562292924e+01
-8.644007142499792451e+01
-1.959772745133808769e+01
-2.561594559704345784e+02
-1.965914464571467306e+02
-4.734343182825908514e+01
-9.156110636116970625e+01
-4.280090263739876946e+02
9.216109483959797899e-01
-3.309857599112253865e+02
-3.467612549836110247e+01
-2.078824082096798520e+01
-3.590645714707105185e+02
-2.988970338436790826e+02
1.564931120669635334e+01
-9.979646720050261877e+01
-3.787570548191200714e+01
-5.393418454697759046e+01
-1.459644199065626253e+02
-1.418070581501058882e+02
-8.182665580624743029e+00
-2.018909008962061193e+02
2.338315669810512816e+02
-2.851482428288455822e+02
-1.333570810337706973e+02
-1.431511596390073180e+02
2.541598134650631948e+02
-1.388118283878171155e+02
-1.411516363533906997e+02
-1.123694630782129025e+02
2.364848998826051627e+02
-7.035111590605727372e+01
-1.967153337953604364e+01
-2.063493095050624504e+01
1.522545464271797186e+02
1.631918374745117148e+02
1.736561917290942461e+02
2.169958970677771504e+02
-2.999659817425557762e+01
9.145566486692464991e+01
4.794379583972586545e+01
-6.291524783753942529e+01
-6.627505861780177838e+02
-1.490489181989784129e+01
9.959585590762017659e+00
-1.461763796213713817e+01
6.015916609342156107e+00
-4.871987195417554517e+01
-2.526098394051791729e+02
-8.976619616705011140e+01
-6.706438734834387105e+01
-8.160709295270009989e+01
-1.724020863874815745e+01
-6.087943432833617408e+01
-6.584438736917618940e+01
-2.886414448867509464e+01
-6.703110896240897887e+01
-7.547452568463398848e+00
-8.645613198459732018e+01
-1.081141563791077402e+02
3.589303091241689003e+00
-1.073158555161170113e+02
1.986922226270561680e+02
-2.636167700980581685e+01
-8.000193378742238792e+00
1.016031667884524410e+02
-1.804943185342054335e+00
-2.336929501758102958e+02
-3.618701696537753421e+00
-3.397177391262863466e+02
2.662393441041043118e+01
-2.322637683847691221e+02
-2.227725488546871304e+02
1.336637416514612084e+02
1.492818086318961548e+02
-5.800312171722710985e+01
-1.175132728263650819e+02
-7.318130570192107598e+01
-1.920230454201674775e+02
-1.740759927589349445e+02
-8.170216294861396022e+01
-4.173896339387755461e+01
1.583700170368032900e+00
-1.271718944923354115e+02
-9.317364582370899484e+00
-2.159751379908405511e+01
-7.990499014312587178e+01
-8.342614288634601394e+01
-1.320420678081569577e+02
-1.232756087581239512e+02
-6.120936395604869062e+01
-2.628261185480504309e+02
-1.040152053961583363e+02
-5.077330374393082479e+01
-2.508105913400209204e+02
-2.170898417762274448e+02
-9.147989956832357450e+01
-2.043467585025969697e+02
-7.832354462447970889e+01
-9.431224505399491420e+01
-1.189444239494366258e+02
-7.163870640521987809e+01
-8.411623492842237226e+01
-1.877092437227221637e+02
-1.042420258252505363e+02
2.006205456827491389e+02
1.687893209366478686e+00
-1.121489007009254806e+02
-5.079804833934403518e+00
-8.114747880320234685e+01
-9.492570100788212528e+01
3.621783364039271191e+01
-1.573683479913293581e+02
-1.954384869236554323e+01
-5.563758992437560380e+01
1.206687432526783255e+01
-8.534164970925498039e+01
-9.476585560852389278e+01
-1.539907152008523212e+02
-5.031142679424996800e+01
-6.448605997328868966e+01
-1.201009979601267617e+02
-1.093655374163622440e+02
-1.073260956526340237e+01
-1.932600512527631054e+02
-9.501283996747855554e+01
-9.674452462501305661e+01
4.215624432153362022e+01
5.754585902668915764e+01
1.347111965354691847e+02
2.626995272255863156e+01
-5.655016847412170478e+00
-1.348727901593279910e+02
-1.726561209198846711e+02
9.540125146777084808e+01
-9.025930813167431666e+01
-2.377222285076437913e+01
-1.391573786138328614e+02
6.003640920565339201e+01
2.788007197853218599e+00
1.838803793391296040e+02
-8.223059552871087874e+01
-1.094813298166052959e+02
6.556332508434881134e+00
-1.419382161706121224e+02
-3.407158255927217283e+01
-5.926984298691753850e+01
-1.852609531760818697e+02
-1.090391757790315239e+02
-5.511486187484332788e+01
-1.336453364828499275e+02
-2.973211542698442145e+01
-2.792515202503390981e+01
2.746069494208920787e+02
-1.395507821835179527e+02
1.169991154183919662e+02
1.159200959693249189e+02
2.166841178665833922e+02
7.808995618236180292e+01
2.098656727771418105e+02
-4.283031684861380484e+01
1.396092969719803989e+01
-9.930271435981936179e+00
-4.874977601298756724e+01
1.884343039107907884e+02
2.074323131525665076e+01
-5.391735441925931127e+00
-7.363290947580813395e+01
2.114203947284038634e+02
1.210482139634828513e+01
-1.128366938822367160e+01
1.070667153494994750e+01
-8.128562504509631026e+01
-3.659085061831612506e+01
-6.242079419247912853e+01
-1.869743236684055887e+01
-5.490776766993406000e+01
-2.337913298237151594e+01
2.169497390162496515e+02
-6.589513502851568560e+00
1.980065746670571230e+02
-1.150869641745951668e+02
-2.294284890060773563e+01
1.582251258973724646e+02
1.484787871575371696e+02
-2.403495818452425681e+01
1.047559811658403248e+02
-1.643083733528429207e+02
-7.485321985788657173e+01
1.370501925942702712e+02
1.544731643305287605e+02
-1.684991549456466657e+02
-1.573824050330560453e+02
-2.294177191924808028e+02
-1.430981735443862704e+02
-7.621372654924047652e+01
1.520281297707481940e+02
-1.564027708841496178e+02
5.357650468517938691e+01
1.079597116408912143e+02
2.040276091363423916e+02
6.747467729610615095e+01
5.654342165222449523e+01
1.169316908985808823e+02
1.920405320716938604e+02
1.638498540354199804e+02
-2.392711351436386167e+02
-4.306107714817726162e+01
-1.811913342792493609e+00
-3.706580832319249339e+02
1.014211702680826477e+01
2.090317871727064016e+02
1.450835230363720996e+02
2.760351487583709513e+02
4.680006198101688142e+01
9.141577959442727774e+00
1.497888803565010107e+01
3.036151725877491003e+01
-1.058442223564865969e+01
-3.975449436630935907e+01
6.770645939811969605e+00
-1.866066666524486664e+02
-2.599242763425567091e+02
3.973265472493465467e+01
-1.521778938517951190e+02
-3.217677788510241612e+02
-4.076696821320453523e+01
-9.947200426544662832e+02
-2.613823389526183973e+02
-1.512252968910316611e+02
-1.366494223296371047e+02
-2.139875621634017477e+01
-1.163063622487599531e+02
9.167696293143974273e+00
-1.441756012422388267e+02
-1.752362297588894080e+02
-9.626474731584177391e+01
-1.049476512033611613e+02
-5.305964291555769563e+01
-2.548206076924263357e+02
-8.671104748876066992e+01
-5.484783323588193760e+00
-3.572048903837179523e+01
-4.392366257987517884e+02
-8.985945350836907153e+01
-3.597391085796513721e+01
-4.635080037372714656e+01
-8.532750923509894392e+01
2.961482052235282936e+01
2.182117818805609488e+01
-2.004106569141388832e+02
-2.985796348252947041e+00
-9.669070285706172285e+01
2.870822199266494863e+02
-9.199969660034855679e+01
-6.960672465670597830e+01
-8.689137150830397616e+01
2.455514262095881293e+02
-5.293211726028477671e+00
2.842079090337368186e+01
-1.989535215777990516e+02
-5.856922990313040600e+01
-5.802586867682201444e+01
-7.905977692398671763e+01
4.072825949952950708e+01
6.022140222750678618e+01
1.781516461755721537e+01
-2.133734497259917191e+02
-1.511862676069573297e+02
-9.868541690846488734e+01
-1.119782535002917427e+02
-5.721398641811541808e+01
2.354796842279648388e+02
-1.956717471703611011e+02
1.656977745055900186e+02
-4.037374594510318389e+02
-3.285804783233627404e+02
4.228780366586093464e+00
-4.396650163880287323e+02
-4.479676924404890315e+01
-4.333791391258259864e+02
-3.321757953693224295e+02
-3.862710431030028957e+01
-2.844323556414693144e+01
6.024237345621383355e+01
-8.200901348537863100e+01
2.572361406183586041e+02
-1.926209359712063929e+02
2.843813628516096514e+02
2.089548150136105846e+02
-1.844753816547028009e+02
1.745137931696404223e+02
-1.390119439630107934e+02
4.404853680406526450e+01
-8.699818586093766726e+01
1.665476513078241396e+02
-1.100435285929093396e+02
-6.513699923660394120e+01
-8.357367636872639594e+01
2.074639308288110442e+02
-2.560862961099319364e+02
-9.734418268115177852e+01
3.178535811811002532e+01
-2.737655033584068320e+01
-1.848679249849381563e+02
1.390695642979912634e+02
2.034521081442710155e+01
-1.210736541683916698e+02
-4.868689362638245655e+01
1.989459957387501561e+02
-5.349764179553228871e+01
-2.334491381846329716e+01
1.843392968644032521e+02
1.454651161004185944e+01
-1.652150032464156197e+02
-1.116611466620825688e+01
-1.585651161093491055e+02
1.333982700341127980e+01
-8.261677410894748164e+01
1.988520856316345657e+02
-3.330211439427293385e+01
2.205142628503465403e+02
2.213806279300324888e+02
2.497143759094400650e+02
2.384209733142196797e+02
2.181796800867185198e+02
2.652367801280218487e+02
6.239209026707393946e+01
2.453699515036589105e+02
1.905839965773728295e+02
1.425625101509548642e+01
3.230763205288602080e+01
-1.514945619730395947e+02
8.688069830358612933e+01
4.238842352299130312e+01
2.876817781723715939e+00
-1.835374916912538765e+02
1.529103668795397297e+01
-1.105318315634899022e+02
8.240783608334952248e+01
2.375458033708017354e+02
-8.839188405335400489e+01
-1.814528493668356646e+01
-4.526653102127308159e+01
-4.579117600508455155e+01
-7.275758925727922133e+01
-2.557813560548922283e+00
-1.599527254441537423e+02
-1.222741936803126492e+02
-6.470971794649393871e+01
-1.835658987151049644e+02
-7.060748420383232826e+01
9.664692639845469557e+00
-4.199508800541245535e+01
-1.471345428820787049e+01
1.739450266063404626e+02
5.550882499874792586e+01
-4.698553962568443865e+01
-2.382595587545990057e+01
-1.515605349362980405e+02
-1.680856974497222893e+02
-1.914058831217786860e+01
-4.174971261186482963e+01
1.383811168927464905e+02
-2.043373384760465683e+01
-2.091480618825774798e+02
-4.599342124457995595e+01
-1.049249451086893714e+01
-2.049176187355724323e+02
-4.707981058465271929e+01
-2.870861247955705267e+02
-2.818276057654890110e+02
-2.177066239515352208e+02
-3.663606032192527664e+02
-7.054586226121298864e+01
-5.530564251378002183e+01
-2.710769345223703226e+02
8.080938340999260561e+01
-8.283688961929844652e+01
6.848627326087857625e+01
2.529975362840552009e+02
2.039794796637677905e+02
1.668814116526953342e+02
1.831657214182640416e+02
2.522223244910618973e+02
-1.682701920639012769e+02
2.048728440733427192e+02
6.385764994039852382e+01
4.464840614348248948e+01
2.197863127771787219e+02
-2.926805476352946300e+01
2.431486625681951637e+02
2.183280034185190459e+02
-5.388149131751086429e+01
2.124862260811475210e+02
-1.010439211315601540e+02
2.267653467015893511e+02
-1.277871622238209852e+02
-3.921735006942706292e+01
-6.586413100721976832e+01
1.214348995269603364e+02
1.726797004688219488e+02
2.257631457829184001e+02
1.620634626754818441e+02
-4.691791179748166485e+01
-8.868924596082592871e+01
1.988524889879980435e+02
-1.877808753956972510e+01
-5.914909707791490234e+01
-4.911310970379924612e+01
-6.483156959131726182e+01
1.422342556197588976e+02
1.173188359097865572e+02
5.291221151081277441e+01
1.545539187526997864e+02
8.761302625164432811e+01
6.190728781235453937e+01
1.434962866830080372e+02
-2.913990567786161137e+02
-1.063354831029873537e+01
1.955032394008111112e+02
2.041824159067784308e+02
-1.055188103545880551e+01
3.208560411505618504e+01
-4.262309822751042532e+01
6.531462208533108083e+01
-2.427266894171684157e+02
5.517623255212629374e+01
-1.527362765948693095e+02
1.738116026407651020e+02
-1.772642359498220230e+02
-5.511285124521141654e+01
-4.810969713658505498e+01
1.229064854964288571e+02
-1.691284283755819615e+02
9.679604934154336604e+01
-2.574818513213642177e+02
-3.432542033693778194e+01
9.265659413511423281e+01
-2.937194037068936723e+02
1.995616344153515058e+02
-4.084787454601951140e+00
-2.066574308278651984e+02
-2.431686104639020130e+02
1.988230785400394041e+02
-1.031934616817852799e+02
-5.346289576591229320e+01
8.338423667044457943e+01
-8.734011620655695651e+01
-1.859902327018091910e+02
-1.036109218427811669e+02
2.235945914766013516e+02
1.014586346847974596e+01
-8.284043065693788321e+01
-2.679516845249110020e+02
-7.163168528377040900e+01
2.480873241079901845e+02
1.702163222292704177e+02
-4.633752595236514082e+01
-1.237975011409880466e+02
-7.634284806886691399e+01
-5.670607954564393367e+02
-8.059960515145860427e+00
-2.950251116137525287e+01
-1.215418893393197095e+02
-1.154967435187314919e+02
2.008037363566238582e+02
-1.366164087543735093e+02
-1.119091942790170293e+02
-9.734705385689542823e+01
-7.224165883137240485e+01
-1.432918702479313140e+02
-3.954984677513106561e+01
-1.786325632785788997e+01
-1.886328078532881136e+01
-7.264361549009089458e+01
-6.100551544974467788e+01
-5.390682808648462299e+01
7.195409548228245455e+01
-1.217522250048772037e+02
-1.137592292055753660e+02
-1.209763880585247051e+02
-1.003731382035679474e+02
8.527098129024417972e+01
-2.673759690363007735e+01
-9.078025897831767566e+01
-3.380114649077432887e+01
-1.257061115154554045e+02
-1.046515835544525146e+02
-3.339125348023297590e+01
1.623483164911530423e+02
-2.094741478289008683e+02
-1.041632307646088549e+02
-8.571387322874696224e+01
-3.104459048064494482e+02
2.719823331607896080e+02
-3.442565325357466577e+01
8.596553542043845653e+01
-3.680832916932084231e+01
8.046109592143622535e+01
-1.566904162583969082e+02
5.692259923744968475e+00
1.851140244373686414e+02
9.478283490034003478e+01
-3.671792211927721894e+01
-1.053078316959070122e+02
2.112795552769045457e+02
2.107080702231208988e+02
2.171597505098736463e+02
2.119625302191516312e+02
-4.744680349962204957e+01
-3.627082402833279957e+02
-1.158391015399198380e+02
8.360039853613160687e+01
-2.300004583293465998e+02
-1.184080545597456506e+02
-1.643929475741152544e+02
-2.962531799261984133e+02
1.061587826216418904e+02
1.121217268096309141e+02
1.279337393306941522e+02
1.871275336035618864e+02
2.288552222801625362e+02
1.288194529644930526e+02
2.264236639654997418e+02
-7.312722782429152346e+01
-1.106809463738646002e+02
-3.222753759784365002e+01
2.434712469543755162e+02
-4.873585882885372911e+01
-7.206909614891472415e+01
-1.226358573410655310e+02
-4.714689916096199340e+01
7.179140040299216707e+00
-1.262102347105126654e+02
-1.153984060693905747e+02
-5.949253921259325750e+01
-4.055467449929778923e+01
-1.103443557424008077e+02
-4.853650527604020226e+02
-7.452643891559350209e+01
-2.329724148370541741e+02
-9.086909888768626331e+01
-1.911652734641924667e+01
-3.464446716896137559e+02
-4.092843950030905376e+01
-7.941786292699973160e+01
-9.962470196663416289e+01
-2.029413762277711442e+01
-3.165699902583313374e+01
-9.842866319847676948e+01
8.374163859759004680e+00
-2.952854518968995023e+01
-3.557427998351751341e+01
-7.730965078239039201e+01
-1.821068923190497344e+02
-2.616462789923998500e+01
-7.736227895519323283e+01
-8.150584651438403228e+01
-1.583231635054944775e+02
-5.957527384236583856e+01
5.973310307431903965e+01
-7.327461323602398124e+01
-2.417664441660296859e+01
-2.609685757822962273e+02
8.625969427090282693e+01
-1.933467920129423590e+01
5.173170985007998723e+01
-1.439484707425179408e+02
1.897315080776973559e+02
-1.409972863528380742e+02
-3.459143464038393745e+01
2.230039368853285850e+02
-1.464717504911206447e+02
2.229459854281051321e+02
2.147805982929260438e+02
2.014939297337550670e+02
2.274248575871487787e+02
2.245334101730790337e+02
2.142286928626756719e+02
-3.770379817158629265e+01
-8.241528799610955502e+01
1.927313295394454258e+02
2.430460842228301033e+01
2.224230410833357041e+01
-4.435721988196981158e+01
-8.163362593496309216e+01
1.564102286976818732e+02
-7.122725516129371215e+00
-1.927179452640793613e+02
-1.409480061436752862e+00
2.584852692586547391e+02
-1.971305314455334496e+02
2.418174208334212665e+02
-2.142391798523277657e+01
-2.758470146127014289e+01
-1.277792236945356734e+02
-1.226443945614073101e+02
-9.598113907661677047e+01
-1.117005806366037319e+02
2.147179062161319507e+02
2.261505453538002826e+02
-8.058990360575209877e+01
7.885465526061076424e+00
-2.119779119167442900e+02
7.646119254541846999e+01
-4.271610846384325555e+01
-6.539181387952808677e+00
2.162399016093549164e+01
-2.001111914109162342e+02
-2.129273920122744244e+02
-1.920762234221943174e+02
-1.873513729130521313e+02
-6.872402282187330513e+01
-2.145196719649958936e+02
1.783528159728393803e+02
2.160628887483626315e+01
-2.739992201581492282e+02
-5.551606218721388153e+00
1.659175490305505036e+02
8.745563228477888629e+01
2.958674664003318640e+02
2.712669797786672916e+02
1.453931774145524400e+02
-3.877877420072132963e+01
1.060316080154710363e+02
2.322513603045756838e+02
1.518493999214983319e+02
7.434086757471219187e+01
1.621923132132328362e+02
1.695023189977803213e+02
2.648262359509845965e+02
9.090566726001104314e+01
2.593382324349743726e+02
-8.200209556891947216e+01
-2.343010266985885437e+01
-2.586202594781853747e+01
1.279957843002418088e+02
1.246672211219611910e+02
-2.960490171291472450e+01
-5.908330611692279888e+01
-1.114947072599757689e+02
-1.938760564477610444e+02
2.754023533366307674e+00
-1.743398221272269382e+02
-7.508731681248612233e+01
-2.248542795736181574e+02
-9.553780009921511862e+01
-5.381257695759083504e+01
-2.521866220292447167e+02
1.881266228129533147e+02
-1.175993613547140342e+02
-4.560852298406559413e+01
-1.475213662500192697e+02
2.029287848358467841e+02
-1.466157279741975685e+02
-7.339661173616734402e+01
-5.030405988729761191e+01
-1.349880335580944575e+02
-9.645043692009380720e-01
-9.298812320636605477e+01
1.953980407747910419e+02
4.046883693649311908e+01
-1.243371161562167515e+01
-2.648665695533097164e+01
-1.131523375901778508e+02
-3.034035918993361847e+01
-6.113887680618478271e+01
3.202125667894886174e-01
-2.651820200286322802e+02
-3.331721301175495853e+01
-6.115952023859717457e+01
-6.860320145585858143e+01
-4.722805617600766936e+01
-1.992237315307481538e+01
1.605465887979914896e+01
1.438483527543113638e+01
-5.792776221241614110e+01
1.170178193834908953e+01
-2.587827019204822321e+01
-4.651282608001353225e+01
-1.070558821258273241e+02
1.940540348839037676e+02
1.710778270790004285e+02
1.735681515567084432e+01
6.601147042823545519e+01
-8.046686256882068733e+00
-1.574368171335055067e+01
-2.991566541469694585e+01
-1.826488870588838438e+02
2.530777894657957745e+02
1.850153051673146365e+02
2.123109231356954183e+02
-6.937050740028675477e+01
1.827415367760568188e+01
-1.882579537969385228e+02
4.418658772667512835e+00
1.237403615393898519e+02
-6.497433530454065931e+01
1.470863653719885065e+02
2.084118738932602639e+02
-4.316386959796737699e+01
2.717879626546315421e+02
2.732273851455502722e+00
-2.787577796848905791e+02
1.200460117869678385e+02
-2.424520962160457316e+00
5.924035198671319336e+00
5.000263314737185283e+01
-5.234180181289161737e+01
2.322727706158467811e+02
2.122580874283917467e+02
-1.671183451790751064e+02
-1.202895279518551348e+02
-2.090188142740193484e+02
-4.986436782980891280e+01
-2.951367247575447550e+00
1.146136422149851768e+02
1.415090102825364511e+02
2.636699100112991090e+01
-4.310958422075943020e+01
-1.097398003640270758e+02
1.844421097614883820e+00
-4.091801364248948403e+01
-9.389571237735420794e+00
-1.335686589643061666e+02
-2.242836408561487360e+01
-7.663687516745063988e+01
-6.030997205089490620e+01
-2.126567730361417929e+01
-8.571629161952574805e+01
1.376248065376603336e+02
5.118866743154243437e+01
-1.134776844235455506e+01
-1.771780588320516969e+01
-1.678131459142682615e+02
1.618582312601565150e+02
-7.851118324193605780e+00
-6.745978963652404126e+00
1.771177818995770892e+01
1.348608720041596598e+01
2.362988279566617393e+02
1.864232086826899035e+02
1.835301213704708800e+02
5.729301906836198555e+01
4.963621099698799100e+01
-7.475292732651951155e+00
2.402967160885878570e+02
-5.844801912478350232e+02
-1.504843294496602937e+02
5.145595916977839579e+01
1.962974954976387494e+02
1.220001603552803999e+02
-4.071858676493379789e+02
-3.868284504929384298e+02
-3.751512407692496254e+02
-7.033606027986198228e+01
-5.042848119493326919e+01
4.153994363166612658e+01
-2.892251077166277469e+02
-2.458814809550533482e+02
1.690489688834545916e+02
-4.042690171673330042e+02
-1.816487109302529461e+02
-1.812511276297520624e+01
-1.215538063117682270e+02
-4.269142268026961062e+01
3.626298905998390865e+01
-1.554571724746811299e+02
-1.801906443743646946e+02
-5.455106743196580510e+01
-4.193496667003341827e+01
-2.027891835725088185e+02
-5.153193693330664615e+01
-2.163865986887792303e+01
-2.831901803558512256e+02
1.907750734016750016e+02
-1.837423342907345614e+02
-3.625975617942046370e+00
-7.749804410620575368e+01
-1.604455245597870885e+02
3.126264600617844280e+00
-1.582084571827333548e+02
-2.719410658668919041e+02
-2.047259211372987124e+02
-1.511319173471844124e+01
-2.014241355352784240e+02
-3.635324039567352372e+01
-1.870229360175321460e+02
-8.405641179881791913e+01
1.175876571304398510e+02
-7.339637073777899445e+01
1.336494700709562267e+02
-9.742140983443542268e+01
-4.822548349638452692e+01
-5.954269565529556729e+01
-1.260715139886303717e+02
-8.133071533836780986e+01
-1.910722627255211705e+02
-5.328021291650228619e+01
-2.098041741589060507e+02
-3.706276046050362538e+01
-1.326276144397265853e+02
-4.613287013081632892e+01
-2.316489513853809399e+02
-9.408157056527747955e+02
-2.037999564651963738e+02
-2.302778486907790523e+01
-5.677906934238777126e+00
-1.462631450724949218e+02
-1.834903653704610065e+02
-4.995137238426931958e+01
-3.229478701361267099e+02
-3.127565380387121081e+02
-6.598473937560120461e+00
-2.811368273848730723e+02
-1.862480614350165524e+02
-2.558637372220939028e+02
-2.860641800316665808e+02
-5.286092223081959673e+01
-1.769902043977793937e+02
-1.572709285436693563e+02
-2.097649028133405409e+02
-2.490634329653265127e+02
-5.090713359761292622e+01
-2.898722552544865039e+01
-5.809749036868569760e+01
-6.163692330841375799e+00
-3.293937016042776804e+02
-4.549342703504974850e+01
-5.019237749503265889e+01
-3.804066934617324591e+00
1.057811581395271503e+02
-5.194491565571088643e+01
-4.909108237560548815e+01
-3.991159817026087353e+01
-5.402633074131640001e+01
-1.115692073853664681e+02
-4.444459467449372880e+01
-4.616712892501919896e+01
-4.379085494276000645e+01
-2.381661567480027486e+01
-3.409525242338016682e+01
1.037176300393324766e+02
-2.582168733845716702e+02
-1.378154588966982530e+01
1.151029878306369483e+02
-1.180919728336666985e+01
-2.910522383040833816e+01
-1.552158529576121104e+01
-2.038629712072710731e+01
-4.104375641160934407e+01
-1.959468828770496174e+01
9.686451645747284900e+00
-1.067805063281820743e+01
-1.580146156835628801e+01
-9.556492576369222114e-01
-1.705463520440005141e+02
-1.415239606095024101e+02
1.592026842759625538e+01
-1.761179718833882930e+02
-4.620738716571917593e+01
-3.290557045467038222e+01
-2.286016346512769815e+01
-1.417876771906357192e+02
-8.516416429396829813e+01
-2.456535463018599046e+02
-1.926406437037759076e+02
-3.188721232594113530e+01
-4.323322387722628690e+01
-2.783362715104672347e+01
-2.279381498693669883e+01
-3.650578249963815836e+01
-2.807145105359958315e+00
-6.260161396276902224e+01
-3.246514152417847576e+00
-2.175556702528326269e+01
-1.480655339869339571e+02
-1.381912773762604729e+02
-7.988309328250846875e+01
-2.361451617903738907e+02
-3.901031155359105469e+02
-1.541906609578080634e+02
-1.161767808137505824e+02
1.395509011534590513e+02
-3.310374284021833091e+01
-2.231841275782227640e+01
-1.773977220369478758e+01
-2.711600293930199967e+01
-1.622426846993799021e+00
-5.617188453328012798e+01
-4.318164614861552764e+01
-4.706273330786773101e+01
-3.721119951975119022e+01
-1.659148701859126263e+01
-7.948456215061337105e+01
-1.072954013006093277e+01
