-2.147615268171734328e+02
-1.063887281216850198e+02
-2.827947849965507885e+02
-2.744592492996080750e+02
-1.023148871250701006e+02
-3.602966711009584060e+02
-2.964678493320556072e+02
-2.169592501983855755e+02
-2.199326060589910412e+02
-2.675907345292420132e+02
-4.222730301443364738e+02
-2.400537120371761546e+02
-9.176905339406592077e+01
-6.224099603154680835e+02
-1.761699857981818127e+02
-1.923429966933506989e+02
-4.524099168873105015e+01
-1.378743411391686209e+02
-3.550271032066264638e+02
-2.699486932968513884e+02
-1.839150269330277183e+02
-3.264654504461862530e+02
-2.435787451433400861e+02
-2.178394237365912716e+02
-1.486860950094623490e+02
-7.120485192256099083e+01
-1.376657233539593221e+02
-9.348267500798377228e+01
-1.347633770541826266e+02
-1.157303541577127106e+02
-4.484196020688599447e+02
-3.289562715304106177e+02
-2.362293813477633933e+02
-5.449701874187896067e+01
-3.640817821378979033e+02
-2.596548712518082880e+02
-1.807063199513044651e+02
-1.016427499128666341e+02
-4.828197368540527350e+02
-2.981434319945436755e+02
-5.341478033188390384e+01
-1.720530193755794812e+02
-2.331706302541603293e+02
-2.736205767708914323e+02
-1.826022159467187862e+02
-8.153344268824045571e+01
-5.604455193985044303e+01
-2.847708482688796039e+02
-3.368484378795008070e+02
-4.594707998319511262e+02
-2.369818548429991267e+02
-3.685892621862537766e+01
-2.920940038695842418e+02
-8.875145261465422664e+01
-3.464254334820676604e+02
-3.139152450131741148e+02
-6.929745669103863293e+01
-6.753697485512351761e+01
-1.168068814867300063e+02
-4.550790450634348190e+02
-4.497239326343800769e+01
-6.665649943128360633e+01
-1.209968100648765414e+02
-5.156257203032499774e+02
-3.974846094813937043e+02
-8.318356114236391363e+01
-3.747187273522777105e+02
-2.229828404208651023e+02
-8.988393209677684581e+01
-2.216742194094782690e+02
-1.582451273502196614e+02
-2.199110361988878140e+02
-4.442884112669509022e+02
-5.021936618913417760e+01
-1.216433941913216046e+02
-3.130205169256176134e+01
-1.112574196574894358e+02
-3.014578251979586412e+02
-1.249454375561103063e+02
-1.547381043189835168e+02
-1.069136032419574747e+02
-1.122220944580022319e+02
-3.761852430773765263e+02
-4.281902463028102375e+02
-1.558348116847240590e+02
-3.552992041016703979e+02
-1.034641976522132154e+02
-1.370380542310437590e+02
-6.711074860631413230e+01
-6.635055413203507158e+01
-4.024953719695864720e+02
-1.086721780934820742e+02
-1.222192833352026753e+02
-2.333795483468798579e+02
-2.497000166382564146e+02
-2.247133902349011123e+02
-2.862971211755576633e+02
-3.101205791900694066e+02
-7.209587397741374559e+01
-4.690082450722010776e+02
-4.471974806472982777e+02
-1.434638441311931558e+02
-2.820764749379209206e+02
-8.389453673122031319e+01
-2.232466159149671796e+02
-3.124635309260050917e+02
-5.479423966594147259e+02
-3.012093709943804924e+02
-7.956447992228740418e+01
8.114199870823824767e+00
-2.970793206451680817e+02
-2.322623862383739208e+02
-4.078730575702153942e+02
-2.008150745948124722e+02
-3.586291526521163178e+02
-2.832333016987165593e+02
-6.659064384862296038e+01
-2.936271037175060314e+02
-3.015295383946869379e+02
-1.005364376775175117e+02
-7.785840374443108658e+01
-2.534846914916317360e+02
-4.751534363184752578e+02
-3.478482458981636682e+02
-2.138466988827044020e+02
-3.345496492233401682e+02
-8.000448040347069423e+01
-5.660032860070364222e+02
-2.045883161072973166e+02
-3.600226844661881387e+02
-1.700841193483736049e+02
-3.041371986511567229e+02
-5.997739018496389463e+01
-2.805074059932154569e+02
-3.468204878455859443e+02
-3.259310753781802532e+02
-3.765984475328821759e+02
-7.713005231053534771e+01
-3.652529052277278652e+02
-6.259291884775029757e+02
-7.802236986897308668e+01
-1.698600363576744030e+02
-2.989153665579461858e+02
-3.200293582331780158e+02
-7.763332419240882132e+01
-2.838513018191254105e+02
-3.346871238460161067e+02
-3.501183343171959450e+02
-5.136695234081712442e+02
-1.302303780840709919e+02
-4.102016082342613572e+02
-2.331622177435329490e+02
-3.372227827929625619e+02
-3.991139198993081436e+02
-5.659703069135501892e+02
-3.172104417261265326e+02
-1.140913790244036505e+02
-5.748936517690009396e+01
-7.544450115402977985e+01
-4.774787602182527166e+02
-1.030371060431996000e+02
-1.400096696398958898e+02
-1.069117642985589214e+02
-3.120153785030017843e+02
-1.686037238688269611e+02
-1.589562542958747713e+02
-3.610775520523418436e+02
-1.419702704732934251e+02
-4.222854223709645112e+02
-1.569035670162215013e+02
-9.525951364257106491e+01
-2.330801876942445006e+01
-1.848003496166370780e+02
-1.234526181035678292e+02
-1.227761976267775168e+02
-1.765838515807547537e+02
-2.717517063869505023e+02
-7.211462809568212151e+01
-3.270438632104123826e+02
-8.053273876390542796e+01
-3.154145333142385255e+01
-4.591480751884068923e+02
-2.318110459800346632e+02
-8.505350802991138437e+01
-2.445559100126575345e+02
-4.020015416099057006e+02
-9.299675943020803004e+01
-2.833792663700434105e+02
-7.871448247312703472e+01
-1.663839652648466938e+02
-3.840473243567183204e+02
-1.024092255028842828e+02
-6.029361921574424343e+01
-1.970393579961510113e+02
-2.934357338333103371e+02
-3.356650141184094309e+02
-9.833885920069934627e+01
-5.636846832464011925e+01
-3.654219397779337442e+02
-4.131937430534655675e+01
-1.700735368014022697e+02
-1.314740508317437957e+02
-2.970259123376694674e+02
-1.579517913034898129e+02
-3.554878676551289800e+02
-1.487564261765414244e+02
-6.547760791893843191e+01
-3.087506319680472870e+02
-9.523990924182483297e+01
-3.407894766858210005e+02
-2.850970016521899879e+02
-1.435986520981845160e+02
-1.368870879480928693e+02
-8.681353933152875868e+01
-1.114692894657718227e+02
-2.793782917078486889e+02
-1.740847469262203902e+02
-4.079107316827804652e+02
-1.346059961442109341e+02
-5.217492390397891455e+01
-1.859983788520069652e+02
-6.632760162722451014e+01
-6.957932455738503563e+01
-1.921123816167081486e+02
-2.723454733595796142e+02
-1.039463574528647314e+02
-3.016696125347279462e+02
-2.030598969719328579e+02
-3.765591355618175271e+02
-1.016807540777535053e+02
-1.930010506504920045e+02
-1.134448962636161866e+02
-2.992552578579831106e+02
-3.541474569321682111e+02
-1.060865477378340387e+02
-4.279392240075413838e+02
-2.413805608897736477e+02
-1.157403396134027957e+02
-2.033656289018160521e+02
-1.876129241385280579e+02
-1.063896554685010329e+02
-4.404064061915433399e+02
-3.364564784849357579e+02
-6.985789699033415445e+01
-2.938614389519358951e+02
-1.690511844581508569e+02
-9.905106472137961759e+01
-1.566858320020713506e+02
-9.716894271056673915e+01
-3.396421505086767638e+02
-2.046308660681226570e+02
-7.625066828299475219e+01
-3.223766385092476412e+02
-6.954229075141979877e+01
-5.151203538105829693e+01
-2.342344769614177551e+02
-6.499988742263448671e+01
-2.236354522312398672e+02
-2.972001854960872151e+02
-4.078209213430830005e+02
-9.509221001131288631e+01
-3.105626755952017675e+02
-2.437799266276797994e+02
-1.400546249414803128e+02
-3.055135807153786800e+02
-6.079213252713581994e+01
-1.780058168907107188e+02
-6.409165841205776815e+01
-3.337436044961270909e+02
-1.326750342806610092e+02
-1.840052667992950717e+02
-1.863641112397335178e+02
-4.101230721272841606e+01
-1.885290719346362494e+02
-3.243586904742763295e+02
-2.974543923408187993e+02
-1.054547769351346886e+02
-3.451526303080802904e+01
-8.751585131725083500e+01
-1.074822140037824028e+02
-2.732066089348641071e+02
-2.328748927749993243e+02
-2.782061769411736236e+02
-8.883714011963779456e+01
-2.531129967868221513e+02
-7.291412174696709769e+01
-1.718812067108140127e+02
-3.450589942808670685e+02
-2.790127659203793655e+02
-3.791231093320930086e+02
-1.044806548364024792e+02
-1.624146987091759229e+02
-4.124983962239422652e+01
-3.585318337598419021e+02
-1.657532151254301880e+02
-1.115379488360181739e+02
-1.254176190017948898e+02
-9.360786522799668319e+01
-2.096743300276146442e+02
-7.629851761788619058e+01
-2.150287195594052037e+02
-3.227674586855997632e+02
-1.659714571440410396e+02
-2.195219729437432648e+02
-2.900078151029230185e+02
-1.282387116264371230e+02
-1.932860012977307633e+02
-5.820546702760276503e+01
-2.677354753701379195e+02
-7.011815272847769620e+01
-2.888446238405105646e+02
-2.819680224533733508e+02
-1.976133079257816121e+02
-1.488186819924648034e+02
-1.445715861603332257e+02
-2.919145794835699235e+02
-1.648536266948142668e+02
-1.069468266905613518e+02
-1.908133360099229208e+02
-2.460443796488836199e+01
-2.067126487827305255e+02
-1.118785660074847783e+02
-7.001891767370067043e+01
-6.260733610635048763e+01
-3.122836820210175688e+02
-1.433498436028499157e+01
-2.108345957516044678e+02
-1.272626169453402412e+02
-9.447431300757726547e+01
-1.004103945444850297e+02
-6.722378482700766256e+01
-1.963331956016341451e+01
-8.183818872615228202e+01
-2.607717943505584799e+02
-3.040619979536419351e+02
-2.172441928808374882e+02
-1.497771246751306933e+02
-2.473121804599002758e+02
-7.798622569301267049e+01
-3.525414395469540523e+02
-3.282984819770410923e+02
-4.033539580667504652e+02
-1.092706706113940811e+02
-8.149591866036111298e+01
-1.501247336266967807e+02
-1.793601204364803152e+02
-2.720831956978473727e+02
-5.094539307350885906e+02
-1.371219053013851408e+02
-7.179082783832991765e+01
-1.234715568221295570e+02
-8.900652751920375749e+01
-7.235276642484141973e+01
-1.692029279951307785e+01
-8.454897487461185790e+01
-7.375373877005219470e+01
-1.348319775993346639e+02
-1.077881821852818689e+02
-3.180474134650563656e+02
-2.835571498373665236e+02
-1.688353921502846333e+02
-2.118851944380890018e+02
-7.402352217122789568e+01
-9.039119536581442560e+01
-2.255416168125551621e+02
-2.962270630849944268e+02
-9.599639989377274674e+01
-7.156564931717625200e+01
-1.297119457504360298e+02
-1.203645811486193935e+02
-1.985986249504724697e+02
-1.948179318114943044e+02
-1.346424254906857811e+02
-8.690183418395409376e+01
-1.066025534124138971e+02
-1.184501375527947005e+02
-2.121996373706900556e+02
-5.676132301675210812e+01
-2.212187666121331517e+02
-5.225043286242552654e+01
-2.097660927148179155e+02
-1.201170558308413661e+02
-1.086090505179684129e+02
-2.448656437814370008e+02
-2.441306990107629815e+02
-3.766747601198687789e+02
-1.459744403644280055e+02
-1.624180930513876433e+02
-7.505390298811715866e+01
-3.145842827960667591e+02
-1.512148106111760626e+02
-8.395595489918588328e+01
-1.237647631200070322e+02
-2.259800423725836822e+02
-1.305096073923897109e+02
-3.614358999782614035e+01
-6.709082257263753490e+01
-3.128047804635668854e+02
-1.787578758880298722e+02
-1.269815802411556831e+02
-1.904200058978503591e+02
-2.934298870937228685e+02
-9.126581224276510795e+01
-2.905874768553647982e+02
-2.067802521865698111e+02
-1.391848078446340082e+02
-3.252909207894498422e+02
-4.288779328500355064e+02
-7.906170767430540991e+01
-1.927561338829580961e+02
-1.940608167915357853e+02
-1.068864082745303108e+02
-3.183743425236497160e+01
-1.780686126005214192e+02
-1.883080906447644338e+02
-5.236620659850910897e+01
-3.642627290972873766e+02
-3.116056594154481445e+02
-4.527276222278873092e+02
-5.659070433723214677e+01
-1.684109925086710859e+02
-6.332252215213017621e+01
-7.090094084548526610e+01
-2.952050244192076889e+02
-1.140402689059492758e+02
-1.137807680538478223e+02
-3.019631438104795507e+02
-3.713057350116650923e+01
-1.414585864361626477e+02
-1.277826288829637065e+02
-6.387204568467794275e+01
-1.154296230405335848e+02
-1.096955052342847949e+02
-7.606571644397745047e+01
-1.253000411565148227e+02
-5.932592444714359203e+01
-2.517133087229260582e+02
-1.000305838485162724e+02
-1.291797573764944502e+02
-1.384282417297707468e+02
-3.414004736423196391e+02
-7.388222297100408298e+01
-2.838783587025928909e+02
-7.605256289311941487e+01
-1.009401431232358846e+02
-1.059643765947992335e+02
-2.489353772983772330e+02
-8.402835657209811870e+01
-1.769432602404584145e+02
-1.126549611043439398e+02
-9.191574202588719800e+01
-9.669147945822500390e+01
-2.184572312249165122e+02
-1.231956901078870601e+02
-2.691549345357931315e+02
-1.271942259773535255e+02
-1.161182590867139197e+02
-2.634721249493633763e+02
-1.186800194482672737e+02
-1.682938375785265350e+02
-1.879605687597154997e+02
-1.234962766532886462e+02
-1.546007322022843233e+01
-1.574382998939993286e+02
-1.706853678431567687e+02
-1.021554819710286495e+02
-1.090582116340420811e+02
-4.180796709570374503e+01
-6.976443590562217878e+01
-1.618497679058488643e+02
-4.054017019971888089e+02
-1.244868129043483975e+02
-1.017237172678621562e+02
-1.022243664418507478e+02
-2.150498293432785886e+02
-2.585211759897928232e+02
-1.504421029100010969e+02
-1.041150032127422378e+02
-7.732067333941687082e+01
-8.265287700854445063e+01
-7.532309581193155168e+01
-3.573461364249413350e+02
-1.530451386801940430e+02
-2.194748446416916181e+02
-6.549926497524938895e+01
-2.056273038424798187e+02
-1.274515565124661975e+02
-1.074478706923770801e+02
-2.141529119674711410e+02
-2.919883348555904377e+02
-6.969490458931097976e+01
-1.047257429767876715e+02
-1.608253173839944168e+02
-7.644368334069949356e+01
-2.192801930724204453e+02
-9.702892729093080959e+01
-1.580903165873647254e+02
-8.681970386942977314e+01
-1.451444834200060825e+02
-1.138457354072274939e+02
-1.456336517863414315e+02
2.196785492112066152e+01
-9.950466619333198537e+01
-2.876641008217563922e+01
-9.690078454562652155e+01
-5.218308554879828876e+01
-2.362988149959744817e+02
-9.334373319885033027e+01
-2.186667115194535427e+02
-5.899525811145920073e+01
-8.187101699316835379e+01
-8.705214148470284385e+01
-2.002471544290654322e+02
-1.087424190796006371e+02
-7.711113962664600763e+01
-1.617268259190721551e+02
-5.946361576307388219e+01
-6.093629857945228423e+01
-2.920081572296700756e+01
-3.302760203650318260e+01
-1.452658799475696583e+02
-9.464431169070924454e+01
-1.566818094074582746e+02
-8.692776575504510106e+00
-1.228815459685022660e+02
-4.939083829703072581e+01
-2.128546392764674238e+02
-2.096980230268839023e+02
-1.899541258681040858e+02
-6.466050537534107434e+01
-1.396529749833108269e+02
-1.222484810724077988e+02
-1.025301357049464883e+02
-1.235855574876097762e+02
-5.238109239657072891e+01
-5.702594004685693818e+01
-1.093770330884708812e+02
-1.789697514763281561e+02
-7.055179205553753263e+01
-2.315423369878585049e+02
-2.929132461110360737e+02
-1.105453910985470714e+02
-1.281868768571012538e+02
-8.908139268297644264e+01
-6.274204796123190420e+01
-2.756364266991962495e+02
-1.217229552056177084e+02
-1.735751682341097819e+02
-9.789080731272140667e+01
-6.152572448353539869e+01
-1.832310640143080889e+02
-1.291989329985744348e+02
-9.824366705288683477e+01
-9.489958202222115347e+01
-7.518671390771329754e+01
-7.117855412740041743e+01
-9.471367044623347908e+01
-1.199849201462438657e+02
-1.594608749079601466e+02
-2.506643993128403451e+02
-9.961474429239416395e+01
-1.468901049044671367e+02
-7.752735667426115640e+01
-2.222321095199754382e+02
-6.611868750484660495e+01
-3.060993424310095179e+01
-1.953018328642532992e+02
-1.051872142485716921e+02
-1.707137319303206482e+02
-1.389684082886973044e+02
-6.201124565369030961e+01
-9.422916970423477778e+01
-3.716247793514487796e+01
-2.750841700599417550e+01
-1.108081449729680799e+02
-1.373684171934474989e+02
-9.120074151401398410e+01
-9.232229342255710947e+01
-5.105754154382618282e+01
-1.282978471610926476e+02
-1.201450756969067868e+02
-9.534098848381218261e+01
-2.425050920050455261e+02
-1.101886073723136121e+02
-5.376314298724310703e+01
-8.898379920448671498e+01
-7.528282112435447004e+01
-8.265616245989569677e+01
-7.197787659859882581e+01
-1.480698623670222389e+02
-8.558196894326684401e+01
-9.029376837258350008e+01
-2.287643887826760647e+02
-6.444110657736449355e+01
-3.566011444786437323e+01
-2.291236152907601991e+02
-2.341080141703197341e+02
-1.423745690236957273e+02
-9.421950147921546659e+01
-2.090836004333829692e+02
-2.163706450537467276e+02
-1.422376797647438877e+02
-2.194270451432887228e+02
-1.221668641839568892e+02
-4.766664529696485886e+01
-9.353461973119863160e+01
-1.048488967630232764e+02
-8.026645088832094643e+01
-3.076809815382327997e+02
-1.773694394781571759e+02
-1.662252270908524565e+02
-1.133324416009302524e+02
-1.111046555837306897e+02
-1.475806239292267890e+02
-1.440502989551469000e+02
-6.340191653333837252e+01
-1.523062868122188718e+01
-1.692690431167686427e+02
-1.125083907531363536e+02
-2.212219449122524111e+02
-5.512499843343337602e+01
-7.377167796586324755e+01
-5.878220242573367216e+01
-8.137497055182484473e+01
-1.276226765495352993e+02
-1.423206843757067475e+02
-1.368442893901083721e+02
-9.159015120738655469e+01
-2.972538150648464352e+02
-2.417834271613882038e+02
-4.274422578949511831e+01
-8.221330401188376413e+01
-8.930292538678983760e+01
-1.236197255939838584e+02
4.790525853582749960e+00
-1.096084940998039201e+02
-1.217599940500800528e+02
-7.999780238353604034e+01
-3.375246275686198487e+02
-1.579384611269558150e+02
-1.010137380580259503e+02
-2.112374088503263465e+02
-1.300460366520094624e+02
-9.585232007093959794e+01
-7.576311673332463670e+01
-2.154464335545398512e+02
-6.042580954287489448e+01
-9.948545685061881727e+01
-9.840415294697108095e+01
-7.317851434965602664e+01
-1.251202913969317194e+02
-1.914136245815515736e+02
-8.578238919271126406e+01
-2.031110840712744903e+02
-1.234158369369061035e+02
-2.734036942056619637e+02
-9.864888591711300592e+01
-1.059337442490840573e+02
-9.400286602317112283e+01
-7.952027307014560620e+01
-1.039040377155077266e+02
-1.746156029064470090e+02
-1.157183592859769590e+02
-4.784853703674897218e+01
-1.043977564816404424e+02
-9.346288279742216787e+01
-2.698774840871215588e+02
-1.001346319352518037e+02
-3.113199417658661616e+01
-1.812710720749612392e+01
-5.217684406781376083e+01
-3.009345052485135739e+02
-9.363511728121125088e+01
-9.156856996444747665e+01
-2.491124973959205420e+02
-8.360780313652139739e+01
-1.117022091894687037e+02
-9.868168357822096937e+01
-7.417938403252108515e+01
-1.751167338610424622e+02
-6.868011244584209862e+01
-7.980393035005307922e+01
-1.426927926813081626e+02
-1.019593701810817521e+02
-3.589901982825942923e+02
-2.780029478288766143e+01
-9.241304693068018139e+01
-1.185459148604316084e+02
-2.869390835954508248e+02
-3.249982900142465780e+01
-1.067209127112381992e+02
-1.022887943339582790e+02
-1.067290901307470534e+02
-1.312745817031645856e+02
-9.694556505124845103e+01
-8.716889445611599285e+01
-1.116019651114196165e+02
-9.534297690510018697e+01
-1.070924153272071493e+02
-6.709187954888463423e+01
-8.541259372453352228e+01
-8.239518030758901546e+01
-6.677342884418011693e+01
-1.806565617328284361e+02
-9.737216860895343018e+01
-1.683219622407297891e+02
-1.151755423966892238e+02
-6.542781781304771016e+01
-1.213904331416275255e+02
-1.839822646545855207e+02
-1.585861675856509976e+02
-1.019544325803903035e+02
-1.281247044932062522e+02
-1.584799486046467791e+02
-1.041873823882353634e+02
-1.212324481673024650e+02
-1.354894790115231444e+02
-4.639037116262588825e+02
-8.531786734142553996e+01
-3.085217491380584534e+02
-4.033665238586409174e+01
-4.971902296871968474e+01
-9.495215425315477376e+01
-1.026958337596342119e+02
-9.117571479242131716e+01
-1.981307869399558399e+02
-1.334962089543126922e+02
-1.777455101745410957e+02
-4.770744476149469193e+01
-6.488803815908656247e+01
-1.763891154085010271e+01
-1.208890953603369951e+02
-1.083969067250332898e+02
-3.795763229313772626e+02
-4.547109685756169739e+01
-1.013411771478268264e+02
-6.687383966513834821e+01
-1.277329098257324489e+02
-1.361058694724313796e+02
-6.530255371311467627e+01
-9.802513823041410035e+01
-1.025888128690524610e+02
-4.641174892043228795e+01
-1.674786450691021855e+02
-5.477310020615787778e+01
2.584601801613914063e+01
-1.242693400332952649e+02
-6.953407507314980762e+01
-9.734953091345266785e+01
-2.433025427113772139e+02
-8.897336948391905764e+01
-1.247106433060897075e+02
-1.713793767321980113e+02
-1.972227466941633622e+02
-1.040601473764026679e+02
-9.374512677865041610e+01
-2.733887265749980884e+02
-3.965819027554790921e+01
-5.940871689085230400e+01
-9.213791704663785254e+01
-5.154923251226650649e+01
-1.153799031294576594e+02
-1.407745031414567620e+02
-2.709843186649557083e+02
-9.568297406568363783e+01
-3.942531408601019507e+02
-7.390982990116427231e+01
-1.260083991712720035e+02
-6.582029674089334037e+01
-1.498733379934491268e+02
3.267779399464438939e+01
-7.071214015091568683e+01
-8.513677386838482164e+01
-5.070387020422235480e+01
-1.508556399378613833e+02
-1.343004456309828072e+02
-1.014728339124634715e+02
-6.437604952094920918e+01
-1.255361412471878282e+02
-1.623692195537697671e+02
-2.334087715165994723e+02
-1.669488883485865642e+02
-8.653585204257167618e+01
-8.316334933196174006e+01
-2.574758692890780480e+02
-1.700655046357865672e+02
-1.111733835387064175e+02
-3.597754804702802289e+01
-1.614369994483343476e+02
-2.129305962518007220e+02
-7.228538325626776384e+01
-2.255438871676464032e+02
-9.281573419901572208e+01
-4.857922910282067619e+01
-5.049396279560856016e+01
-6.644823863009577281e+01
-1.056494437170999277e+02
-2.640190506468304648e+02
-1.059552125888495340e+02
-1.028161816270799704e+02
-1.287983934339716257e+02
-7.355487556121083514e+01
-6.584092400251050492e+01
-2.690895521046562067e+02
-9.723305102626272856e+01
-6.608032303398243812e+01
-5.050997544176616572e+01
-1.680227329187608234e+02
-3.834471892105371467e+02
-8.954457235650166069e+01
-1.492120411384327667e+02
-1.062648355253050170e+02
-9.234074708336945037e+01
-2.132158695387008152e+02
-6.769967015389654819e+01
-5.830692626656460220e+01
-1.669819798000418132e+02
-1.069366729602177202e+02
-6.205489736601453643e+01
-2.006787509141725252e+02
-1.370082817370585246e+02
-2.000704026985672215e+02
-1.330422602604502913e+02
-6.682577248319174146e+01
-1.150546454707962170e+02
-7.551855373430008456e+01
-1.676307788059933728e+02
-1.244997468262461098e+02
-6.012830181252852668e+01
-1.211233911254284692e+02
-1.711327249239358821e+02
-7.160404806010899392e+01
-1.246878178508860344e+02
-3.531588970055707932e+01
-8.004879587370037086e+01
-2.173729319211631719e+02
-1.159561606165222400e+02
-8.124950350297081059e+01
-8.848153792391393324e+01
-4.616189559623697392e+01
-2.377568092451589905e+02
7.834056233872473740e+00
-9.471676390609482610e+01
-2.153386966235776185e+02
-9.633181916288035040e+01
-6.129164426188585679e+01
-1.140249849276373766e+02
-4.645302797918832027e+01
-6.095904108875964766e+01
-1.091977444817605090e+02
-6.924660257253819395e+01
-9.132502288060368301e+01
-8.689068821526335284e+01
-9.055350645842204926e+01
-7.622404870350391093e+01
-9.777131542007140297e+01
-1.952503355030144405e+02
-6.847491919339211108e+01
-2.416650691285807966e+02
-8.424635454218139330e+01
-1.171536940745617699e+02
-2.685282347754205716e+02
-1.037827774083862380e+02
-5.797979451886747881e+01
-1.101125701694142549e+02
-1.371129011079673319e+02
-7.370091475959480931e+01
-1.568633669689555745e+02
-7.630447339918019622e+01
-6.668623668400903171e+01
-1.099911353226059276e+02
-1.608019714004560683e+02
-7.712975581634373157e+01
-4.062341965805212851e+01
-3.423103035592727394e+01
-1.984568354988157353e+02
-7.546414058529757085e+01
-8.116155295983368489e+01
-1.550015117736390380e+02
-1.485297968198727290e+02
-5.071729977995430261e+01
-1.855352765502333909e+02
-9.249564991038353412e+01
-7.401194170294476748e+01
-7.179688706376435903e+01
-7.243686555811930816e+01
-4.155885599377003814e+01
-1.526224420302955025e+02
-6.515296231454347264e+01
-2.340621616286306050e+01
-4.394928422153329848e+02
-4.845565727541921319e+01
-3.734454256716426812e+01
-8.777526739415040424e+01
-9.842755426201951252e+01
-5.680879394726327547e+01
-9.521537466240705783e+01
-9.627847267943488418e+01
-4.112220834411121473e+01
-6.643353030271750015e+01
-7.137094882200719326e+01
-1.445524000698736700e+02
-6.115290915228628421e+01
-2.565618776524202644e+02
-7.906292160233326172e+01
-5.530603557366423217e+01
-8.128852565285873766e+01
-1.684759883809787482e+02
-1.111000142468937781e+02
-7.668356612030619601e+01
-9.585521166328895504e+01
-1.032590361895913134e+00
-9.690731910692943529e+01
-1.176050179741656763e+02
-8.944733800687208713e+01
-1.436072999010789317e+02
-1.401150950814999021e+02
-1.549306426835375987e+02
-2.134185100000260604e+02
-5.672279701604417568e+01
-1.491796525312433346e+02
-5.063518022147538034e+01
-9.345812012095898069e+01
-5.372311301524326410e+01
-9.884816685969431660e+01
-1.555996994688646282e+02
-1.987450394382578622e+02
-6.249508792377242372e+01
-1.038693829095651324e+02
-9.600300664763710756e+01
-7.573666641008892952e+01
-2.309422011270825408e+02
-6.167321707999040115e+01
-1.479185249243600424e+02
-1.631537100860867895e+01
-1.636055658935322299e+02
-9.426441603638357947e+01
-1.220838457944984157e+01
-2.429229250513175487e+02
-6.033348687484708961e+01
-5.413259295654585657e+01
-1.377347118691134824e+02
-2.722254458370443331e+01
-5.175886091597504901e+01
-1.443781127006435838e+01
-9.738123101640620405e+01
-2.372378927695699247e+01
-1.900272904444858568e+01
-1.799108948542728115e+01
-5.624101758218625946e+01
-6.662011097393499881e+01
-1.397698123602637565e+00
-1.308974835461818031e+02
-5.874154323161278057e+01
-8.788302572514380984e+01
-5.093608984864865619e+01
-1.624362264985685442e+02
-3.192762497545488714e+02
-1.645200079956130708e+02
-3.409611663730484565e+01
-7.976226593264165388e+01
-4.050808265279314213e+01
-8.864285619920012493e+01
-5.880910952253505286e+01
-1.181720910002987210e+02
-3.964442155011002455e+01
-1.057931314945059853e+01
-8.124634894704288968e+01
-5.694375389082289018e+01
-3.636501727460073425e+02
-4.234237487829744140e+01
-1.579209872320899706e+02
-9.329051671588932493e+01
-8.317448815971616227e+00
-2.420077840023463978e+01
-3.755826956521786997e+00
-1.677412861966563185e+01
-7.217471257123369810e+01
-1.633322843302152592e+02
-1.418604277472491333e+02
-4.036837377411588790e+01
-1.102737449619638710e+00
-6.909632073314419642e+01
-8.971702107061022957e+01
-6.309329686338345766e+01
1.453783824704819416e+01
-4.054740593748332600e+01
-1.403465396572833015e+02
-1.723116654404888095e+02
-1.315292798318833434e+01
-2.674559331624372760e+01
-1.273997807621632319e+02
-8.681281680147485247e+01
-4.741140455825803457e+01
-6.054309655915830035e+00
-1.468172130547762322e+01
-1.390027152823256529e+02
-5.046110826953055550e+01
-6.053439547028765588e+01
-1.354019871896140330e+02
-1.459382420784277770e+02
-3.058489740933700318e+01
-1.039697860516318713e+02
-1.649564853507476414e+02
-8.000529025316834009e+01
-8.284214832522690131e+01
-2.563974297441162662e+02
-2.919476878611531845e+01
-9.739378198194870606e+01
-1.140303747535996024e+02
-3.995531098164968142e+01
-1.067805956103258609e+02
-2.703806782026008193e+01
-8.093793846497247557e+01
-1.728738536961681689e+02
-1.072708906266372253e+02
-1.267243650533777668e+02
-2.506863101626540242e+02
-1.104290745376768115e+02
-1.039419992527821108e+02
-6.510215961412882280e+00
-3.071789852433236945e+01
-2.813758500427297804e+00
-1.179814987707166694e+02
-3.991597784331067089e+01
4.645218848810316103e+00
-7.159521282036179457e+01
-5.240872009334110260e+01
-1.006433995537349801e+02
-1.613122357820300579e+01
-2.385941894044122193e+02
-5.010440807364970794e+01
-4.860896992179453235e+01
-7.968784047750585842e+01
-2.499895417304713874e+01
-1.459501532087443252e+02
-3.284314576509585777e+02
9.488173103331007496e+00
-3.810824052112011628e+01
-6.780085217546182719e+01
-4.436243167207927485e+01
-9.764133810759432208e+01
-1.523426375391810836e+02
-1.129481904032373194e+02
-1.263682123938785082e+02
-9.123553967083637417e-01
-6.622760655726372647e+01
-4.541717162314787970e+01
-7.522002415033287548e+01
-7.680471832127189202e+01
-1.038788817238863800e+02
-2.294191583356106321e+02
-4.739784087547233327e+01
-7.114341631551599221e+01
-1.754550990311028045e+02
-5.093003268212831358e+01
-4.963630796812658019e+01
-4.001087396604487623e+01
-9.924534809203905183e+01
-2.520855176576351084e+02
-1.316656783943052744e+02
-1.609170651896010327e+02
-4.841564770928608397e+01
-2.126828498543043793e+02
-7.705929112468460573e+01
-7.898965331405338475e+01
-4.402954398547752390e+01
-9.940213963495237692e+01
-1.680254087501846811e+02
-1.809165750701088768e+02
-1.744380130956633366e+02
-3.469350537272287056e+02
-8.084477969118347573e+01
-4.297849334864369553e+01
-1.299770104727352305e+01
-1.958558489851850482e+02
-1.430231586850391636e+02
-3.484925240227397012e+02
-5.580185602000714340e+01
-4.967213773641882568e+01
-1.728357012639600612e+02
-1.313131792057754126e+02
-3.518964182263599128e+01
-1.929936117335988399e+02
-5.373775072821754861e+01
-1.174956040836166835e+02
-3.398705340432790081e+02
-1.132983708437207753e+02
-8.833415072539625612e+01
-2.330276365607051616e+02
-7.442778308074396421e+01
-4.401889326650883731e+02
-9.147512818671100376e+01
-6.152031101151810333e+01
-6.701878757620904992e+01
-2.453249078740734035e+01
-5.522110304319274832e+01
3.599404801482380378e+01
-3.360322025372885832e+02
-9.263277528601535948e+01
-1.953687994514193065e+02
-6.494667335656643559e+01
-4.217289360083151450e+01
-5.081905226459026892e+01
-2.733174138011896730e+02
-3.302362240746407451e+01
-4.634810723381760056e+01
-7.778820986700756634e+01
-2.079716432948017655e+02
-3.690448284522430100e+01
-2.572146996946216291e+02
-1.285243375361465610e+02
-6.588692484541169847e+01
-1.686569607150117633e+01
-2.319502282896227712e+02
-1.218223698227899376e+01
-1.939025744383867504e+02
-2.342522139795497083e+01
-7.219077758726623983e+01
-6.376575442836261232e+01
-1.204183118043126370e+02
-1.453144558384503284e+02
-3.053524719012089861e+01
-7.124516056363783889e+01
-1.950696244156526973e+02
-1.786892002057998639e+02
-2.145556068237680165e+02
-6.758490428277052331e+01
-3.245343884036380189e+01
-1.032500118251255117e+01
-5.623591596116378355e+01
-4.649013556645726197e+01
-6.380907456799458544e+01
-3.233318489023336895e+01
-1.116905641149727302e+02
-1.791997988488253668e+02
-6.382453725229866137e+01
-5.616163634616412281e+01
-2.665563816355199833e+02
-2.855642357030376388e+01
-4.045489919593917705e+01
-2.961296607621845851e+02
-3.415161698921434663e+01
-3.375385735019307276e+02
-1.188098326550157537e+02
-1.331789992977596171e+02
-2.346912044138616693e+01
-2.533382865168899514e+02
2.022733514769541330e+01
-2.602728354731201534e+02
-2.814563879809341529e+02
-8.453029082241671688e+01
-7.920008576347194662e+01
-4.811151806420782151e+01
1.107488547092333420e+01
-8.861655662671341815e+01
-6.366931676578674626e+01
-9.889580916418570666e+01
-1.197987501839877211e+01
-7.004787007202322968e+01
-2.480894874318713335e+02
-1.321612722689152974e+01
2.951271232745099837e+00
-4.505202192835480446e+01
-5.215973446085703813e+01
1.270786132867439733e+01
-2.690432285522280154e+02
-9.928486475002841871e+00
-8.202412430207800753e+00
-2.973583621439978515e+02
-5.550551282901174943e+01
7.842507459005759074e+00
-2.902239531441891813e+02
-2.210372886339656873e+02
-4.092843803927676163e+02
-1.672460200971476070e+02
-2.932279728659143530e+02
-3.615376942765570334e+01
-4.467588201016393157e+01
-3.420303492513961885e+01
-5.929558576343445964e+01
-2.366068805089799127e+02
-3.881000029538743945e+01
-2.619710888966501443e+02
-9.238746760862095186e+01
-5.528274766525743189e+01
-1.061082999635126498e+02
-1.287957381139837310e+02
1.420552891117759486e+01
-8.240167951916424727e+01
-2.436638859613732961e+02
4.657015032616166650e+01
-8.243410997070128587e-01
-3.753676389544366998e+01
-8.064552033760416805e+01
-3.688190913148312688e+01
-4.317079586566482874e+01
-3.273059647960967595e+02
5.749639459511357131e+00
-1.829785846941284433e+01
-6.900804035724979713e+01
-5.239582020639597886e+02
-4.718088797150372216e+01
-3.864971331422761409e+02
-2.757410754039403855e+01
-7.094780596847827780e+01
-2.318844261099006587e+02
2.747641173543114235e+01
1.383031126220281237e+01
-4.364548264819575252e+01
-3.199154775647678548e+02
-2.784893897663417306e+02
-1.434649995835664242e+02
-6.676496099365461134e+01
-4.830592486827287644e+02
-1.836599417982675675e+01
-2.075197136836647189e+02
-6.696127027829126632e+01
-1.251840787912087194e+01
-3.127936059270346050e+02
-4.667333450128730874e+02
-3.344406690913172042e+02
-2.383291841227998020e+02
-2.553731492829902834e+02
2.054398556081673632e+01
-5.178509766182378371e+02
1.023957778725383605e+01
-1.988750163486738529e+02
-4.325995676971765391e+01
2.912254394671811042e+01
-3.197425565142237929e+02
-3.325115595663531565e+01
-2.495663602121824169e+02
-2.667312394449045314e+02
-2.191717499116265060e+02
3.806499795627630078e+00
-7.557838481957554677e+01
-2.672761403502807980e+02
-4.112533128639270075e+01
-4.186083703051998555e+02
-1.571409016195538015e+02
-3.663796615086188240e+02
-1.829610497392610569e+01
-2.820805283863600721e+01
-2.272116621984901599e+02
-3.004750076145184607e+02
-9.162942530833574040e+01
-4.735859504331614858e+02
-2.955301322185497384e+02
-2.995440032704311761e+02
2.588514601821117367e+00
-5.396957983703913442e+00
3.672329482725385219e+01
-3.185905293800587970e+02
-1.975966035727292081e+01
-4.309507508963657330e+01
-1.792889023950291971e+01
-9.399304248229228165e+00
-1.760368690491609698e+02
-1.613651208214434689e+02
-4.349858081096502360e+01
-1.837595704640251881e+02
-2.758922819105536917e+01
-5.414659181135164090e-01
-2.981646330004454057e+02
-2.428662730759560304e+02
-3.447038684916715283e+02
-4.488374247799653460e+01
2.568811379857586985e+01
-2.381653902998607748e+02
-8.328857740975476531e+01
-4.917372647951254550e+01
-2.494311747744231127e+02
3.595422390194318041e+01
-3.560426404601697641e+02
-3.371722286442353607e+02
-3.028336907475434714e+02
-2.763830737321634388e+02
-1.535969004715282153e+02
-3.263195884678456196e+02
-3.740266928554730725e+02
8.082920835870865517e+00
-8.492925674558179594e+01
1.282336794255902035e+01
4.254605591378685858e+01
-1.955126085945064176e+02
3.679569955380296165e+01
-3.810970017011748041e+02
-1.344906485446345528e+02
-2.032015840719742528e+02
-4.944091081689504819e+01
-1.347590288894855348e+01
-2.057899322659899894e+02
-2.181757071382926938e+01
-1.051862541602299075e+02
-4.324161554700397687e+02
-6.619392889604907282e+01
-2.469516780169304297e+02
3.787305597487255682e+01
-4.684838311609615857e+02
-2.581126155338634476e+01
-2.566816742718414162e+02
-1.008957806286524459e+02
-1.288383525470776192e+02
-1.835464563881138815e+02
-2.241488963100360365e+01
-2.856615211338879590e+01
-8.353584176935211758e+01
-3.712171244383308277e+01
6.608597784682359588e-01
-4.015463523536354273e+00
-2.625494363634826414e+02
-4.744746459931082541e+02
1.392169641781624989e+01
-4.190652300493084681e+00
-1.995300214970509955e+02
3.220338216170769385e+01
-3.093487750077152896e+02
5.603512823914206820e+01
-4.080115333576724623e+01
-1.740030731260442280e+02
-1.464920078229738465e+01
2.751209665163416673e+01
-2.817646220288925178e+02
2.616654336369192890e+01
-4.493488282572965886e+02
-5.319032261695784882e+02
-4.686033922715840276e+02
-2.620971497293428456e+02
-4.013712731715382347e+02
-7.428883539670212599e+01
-3.610825672870643075e+02
-3.151594757909929001e+01
-2.493080701561444528e+02
-5.064872428978056860e+02
-9.673236177458733209e+00
-4.793175754989725306e+02
-3.119994185779978579e+02
-3.562181481837187675e+02
-4.117138071340538659e+02
-1.937385016645848737e+02
-2.626332800364687046e+02
-4.213783909442066147e+02
-2.312058255449950650e+01
-2.106046242907241322e+02
-4.655268672994841239e+01
-2.799148504080587259e+02
1.057176165391824441e+01
-3.568203450208853837e+02
-3.720518853086231843e+02
-9.092716125196830035e+00
-1.045092649533943217e+02
-9.175465430712355897e+01
-1.667387124087628081e+01
-1.120851955167636049e+01
-1.720906264047831158e+01
-4.458046687600615883e+02
-3.128389246760555693e+02
-1.132911387206520430e+02
-8.419839163059762654e+00
-1.632511312388782017e+02
-3.604306490932521712e+01
-2.998460263700147266e+02
-2.425026504989573368e+02
-2.914570211062659837e+02
-1.502337267536672982e+02
-3.147064872425358999e+02
-2.348092584546208172e+01
-3.506811959676392689e+02
4.609245327874035070e+00
-2.610431225988120332e+02
-1.943796510751616893e+02
-2.884652951695792353e+02
-1.904210116962711368e+02
-2.031363833813312567e+02
-3.128691907450738654e+02
-1.817411966832443966e+02
-1.598176085736488403e+02
-4.708902149709521154e+02
-1.877638018271818510e+02
-7.554730681445289520e+01
-4.017739338002735394e+02
-1.996731792285809206e+02
-2.605364125598848659e+02
-3.163527192149607004e+02
-1.972327531141886823e+02
-3.646177506065727698e+02
-5.505269509073409750e+01
-2.070313360645148180e+02
-2.403973542928441134e+02
-1.541676078648369241e+02
-4.575150726667811796e+02
-1.456724040073135598e+02
-4.530825220435984875e+02
-2.321689277076834230e+02
-9.567023813010581534e+01
-4.357407537761445155e+02
-8.198323944646418227e+01
-3.259480255021668427e+02
-5.065040061098669639e+02
-1.931961473431575200e+02
-1.439659766708826680e+02
-3.279268118999780199e+02
-2.336592884986303318e+02
-1.579706728016900286e+02
-3.011527330521025760e+02
-2.693727940647290779e+02
-2.334923059054021053e+02
-2.324125069402826114e+02
-2.979818406223095621e+02
-1.309018231222440818e+02
-1.120085044060140689e+02
-2.387029212952921284e+02
-1.406171755343594327e+02
-3.329225983664188675e+02
-1.713407210019816489e+02
-1.534612372393364126e+02
-2.195722553239240256e+02
-3.065853848339152137e+02
-8.029946253990975435e+01
-3.030703309113852697e+02
-1.468451160178182704e+02
-3.071797669081139475e+02
-2.188257540991925225e+02
-2.130864695514778191e+02
-5.673933651154479207e+01
-1.077413445868979380e+02
-1.865110149614163788e+02
-1.850355896978120427e+02
-2.309841524531952643e+02
-2.026580442600423169e+02
-3.324441563905976977e+02
-3.122059101438344442e+02
-2.667402678054619400e+02
-3.354492251665536742e+02
-2.900111949496653097e+02
-3.158021286718957299e+02
-5.086955218745600149e+01
-2.463528091454965079e+02
-2.090151396683262419e+02
-1.430654271077823694e+02
-2.407921873917420612e+02
-3.273457857239893656e+02
-2.770818479591281402e+02
-1.645814105524053161e+02
-1.862363224490529774e+02
-3.702666917309979908e+02
-3.120705006223422515e+02
-6.327918212418943966e+01
-1.251697277336250238e+02
-1.755583670495392994e+02
-1.889943278469071970e+02
-2.251498688286139327e+02
-2.292216155403964706e+02
-5.788974967173336381e+02
-4.893733844066897376e+01
-9.978904260582609709e+00
-3.118495286905730381e+02
-3.166572978164856522e+02
-2.393479690687908601e+02
-8.794901066489302366e+01
4.706344951207674399e+01
-1.736848810153812224e+02
-2.045320228727069036e+02
-5.748881749461463642e+01
-1.487916834575668190e+02
-9.988663010491693228e+01
-4.366320625836975466e+01
-1.863104652925538289e+02
-2.560556361777113352e+02
1.323860470204566298e+01
-7.811613355647148182e+01
-3.377143825720377208e+02
-2.923780903972613032e+02
-5.081868951380261734e+01
-5.440335470172922214e+02
-9.963166655938096028e+01
-1.421680839884248542e+02
-1.774276748145860552e+02
-2.185931332582799769e+02
-2.269086886086980712e+02
-7.097580572171855806e+01
-7.490931393763239043e+01
-1.324042717944640231e+02
-3.804822706721657823e+02
-3.289047441260747462e+01
-2.788969661157768769e+02
-2.068405378861581312e+02
-2.565938802385682607e+02
-3.961579526751720550e+02
-2.104517225936542673e+02
-2.178748177510228743e+02
-1.413125878525087273e+02
-5.248473431324269001e+01
-1.734024149519277671e+02
-2.229538719031675100e+02
-4.098185418401266702e+02
-6.397529707597296778e+01
-1.411836676021179073e+02
-6.005532302120946753e+01
-1.022814743707621687e+01
-1.568964172860935946e+02
4.532872787667636061e+01
-6.793974488679731394e+01
-2.315517643338824598e+02
-2.741363234109014684e+02
-4.118100822557328655e+01
-2.969120517746600854e+02
-1.314801386971919612e+02
-1.275025532482651442e+02
-1.735536127951908725e+02
-4.008935227964373382e+01
-2.258731003671431665e+02
-1.701879380844669072e+02
-2.485573117457818739e+02
-3.404168169478942900e+02
-1.191498998101546931e+02
-3.926910667804906439e+02
-3.161602517203971274e+02
-6.854953553354687301e+01
-3.851576721917840729e+01
-2.169382370511917202e+02
-2.062735294966258266e+02
1.567854551386894668e+00
3.270828489676816275e+00
-2.811904440169229247e+00
-3.711679995786241903e+01
-6.729369478336749921e+01
-1.958182360073416248e+02
-3.697196791873416544e+01
-7.203562957285072343e+01
-3.535775582605462830e+01
-2.817960531165915654e+02
-5.801367022723371036e+01
-3.717846635385040486e+02
-1.301204206915782606e+02
-4.026165552068823672e+02
4.507430099295397952e+00
-2.782595814748648877e+02
-1.797337291395874104e+01
-1.924615474360581118e+02
-8.308656120667041023e+01
-1.517659749150350024e+01
-1.886891162195053937e+02
-1.034663545263285442e+02
-6.343068120758033501e+01
-2.102172001803741352e+01
-4.727938823644688426e+01
-4.934542904144689714e+02
-6.287487102142831930e+01
-6.476540857623299985e+01
-1.095004865467686983e+02
-5.058965429794245949e+01
-5.938045672334471448e+01
-1.951190749812353147e+02
-1.574784156031128077e+02
-9.006403112772318309e+01
-8.141908884072279307e+00
-1.112640921427109362e+02
-4.842064298125577437e+01
-2.538850008789489436e+02
-9.693855739447954534e+01
-6.453816559233459316e+01
-1.636890597294203360e+02
-9.892119149500074116e+01
-6.620822643378542693e+01
-6.569428875572293691e+01
-1.262485051364153890e+02
-4.055072046696526513e+02
-4.684226042634220732e+01
-6.797923615687236065e+01
-1.539623287241056744e+02
-5.922754359262127366e+01
4.119806671277228816e+01
-1.521457765091712133e+02
-1.078319092950101066e+02
-1.071572398738999254e+01
1.223742900609182982e+01
-1.057977814590010439e+02
-1.144199948148805390e+01
-6.184519304644988580e+01
-1.491732210509302945e+02
-1.795603752200741781e+02
-7.240581047990221464e+01
-3.662404251667524591e+01
1.171763307282660094e+01
-7.309597410656745353e+01
-1.615285265413752711e+02
-5.110404279480805911e+01
-1.160035422752409318e+01
-5.292752484749674124e+01
-1.599959444675895952e+02
-1.048750104451379030e+02
-8.103023888722376000e+00
-8.724491054412423807e+01
4.431527902101223049e+00
-3.514244800935098567e+01
-1.225810911681100350e+02
-4.987526796103404791e+01
-1.978820488883779660e+02
-1.495937521825557326e+01
-1.077192614739162480e+02
2.278047285293902746e+01
-6.128792772855457116e+01
-6.506126981434509560e+01
8.427267817264223027e+00
-5.053371858402159233e+01
-2.561228764799305679e+01
-5.997009955639947520e+01
-4.017341679670690269e+01
-4.641052417936285224e+01
-2.016273219914027948e+02
-1.704130763603729974e+02
-1.046587716653155553e+01
-3.060289866700014727e+01
-8.960094287956873416e+01
-1.430231331573436080e+02
3.323702941464726734e+01
-6.007141550603704871e+01
-6.080814404983267707e+01
-1.029992825721960799e+02
-2.775898693362502456e+01
-1.280243176368799141e+02
-6.177894055958518038e+00
-1.765647271304757737e+00
-7.498738674679484006e+01
-1.391481865021504802e+02
-2.673544346126393521e+02
-4.186085030537521590e+01
-5.264084060339872906e+01
-1.009264266329958417e+02
-4.987945931407688960e+01
2.180147442729067109e+01
-4.614415742141755317e+01
-3.276545256069506706e+01
-4.280272637342919495e+01
-9.341732463767789341e+01
-7.773975430744886239e+01
-7.420760625004653832e+01
-1.167279635653633960e+02
-5.555257419950726927e+01
-8.745365553179490803e+01
-4.584415781072351592e+01
-8.008365584753134669e+01
-8.965612018521649418e+01
-6.599826327037655460e+01
-3.664509502228793281e+01
-1.412730835932692628e+02
1.512828167166802018e+00
-8.612276868128834906e+01
-4.680235943039116364e+01
-5.775869128049303924e+01
-5.343387539328062985e+01
-2.072502932235753121e+02
-1.089897927849672499e+02
-8.687090778091881305e+01
-6.449073287985277148e+01
-2.351225619850385442e+02
-1.680146773802922553e+02
-6.850742338085711935e+01
-6.412425906924001140e+01
-3.083963858652826673e+01
-3.444156166307813294e+01
1.579028601074534777e+01
-3.152688357110699258e+01
-2.758629412718899232e+01
-8.508002326768841783e+01
-1.136943776405772297e+02
-5.841005030572631540e+01
-8.062595465111328963e+00
-6.744806418678041382e+01
-1.569776358036629915e+01
-7.711250450548307356e+01
-5.877158615445101475e+01
-2.158045786237421737e+01
-1.268975042561175712e+02
-2.096257377451394177e+00
-4.995725947836180580e+01
-3.166271235070405510e+01
-6.537696172459197896e+01
-6.998656806450856038e+01
-5.524612369513649668e+01
-2.498075063291061326e+01
-8.294858583894026083e+01
-3.901985975891663827e+01
-3.951315121319798607e+01
-1.139731602945481370e+01
-2.707164348801123310e+01
-1.001916020985910194e+02
-1.478831885453828932e+00
-4.490146512002644386e+01
-4.582333198110244155e+01
-5.585003520110407749e+01
-2.474478903278765074e+00
1.701675230196345012e+01
5.434427034084606589e+00
-2.920825662476396190e+01
-5.292196096609336564e+01
2.595274053634855704e+01
-5.103035822538953425e+01
4.242460231155683914e+01
-9.489820628387931833e+00
-2.365269592866485482e+01
-7.142669233800208417e+01
-5.563256833918590871e+01
-1.737152645141753737e+01
-2.234430897309343322e+01
-6.504029661223671610e+01
-3.219082654854361181e+01
-1.260328543209239172e+01
-6.184290493953130863e+01
-4.704398623825982639e+01
-6.695130803403372965e+00
-2.222419378859467542e+02
-7.317518763157517014e+01
-1.391833553905684084e+00
-3.901193782396882881e+01
4.082434175100686957e+00
-4.152529642295127132e+01
-7.027818432937264959e+01
-4.109714085764711911e+01
-7.621585617528361922e+01
-5.558200664171749139e+01
-2.081097775671553052e+01
-8.739637345903177845e+01
-2.021755383951204976e+01
-5.256093443311575442e+01
-6.498674505009245195e+01
-7.001433725265731312e+01
-1.457072636349827803e+02
-6.221472840822599437e+01
-4.230760787819112068e+01
-3.366291279967815342e+01
-6.147727671935046345e+01
-5.972395692402632505e+01
-1.031667055973816183e+01
-8.894091185837069702e+00
-3.434106820858085030e+01
-2.299960745087545888e+01
-6.079519268476943239e+00
-7.404475150793624039e+01
-1.289790830607697103e+01
4.538236089360682968e+01
-1.273805707807653675e+00
-3.916870105349521225e+01
-1.017716979624408964e+02
-3.688384685457380385e+01
-2.369119905276349414e+01
-9.195995344379298331e+00
-5.858501608666779248e+01
-3.310925572052470045e+01
-3.477862845480387932e+01
-2.197393662416851612e+01
-4.726129556792403719e+01
-1.520287441581716337e+01
-8.705853985108888082e+01
-4.498727366854352283e+01
-1.462188634477053029e+01
-8.231805206520178331e+00
2.938085347248829748e+00
-2.998944396790649591e+01
3.800708099259310302e+00
-1.022045262309779901e+01
-7.662243517945199756e+00
-1.741531991979741179e+01
-2.708470477501379037e-01
-5.811019147044022759e+01
9.807897388569476504e+01
-5.232944229124989022e+01
-7.080235028883554094e+01
-2.140391146959336766e+01
-3.219758174982635524e+01
-1.937439828493049845e+02
-8.740688056096544756e+00
-2.803418199712233161e+01
-3.379438647111399519e+00
-4.211337073494151895e+01
-6.179746012614266704e+01
-6.961780684648232409e+01
-5.006626746090073965e+01
-9.942072540366935129e+01
-1.730039920712023616e+01
-4.490373809817540973e+00
-5.631143764201865309e+01
-3.825781024295025645e+00
-3.627766474082619652e+00
-1.036704660157721491e+01
-5.369100366187471707e+01
6.977607475073573085e+01
2.707439095308087929e+01
1.300976762950159227e+01
-1.790995762077932341e+01
-1.620616286692815038e+02
-5.532688594872016097e+01
-5.281181652475240185e+00
-2.991248698367786574e+01
-1.948117994464080880e+02
-1.992019856487794982e+01
-8.265453989466190876e+01
-3.957500500217008721e+00
4.892649778950030282e+00
-5.649801026515909541e+01
-2.071241226259284929e+01
-1.305149018835030006e+01
-5.464572300396656424e+00
-1.039385066227875143e+01
1.970707644457885976e+01
-5.863543510161535011e+01
-5.479983352203049662e+00
-2.327731305075297996e+01
-8.200419671138578792e+01
-2.303816643480568871e+01
-3.578785853139811479e+01
8.873940800216119840e+01
-1.580497235738776851e+01
-5.111445372667650844e+01
-3.798890201286574353e+01
-2.206072116251468174e+01
-1.685130704054101045e+02
-3.724110972539472186e+01
8.513489940865255790e+01
-1.938544867282040229e+01
-7.023487722519425347e+01
-4.920200067797695453e+01
-1.978977970220796578e+01
-9.187938230983181143e+01
-4.499891794822657687e+01
-5.551911166336223857e+01
-3.939127424024589885e+01
-3.965522376228418011e+01
-5.550754353911298722e+01
-2.970176731152848788e+02
2.042912405925441632e+01
-5.503271453267575453e+01
-1.541592610337415863e+02
2.584015110340320120e+01
-2.998469139736971556e+02
-2.522282583111370968e+01
-3.008753026151353538e+00
-4.561186333240264901e+01
-1.452444241345044418e+01
-1.753454658164123714e+01
-2.032786610029688745e+01
-2.207035391698844933e+02
-9.092513440326933960e+01
-2.918453949889834576e+01
-3.731304883993004751e+00
4.432281650461388267e+01
-8.686056473370533126e+01
2.425089711882397125e+01
3.737235507890645181e+01
-2.668696331119885201e+01
-4.662559803239163969e+00
2.605552608799769132e+00
-4.229320934910752072e+01
5.125046837147357337e+01
-1.600880001512000490e+02
-1.162927767927769196e+00
4.604790340150861994e+01
4.289726440697648968e+01
1.472643951231930259e+00
-1.449212601061788632e+02
-1.594942815060187513e+01
-3.478749916375079465e+01
-7.135862084006177497e+01
-2.943730968577923477e+02
-1.787558685205619895e+02
-4.439539860256279979e+01
6.420136774168422278e+01
-1.102051665765886526e+02
-7.218123246948351834e+00
-1.537500205097647950e+02
-7.180047684334530800e+01
-1.964977467953964663e+02
2.570602514328239607e+01
1.478990079871613261e+01
-3.200761879211530925e+01
-2.899199460629941427e+01
-2.574224089590325093e+01
-1.832733817162440459e+01
-1.565285949267300509e+02
-9.609349228724734360e+01
-4.032917398589902547e+01
-3.149331172494869406e+02
-9.823743834437904354e+01
2.170629994326445455e+01
-2.072452437554257187e+01
-1.890417126388552163e+02
-1.129263810221298030e+02
7.059545877558005600e+01
-5.202944282421725575e+01
-8.527569384275037123e+01
-4.078385358404482304e+02
-2.061345749092886308e+02
-5.304353458538958677e+01
5.749600461156305187e+00
-1.600861110654201980e+02
-3.004351842860904753e+02
2.897294405374033488e+01
-2.817849633323996983e+01
-2.543971652686907134e+02
-3.001930758667185728e+01
-3.217909409541597938e+02
-8.980515273232794016e+01
-1.737659088900283280e+02
-1.240450937984781206e+02
-1.184306297925414526e+02
-6.385999569682960697e+01
-4.314497818128253215e+01
-1.147888372325474933e+02
-2.147864349282814374e+02
-6.714582148184010180e+01
-3.597549432501623414e+02
-8.454110288738860390e+01
-2.159338496847166198e+02
-2.757761656695314514e+02
-2.205809633208860987e+01
-1.529755453780921073e+02
-3.862575433890475551e+02
-2.241792748616574613e+02
-3.683564784964955265e+02
2.712501296172668930e+01
-4.445224301729020908e+02
-1.103798818286715147e+02
-2.378034703499855596e+02
1.344404167174725195e+01
-5.427145157992096074e+02
-3.762806541608428574e+02
-1.506196467991708232e+02
1.936397307159988301e+01
-4.824160696567769833e+02
-2.064988449561267885e+02
-1.331658322740550773e+02
-1.695208034858248709e+02
-3.799794765609914293e+01
-1.849356867664421031e+02
6.757642607069104912e+00
-2.141619233309276922e+02
-2.731145906396989744e+02
-1.049855392709079780e+02
-3.844156432043474183e+02
-1.719998471728108029e+02
-1.345772504906027791e+02
-2.308021567856215484e+02
3.005495113583704025e+01
-1.430996376380388710e+02
1.710363629666548491e+01
-2.027696190631332911e+02
-3.539545782127721623e+02
-1.748858065954240715e+01
-3.328615991837265256e+02
-3.111088023575778152e+02
-3.872262894336732586e+01
-3.733128392306825845e+02
-1.841397536054479644e+02
8.600994952693657325e+00
-1.768172286350624631e+02
4.947783130338275726e+01
-9.263763463033400569e+01
-2.682512358610648562e+02
-2.413413708678034482e+02
-3.963702405039222754e+02
-6.626599605341527877e+01
-5.178084326171338034e+02
-5.156381150731813250e+02
-3.016898337191214523e+02
-2.047488131882202254e+02
-2.239025247634095876e+02
-2.540161381764735040e+02
-5.856015264560941347e+01
-1.017559524888056615e+02
-9.442380100165397039e+01
-4.047551604853983349e+02
-1.335905186691341839e+02
-2.166887522604844207e+02
-5.498768685423920033e+02
-2.204598388959672093e+02
-1.015268857800802067e+02
-8.998833187047759452e+01
4.337834656443033055e+01
-3.795244154059947164e+02
1.395939676105869509e+01
-6.965574948962324697e+01
-1.945951927374838419e+02
-3.216631885794992485e+01
-5.181925595942537939e+02
-3.067148718687652149e+02
-2.243995059037351325e+02
-3.636527662022495520e+02
-1.055945527741437218e+01
-2.446454654399186666e+02
-2.336928529783341730e+02
-5.362703936041189081e+02
-1.903584886218416727e+01
6.907260283814283142e+00
-1.866055160302801710e+02
-2.603195756734124302e+02
-2.109129007743854913e+02
-2.729311539042132608e+02
-3.304059646443927534e+01
2.097382441788126073e+01
-2.371482219375959062e+02
-3.181076066183576927e+02
-6.098585489768422718e+01
-2.238351053218388245e+02
-1.935328458633806576e+02
-3.443807027375949019e+02
-3.665264825622126068e+02
-3.485502714859487696e+02
-5.168400024834084405e+01
-4.233891568239624235e+02
-3.617587390222466865e+02
-1.529785872065756394e+02
-3.134169636926430940e+02
-3.589348005608296717e+02
-2.140771284980003202e+02
-2.562699019513616463e+02
-9.523630664536413803e+01
-1.372521858666160597e+02
-2.729703117355547874e+02
-3.503960498607186764e+02
-2.755334416675520401e+02
-4.596704321783150817e+02
-1.983485177557568591e+02
-1.626296076280976592e+02
-3.492000462091766622e+02
-2.902739361730575638e+02
-3.562751835321410567e+02
-1.153282103188104628e+02
-2.763754589005204707e+02
-3.466408514899172815e+02
-2.261338321902665598e+02
-1.529857575374441865e+02
-2.724796694058666162e+02
-2.296684352356579666e+02
-6.631304936442345479e+02
-2.725698242736555130e+02
-3.162802340239350087e+02
-3.824389179352741053e+02
-1.655984217910963991e+02
-2.393310048373997461e+02
-1.088983520159693938e+02
-2.117962994360091216e+02
-1.202899214752514325e+02
-1.211663906836115530e+02
-1.222625493074997678e+02
-3.317793317916583646e+02
-7.266035265720180547e+00
-9.390086381407985527e+01
2.511846513891105026e+00
-5.739170288324087323e+02
-8.273800467267514591e+01
-2.962853140147512931e+02
-3.501849579653787625e+00
-2.191326662320179537e+02
-2.712949243909001780e+02
-1.869154590783655578e+02
-7.527410880014009820e+01
-1.498754807225899413e+02
-2.862509399504729117e+02
1.041630519345297579e+01
-2.814241744200814423e+02
-6.849909564783507676e+01
-2.728155113115226982e+01
-1.915040942623728029e+02
-1.005430824030052861e+02
-2.759421586459536684e+02
-3.701930778238026392e+02
-1.948908640111387740e+02
-3.970609322410021491e+02
-1.864321218812252710e+02
2.057373298192877087e+01
2.095446814850921058e+01
-4.210561848180805669e+02
-1.574367178643394141e+02
-2.338950244248821946e+02
-2.417361150099654594e+02
-1.559939182767019759e+02
-3.198972947735784373e+02
-1.635590739251063610e+02
-1.880639326941588365e+02
-3.593204984278819438e+02
-1.383751061301089464e+02
-3.895726799618214642e+01
-3.594096345809097102e+02
-5.910483336940374954e+01
-1.361846608152716271e+02
-1.873923073072185161e+02
-1.853392333728064898e+02
-2.538672453541489915e+02
-5.847451229697467170e+02
-8.214748189749363405e+01
-1.876151187997933221e+02
1.008400663329907765e+01
-3.016749323901317439e+02
3.973702002618387752e+01
-3.857926799565599651e+01
-1.446899951284522388e+02
-1.750791114327066111e+02
3.830479058162467965e+01
-9.417125896285138253e+01
-1.763903504444719488e+02
-3.146244979092319909e+02
-2.940688929958295716e+01
-2.442646209956771202e+02
-1.806011416681241144e+02
-1.480309211898029105e+02
-2.008238879387967017e+02
-4.158877214718310711e+02
5.569134219274035047e+01
-3.475794864821158399e+02
-3.019444669468243774e+02
-4.377587474847696853e+02
-1.490899392703709907e+02
-1.878941388254363574e+02
-7.442069304521295692e+01
3.951242845718390839e+01
-3.532719391291194597e+02
-2.066614854492619031e+02
-2.131906752473514928e+02
-3.630245387513166122e+01
-3.491512602328531756e+01
-5.289179565691143381e+01
-1.010099219300069961e+02
2.401242478226097887e+01
-3.086324468368183602e+02
-1.543701895089112668e+02
-1.528256243819004112e+02
-1.760973197118005089e+02
8.020876370681105527e+01
-4.902955245527505213e+02
-5.332289765106111901e+01
-2.162828535142314479e+01
-3.401423897768091820e+02
-2.733852981052612563e+02
-1.770108448419034062e+02
1.657405897451721444e+01
3.103604843407681813e+01
1.279633031751576766e+01
5.737676953969896232e+01
-4.220649037432177124e+02
-1.859426937458536599e+02
-2.340025516936439089e+02
-1.731741243446260370e+01
-7.725638191684359413e+01
2.378485727782988945e+00
-2.974568934712413579e+02
-2.081177676947137911e+02
-2.886454714470745557e+02
-1.606430125267276594e+02
-7.487664168821250144e+01
-3.338859676496017528e+02
-3.565486767204924377e+02
-7.525344226779793644e+01
3.505907794608228301e+01
-5.657568010393488578e+01
5.877979244346062337e+00
-2.376501601439400702e+02
-4.438511130827716897e+02
-9.524361650051596939e+01
-2.171787356747688875e+02
2.686498798542897859e+01
-2.119479531802592760e+02
5.196585242997343812e+01
3.072304237422794060e+01
-2.103962018674029366e+02
1.714667171125812573e+00
-1.739651536035650281e+02
-6.816323526119813891e+01
-8.541452641599478568e+01
-1.917371986465500413e+02
-1.662884272886537360e+02
-2.306126070981300415e+02
-7.027444088094176777e+01
-1.010338054071732472e+02
5.782785093254052811e+01
-2.367861664379506976e+02
-4.757004356120329902e+01
-1.435191403922187021e+02
1.093592502119146737e+01
-2.157140007742850969e+02
-2.908264164701848813e+02
-9.562588219096318198e+01
5.884726850482961069e+00
-3.954888691539110255e+02
-2.131243440890768426e+01
-2.157524829093395624e+02
-3.660678111923486000e+01
-7.012939357013858910e+01
-3.281780621829736901e+02
-1.333810178466918615e+02
-9.775525603677027675e+01
-8.844393208281178431e+01
-4.475575556374074182e+01
-4.397827760467858127e+01
-5.541196327919964659e+01
2.424030724309944418e+01
-1.452412359252471674e+02
6.883371720338381294e+01
1.302051904295103490e+01
-9.842279937417076496e+01
1.406989014563143670e+01
-2.963216639213712256e+02
-1.263823825205340086e+02
9.501880294113616898e+00
-2.800875558126113418e+01
-2.968202298962427932e+01
-5.628479290069432750e+01
3.454783022151900695e+01
-1.706640187868876808e+02
-1.922158974894175572e+02
-2.404116920469097920e+02
-1.135349576066674331e+02
-3.432073677066084656e+02
-1.392077163764181478e+02
-2.071378188201627779e+01
-6.228728740570018374e+01
-3.302560028687349813e+02
-3.918847734032976859e+01
-5.300360493444178189e+01
-3.433264874603021610e+01
-2.085983332955913170e+02
-9.069787490856184320e+01
-2.936969677146647939e+01
-9.950366893636783061e+01
-4.133873535823387613e+01
1.499467898818806333e+01
-4.876419531075065095e+00
5.638882728092417551e+01
2.041031231315415084e+01
-3.135827042226425192e+02
-1.773551294926471655e+01
-2.320542379412672744e+02
-1.511788365136635548e+01
-5.669717704739284381e-01
3.199920230108057595e+01
1.039480774425419618e+01
-8.716810386907914676e+01
-1.666984481442323727e+02
4.847435468277197401e+01
-3.411529205337555481e+01
5.193476992511789803e+01
5.303909648290606071e+01
-2.082832359510522338e+02
7.403590975125944773e+00
2.914187918604454097e+01
-2.214338864746930469e+01
-1.592186838365971937e+02
-1.330560455230005346e+02
5.521111477248616950e+01
-3.256496694049762368e+02
-1.127724461395680464e+02
6.611283812986265218e+01
2.771139494292154382e+01
-2.024937121482573161e+02
-3.140884594692180087e+01
-9.000568728877286162e+01
-7.460161108710389044e+01
-2.054265247389264104e+01
-9.637863766150782396e+01
-1.696058722652487631e+02
4.543020493424115358e+01
-2.348114081844525174e+02
3.944875101344355528e+01
-2.824810713537483480e+02
2.582451227362687618e+01
-1.135569623525357059e+02
-1.579375038460540281e+00
-5.771484901856680949e+00
5.810566293216255218e+01
-3.296761034453746788e+02
4.159935457538298209e+01
3.759405751245014216e+01
2.703345112171798093e+01
1.981023640788178142e+01
3.010175135701609861e+01
-3.417203494624758946e+02
-3.377923874052753206e+01
-1.778219527116272616e+02
2.477921195555389033e+01
-2.696145848543760621e+02
-3.743432030312620213e+02
1.369390344676405391e+01
-1.208383235562894953e+02
-2.905493100490561176e+01
-3.282856354368541396e+00
5.634740108542568748e+01
8.591342806100641383e+01
-2.709128564192411659e+02
1.575502458212678114e+01
-3.498494735155242097e+01
2.859620701725265235e+01
-1.018475549409451872e+02
2.545588732686909217e-01
-2.236757923543815991e+02
7.173950548121813142e+01
-2.011464189963352851e+02
-1.079798045923317318e+01
-7.187186008022825945e+01
6.517443432902953759e+01
7.651495373976716863e+00
-3.041248111178815066e+02
-1.910598087865002981e+01
-3.397572969843335500e+01
-4.952795589906739337e+01
-4.105930578214736215e+01
-2.178222151440469645e+01
8.209323218000096745e+01
-3.124997214982707874e+02
7.713903770348653666e+01
2.402162840584109205e+01
5.509681558133765833e+01
1.728484720293297983e+01
1.742862238782776529e+01
4.264835639471726836e+00
-8.154651535594231859e+01
4.082117810102323574e+01
-2.949749421956629476e+02
8.142627817621085740e+01
3.505502939936465623e+01
3.309011584727366539e+01
8.226964652063799122e+01
-2.274801555700399831e+02
-1.679213887605225182e+02
-5.035623569138778066e+00
-4.143857329033994574e+02
-1.459672074220874372e+01
-9.837212681948921045e+01
-2.948088302731830268e+01
8.230572921339074810e+01
1.020047364786690025e+01
-1.988531742894701040e+02
2.849992965246514132e+01
5.735539576459327549e+01
1.922608854431511816e+01
9.778227522541369865e+01
-6.102809548447655885e+01
7.348228197999077338e+01
-6.640405129993630640e-01
1.726792355887813457e+01
-1.457261721054651673e+02
2.180192725338363857e+01
-1.963009480516873282e+02
-2.316349233123495708e+02
4.837447220508664714e+01
-8.246866056873507489e+00
-4.611680188356042720e+01
5.896501190043537832e+01
1.228561203930513557e+01
-5.097986390229977793e+00
-1.160943926954981293e+02
-2.627148245656712788e+01
-1.211891260477894150e+02
-2.100739269324280372e+02
-7.255474633233897741e+00
5.561144797667597572e+01
4.430322975793177420e+01
7.982846413344354630e+01
-3.272612146361979057e+00
3.285177870510824505e+01
-1.061518709946424188e+01
5.938826768883689056e+01
4.695231956940487805e+01
6.114340558683037585e+01
-4.337317510065247461e+00
5.360269800944583807e+01
-1.379027587389716700e+02
2.696578683866687243e+01
4.907112112256496772e+01
-1.919937042896282264e+01
-1.099003205824456728e+02
4.575229090804637799e+00
4.981223813054015181e+01
-3.392417050129782297e+01
-2.767121103080376656e+02
2.572679930069396903e+01
6.278332475003966806e+01
-7.175876452040363063e+01
4.146869096239873898e+01
-3.685556989383115933e+00
3.241265619687978017e+01
4.333639397202975374e+01
3.401737679089958988e+01
-1.299503517564506012e+02
-1.118776568161484732e+02
7.739609660283836945e+01
1.039679576248001069e+01
4.455632918037332502e+01
-4.482786935463033018e+01
4.250277656778169444e+01
4.462811150688521167e+01
2.758124094373963331e+00
4.134329814808460668e+01
-1.770549097818530981e+00
5.096053885851304699e+01
1.747664075480365398e+01
1.164473494970681244e+01
-2.468805394627827354e+01
-1.808732857286001661e+01
-7.683982451714092576e+01
-4.576092153030486998e+00
8.100287798352270840e+01
6.609860913169140417e+01
-1.682816325011935419e+02
5.457528025716902675e+01
8.696681205348533172e-01
8.136770550320281359e+01
-1.838147310566159263e+02
-1.949441285659975875e+01
1.541713560448874532e+00
1.239732132190522407e+01
-5.094666206774742250e+02
-1.305357981127582434e+02
-2.746264627416373116e+01
8.439878641000738924e+01
-1.536483221312836065e+02
-7.345179908941730673e+00
3.524558224739618595e+01
2.386705129165085282e+01
4.496950883195833626e+01
-2.426405734858822427e+01
4.910219791272653822e+01
1.194760597297063853e+01
1.398459448311763964e+01
6.724931922939690310e+01
2.820535426541407631e+01
-2.883906918151224374e+01
4.108361064637834659e+01
6.652911385842236314e+01
-2.348165388505869089e+02
6.286116949878473292e+01
-2.324367538552222072e+02
2.180823117139631506e+01
2.256893127375946762e+01
-3.470291557251768211e+01
-1.086567156108514496e+02
2.081386199186810870e+01
-1.778584284955024941e+01
7.967999034400127911e+00
-2.459946856963267408e+02
1.116322106830408245e+01
-5.746880948824205149e+01
-3.908958813019878562e+02
5.367222758878190803e+01
-4.483832312709915158e+01
4.527332307434048175e+01
6.490028096996826434e+01
-1.450781100442678451e+01
-4.342348047447325499e+00
-8.311255300998246298e+01
-5.687238447665859553e+01
-2.094167404114591591e+01
1.053662220441691488e+02
3.420837894493254794e+01
2.197650860623404867e+01
8.009921746325487391e+01
-2.106322466103935085e+02
1.884684261836605046e+01
-2.869213988170209007e+01
2.189522417766445272e+01
1.028749659382136912e+02
4.096533861065009319e+01
1.477936913692727217e+01
-1.208011254928759115e+01
5.825370871491386993e+01
-4.825573189809736618e+01
8.981104531316003659e+01
-3.356718118785357063e+01
-3.478696389399345890e+01
1.945548474839841901e+01
5.040164546688975378e+01
8.254639815007149650e+01
1.162177107609104354e+02
6.729613180302280284e+00
-3.484610272823852029e+01
-5.541890453644171544e+01
-1.599216202278004459e+02
-1.427399275051794802e+01
-8.377004973999618187e+00
-1.696116704244176674e+02
-1.628821598505278985e+02
1.637334119430207124e+01
9.566903629031230594e+00
1.211454488066333681e+02
-1.170420103854880267e+00
2.675890706447826162e+01
1.259687527804021414e+02
-1.386067040100381860e+02
-2.503770504788310802e+01
1.042581505749873685e+02
8.191650498365459043e+01
1.422777673495751571e+01
-5.892082008086437384e+01
-3.244026656601711522e+01
-1.346912837262557048e+02
3.786619521112803000e+01
3.299136788713396840e+01
5.646142237747696413e+00
-6.047753629659988661e+01
-3.941548040198863134e+01
