-9.684042500482981097e+01
-2.877434712391793141e+02
-1.049355121425286086e+02
-2.847396583304935120e+02
-1.583887516276481904e+02
-1.623193627214124888e+02
-1.759420037622751920e+02
-1.108681907379447296e+02
-7.992144613185141111e+01
-3.569458958942666413e+02
-1.458609275895366295e+02
-3.020398395173418749e+02
-1.391398234510832026e+02
-1.099815182012608403e+02
-3.255070055793980828e+02
-3.597487763570049992e+02
-1.128844113929520461e+02
-1.240849527970926545e+02
-3.805410887327324758e+02
-1.473512611023466548e+02
-2.652074047755536412e+02
-2.593951346943892986e+02
-4.298853431413903081e+02
-1.614565856433042939e+02
-3.313287362789299095e+02
-3.333051825388827183e+02
-1.421735997037243635e+02
-3.958824292314299100e+02
-9.380896989277913178e+01
-2.021846715522641773e+02
-6.253181486644086817e+01
-2.028049316436338358e+02
-3.347612967828438855e+02
-7.191515596678704014e+01
-8.172343053747948716e+01
-2.370276294253100673e+02
-1.911217754058387754e+02
-1.909526179913908379e+02
-3.182664752923577680e+02
-3.585219537204267226e+02
-1.027869628174181003e+02
-7.448822351884678028e+01
-2.388459946113635795e+02
-9.947602333869504321e+01
-6.604639382479301446e+01
-2.949035471777012845e+02
-2.410329377637475545e+02
-7.784493563089378654e+01
-2.044206623636056861e+02
-1.612948850007880424e+02
-1.070907082863343476e+02
-1.054846883163716598e+02
-1.609679215620001571e+02
-1.119662491465624754e+02
-2.946227585096734174e+02
3.597875415951526179e+01
-1.631204331340576630e+02
-8.435465143121625431e+01
-1.255575203294542632e+02
-1.670148741925227682e+02
-6.978270128683925577e+01
-7.092948777711825414e+01
-1.155386638273399313e+02
-2.150355252585267181e+02
-2.482265124268373597e+02
-6.508375642374784320e+01
-9.030539477491076639e+01
-1.082066403391519600e+02
-1.163723957593405345e+02
-4.690477778440471752e+02
-1.162611589650929034e+02
-1.252123526449512667e+02
-3.848338650325942467e+02
-1.753361680834008780e+02
-3.398826814722820018e+02
-9.721594157915573930e+01
-2.291080718494108055e+02
-2.432572610340341157e+02
-3.138141612728353493e+02
-3.865823160071674351e+02
-3.560977998971638954e+02
-2.912443084009142922e+02
-1.098294745162708352e+02
-2.865948633286711811e+02
-7.456654111101998694e+01
-2.693112992993675903e+01
-5.532850608945210524e+01
-1.046512803247429275e+02
-1.024760640967732854e+02
-1.705827540392327251e+02
-2.170574074954710113e+02
-5.036310447213932662e+01
-1.028998708357513010e+02
-9.877648703327849944e+01
-1.133089862841008539e+02
-1.255816675969808784e+02
-1.018611514121876098e+02
-1.171947238864213148e+02
-2.137037304874201595e+02
-2.920975512879166445e+02
-1.940795281719383922e+02
-1.059776543932916582e+02
-1.730098503328359527e+02
-8.530782970251755160e+01
-2.191416969587306198e+02
-2.739228008369688609e+02
-4.608487706265830184e+02
-3.109775194738926416e+02
-1.595857633031623664e+02
-9.356326669893195458e+01
-9.949165582446983080e+01
-9.265352129136134351e+01
-1.138677761246230205e+02
-1.583926227973735479e+02
-1.139296264685667381e+02
-7.331956111447546220e+01
-9.713711938687119130e+01
-2.480472949895981287e+02
-7.546589335841872526e+01
-8.814500495539211045e+01
-1.824064582681118054e+02
-4.663286586199647559e+02
-6.440348569562658554e+01
-2.400099629446653182e+02
-2.311171880606701450e+02
-1.516689822389777760e+02
-1.598470100776879121e+02
-2.598870703216269931e+02
-4.550897583752460207e+01
-9.013804896421933677e+01
-2.455719412213226462e+02
-2.962551776396124410e+02
-1.473930623458912237e+02
-7.105170811958778643e+01
-7.914149792986438570e+01
-8.252867252009031063e+01
-1.463334791564585942e+02
-4.069080228822901972e+02
-2.515029176110772369e+00
-1.194738629798943350e+02
-2.359330538970276336e+01
-3.078369298193146051e+02
-4.856727653774519240e+02
4.022171474002436753e+01
-8.201444350468119637e+01
-8.581406953578448338e+01
-3.587263114031564442e+02
-7.481874867499243464e+01
-9.424446755102599127e+01
-9.614691329185221491e+01
-8.656769739883542059e+01
-6.824313592102730297e+01
-2.853039710452043209e+02
-2.883252941239124993e+02
-2.081233444767422611e+02
-1.286619862122387303e+02
-2.307874874109825782e+02
-4.740937937362294292e+02
-1.439261605628282155e+02
-1.990808444474699854e+02
-1.688493334838701685e+02
-8.345030239063461863e+01
-1.141230369460763256e+02
-1.328169250117529714e+02
-1.758517466228739181e+02
-4.375014596831342715e+02
-2.111187752631009857e+02
-6.268542539603998875e+01
-1.684209065011766597e+02
-6.453946610390694616e+01
-6.901756868983244431e+01
-2.363617129896906874e+02
-9.353591599712282800e+01
-2.659599990810427812e+02
-3.141203750337561473e+02
-2.181709471608345439e+02
-1.005641770980712835e+02
-3.732435994242302399e+02
-1.100054662867772350e+02
-2.313406992113353624e+02
-8.820959661192472367e+01
-1.671450739803715351e+02
-1.753599179558148080e+02
-1.264832094385324268e+02
-1.119044386875199706e+02
-1.487301863924674308e+02
-2.866409908964387796e+02
-2.125173538960059716e+02
-8.363360484310341292e+01
-1.689054108445515681e+02
-7.757172981859224592e+01
-7.325970080848421162e+01
-4.299412339075225304e+02
-5.197353530438753921e+01
2.169110748036503367e+01
-3.203261544105872645e+02
-2.666422648792651557e+02
-6.670353465190136433e+01
-3.137187527922245636e+02
-2.363314216290042680e+02
-2.992478432712863423e+02
-9.056918762433957681e+01
-2.035795195138404097e+02
-1.782308078885424152e+02
-9.743592851710921821e+01
-4.405131994246284535e+02
-1.370847445108512659e+02
-2.009335001585044438e+02
-1.100885935764588908e+02
-3.785613514032615967e+02
-1.390803049601217367e+02
-1.365869367029420971e+02
-4.922854456086940331e+02
-3.371665369259342242e+02
-1.460498803168579798e+02
-2.351204964747192605e+02
-1.628734248439324688e+02
-1.278905040974409530e+02
-1.971099185839956363e+02
-3.180260859026338949e+01
-1.026496401749928964e+02
-3.604852484571317177e+02
-2.861685722875982378e+02
-8.887205770109608238e+01
-2.614392154128402126e+02
-4.568811804992510019e+02
-1.112248446490411453e+02
-3.173798654874483418e+02
-2.894538552584623403e+02
-2.661978830759683206e+02
-2.813857731369897124e+02
-3.120635777714247752e+02
-3.685110487738267011e+02
-2.423477129331884043e+02
-1.835947643099534332e+02
-2.565581928404998280e+02
-1.274749717819718455e+02
-3.261342117994703926e+01
-1.598835653783459065e+02
-4.492626220477664560e+02
-3.772221171611041086e+02
-1.294611046570834390e+02
-3.642701980714079468e+01
-2.867281834756546459e+02
-1.507356897914645231e+02
9.080069054631771053e+01
-9.165213206284545322e+01
-1.127040596981608331e+02
-9.878944208835584107e+01
-1.713346120177398006e+02
-1.333337770765198798e+02
-2.946616470219029225e+02
-1.384635786102151656e+01
-1.415493941071136419e+02
-5.745950750444345800e+01
-1.723851948514929404e+02
-2.969319756175193561e+02
-3.531849588265818340e+01
-2.317158571782668162e+02
-4.141467186135842837e+01
-2.803503464717122142e+02
-2.461951011501614062e+02
-1.443588341300369393e+00
-3.551701684687109264e+02
6.115762913058355821e+01
-1.486049246093979832e+02
-2.404692361854724538e+02
-2.866966855561773855e+02
-4.605895636897210466e+02
-3.487383905460387723e+02
-3.246977429693664590e+02
-1.475771760109866477e+02
-3.005384623448901493e+02
-9.928817722288529524e+01
-8.599456576173463418e+01
-1.291745886833132886e+02
-3.312727979057384573e+02
-9.509262911455222422e+01
-7.558634649142697981e+01
-4.045421650564582592e+02
-3.400668275157937614e+01
-2.564504393741558488e+02
-5.135806331486474363e+01
-2.182300038500720802e+02
-3.668007635985795787e+02
-3.873770878927197145e+02
-1.266943586277906491e+02
-4.134643390384954387e+01
-1.595769524978870209e+02
-2.174189979251320324e+02
-2.859329088002469916e+02
-1.257008493750328739e+02
-1.027914879444812328e+02
-5.553040100611316632e+01
-3.852746488010851778e+01
-4.370086016998627088e+01
-2.251722281732389774e+02
-1.517130033992522158e+02
-3.250175868143406888e+02
-2.702467785821520465e+02
-9.507359861838995130e+01
-2.769970828230503912e+01
-2.684545851637913074e+02
-2.085389092741552872e+02
-1.181661192491402659e+02
-3.187020142387889337e+02
-3.332463489191405870e+02
-5.688344368551983621e+01
-2.632180046216478786e+01
-1.964462472987482897e+02
-6.162020861765967794e+01
-7.149040459779061507e+01
-3.203071411342933743e+02
-1.603918737588285524e+02
-1.012098028856351704e+02
-1.530859528760291255e+02
-2.809854294740962928e+02
-1.192684060651856726e+02
-1.872010661706555368e+02
-1.427348341893907673e+02
-2.489314564166553509e+02
-1.098310243347569752e+02
-1.033867980522767738e+02
-9.956164608596765220e+01
-2.314762910914714666e+02
-1.533440152715586748e+02
-1.515016853903063065e+02
-1.194529388789949707e+02
-9.945800970312006939e+01
-2.934622745193784112e+02
-2.349681915207212057e+01
-1.059756992783183875e+02
-9.539255230061873192e+01
-2.841657259470038071e+02
-3.159989551063114277e+01
-1.413136758390998580e+02
-3.960042469946578194e+02
-2.454970386115411145e+02
-2.109675259091388000e+01
-3.225318392045173823e+02
-3.989758732332372233e+02
-1.665597188331642542e+02
-1.777419760257856183e+02
-3.235040610038049635e+02
-1.968664022449818845e+02
-4.946145780467603004e+01
-1.018928934756515901e+02
-1.157793466027682712e+02
-1.933829343058775976e+02
-2.640570638369675862e+02
-5.193068217323593672e+02
-2.405012268617203404e+02
-1.073646787304644477e+02
-3.422924474623847573e+02
-2.197251608063986623e+02
-5.817197591113185240e+01
-7.660422040999098670e+01
1.759210546696019861e+01
-1.891981883751949169e+02
-2.091957994130160046e+02
-1.129565016760670204e+02
-2.434960228650889178e+02
-6.968093638228458531e+01
-1.875551386170972137e+02
-4.557489925499366450e+02
-2.445336659567917081e+02
-1.616339765995759876e+02
-1.651326418516768797e+02
-1.384408355538240585e+02
-1.974839500811827975e+02
-1.416684438297284885e+02
-2.308025739262930642e+01
-4.444745269338087610e+02
-2.676942698056456038e+02
-1.623555621167007530e+02
-8.635264256502783553e+01
-6.392289119928067009e+01
-1.527748372256094171e+02
-1.457281854071925977e+02
-2.505153810520642423e+02
-4.634634615741253327e+01
-2.880775109075017895e+02
-2.619958119674105319e+02
-9.068443234216972826e+01
-9.776144863275324326e+01
-2.680598856407992798e+02
-2.136362916186963901e+02
-2.738173195264276956e+02
-4.429172389988599434e+02
-3.217585066042481685e+02
-1.596219692069213920e+02
-2.218424297079964163e+02
-3.150554214462772507e+02
-4.446483953272094141e+02
-8.866629357212487150e+01
-1.070276169493255622e+02
-3.808994544027495408e+02
2.309608571447022030e+01
-2.367565138249092342e+02
-2.285990362569083629e+02
-2.688442816790073380e+02
-3.670516315812582775e+02
-4.340649225128750572e+02
-1.927138821981273509e+02
-8.721690916919979486e+01
-9.208146747872439164e+01
-2.414339134121744053e+02
-3.386408080325106766e+02
-3.091800785630587143e+02
-3.441824982457063129e+02
-4.633315515535544478e+02
-2.156684229180497709e+02
-1.015067723743236456e+02
-1.430809929779365177e+02
-2.391251642421928523e+02
-4.515482441438894057e+02
-1.277918041093029018e+02
-6.538724608831606133e+01
-2.606001730551332116e+02
-1.754038629640573959e+02
-8.906609389837106505e+01
-4.750466246615758337e+01
-2.864122146763747310e+02
-7.632707593864148521e+01
-3.221102577326807932e+02
-4.755068197098735823e+02
-2.402211736768248613e+02
-6.859279706872368365e+01
-8.378454090677615795e+01
3.967990826690652284e+00
-8.564178658728815208e+01
-8.774784388232779975e+01
-6.844377775993169166e+01
-1.735652169276159498e+02
-8.650434049825898342e+01
-2.070923386362507017e+02
-4.861312473022588279e+02
-1.525938879353245738e+02
-2.441819140459468827e+02
-6.955563598764457822e+01
1.037341768233301309e+01
-1.572671392023094654e+02
-7.330131730635910969e+01
-1.072055776887969358e+02
-3.175754479407671056e+02
-2.056182394891412173e+02
-3.025800653902765589e+02
-7.667270962985298866e+01
-3.665712335451353852e+02
-1.522169044760616430e+02
-2.645503836076544530e+02
-1.323757868790720522e+02
-3.559063992444605447e+02
-3.627407965036689461e+02
-1.897573512590752216e+02
-3.402074471052403624e+02
-4.673961559450918344e+02
-2.412799335037155117e+02
-3.617664321597521848e+02
-3.675251776404946327e+02
-3.739991462822830499e+02
-1.181764039570093274e+02
-2.336043554854179547e+02
-4.667724068299703504e+02
-4.036754771977336986e+02
-2.547230366650832423e+02
-3.712602430837996508e+02
-1.219939385551930684e+02
-3.596535311557740329e+02
-2.444889983750486522e+02
-2.950696827460119493e+02
-2.703509977713056287e+02
-1.534309464281380997e+01
-9.876207829003168115e+01
-1.270590898062851863e+02
-2.729332693714069364e+02
-3.782168044675905207e+02
-1.906383565452649123e+02
-1.824725905881679182e+02
-2.082291800434071831e+02
-2.461224720588061814e+02
-3.202403443605772964e+02
-2.231949281993526597e+02
-1.394307626642864477e+02
-8.127591497494697137e+01
-2.760404090234403611e+02
-3.126791050357312542e+02
-7.802307882367631464e+01
-2.529943169401581429e+02
-2.683646038983070525e+02
-3.179126759156595199e+02
-2.085758615529570648e+02
-1.424461707896644214e+02
-8.840187302353675136e+01
-2.537921847630070431e+02
-5.678003733926549046e+01
-2.533706156937053606e+02
-1.669490946069994948e+02
-3.488660228906271641e+02
-1.717940682903841889e+02
-3.305999694534649507e+02
-7.029370172995437827e+01
-2.954227304124768807e+02
-1.001763017708863970e+02
-4.087154020575707136e+01
-1.053996254669629593e+02
-9.235922608290023561e+01
-2.552251220613739235e+02
-3.096016334420685894e+02
-3.080106461442660475e+02
-1.797263311154524956e+02
-2.949758386317327563e+02
-1.709843026976505485e+02
-2.526210246038127423e+02
-7.131105077835357520e+01
-3.671274738648454559e+02
-3.902446931243112545e+02
-4.112555998170558382e+02
-9.075831110104751076e+01
-1.710677149225296034e+01
-3.149507657796863214e+02
-1.497944386672329244e+02
-4.224318916883462975e+02
-8.596138249215871951e+01
-2.660602436130602655e+01
-2.156141832619839533e+02
-3.736650018826919677e+02
-2.810603232362886956e+02
-3.536303139640409654e+02
-1.898542930525350982e+02
-3.529364434246602968e+02
-2.284350350491735924e+02
-1.602615584321436586e+02
-2.818651773689180118e+02
-3.892904565752782275e+01
-1.164419920311447356e+02
-1.951825243779414336e+02
-1.695619701710642744e+02
-5.668498855562992844e+01
-2.149172189057569540e+02
-2.999522262972092221e+02
-6.269529271538883819e+01
-1.484604935858238264e+02
-5.203107064839073814e+00
-4.483701710421752296e+01
-2.405614246437741031e+02
-3.236927270342614520e+02
-1.418625887671007035e+02
-2.096431149744954041e+02
-1.660156950037240620e+02
-2.911555061841785346e+02
-1.006525418864071639e+02
-7.414921575036377988e+01
-4.487850220466251585e+02
-2.521278857334243924e+02
-3.640799231947382850e+02
2.786230169482067254e+00
-4.081231380372626063e+02
-2.058638382069520389e+02
-5.375794546913855356e+02
-2.237950481411115788e+02
-1.879737455130603507e+02
-8.904525122261961201e+01
-3.056589882035825667e+01
1.381354171355198446e+00
-4.111523033551974038e+01
-1.709091909593142873e+02
-1.301680883088916687e+02
-2.810324083202168595e+02
-1.151669481676383242e+02
-2.173026789657412507e+02
-3.202086371223010701e+02
-2.394204684783416894e+02
-2.006868217619713732e+02
-1.348832306212782726e+02
-1.438651924448232933e+02
-1.467529130659161183e+02
-1.767971327976553653e+01
-2.897665774441703661e+02
-1.675237120829361288e+02
-1.346815213787562016e+02
-1.606333208003594564e+02
-3.008212719605359098e+02
-3.018250935687859737e+02
-7.958710112941157888e+01
-3.126763706158163814e+02
-2.216147303255513634e+02
-1.850384852360221544e+01
-3.061030478559555377e+02
-2.401204974903943423e+01
-1.523664993026355319e+02
-7.861239162658048940e+01
-6.776876422745303330e+01
-4.303992679122934533e+02
-3.240651046824917785e+02
-5.169560851881912811e+01
-1.634213832087544631e+02
-3.977184078498397923e+01
-4.412470649590202356e+02
-3.899286239888445493e+01
-3.179487518205337437e+02
-2.803048924023382824e+02
-1.526079031489625208e+02
-1.027437477908014216e+02
-1.901643704412089733e+02
-2.806279058954220318e+02
-2.255654604114434392e+01
-7.596752029604657253e+01
-1.686949321416479108e+02
-3.086788275698814914e+02
-1.950678843123307331e+02
-5.602995265571225048e+01
-1.889064443380034959e+02
-1.666142680379022636e+02
-1.937134240729481292e+02
-7.449162922996917757e+01
-4.336672269927956336e+02
-4.552033070772689882e+01
-2.485678540238622816e+02
-2.599804200635550160e+02
-2.352620969932013963e+02
-1.894571483294699874e+02
-1.690607185641009096e+02
-5.746516608927056495e+02
-2.465399574586510028e+02
-2.060649822178647241e+02
-1.304477716481941627e+02
-1.789286759073307849e+02
-2.793014567421138281e+02
-7.167363629319734741e+01
-2.087361052965104022e+02
-1.126582972000773566e+02
-6.552463578342019446e+01
-2.445268542073458491e+02
-2.903803384667426144e+02
-1.711828354027196895e+02
-2.388381299734407719e+02
-4.338831181924064140e+00
-3.691596470875652471e+02
-2.649022228170683775e+02
-8.514278958806914943e+01
-2.439826728549446102e+02
-1.110729041503062291e+02
-3.892824620636577606e+02
-1.091366674140797386e+02
-3.098495955197303147e+02
-3.124156827494325626e+02
-1.828837221048530637e+00
-9.535370694473414233e+00
-1.882330370001058952e+02
-2.073756642093281641e+02
-1.500251864305705567e+02
-1.309429235544959340e+02
-2.620934418917531161e+02
-2.758003084007965526e+02
-3.337130607271578810e+02
-8.153383764394249056e+01
-3.602550923668079577e+02
-2.243539844794371447e+02
-2.268531415017091888e+02
-1.907645363462772252e+02
-2.828904510203042264e+02
-7.869122427650575347e+00
-1.470041542718312257e+02
-1.870381444100429178e+02
-1.870522471729351253e+02
-2.084310775115421279e+02
-1.712857704493590632e+02
-2.756042139884733047e+02
-9.339045196310146935e+01
-2.193320880787462102e+01
-2.196884966541327628e+02
-2.443615012638492772e+02
-5.346563487468045395e+01
-3.439196592498922200e+01
-1.480378670512359065e+02
-1.143346337348114474e+02
-3.870776867770919125e+02
-9.128176889425797924e+01
-5.649192456276542629e+01
-7.081042945039473580e+01
-1.570777662224031701e+02
-1.482854544018100000e+02
-2.390104016271688181e+02
-7.745305276315005472e+01
-4.108262233257249818e+01
-1.695969207747597238e+02
-3.081987014829066993e+02
-2.005602842459542217e+02
-2.239087010054747680e+02
-5.856411593818179995e+00
-8.779973491162824928e+01
-2.665631553137242804e+02
-1.120237031003372579e+02
-4.545305115808734797e+01
-8.193694080049837680e+01
-7.782218170778612887e+01
-4.497365512072733509e+02
-3.200250502740260572e+01
-2.788197648203783956e+02
-2.218880237224393568e+02
2.153731409633516591e+01
-2.378745275442818752e+01
-2.055823728831128676e+02
-3.953195467101277245e+02
-2.578576341495169117e+02
-4.477007166793675879e+02
3.382037075890082178e+01
-3.283623701071201140e+02
-1.292883826786928125e+02
-9.460507801982818421e+01
-1.455482593617478528e+02
5.394650356452160622e+01
-1.341791517007651464e+02
2.878268812651919006e+01
5.249733189529363386e+01
-3.171954284338791297e+01
-2.743889535207052859e+02
-2.805775131831587146e+02
-2.794443462695437006e+02
-1.142425632343535682e+02
-2.758134218542373617e+01
-2.145880472919926092e+02
-1.932555157545517659e+02
-6.315032761099934078e+01
-2.542732559480567716e+02
-2.492597334152268331e+02
-4.050791023297394986e+02
-1.733538048131022720e+02
-2.896272170772776917e+02
1.791605331780529298e+01
-3.290673319084704644e+02
-8.797758077773858076e+01
-1.703486897396321069e+02
-4.813747892536241579e+00
-1.329767765142177325e+02
-8.982607425939512780e+01
-1.920515765941274822e+02
-1.596775678822689599e+02
-2.537158219489882924e+02
-3.527762203195226789e+02
-5.441985766144526337e+01
-1.061676493756510240e+02
-3.122977869316947590e+02
-4.475098030549925738e+02
-2.124995490577634882e+01
-8.368488877607678944e+01
-1.080669422352637383e+02
-7.793384403749230671e+01
-2.646940559398584583e+02
-7.854641288754326922e+01
5.376181273906779978e+01
-4.527051542588371547e+01
-2.562042513923837816e+01
-9.282548532604612035e+01
-1.871298426412703293e+02
-6.203562762569168854e+01
-3.219502813695414716e+02
-1.810160729592806206e+02
-3.224576825849438819e+02
-9.784085166154051194e+01
-2.067415756751487379e+02
-1.405687246386793277e+02
-3.491706543393232778e+02
-1.708282097070159580e+02
-6.440690599489877854e+01
-3.022928772638767896e+02
-4.104243404615552038e+01
-3.307293940617262820e+02
-1.886773481200019376e+01
-1.185169123787968317e+02
-2.814240896854246898e+02
-1.493246935866165472e+02
-4.415130823979125125e+02
-7.542644292985609411e+01
-1.756445992728829708e+02
-2.692193655300314958e+02
-1.018698646492063915e+02
-2.962870282742690620e+02
-1.976893322922483094e+02
-2.858408769215532175e+02
-1.777630644723121236e+02
-1.276977264122726865e+02
-3.004723383587465264e+02
-9.575122587493615356e+01
-1.497299443233288230e+00
-3.467431800557632187e+02
-1.973718883495615160e+02
-2.693621701927498862e+02
-1.283483643825574916e+02
-2.878739442543405858e+01
-2.725934649887353771e+02
-2.193091229656623113e+02
-1.574170704721632887e+02
-1.636562694425913378e+01
-3.333829849298341514e+02
-1.884412036711552219e+00
-2.670472433690064236e+02
-1.195795420075311029e+02
-8.640539924454681397e+01
-3.862707162300648633e+02
-1.716667004863772945e+02
-1.684993934615040416e+02
-3.298180185568224374e+02
-1.454959806253121428e+02
-3.056469878334245323e+02
-3.250559745244956389e+00
-2.559389481984030681e+02
-1.939157503246505030e+02
-3.008450028466322692e+02
-3.329792660072714625e+02
-2.107839497738089563e+02
-2.570138323640933322e+02
-2.500531814849418879e+02
-2.501908905018088660e+02
-2.297347790477920171e+02
-2.695798773956291257e+02
-2.309980028375100289e+02
-2.194275191094952788e+02
-1.675259628756531924e+02
1.453848782528160655e+01
-1.735207134692456066e+02
-4.936767530744013754e+01
-2.643723659495265679e+02
-5.382386849922417582e+01
-2.853958905471288290e+02
-4.008402775521877288e+02
-4.018102705113856246e+02
-5.751846987213973250e+01
-2.928206651363455535e+02
-3.110961544597198554e+02
-8.441727042534039072e+01
-1.040695480532735928e+02
-3.269943007149818186e+02
-3.725481880234343066e+02
-5.030359472802371101e+02
-6.313011037107904713e+02
-3.499842120074795844e+02
-6.570665936286272313e+01
-2.782581800506087006e+02
-3.019679622236931209e+02
-2.791021826695650816e+02
-3.115859471209303138e+02
-2.806863253704450472e+02
-2.339407166810426304e+02
-4.074354459479872617e+02
-2.192890801498473650e+02
-5.887459825009252512e+01
-2.880950515347911960e+02
-2.917024555822833918e+02
-2.356732225247936015e+02
-8.156503180324094160e+01
-6.250265671109752930e+01
-1.217818752723058395e+02
4.763090402917569577e+01
-2.235126387389802005e+02
3.152186551087734401e+01
-1.593756509780109241e+02
-2.371851092696365413e+02
-2.870238365084761654e+02
-1.253776445123920951e+02
-4.989159832419414897e+01
-2.224575351638994221e+02
-4.216619159369082581e+02
-5.899962480086438177e+01
-2.349554171952837294e+02
-9.585062389624678758e+01
-1.588645900290715360e+02
-7.225531327367778545e+01
-9.644082786450526612e+01
5.779897436461382654e+00
-2.018155992597777129e+02
-2.431629343938815282e+02
-1.812361145375662659e+02
-3.170412516972506296e+02
-3.906979233598882217e+01
-2.155765235381095124e+02
2.273101883641146514e+01
-1.272890656418290689e+01
-1.928841886650674269e+02
-2.831761889757219706e+02
-1.414661413438691397e+02
-2.317255263916847241e+02
-2.949589438388096596e+02
-2.493262287082638125e+02
-1.935443902120478583e+02
2.173534575569892269e+01
-2.211848794817611292e+02
-2.013482754063245466e+02
-3.128229199098497304e+01
-9.733838778609785436e+01
1.277736608815509101e+01
-2.614085427070516516e+02
-3.735451935177727592e+02
-7.382762563981424364e+01
-2.745369831439087420e+02
-4.137167319960919940e+02
-3.075178010847670294e+02
-3.119077804083558476e+02
-2.348024472383727641e+02
-3.934966381416641070e+02
-1.091595136544291336e+02
-9.247001429087615065e+01
-4.869660371491859507e+01
-2.659342988213001036e+02
-3.943121433512878298e+02
-2.901618837961568431e+01
-1.593758772774755244e+02
-3.654959017170584730e+02
-3.340853339248138241e+02
-6.813741996459772565e+01
-1.364085590177527934e+02
-3.655963562061872381e+02
-8.531435969753260906e+00
-2.088770508764050078e+02
-2.942310835056193241e+02
-6.318042544501490454e+01
-6.579079999799290590e+01
-2.838058098343094571e+01
-2.912806371628463467e+02
-1.671576476961134290e+02
-2.776652995598026905e+02
-3.737536823634201255e+01
-2.199499701574704602e+01
2.436738430626263607e+00
-2.616792304192819074e+02
-1.589103686817664993e+02
-1.686725621131550668e+01
-5.418776439241187290e+02
-2.600432702079395142e+01
-3.081179122047392411e+02
-2.892158304238940332e+02
-8.035527892365641378e+01
-4.765877493486067351e+01
-8.346783370272652292e+01
-1.246937171872827577e+01
-7.921839385434731184e+01
-3.565880136645846505e+02
-4.186430313787165005e+02
-1.013627456382984775e+02
-8.876702353073495999e+01
-7.500024882425810802e+01
-9.396372829594157849e+01
-3.358023760859431377e+02
-2.438691424837006707e+02
-2.021768969734899315e+02
-7.496343193877054034e+01
-2.678282595764326288e+02
-2.282983799826951383e+02
-3.371593725862098836e+02
-3.098966145215783285e+02
-2.544393264843276370e+01
-3.628425766887021098e+01
-1.015944890022207261e+02
-7.213963834890284943e+01
-3.125747070047670491e+02
-3.572779356939839772e+02
-3.073276177994951013e+02
-1.173962793585322402e+02
-1.826407881097909751e+02
-1.147310571880938994e+02
-1.195729537629095773e+02
-1.198138357736580133e+02
-2.411950837925274413e+02
-3.069790398310227602e+02
-2.403008057980491969e+02
-5.949234926574163751e+01
-3.237982087128334570e+02
-1.486506171369993865e+02
-3.272960349313538018e+02
-2.661513920176087709e+02
-1.059392029424819270e+02
-3.835109845991599968e+02
-2.371413055045452722e+02
-1.264427095630634170e+02
-2.905651419414585916e+02
-8.880750321874454301e+01
-1.825764392141365420e+02
-5.720326144369859094e+02
-2.398382651837653725e+02
-1.180042556684081774e+02
-2.615608191303128365e+02
-9.828579628849803385e+01
-8.540353482068846347e+01
-6.235813958801543322e+00
-2.723549039128329241e+02
-2.262557697467287312e+02
-1.401478010486058281e+02
-3.604541639418183081e+02
-1.326952329114640179e+02
-2.025918053451771641e+02
-1.291566306641028348e+02
-2.100310426973385347e+02
8.496648148013292712e+00
-3.906853809644014746e+02
-7.083726545071884573e+01
6.875139040052289374e+00
-1.172356702647672648e+02
-2.419872019684137854e+01
-3.675205763778639323e+01
-3.031030419065241972e+02
4.867656748070760386e+01
-4.404552797374223019e+02
-2.723016510082521791e+02
-1.740161672561012836e+02
-7.503985644643540809e+01
-1.201922550637857086e+02
-9.479147511135127502e+01
-2.924343893923620499e+02
-1.026603210240735677e+02
-2.963146320274464074e+02
-3.671260293052814063e+02
-2.713452765360423200e+02
-3.031826432621929825e+02
1.054607532342618015e+01
-3.938074548232048642e+02
-3.706607991717417008e+02
-8.102613226478885622e+01
-6.656977872827877718e+01
-3.031719831882280687e+02
-5.211705638923055517e+01
-3.597804165527683722e+02
-1.385490166865713491e+02
-1.626890964587055635e+02
-1.059245776797900760e+02
-2.833652075889426669e+02
-2.501463017884110798e+02
-5.347289567353541884e+01
-1.557894455315919515e+02
-1.324495738409003138e+02
-2.615652626878222122e+02
-4.351210779870741874e+01
-6.315092281463712709e+01
-1.270691188152177489e+02
-2.352147260070440211e+02
-5.066698744294129142e+01
-1.019627241899870000e+02
-2.411502780587815948e+02
-8.191732459721089299e+01
-6.316657860800898305e+01
-6.916965393811334195e+01
-2.307456948333503988e+02
-1.441152891914828444e+02
-6.823133605530389900e+01
-2.071732809207613286e+02
-2.428731829090503709e+02
-6.891824263755472657e+01
-7.303309352984101110e+00
-1.725185694860311969e+02
4.103870724853565832e+01
-2.321150708893963497e+02
-2.201127901497201549e+02
1.625290886553621306e+01
-1.299044726183703347e+02
-9.043636174088995006e+01
-1.056501180255586831e+02
-2.558253568703381973e+02
-6.285405802917404827e+01
3.496991880033333189e+01
-5.369795811321979073e+01
-1.369890450139719746e+02
-6.413897938769424911e+01
-1.377108083033458570e+02
-2.474544402707190045e+02
-9.749485231152964104e+01
-2.313070809887789494e+02
-4.895019103057251186e+00
-4.685661445849491429e+02
-7.687062074071303641e+01
-2.113589017373873844e+02
-3.622646699790932701e+01
-1.431410826240285701e+02
-2.798985805021220585e+01
-2.631657980884401695e+02
-2.968154596777441157e+02
-2.657219856371133346e+02
-3.012069337631147619e+02
-1.372345308042026772e+02
-1.220951385769369040e+02
-6.396159891400044017e+01
-2.889279885578345386e+01
-2.211716679821816740e+02
-2.688045807263479503e+01
-7.415234809506223712e+01
-1.604431222639935299e+02
-3.160107237317342310e+01
-2.699798044420036831e+02
-1.834323350911279817e+02
-8.288213183022335784e+00
-2.361934314742821357e+02
-1.521537938423793719e+02
-4.490416385849377434e+01
-1.229013937865883577e+02
3.085405999242539110e+01
-2.019952518770194274e+02
-5.471778160736540997e+01
-2.536384082282511088e+02
-5.671901946487055568e+01
-9.389492204033743405e+01
-5.153231923270013226e+01
-1.935128811488200142e+02
-2.092927426771431669e+02
-2.556406707395435376e+02
1.005081022966550108e+01
-5.057807202483373032e+01
-2.476948179260369898e+02
-5.799475124929233516e+01
-7.046653139331877469e+01
-3.605290157931564465e+01
-1.552249026689055427e+02
-8.369232408877736873e+01
-6.623448016516184111e+01
-1.298648948024747085e+02
-9.076032615202902321e+01
2.535002694002480439e+01
-5.638772743603446003e+01
-2.185914929032775262e+02
-2.778102299949128451e+02
-1.279642320387245462e+02
-2.688757144751767214e+02
-5.098622257892841958e+01
-2.105096086270633293e+02
-3.356297494916153710e+02
-3.005013298247309876e+02
-1.711584125022584999e+02
-1.496391017792798834e+02
-2.286387487559049418e+02
-6.015875674840572174e+01
4.138076260953740260e+00
-1.997505957147547520e+02
-2.657348205113073050e+02
-1.711467872225551616e+02
-2.778647003592391798e+02
-6.297506831397729599e+01
5.128114270860231727e+01
-2.098370657931658343e+02
-2.330243709893841526e+02
-2.856245573573964975e+02
-4.337617934618228333e+01
-7.122776766462250464e+01
-1.172018708648889174e+01
-2.502505948324928795e+02
-2.125679141104791370e+02
-3.918983523958252135e+02
-2.455272789764310346e+02
-2.181705112629529708e+02
-2.814272408138245964e+02
-3.643025108096114195e+02
-9.312516812498273566e+01
-4.150081872329409975e+02
-1.728417410320992076e+02
-2.952556809684102745e+02
-6.384707435464774505e+01
-2.368277628151505212e+02
-3.097895014332457322e+02
-2.068317985552035339e+02
-2.781125462720521568e+02
-2.410712247729909450e+02
-1.502462101148462921e+02
-1.004457494453457578e+01
-2.894333717007087330e+02
-7.246636316789467003e+01
-2.358242110988593367e+02
-2.174388932330310809e+02
-1.962186227028335566e+02
-1.297734455346739537e+02
2.062786449912037767e+01
-1.722019791468983385e+02
-2.085951659450453803e+02
-1.014794840103775471e+02
-2.196033514047271069e+02
-2.379362672138356629e+02
-1.037090914455985029e+02
-4.114996586795826374e+02
-1.079757422327380567e+02
-2.342627633115843935e+02
-5.004492167837490513e+01
-3.289559724800686240e+02
2.992865601888966509e+01
-3.065983145417168316e+02
-3.825172276211777955e+01
-6.924511466727508946e+01
-1.611359083800766143e+02
-2.927262180338444750e+02
1.996513593187827951e+00
-3.118357511836251774e+02
-1.529587326711652793e+02
-9.654060498122936451e+01
-3.046780218218155483e+02
-2.431495583460271632e+02
-1.270350510125102375e+02
-2.331562169757502900e+01
-2.848468082937558847e+02
-2.688997719981957744e+02
-1.508514027830482007e+02
-2.060764829184873861e+02
-1.254619650922063983e+02
-2.208129279614948075e+02
-1.756371335972779377e+02
-6.306022122608509761e+01
-3.574062504053333100e+02
-1.577196802775681306e+02
-9.176494967767293076e+01
-2.823915954968352935e+02
-8.534772364244484777e+01
-2.637456826324209942e+02
1.890022340374986243e+01
-1.520810065754819789e+02
-2.101927964472117765e+02
-1.051477298619139162e+02
-2.425603946877272108e+02
-2.021780201432619322e+02
-3.045724986417832270e+01
-1.082474965305809889e+02
-8.479755044630906013e+01
-2.774284161079520459e+02
-1.904387196509580065e+02
-4.678796759781479864e+01
-3.111964574461172788e+02
-4.621974642832921631e+01
-4.721378641431735446e+01
-1.041074349939387105e+02
-2.710237673694063005e+02
-1.568110493535917840e+02
-2.386122088521474041e+02
-2.666167424994374073e+02
-1.944643212684740661e+02
-1.899451697000987451e+02
-1.259471527951896093e+02
-3.103532838696550584e+02
-5.610752656747442302e+01
-1.016911112557350805e+02
-3.359818776613789737e+02
-2.173349955055227269e+02
-2.928195562492464887e+02
-4.520800328705198545e+00
-1.314589046796000389e+02
-1.683810412185666223e+02
-1.151164046248350132e+02
-1.168771584201282394e+02
-2.792606036260837072e+02
-3.124817311487294091e+02
-1.976243605177992890e+02
-1.896515315647415036e+02
-3.286943612562545241e+02
-3.191753866654182161e+02
-1.364874480583839045e+02
2.368189953630048450e+01
2.472196923364823817e+01
-7.706172622882577627e+01
-2.262548468282886347e+02
-1.169983722666487012e+02
-1.217671978468127065e+02
-1.889336686302224280e+02
-2.175437181581040988e+02
-1.001062759149690180e+02
-3.676598817378081208e+02
-7.151393573721705366e+01
-8.790263711816182024e+01
1.951252758538647214e+01
-1.605898872385330947e+02
-2.595452953744055549e+02
-6.549756840109249367e+01
-2.787678182276229109e+02
-2.923727552682578334e+00
4.122231013125130517e+00
-3.276104196476438801e+00
-2.181505138198549503e+02
-1.930886826907975546e+02
-2.254968655878548702e+02
-3.193213843819762587e+02
-2.113516831557404601e+02
-2.174467747071887231e+02
-2.270757333601733592e+02
3.751075072336795380e+00
-1.580926423839391077e+02
-1.692829565766856206e+02
-1.661179437063909461e+02
-2.316430549789104703e+02
-4.318052910749425877e+00
-3.729162036671279168e+01
-1.772350058991279980e+02
-3.034775247151139297e+02
-3.607158042902535726e+02
-8.315219687812921734e+01
-2.374290698837957052e+02
-2.782692081723774891e+02
-1.495658446273967002e+02
-1.828106536606496775e+02
-3.049528025545414494e+02
-4.817943355620225532e+01
-2.149120869993018914e+02
-6.772022374292637892e+01
-2.549304677411590490e+02
-1.126950636665493022e+02
-1.214822557316350782e+02
4.525658565224219387e+00
-1.035182242171653684e+02
-2.347188266641950349e+02
-1.896417883758530252e+02
5.955933493724870686e+00
-5.852602282410711609e+01
-3.200535157288173593e+01
-1.578031744912611885e+02
-1.161994188122627349e+02
-9.938469403781948586e+01
-6.498047646888862516e+01
-4.076627919391418686e+02
-2.897540656236101313e+02
-9.316692970733555512e+01
7.775248228544180051e+01
-1.906536766965041352e+02
-2.529912413381588578e+02
-1.871516058799281268e+02
-4.418502615763935637e+01
-1.472203764563486743e+02
-2.374170565814193594e+02
-9.051281958866454147e+00
6.213138145327133088e+01
-1.878672270083596914e+02
-9.223277664968001943e+01
-1.920872704036650589e+02
-5.100090752155844598e+01
-1.378405814569071595e+02
-2.138719235581803844e+02
-1.588083432047896508e+02
-1.924556877830353301e+02
-9.002440080436863923e+01
-2.393910158853907717e+02
-2.495896541373582522e+02
-2.265776652548266838e+02
-5.592521926306327629e+01
-2.331923186052786150e+02
-2.263569499396402875e+02
-1.133906947086233714e+02
3.198909098928845651e+01
-1.650252008806691038e+02
-7.871550386611190220e+01
-1.524953220655308428e+02
-2.275172603969061527e+02
-2.388297704529394139e+02
-2.515968480454612859e+02
-2.290890547559372408e+02
-3.361059983586436317e+01
-8.501711299810189360e+01
-1.930548779406482254e+02
-1.085263423251000887e+02
-2.008883663044555590e+02
-8.119379191838463328e+01
-2.469205067870458947e+01
-1.742972238232692916e+02
-1.954130629017093952e+02
2.811651207430850974e+01
-2.739869520117798629e+02
-1.731777748812127129e+02
-1.700519575085014026e+02
-1.098155919410313288e+02
-1.718192670884906192e+02
-2.858923550912684277e+02
-2.611908969051609120e+01
-1.006296887861585816e+02
-1.259335141781879770e+02
-2.350880665474693387e+02
-3.409967493574467312e+02
-1.390282464956554236e+02
-1.975986638396576041e+02
1.942037526235301925e+01
1.564179893676351263e+01
-9.547380385816434512e+01
-9.829949870470855444e+01
-2.300366400043794215e+02
-9.238250202312970316e+01
-1.465724663405420642e+02
-2.236755512880785091e+02
-1.964558813876667216e+02
-8.323657285174124354e+01
-2.269024178445167763e+02
2.936221674284087158e+01
-2.248009445271052016e+02
-2.217603239390462591e+02
-2.496818403453526400e+02
3.745716454532120210e+00
-2.398571328428447487e+02
-1.428191320528931954e+02
1.775733600876350238e-03
-1.659902684523074186e+02
-1.399863475737434442e+02
-1.240457161940811801e+02
3.715290162532757989e+01
-2.060939304374210792e+02
-2.669855518100059726e+02
-2.686605864447611225e+02
2.006688936847552895e+00
-3.325800804008398472e+02
-3.506374132789174780e+01
6.682862796821865459e+00
-5.238419826985843031e+01
-5.135178949946170945e+01
-3.240872059218430650e+02
-1.693814991827460119e+02
-2.159236028982959965e+00
-2.637611795055366883e+02
-9.579104754229149421e+01
-1.617431673827343843e+02
-2.249600641032452017e+02
-8.151214472511958320e+01
-2.768380824932430642e+02
-2.222600198042930231e+02
7.651122451613701969e+00
-1.704570541772071124e+01
-6.029767527996325782e+01
-5.347192527701852782e+01
-7.414446406208737983e+01
-2.869229648061033231e+02
-1.077386741547683471e+02
-2.403178264853409019e+02
-1.624584535222293766e+02
-2.197714471667429734e+02
-6.105450467092737199e+00
-1.076467329372904658e+01
-1.826644919324342311e+02
-2.044819906683079580e+02
-1.240246891568827579e+02
-1.439377913928889825e+02
-2.428332053454325319e+02
-1.822076182559985398e+02
-1.702061091555072210e+02
-8.827318191975768968e+01
-1.543795997174894410e+02
-1.373252739404023544e+02
-2.287058373723795626e+02
-2.220748702231600760e+02
-2.076103635852851994e+02
-7.792633351572531808e+01
-2.023665100149152067e+02
-2.129963543233836845e+02
-1.805527181506536749e+02
-1.864180127200931452e+02
-1.081877196520815545e+02
-1.142015676000220878e+02
-2.491980784943127958e+02
-1.013243826229761311e+02
-3.986799463418744836e+02
-3.416831656298599285e+01
-2.271509450035376858e+02
-7.820248682556820086e+01
-1.019942765817831685e+02
-1.237818288180212960e+02
-2.421041075410811914e+02
-5.386028643755446410e+01
-4.518410175417240282e+01
-2.118314316617842223e+02
-3.195216460146692725e+02
-1.950556812079700535e+02
-2.537657944508890182e+02
-4.214680097280293580e+01
-4.346906442687215133e+01
-1.166085682649153625e+02
-4.509799489509332915e+01
-2.268870321319593870e+02
-2.075561352739204040e+02
-2.190105717040894433e+02
-2.720691837129468809e+02
-1.342730803437773375e+02
-6.316339219801767513e+01
-2.313448524560618864e+02
-6.869684372750967327e+01
-2.377890024775950906e+02
-3.008817778530018359e+02
-2.395862237785986508e+02
-1.897150878541724524e+02
-2.610084352088838386e+02
-1.891889922979556218e+02
-1.151302952519189375e+02
-1.385288010979409705e+02
-1.450685724546168842e+00
-2.169056817510850976e+02
-2.116995829096842954e+02
-1.389943611787836062e+02
-9.494001406085013173e+01
2.389129228167239916e+01
-1.393608901109000726e+02
3.502928772092682408e+01
-2.291406837561703469e+02
-2.074995178764245338e+02
-2.547121470013468354e+02
-1.462202685104668376e+01
-2.166091457350703990e+02
-5.040307046371597011e+01
-9.102954543383749808e+01
-2.409999961406316871e+01
-3.939426814349842232e+01
-7.779843998224924917e+01
-2.475515939127181930e-02
-6.577670970607478296e+01
-2.103259315189074243e+02
-2.931712301220102859e+02
-6.921398585818297988e+01
-3.088826737592570204e+00
-2.258083308432647982e+02
-2.268299308721115892e+01
6.637691215924946597e+00
-1.317007448811860115e+02
-2.960465022959699155e+01
-3.351776543824214514e+02
-9.574621204992273249e+01
1.792609999128593756e+01
-9.379118388220203428e+01
-1.152551702387389412e+02
3.533622033050122013e+00
-2.792406884119066603e+02
-2.764400978220759271e+02
-4.520916598319792001e+01
1.224193219702649271e+00
-1.843860046054238353e+02
-2.256200985302319850e+02
1.948711016915039806e+01
-1.462326388723769242e+02
-1.870401198213214684e+02
-1.133675588795658484e+01
-2.465680648517237614e+02
-2.608781447917165224e+02
-6.665832243154295611e+01
-2.059013510443945165e+02
-5.101647110661824058e+01
-6.986968440887335419e+01
-5.019447952082720121e+01
-3.160688326958978678e+02
-9.632689656345270635e+01
-2.486055346416704595e+02
-1.945690081039572306e+02
-7.429506079716534828e+01
-2.420596691124820836e+02
-4.105163136707993488e+01
-2.487393824587287270e+02
-3.855647060606472110e+00
-1.442630229432429587e+02
-4.511625327010246167e+01
-8.983260925169926736e+01
-3.975593600790637083e+01
-4.941492124033867128e+01
-1.083951018838233011e+02
6.986204900601154577e+01
-2.635948326585302084e+02
-2.423832190790409982e+02
-2.029716242156100066e+02
-2.003262264400810295e+02
3.311950017983447481e+01
-1.837294415094663691e+01
-2.799978191090414157e+02
-7.001923438070727457e+01
-1.022964135471833060e+02
-2.546168768718680440e+02
-7.839704539015070850e+01
-6.842612280055647034e+01
-1.094268679449952799e+02
-7.363456529196433564e+01
-2.830343411310271904e+02
-1.931690002198530465e+02
-3.123507564967069356e+02
-2.126210967646465519e+02
-4.723383878544960623e+01
4.514142046187808432e+01
-5.767879565944986098e+01
-1.122973687805724126e+02
-2.525138710273727725e+02
-1.105721593968447110e+02
-2.467991607431246592e+01
-4.861070276313523664e+01
-2.590844274190814076e+02
1.655065879508217108e+01
-1.405400659481522894e+02
-2.613550406163082016e+02
-1.129575191851224076e+02
-1.492661987628473241e+01
-1.393258782279152683e+02
3.881973611063457508e+00
-1.590698200216497753e+02
-3.985024057054666002e+01
-2.837617851278785679e+02
-1.836070012464647618e+02
-6.321351665097552797e+01
-4.369420672298477371e+01
-4.930874664698777110e+01
-2.404529976687024373e+01
-3.743744787683515085e+01
-2.555475047932952748e+02
-4.092674233071532797e+01
-3.178419217642434660e+02
-1.599879435588069043e+01
-3.973660743256507999e+01
-1.040829557624626034e+01
-6.368453985428073594e+01
3.948574411199714973e+00
-1.229088309047803307e+02
-1.099094749216128832e+02
-1.925716426297883572e+02
-2.786432692986891198e+02
-5.268514607760236146e+01
-4.486951495747165097e+01
-2.815507326217820037e+02
-8.369713344547558620e+01
-6.460486059154017369e+01
-1.062253469106145900e+02
-2.146094034325987252e+02
-6.818487279471474949e+01
-2.954256790846769718e+02
-2.111892101347173423e+01
-1.166062822162156039e+02
1.876353494354483331e+01
-2.778378768603046183e+02
-2.404839549027196028e+02
-4.377417177474860921e+01
4.416118563015660214e+01
-2.196158881721039222e+02
-7.046811351269832358e+01
1.323961932161256527e+01
-2.448447824058200979e+02
-2.634950405869769838e+02
4.378403030005632246e+00
-1.983831488218853565e+02
-4.158044510879410893e+01
-2.161814860905418811e+02
-3.334700425325770823e+01
-6.519781451617684809e+01
-2.448261961270367237e+02
3.800813135111557273e+01
-1.889976186898315405e+02
-1.860811125900891341e+02
8.287218369908700311e+00
-1.237848177234360492e+02
-4.559281657228302720e+01
-7.539295791568011396e+01
2.440796045094822375e+01
-1.223003381164819530e+02
-2.658064393119382203e+02
-2.031103944806461925e+01
-1.156494035501565349e+02
-1.655631387510937600e+02
-7.373755025067202951e+01
-6.259519850523384576e+01
-5.051637112881370228e+01
-2.100645657080044657e+02
-1.242962685242392666e+02
-9.937594594799955416e+01
-7.850085031966730753e+01
-1.561991597502324680e+02
-7.653001853522997067e+01
-1.823442228277545780e+02
-8.950637640725845756e+01
-9.785489989842567127e+01
-2.681841073544784422e+02
-1.241350887100564471e+01
-1.394881070642368570e+01
-1.173457390670091485e+02
-2.077858922488558733e+02
3.188958240433660407e+01
-1.637707042643479554e+02
-1.441607822417329032e+02
-2.842226665603664060e+01
-7.250113921081104706e+01
-2.188809434463704235e+02
1.517590023431405655e+01
-6.292946667454782528e+01
-9.263358996360015851e+01
-2.464963200660318705e+02
-1.874129414372328881e+02
-2.311712824806029687e+01
-1.967297194390064590e+02
-6.229315241000195158e+01
-3.967577211843695295e+01
-2.128062810045800006e+02
-3.190104547312328975e+01
-7.199446638199661663e+01
-9.230078097952808491e+01
-2.563707354866172636e+02
-1.717203502093605039e+02
-3.410703766527834802e+00
-7.745898215944220055e+01
-1.965304300016838397e+02
-5.151050000510289095e+01
-1.284966000968605329e+02
-2.385861403582846663e+01
-2.430377902609586158e+02
-2.391407642370478186e+02
-2.810720015346998935e+02
-7.510387001320326306e+01
-2.565877811778859723e+02
-2.218857702693705676e+02
-1.124263650142052740e+02
-2.286500383876222600e+02
-7.922611617493215874e+01
-2.081866284027775578e+02
-4.618136926866603176e+01
-2.755425516403658435e+02
-7.578105280013915035e+01
-1.645625440396246972e+02
-2.617254281959275204e+02
-1.284675247500354942e+02
-3.015517305032265085e+02
-2.294532290474960234e+01
-2.850076469395121137e+01
-1.870461527586756461e+02
-3.035502263557227707e+02
-7.751720402880687288e+01
-1.922472645388711543e+00
-2.483766482609145783e+02
-3.072529732957954138e+02
-5.690968493081701496e+01
-2.096699463832575816e+02
-4.861499631470646676e+01
-1.379985971068477397e+02
-1.999791744025638138e+02
-1.535362530713992726e+02
-3.258493147021006280e+02
1.195242239941635809e+01
-9.372125525340041463e+01
-1.161325540645358103e+02
-1.375196400983722640e+02
-2.405478004113870725e+02
-1.556657475630613590e+02
-8.079359032740300961e+01
-2.920207701983727588e+01
-2.294734827971333289e+02
-2.062275099905730826e+02
-1.205609822909977851e+02
-1.336690947921264296e+02
-2.163864860365362688e+02
-2.100364691236048316e+02
-1.161984990989539881e+02
-2.364277516624366626e+02
-6.343383961714461350e+01
-9.688385431915765622e+00
-2.187977823775868558e+02
5.440614007705504207e+01
-1.181061826053220898e+02
-2.247123780053626660e+02
-1.446730286506516450e+02
-1.836440089455908833e+02
1.806107687601837597e+00
-1.377365907337081978e+02
-2.726939251682520080e+02
-3.812696990223835769e+01
-1.212940203275941542e+02
-3.267206071850639546e+02
-1.122599094766224681e+02
-2.820194219688841031e+02
1.767283484963276408e+01
-4.895732047589847014e+01
-2.562675747452872201e+02
-5.948389394762966020e+01
-2.126217044478128173e+02
-2.368374121615537433e+02
-1.488718566209074368e+02
-2.037901586943694099e+02
-1.696232807058662502e+02
-1.588933319042491803e+02
-2.513054984707235633e+02
-2.327063294245833163e+02
-7.694449695090803232e+01
-1.753759442035997154e+02
-1.047942488870751845e+02
-7.344676952208193654e+01
-2.431226375734827059e+02
-1.705032825638822089e+02
-4.365018122545012602e+01
-2.642822875754985716e+02
-5.974001165899706223e+01
-2.146696463105813564e+02
-1.184926484379153599e+01
-2.727381864143544021e+01
-6.507534035891669078e+01
-1.366396696817583631e+02
-2.081857798378277380e+02
-9.598355745097072145e+01
4.050472286684032497e+01
-1.937818313216274078e+02
-6.357424209481163047e+01
-1.770187769525997794e+02
-6.061765602469211700e+01
-1.722606024756518650e+01
-3.100056966798815949e+01
1.060887426686541346e+01
-7.713758921932512180e+01
-1.631687787154423290e+02
-2.547318808513745410e+02
2.653481436284922879e+01
-1.101732500456569568e+02
-2.232876215633437766e+02
-6.546655015169235980e+01
-8.879169340521507081e+01
-2.476267934599248974e+02
-1.653763252440708129e+02
-7.442710537469639576e+01
1.892335307956207657e+01
-1.736233980573204860e+02
-2.080194373706854378e+02
-2.478855020571140244e+02
-7.885011659194753975e+01
-5.959544859622874391e+00
-6.005044832024947254e+01
-1.089792617081680106e+02
-1.047578087755668861e+02
-2.217652311425648293e+02
-2.509320562499256368e+02
-2.273735155080289019e+02
-3.228221896285383536e+02
-8.393563748923322976e+01
-3.495983562170195569e+00
-1.667612807941914355e+02
-1.861076185788674309e+02
-1.298804119430355968e+02
-5.053986013226488438e+01
-2.925720548672884433e+02
-2.377678849377610106e+02
9.725089184080445648e+00
1.102549838168607721e+01
-1.270890247441792553e+02
-2.671894592222414531e+02
-2.672246459145897006e+02
-2.207874553875498123e+02
-5.885951243772549191e+01
-1.125749399566860518e+02
-3.477794220975142991e+01
-2.791529821217042127e+02
-2.172310877808156988e+02
-3.439742699808940074e+02
-2.512123737464781357e+02
-3.063570891280328397e+02
-4.530615177047525322e+01
-7.151396103085646416e+01
-2.068188029635060161e+02
-2.180101287940210568e+02
-2.083157902055557713e+02
-1.885076192275328708e+02
-2.287177721457833002e+02
-2.435694583748433786e+02
-1.228614166504755758e+02
-2.496593207217034944e+02
-2.755063390774172376e+02
-5.214702553991855893e+01
-2.575229813323678627e+02
-7.295164844646618008e+01
-6.810828433142337701e+01
-7.729780898200682770e+01
-2.351678059179871809e+02
-8.330102121490249090e+01
-1.167896892427159798e+02
-5.075521568593225652e+01
-8.525954855850881131e+01
-3.807704164713086215e+01
-2.851500122974282476e+02
-2.211240157870739154e+02
-2.180761466025871869e+02
-2.318411060033496085e+01
-6.528495985862224416e+01
-1.564584039352918694e+02
-3.433171423657056209e+01
-9.172632854323477147e+01
-1.992321310154493119e+01
-1.997907761871978778e+02
-2.720557797644942752e+02
-2.682363757616064959e+02
-1.721935989347608142e+02
-5.296729465054291097e+01
-1.924293143848327645e+02
-2.216087914993527761e+02
-2.395401448512400009e+02
-1.984523686329205816e+02
-1.469978540808440926e+02
-2.383082475506263336e+02
-3.384294392650792105e+01
-6.424757465066709017e+01
-2.285048673169129643e+02
-3.451295296009345748e+01
-5.381481733925762967e+01
-2.758550810126577630e+02
-3.731290465734840467e+01
2.278488128718163708e+01
-1.475962727180297520e+02
-6.662421834821083166e+01
-1.456045778224322476e+02
-2.020432308852886649e+02
-2.288294648831407017e+02
-6.233533235591593780e+01
-2.649251375432972964e+02
-1.489882316568797762e+02
-1.740811137214724340e+02
-8.509496217803041418e+01
-4.516077528434637145e+01
-2.742680762261319387e+02
-4.719860063830779495e+01
-2.636087648243298531e+01
-1.393256786291080118e+01
-2.141225128714702635e+02
-2.209268592883668703e+02
-2.685345356478510439e+02
-3.405385334620450521e+01
-9.857621836855838637e+01
-2.631128699186754147e+02
-4.687421070667816991e+01
-2.942294696798420617e+01
-3.594543865620968859e+01
-4.423534725472754303e+01
-2.000124717047827971e+02
-1.312437346956706392e+02
-2.186284932580468308e+02
-3.930068616993572306e+01
-1.706480390265991218e+02
-7.684500966188608118e+01
-2.691533520143518672e+02
-5.361095245653067565e+01
-1.839878848144101084e+02
-3.119689121054320822e+02
-2.044317447491345092e+02
-5.706880815197040135e+01
-1.027349812888004266e+02
-1.931290336684884323e+02
5.541568107355869799e-01
-1.329601416979750752e+02
-2.852291119588885522e+02
-2.181070587099893601e+02
-2.269499916225633456e+02
3.040452920087872712e+00
-4.589145469881514572e+01
-1.722428899098194961e+02
-8.912964411680783883e+01
-4.518634916910652066e+01
-7.675999224583408420e+01
-9.345726324396238738e+01
-1.153262751802598132e+02
-1.721481147242277530e+02
1.083606258912013010e+00
4.263306905742226149e+00
2.746006470168098446e+01
-3.908430777552688085e+01
-9.752138727195075774e+01
-8.252838492953392802e+01
-1.575285187252960384e+02
-6.001196578459115472e+01
-7.665705676270704316e+01
-4.826856029019991468e+01
-2.543873785304085970e+02
-4.631280397610039046e+01
-2.439875900423336361e+02
-2.628338356212806275e+02
-2.656173022136013060e+02
-4.481148084306070700e+01
-6.450768627978358438e+01
6.582289603685779866e+00
-1.781655093251040398e+02
-2.813166507861051855e+02
-2.202795001028234481e+02
-2.635981944989111980e+02
-1.021028796618962531e+02
7.148115354079704886e+00
-1.764949707565025676e+02
-3.230404067351441881e+02
-1.780528595644733798e+02
-5.649041187871311820e+01
-3.425611728585882076e+01
-4.172417366128110672e+01
-2.230038449335991686e+02
-2.149526002012170522e+02
-2.531841904626941187e+02
-7.345235194425890768e+01
-2.695872532172222691e+02
-2.021372766031487345e+02
-3.046210612708672443e+02
-7.146900822063066983e+01
-1.771830243519281112e+02
-2.605591275405786291e+02
-2.349459779360211655e+02
-2.008831685095790078e+02
-1.554320215426280072e+02
-1.630747781591992052e+01
-1.991081000726169350e+02
-2.136690604313940867e+02
-2.167103947981659076e+02
-1.919672211150469820e+02
-2.505518884026329118e+01
-2.841940215643422789e+02
-9.330450858189882624e+00
-1.223733039844169497e+02
-1.517241737380033442e+02
9.472055955592935561e+00
-1.510644787529375321e+01
-2.074366956918457561e+02
-2.556189500345023191e+02
-2.123770338926991599e+02
-6.876548874831607350e+01
-2.679585697000057962e+02
-1.950076000658250450e+02
-1.632041217486468554e+02
-4.617703958460853642e+01
-2.681369133356556063e+02
7.799316944714591138e+00
-2.387820108751105863e+02
-1.736589318629592071e+01
-9.781666175323286438e+01
-2.426513503751035614e+02
-2.121109092507682590e+02
-2.400934239715157332e+02
-8.181549079106244449e+01
-2.340771372734162696e+02
-2.315083150558106411e+02
-2.073973063571403657e+02
-3.410744886804765486e+01
4.813031244441731360e+00
-2.061275357771791619e+02
2.007090995396358934e+01
-1.483313267704883174e+02
-2.087944014036696672e+02
-1.827718749790211206e+01
-1.971131656584018401e+02
-1.643691795171799299e+02
-2.566084445356008246e+02
-8.409546191201404497e+01
-1.805679856095383968e+02
-9.314437414400785542e+01
-2.133750041866452420e+02
3.368318233758633795e+01
-8.358665628939638736e+01
-7.756681712422094677e+01
-6.700445486022151442e+01
-1.964729891561473210e+02
-4.305925292406209337e+01
-1.849754815321803108e+02
-7.157248800186886228e+01
-2.631155468412139840e+02
1.727839324227124829e+00
-2.121604266332108182e+02
-2.219658857484439523e+02
-3.045571632741428516e+02
-5.223955606058953549e+01
-2.321768310755921618e+02
-5.582942412811792110e+01
-2.764961005119752144e+02
-6.365569923668233798e+01
-1.996542962828592351e+02
-1.940683499547162398e+02
-2.334474762332435489e+02
-1.096090390604121865e+02
-1.958867622340323180e+02
-2.321060408788139000e+02
-1.327219348596056534e+02
-2.416540672518679855e+01
-7.541786294062134743e+01
-8.761600630044617333e+01
-2.231648069641148595e+02
-3.368579384169363067e+01
-2.093960858757043866e+02
-6.585706879846057404e+01
-4.180442304197109138e+01
-9.230026704455133313e+01
-2.278053632088868312e+02
-4.856664454534619324e+01
-1.528869616022462594e+02
-1.946377537145301346e+02
-4.210222673130786575e+01
-1.797867993320119524e+02
-5.564326464955498608e+01
-7.375517998006431242e+01
-1.954361986581395172e+02
-6.075373868753256090e+01
-1.747626117968541735e+02
-2.553658377122067122e+02
-2.019658157007813202e+02
-2.996627355786504268e+02
-2.111735615503208976e+02
-2.014487744582073958e+02
-1.008187062791810149e+02
-5.615132991654003547e+01
-2.076824566079878309e+02
-1.839012286195591344e+02
-8.637261064373389274e+01
-4.311336478691550234e+00
-2.208916640105761076e+02
-2.097199733544586024e+02
-4.518355107278220828e+01
2.821870225889762196e+01
-7.832666234166845243e+01
-2.742443932755566038e+02
-2.167622316650614422e+01
-7.633294728894210834e+01
-9.388430439398888439e+01
-4.473687514313276381e+00
-1.242439519137752768e+01
-2.053320072875698941e+02
-3.820988015836192631e+00
-3.047147130660542302e+01
1.888216052688500213e+01
1.964420798197631868e+01
-2.862186582114115652e+01
-1.540978470179915121e+02
-1.641250672460254236e+02
-1.674689411974912332e+02
-5.140293269552699940e+00
-2.553592241181433735e+02
-1.602795533359597755e+02
-2.411053401495709920e+02
-1.781652078491054567e+02
-2.473109076932216226e+02
-1.570422391272171865e+02
-4.277100656521116662e+01
-2.219099021056881611e+02
-1.192735619910638150e+02
-2.510466308061161840e+02
-2.538735466163630576e+02
1.354512633768688445e+01
-4.242042080455739494e+01
-1.841940192910546443e+02
-1.088162801846711716e+02
-2.178001068765684636e+02
-2.381027575831245997e+02
-9.671984406961001923e+01
-3.491249405563038977e+01
-2.104160969131778529e+02
-1.144037894962730206e+01
-1.265868757127111479e+02
-1.486836511752346723e+02
-2.504852957295588567e+02
-2.827453187303549385e+02
-6.841697071019639509e+01
-2.302016721355778373e+02
-2.064817552353798078e+02
-7.052397398346538182e+01
-1.933688931327724845e+02
-4.232293294843645981e+01
4.236154643893019056e+01
-4.810974419790076340e+00
-2.350500713443814789e+02
-3.860185946002585666e+01
-1.569912321985073618e+02
-3.629284001759162948e+01
-2.410779636060453015e+02
-3.052936029715367283e+01
1.824324301167044382e+01
-3.097109751024307656e+01
4.328170544539062803e-01
-1.651789182254553623e+02
-7.969992203726593516e+01
-1.938163860730861359e+02
-6.250932169402784666e+01
-2.083188359755544070e+02
-1.622975338403726084e+02
-2.207773146540478137e+02
-3.171112101650445680e+01
-1.989344038280864027e+02
-2.158052447549856652e+02
-2.310828643128586464e+02
-1.831982214673611509e+01
-1.899474055778650836e+02
-2.261100330904105817e+02
-1.910864324724240646e+02
-1.809792644723916055e+02
-2.366333664965186756e+02
-2.157199426475463611e+02
-2.296901935394425607e+02
-3.506273450918931189e+01
-2.001404715320884975e+02
-4.539128168548965903e+01
-2.880666264402236720e+01
2.220125084585037456e+01
-1.115856260661252009e+02
-2.224290628772919547e+02
-2.186540356458364442e+01
-6.285661715250701320e+01
9.032480031789217989e+00
-1.454921186857401416e+01
-2.385167180708957346e+02
-2.138034886394364094e+02
-7.116043741746022988e+01
-1.088008367709725377e+02
-6.949378891783858592e+01
-7.744250421934850692e-02
1.915398447707303831e+00
-2.711999846141625312e+02
-9.049931260397201527e+01
-2.675021491146737844e+02
-1.748486974721410547e+02
-3.207904277924481562e+01
-8.592204192248264860e+01
-6.510874641628412007e+01
-3.767984965280862752e+01
-1.643098908396426054e+02
-1.661468063875203711e+02
1.500986997675129686e+01
-8.627441962764170569e+01
-3.185246428977791311e+01
-2.143867036623927618e+02
-1.857148944580787315e+02
-2.068971964808655457e+02
-1.248016580111463725e+02
1.463288809031129389e+01
-2.310952165892931021e+01
8.400685933227836077e-01
-2.141208811118629853e+02
-2.596455649590922121e+02
-1.707232195594399400e+02
1.806097546296314249e+00
-2.212083053531377175e+01
-6.686734753996024949e+01
-2.053829527907876979e+02
-2.138819886167516415e+02
-2.458982846487724885e+02
3.907408133438246978e+01
4.879265767956644595e+01
2.339522788310059553e+01
-1.973773263267306106e+02
-2.739244916800707870e+02
-6.905891301563403317e+01
-3.221313607183031991e+01
-1.821695284493094107e+02
-2.236026292628631325e+02
-1.984079418277968898e+02
-1.383742546327698619e+02
-2.201643748842768673e+02
-2.412754806929323479e+02
-2.267692861119258509e+02
-3.940002364610923280e+01
-2.205351442981693992e+02
-4.948161354472134121e+00
-1.311617534955039730e+02
-1.189689286139615660e+02
-1.379539955131664897e+02
-1.987537318188988422e+02
-1.942969833516099243e+02
-2.515573984949867281e+00
-9.932704027202072439e+01
8.012152384761445489e+01
-2.486263077003463025e+02
-3.001666371195972260e+02
-2.483499451019613389e+02
-2.933592164917250784e+02
-4.217022847584891565e+01
-2.010861741645219922e+02
-2.184316391290611250e+02
-5.503604403671856460e+01
-2.989601109360115174e+02
-1.106969703361455970e+02
-4.728753348336925910e+01
1.608408153865342172e+01
-1.412776719369869056e+02
-1.970585090062196798e+02
-2.328454317794659687e+02
-1.856861418138399245e+01
-2.645733055828998204e+02
-2.070621472276839654e+02
-1.550353496756202389e+02
-9.899336883467785242e+01
-6.570180995536529167e+01
-1.021875457810806864e+02
-4.387618970079656577e+01
-4.089319790510491259e+01
-1.934165496647619307e+02
-1.731483132959714055e+01
-2.033183095096438251e+02
-2.178978701974787384e+02
-2.051040157021805612e+02
-2.224810082078607536e+02
-2.542007939577609932e+01
-9.849128415619948385e+01
-5.160192976292564992e+01
-3.234158571660931614e+01
-1.881469279968644059e+02
-2.508295274959753272e+02
-1.083369997613997668e+02
-1.031143746647206569e+02
-1.892845245261597142e+00
-1.814638581452571202e+02
-7.858945180008277021e+01
-8.832067152850568448e+01
-4.996381748739150908e+01
-5.070402916756171408e+01
-5.242568447450013736e+01
-1.681449932437178418e+01
-8.360633089777311966e+01
-2.174797408683318167e+02
-1.562526434151575927e+02
-1.216922374279446046e+02
-1.264159441233871917e+02
-2.071650326307782564e+02
-1.283341689322602122e+02
-1.308417751273801173e+02
-1.587351592834522762e+01
-2.329788343916356723e+02
-2.632407141103448680e+02
-2.817968158888360364e+01
-1.855567936389615511e+02
-7.357410615147104238e+01
-5.284070276998799898e+01
6.410259126406515406e+00
6.101619671687405599e+00
-2.254146964523947076e+02
-1.571086757718211970e+02
-2.083222558052842714e+02
-2.092030543326553698e+02
-1.673079369411234438e+02
-9.040833701979340731e+01
-3.886968816379302893e+01
-6.155211799296063546e+00
-1.904403327905302490e+02
-2.476395983879300289e+01
-9.414947359082076161e+01
-9.373452915475078839e+01
-6.339233614805814909e+01
-2.780955138183172437e+01
-5.491223534188804933e+01
-2.257609787063490216e+02
-1.361996060384537266e+01
3.233436235459474517e+01
-8.405581065845490230e+01
-2.357922337301173457e+02
5.860312290394197987e+01
-1.761209735257448585e+02
-2.154155136844775029e+02
2.200349859011593168e+01
-1.580973216697552743e+02
-4.236341120223718804e+01
2.716104989629012323e+01
-6.571649646278876844e+01
-2.156524261421696451e+02
-2.346718874136254271e+02
-2.209267145589637948e+02
-1.872268097896099448e+02
8.828807315104587161e+00
-7.200708399633201395e+01
-2.128673765986363833e+02
-1.475031736563122422e+02
-2.023903198324568677e+02
-9.732627909133224620e+00
-3.442492660423034323e+01
-2.878999553510526539e+02
-1.087652624673604578e+02
-3.236810512791112160e+01
-2.441228958037344796e+02
-1.822238457632198561e+02
-1.844010189802764899e+02
-1.800683701281616322e+02
-2.158879338058948463e+02
-1.766866814014672400e+02
-2.142782306192690953e+02
-9.263601817451215936e+01
-9.812748342514706223e+01
1.418105638653306855e+01
-7.773229483260776362e+01
-2.390433738685023286e+02
-4.165054248177102636e+01
2.655157661575829664e+01
-1.189650724999832931e+01
3.900442177668806210e+01
-2.541853088071685249e+02
-9.391693419951853627e+01
-1.624020856973280047e+02
-1.165401465188331400e+02
1.825091484510966033e+00
-2.733688102869892873e+02
-8.209937642118727297e+01
-1.048729853567671455e+02
-3.441864578383795958e+01
-4.496080895207954953e+00
-9.936749400471644833e+01
-2.012232578844549096e+02
3.001673598556979350e+00
-1.191803284970201133e+02
4.917830147227093818e+01
-7.924575576316224890e+00
-1.945390752452004790e+02
-2.519804531686446580e+02
6.708495153737931105e+01
7.794949323888546644e+01
-1.733685975075704562e+02
1.853819243741640577e+01
-1.870949769663467919e+02
6.184409901348242755e+01
-9.190065272165391264e+00
-3.706581131857014810e+01
-2.359366611702938883e+02
4.757239850052430086e+01
-2.310602923878559523e+01
-2.164566959044652492e+02
-2.278328740510192461e+02
-9.314490565023660906e+01
4.033756914551817374e+01
-2.728958838874308981e+02
-1.710934167710152565e+02
-2.629886787433964628e+02
-8.557673502188600878e+01
-1.816965876238559758e+02
6.238799950523022630e+01
2.950994546226685600e+01
-8.710916024669957380e+01
-1.455122538706722253e+02
6.487641317687737796e+01
-1.768125876803110827e+02
-8.068949558208451833e+00
-2.064359377727419371e+02
-1.266853701668890153e+02
-1.147700447528029599e+01
2.224080885862516865e+01
-2.345402226816006817e+02
-2.299765392099283190e+02
1.499506747492491421e+01
-2.524103433510768753e+02
1.781183089995471747e+01
-3.954649421290015709e+01
-2.593766009705400393e+02
-2.164906804027395708e+02
-5.357668308314168115e+01
-1.939120172819066283e+02
-2.673197169716089547e+02
-2.648770032634919289e+02
4.821258370745737931e-01
4.187553787647770775e+01
-1.643973754121216189e+02
-1.691351039023114708e+02
-4.825062397409861603e+01
-2.478103100478239753e+02
5.606426908241146378e+01
-2.218772620902718700e+02
-2.641665291719811535e+02
2.120916840151191352e+01
7.320032242409646983e+01
-2.512653790230809534e+02
5.310520600171834360e+00
-2.169568151964336948e+02
-2.309402805843130011e+02
-1.042031882930351969e+02
-9.574749946728138639e+01
-8.318650147031886988e+00
-2.949602163732679401e+02
3.860622248686802749e+01
-1.213508087240441853e+02
-4.662946506407322289e+01
-8.537021502284764551e+01
-2.078222092812351320e+02
-2.548003194485541201e+01
-2.029223580293663076e+01
-1.505835424703275294e+02
3.387804366751013418e+01
-5.245132490173228490e+01
-9.077304157802763029e+01
-2.300769264986332416e+02
-1.009044386668129221e+02
-1.368549518560201932e+02
1.709763627818024645e+01
5.809688539869497070e+00
-3.917814794968187186e+01
-1.951091873437709978e+02
-6.978373858609705849e+01
-4.201263024209211494e+01
-9.432335004406649404e+00
-2.573684715687037396e+02
-1.654588308269100310e+02
-2.238601260885157842e+02
6.838450074844720561e+00
-1.044166859419856195e+02
4.964337421153413032e+01
5.562862399413481285e+01
-3.945325725112830639e+01
-2.367103240058524136e+02
-2.478201473595743494e+02
1.880113597464046649e+01
-1.506372214301512145e+02
-7.477766640488903249e+01
-2.664247641007304424e+02
-8.157983991033673021e+01
-4.371046905076678968e+01
-6.333592769102435227e+01
-2.298675434193752949e+02
-1.772165188488146441e+02
-7.581128132762506766e+01
-1.745724211487593891e+01
-1.766675914227835165e+02
-2.503689524128401445e+01
-2.383972983105982735e+02
-2.499728971451979831e+01
-2.506328179042028808e+02
4.757224167181415453e+01
-2.053215300950162145e+02
-2.987375384075502893e+02
-1.932363630042631257e+02
-4.209161892399266414e+00
8.024399878195688984e+01
-2.423255341020765741e+02
-2.316160600039928852e+02
3.177561947114309149e+01
-2.057398600892286140e+02
-1.225719415883552017e+02
-2.696408074957521421e+02
-1.834223185924759889e+02
-8.100165281787026572e+01
-1.934158558581141278e+02
-3.545872462721076772e+02
-1.839513391098536488e+02
-1.806035997276848377e+02
-4.976422215882671196e+01
-1.401759384111908560e+02
-1.106317555710711815e+02
