-1.771157937136707687e+02
-3.648545747225848004e+02
-7.192598658174026127e+01
-2.372565677450995167e+02
-5.320681112403523230e+02
-2.114451165332864377e+02
-3.188998306544229990e+02
-8.407398745513079064e+01
-5.383745297564721568e+02
1.687218622176693827e+01
-2.261967691102533138e+02
-1.024801974873717398e+02
-3.042462682591932435e+02
-1.299780368907094044e+02
-4.005964585085770864e+02
-4.289686210229563130e+02
-1.864366300466512882e+02
-3.012835649229560886e+02
-6.004728474768953106e+00
-1.102498583935089016e+02
-3.172558083525914867e+02
-3.711161514114990041e+02
-3.621041742931328855e+01
-2.167805340496147721e+02
-3.108847019537045071e+02
-3.291315920852281351e+02
-2.823356526378553895e+02
-3.230746315455278932e+02
-3.166493779574209384e+02
-1.238566365297795642e+02
-7.671335196667126866e+01
-1.696624004938423127e+02
-1.731089248420813647e+02
-6.609416065541020657e+01
-4.169907420409480778e+02
-2.871021665054092864e+02
-3.139940689799863094e+02
-1.020343898254855333e+02
-1.059989688991290109e+02
-3.746590824602085377e+02
-2.402018427079108562e+02
-6.514355958447509920e+01
-2.043212976871511160e+02
-3.079512636192329182e+02
-4.520494358483313704e+02
-2.026832573738226415e+02
-3.811122466047109469e+02
-9.982797606088166731e+01
-3.863683731679552693e+02
-2.861317655090803100e+02
-2.901942603886294023e+02
-2.004989668464604051e+02
-4.520019619348853439e+02
-4.072690028047686042e+02
-2.446119616516095050e+02
-9.888227492794197815e+01
-1.536494396634138582e+02
-3.383419060125949613e+02
-3.473242357208910107e+02
-4.840853829468193226e+01
-6.125146747147824300e+01
-1.843679386311038968e+02
-4.603285931117626433e+02
-1.621866869789656675e+02
-9.840417049259603743e+01
-3.979908669176338520e+01
-1.896511143647193762e+02
-4.189562984019323153e+02
-2.337524393602707278e+02
-2.624117296809791924e+02
-1.125913104756633629e+02
-2.371694496110185355e+02
-1.832698781425675350e+02
-3.925067526652097740e+02
-3.284966821365106853e+02
-1.074974333712434031e+02
-3.978010102901921528e+02
-3.787051644867340769e+02
-3.116755157875368241e+02
-1.074850577593391989e+02
-9.808670768686400265e+01
-1.360069425943070200e+02
-2.331014569176911948e+02
-3.251450177731871918e+02
-3.062129535484437497e+02
-7.361744048763513604e+01
-1.189681186597942997e+01
-8.459530284734343297e+01
-4.009415483214730784e+02
-2.799071559933611297e+02
-3.027546550516034927e+02
-1.691130917289396507e+02
-1.711135019048432753e+02
-3.817948903467167270e+02
-1.334188163969020593e+02
-1.684305090646583380e+02
-4.696049214340548872e+01
-7.220379947710273427e+01
-3.450578222293264616e+02
-3.022796931135088130e+02
-3.321798930807835859e+02
-1.628777466929866762e+02
-2.660699214628841673e+02
-3.218616016912770306e+02
-5.295207853540491669e+02
-1.979749475222818660e+02
-2.563081539200013594e+02
-2.100804834734242377e+02
-4.280489808499839910e+02
-4.089958519362000402e+02
-3.384027002912885678e+02
-3.300862135245318427e+02
-4.092238765836201537e+02
-5.525283290147479676e+01
-2.379220315204671863e+02
1.340267693343210453e+01
-4.036100524939431011e+01
-5.320069647504428758e+02
-6.088501767408320120e+01
-2.743314300309640430e+02
-9.293292567926800984e+01
-9.011021490220252872e+01
-4.180371931572764765e+02
-3.642562032731052000e+02
-3.564305369005454054e+02
-2.495965597664901736e+02
-3.031965534956312922e+02
-2.775009036584656883e+02
-2.705049808515368568e+02
-3.024660201418153633e+02
-3.496225484714206004e+02
-8.526068710497928294e+01
-9.346802419012350072e+01
-3.883626327595967496e+02
-1.192712068496429083e+02
-1.508028988410491422e+02
-2.207117236082461318e+02
-1.719640038234410895e+02
-1.661484511707178058e+02
-4.239394489521587275e+02
-3.216169458666329888e+02
-1.920321452653473386e+02
-2.272279550365065006e+02
-3.933322837134315932e+02
-2.647895237553010475e+02
-1.526280956894598830e+02
-6.300925770644798831e+02
-2.085439863811523082e+02
-2.359077088009642296e+02
-3.656398435946396148e+02
-1.307332541885602382e+02
-3.104011676836347533e+02
-4.824971527603884169e+01
-8.811402110528791809e+01
-2.761166868593082881e+02
-2.332634499134748012e+02
-1.757693464545130269e+02
-1.383990863180129054e+02
-4.024025719015833147e+02
-3.011066280092005059e+02
-8.637451179426508929e+01
-2.618554373169625933e+02
-7.502703534057525303e+01
-8.569771705521154104e+01
-3.030025643493594316e+02
-4.331200829889195916e+02
-3.858009324839454166e+02
-2.926608668536076721e+02
-7.529332148263793556e+01
-1.684350354577614723e+02
-3.756669343866260533e+02
-3.365225787901737817e+02
-2.934041844670267665e+02
-3.167070493516589522e+02
-2.294485926107617502e+02
-5.940777312497635876e+01
-4.498253336494691439e+02
-4.047355624008530413e+02
-2.073644655774200203e+02
-3.552812174907541021e+02
-3.030816513561291572e+02
-3.713040952283612341e+02
-3.498044438587533023e+01
-4.529917308269787100e+02
-4.212987199428717418e+02
-1.270539003573597370e+02
-3.469206915883020770e+02
-2.845642583623517794e+02
-6.776216332065800430e+01
-1.578683222905801244e+02
-4.491635921089531962e+02
-1.788780906810108604e+02
-9.352100662813406018e+01
-9.189237566950454550e+01
-2.991840238843055317e+02
-5.095919439194109941e+02
-3.683580502121579912e+02
-4.570110493084719678e+02
-4.450059917468310005e+02
-4.566576010783944071e+02
-3.528822315721768064e+02
-3.200363049023047779e+02
-2.913575706785646844e+02
-6.267976063294431555e+01
-2.291839102634540666e+02
-7.507882991944839546e+01
-3.580971632025887743e+02
-3.358310689091055110e+02
-3.090851220877993910e+02
-2.357046352053959311e+02
-9.178569853855495353e+01
-3.278613230066588358e+02
-4.953910428966665904e+02
-3.935173538952921604e+02
-8.284990479102916083e+01
-6.702562073593811931e+01
-1.814331989385503618e+02
-4.209529439091791119e+02
-2.527002924892537408e+02
-8.263494910060558141e-01
-1.335918396999932156e+02
-2.711396945688436517e+02
-1.343658729834744179e+02
-3.476265962631513275e+02
-3.304620968386969935e+02
-3.820564081496680160e+02
-7.028964034614313050e+01
-2.917985892581304483e+02
-1.129907138748913695e+02
-4.082867218956744182e+02
-1.067168835239663878e+02
-1.762502220691000332e+02
-3.769810059671009981e+02
-1.185882078232617971e+02
-8.424113956542142034e+01
-3.752964202630282671e+02
-5.241250847212428710e+01
-1.025874981936373587e+02
-2.134639382795037932e+02
-3.154620601918276179e+02
-2.429848514156835790e+02
-1.897317372909436699e+02
-9.035766297669702851e+01
-1.281341628813379145e+02
-1.586274086179899427e+02
-1.686223867312865536e+02
-7.177662505122881953e+01
-3.373103048914941837e+00
-2.741146793130128572e+02
-3.775422303409644087e+02
-3.293104672624232307e+02
-2.772493197029992302e+02
-1.008538026580118867e+02
-2.892676462606287942e+02
-4.717488857744823463e+02
-2.036197690668607265e+02
-2.523948556860785857e+02
-9.080550580140733530e+01
-3.968513657073096965e+02
-7.454114686106078125e+01
-3.651252012092689370e+02
-6.534418692646484317e+01
-1.132362278391776584e+02
-1.698537847691044362e+02
-3.477252895385155398e+02
-3.092053199500228402e+02
-1.770414959297262669e+02
-3.132419213159953415e+02
-1.153865989659916664e+02
-3.295739435707234293e+02
-3.273612537036833601e+02
-8.740270551044010006e+01
-4.425171885445247426e+02
-2.731099349974081179e+02
-1.674907367997689676e+02
-3.621192135096882794e+02
-1.329570139024492619e+02
-9.337611625798716375e+01
-2.830177616477492961e+02
-2.378524708060124908e+02
-4.225428793199690745e+02
-3.845950956811666401e+02
-1.640575281975260964e+02
-1.602931065494594236e+02
-2.201333922537891681e+02
-3.547828662634790362e+02
-4.172662954888117071e+01
-1.154725638847897926e+02
-4.990410361185363399e+02
-8.906337590686767669e+01
-4.302594104369703132e+02
-2.806264741635654900e+02
-3.931291961055450201e+02
-1.776671153339370335e+02
-3.222831843146058191e+02
-8.600828403678947609e+01
-3.902051771938905631e+02
-6.663394444790638715e+01
-2.318618052242050283e+02
-3.423067919813071853e+02
-4.761114849336194084e+02
-9.432618969012861498e+01
-7.138911615012781908e+01
-3.301906811473842254e+02
-2.100832123798037969e+02
-1.053165768311280601e+02
-9.779844203899433808e+01
-1.383565207971903988e+02
-2.942725611595526516e+02
-1.202819006134977968e+02
-2.270867564572312176e+02
4.328641495700367159e+00
-2.503624778321605220e+02
-3.405601265301233980e+02
-8.042016161009448183e+01
-2.245775400493631651e+02
-1.432808722554086671e+02
-2.677767663489394749e+02
-1.066830312616626486e+02
-1.959076577858384667e+02
-3.178908192702451174e+01
-1.953548372506725173e+02
-2.035661723885600054e+02
-6.037396436847286907e+01
-1.724730643255159350e+02
-4.936529986454910386e+02
-3.723602145991678753e+02
-5.916280616694617578e+01
-2.359506027817813560e+02
-2.789041440085042609e+02
-7.627843730990332460e+01
-1.180790731784392449e+02
-3.355311242099393212e+02
-8.139786651743096968e+01
-4.290261378740259488e+02
-1.376993052795185406e+02
-8.840754674072647390e+01
-7.240696793924487906e+01
-2.205643365944773109e+02
-3.180491510544009657e+02
-3.341198950637968323e+02
-4.373496513354064064e+02
-2.812910212205460994e+02
-3.209179844693231871e+02
-2.792942854234851211e+02
-7.145395523485431966e+01
-6.221217845212044750e+01
-3.475267696815446357e+02
-3.817444492047966378e+02
-1.560298787327070613e+01
-8.663861645134332434e+01
-2.138120839750515074e+02
-1.097004226712139427e+02
-3.274496099664797271e+02
-2.781799207324822305e+02
-8.694191606258470983e+01
1.211173579343886786e+01
-2.398113415265184472e+02
-1.881515653447725072e+02
-1.004960206564731493e+02
-2.060058684946382641e+02
-3.220422500254090892e+02
-1.558108677856982354e+02
-1.551371055926948088e+02
-3.372647305510847673e+02
-8.912758601960392468e+01
-1.616400305761449374e+02
-1.088251154726914649e+01
-2.252513925838185287e+02
-2.673129033477683834e+02
-1.099185268451043100e+02
-3.416172406158107151e+02
-2.613390043612445766e+02
-1.726565397457813731e+02
-1.178149231434126278e+02
-1.644471219517440659e+02
-2.784296127078663119e+01
-2.719634633243659323e+02
-4.611491308853342161e+02
-4.831766372755222392e+02
-8.675612527994326229e+01
-7.705152958296719135e+01
-3.169877456293349383e+02
-2.552962057744799154e+02
-1.241757876772390716e+02
-2.843207693653271235e+02
-1.002428789426901403e+02
-1.246587795912683703e+02
-1.921088270288665569e+02
-6.132781298099959599e+01
-1.479654963666857839e+02
-1.635960280089124694e+02
-3.607293438883452552e+01
-1.281696740300403690e+02
-6.425313910480645063e+01
-3.992466146097205524e+02
-1.016807714332475285e+02
-8.343036663171643852e+01
-3.445361341855813180e+02
-3.280131488356919363e+02
-2.550496125003619170e+02
-4.719369326405809772e+01
-2.467713679857534714e+02
-3.317622495153926252e+02
-3.363726977063845993e+02
1.119988533989199198e+01
-3.542320897029349567e+02
-1.266583926045058064e+02
-1.014595408608519449e+02
-2.977151289943855090e+02
-1.012514646615169198e+02
-6.865486131375445211e+01
-1.241325237388489313e+02
-3.229630996860773848e+02
-1.773279404270911073e+02
-1.052867563251350447e+02
-3.997169055007610154e+02
-2.307663322603024767e+02
-1.024475598088363881e+02
-2.813209571643052413e+02
-2.034351295376328039e+01
-1.256058885484510483e+02
-2.080479848329903803e+01
1.253233266967551174e+01
-6.723824755740886872e+01
-2.004813975259289691e+02
-2.004463582561745625e+02
-1.382953623652675503e+02
-1.856580555669726209e+02
-3.804433758345932688e+02
-2.918064465678448869e+02
-1.967251831103546351e+02
-4.204645868748210660e+02
-1.331729859876116109e+02
-4.604032703093695318e+02
-4.478216208091284898e+02
-1.410910835315298186e+02
-4.513999804705293286e+02
-9.784332732026172152e+01
-1.939478571817666648e+02
-2.056867092286454124e+02
-3.039360607324143757e+02
-4.269896826161460126e+02
-4.242153279797858545e+02
-1.925076211896023892e+02
-1.707596748002574714e+02
-2.330403376568845033e+02
-1.917325831056191134e+02
-9.319352446820521152e+01
-3.922042939688383285e+02
-3.583747652174308769e+02
-4.160142524226293403e+02
-5.023459546434107210e+02
-4.502443110690056756e+02
-1.697516060530489881e+02
-3.644273388625204575e+02
-2.778980891146779868e+02
-4.799342736468900625e+02
-2.621778096847015149e+02
-4.419572425368058788e+01
-4.193969022490844623e+02
-8.325297269466611283e+01
-2.677264054152243489e+02
-2.160642280762296537e+02
-9.871918310474889324e+01
-2.644881278044103396e+02
-5.665774534093753800e+01
-7.313450047492263195e+01
-1.214545255019742171e+02
-3.213520880968966367e+02
-6.928086869882578469e+01
-1.623048871766361003e+02
-2.531491948118746222e+02
-3.336979374449468310e+02
-2.257639354371247862e+02
-3.624659061537968228e+02
-1.010712037198303506e+02
-2.594127752562005185e+02
-7.562148040338882993e+01
-1.630359428605203789e+02
-1.441413737368481520e+02
-2.679838881594506006e+02
-3.689604105686215121e+02
-3.759712675173357184e+02
-3.451876010690486396e+02
3.084942596354139255e+00
-3.160094170276513523e+02
-3.934817748000715483e+02
-8.282203022587428620e+01
-5.970361011546695096e+01
-3.822709297448204779e+01
-4.687269805902646880e+01
-2.855156427407197270e+02
-3.664599978116969510e+02
-2.572075698465181404e+02
-7.460749288135215807e+01
-4.351592149028730319e+02
-1.581775165370860918e+02
-8.174768166432404826e+01
-3.331695538191339665e+02
-4.763210810941171189e+02
-3.835348860807455935e+02
-5.839339339560568476e+01
-2.667574333741368946e+02
-3.061141383892403383e+02
-9.743894509398523951e+01
-8.547796126157383867e+01
-3.051418118845057279e+02
-4.155282497355300961e+02
-8.075138844221561385e+01
-6.921635691537687762e+02
-9.814309783851889790e+01
-2.421506062797050731e+02
-5.502059961666097934e+02
-3.560931674853337086e+02
-9.938939168608069963e+01
-3.438092856102919654e+02
-3.375894785255218267e+02
-8.802225170610117289e+01
-9.017951921932584014e+01
-1.158398669908794716e+02
-2.609552292519591106e+02
-3.558426526561844412e+02
-7.139711338781204120e+01
-3.421248648340952627e+02
-4.625701129483861251e+01
-6.206415653067949734e+02
-1.103937934865185326e+02
-1.094491897847103274e+02
-1.957005744440510000e+02
-3.270544149194268471e+02
-4.451378849735542076e+01
-3.906130179271797260e+02
-3.630708092657529278e+02
-6.075789708949018575e+01
-2.128931034855981466e+02
-1.253334058728544278e+02
-2.573514053027805630e+02
-3.441415810042706198e+02
-8.969604381134494986e+01
-4.051893193890090288e+02
-2.869520970330216301e+02
-3.332552317390357075e+02
-5.433591607867072781e+01
-2.142055984143239016e+02
-2.327188050053076154e+02
-3.068847429130076989e+02
-5.259511134860147195e+02
-5.286059695265412302e+02
-5.138782275342024377e+02
-1.805040727329686661e+02
-1.563467714193154450e+02
-2.047807764805857857e+02
-3.411873754430171175e+02
-4.225788433864394733e+02
-3.103839888576092108e+02
-2.149687569889282202e+02
-4.279152061692626319e+01
-2.258322200841722065e+02
-9.307217811200739277e+01
-6.912319343156036666e+01
-4.707530323706718036e+02
-2.904894788249679891e+02
-3.490461749811378240e+02
-1.414268130018071474e+02
-2.419163652262885478e+02
-9.748906008103203646e+01
-1.513260430550270996e+02
-4.769677032820158615e+02
-5.036531662916257801e+02
-8.003744564446601828e+01
-4.295797812447328283e+02
-1.813235240761109139e+02
-3.791213912360422000e+01
-4.073336414032083326e+02
-1.807003697434414846e+02
-1.109669237308273324e+02
-1.392868451589882852e+02
-3.859655580385989992e+02
-2.260580584781364450e+02
-1.504451033320710280e+02
-5.125287745867071862e+02
-2.199544343442763363e+02
-3.261156273855123686e+02
-4.718094043475757644e+02
-5.560374754990712063e+02
-2.899874013946579794e+02
-1.499147313718810324e+02
-1.151520604000260448e+02
-4.774077735680255046e+02
-4.463494787083660640e+02
-2.177788396974247007e+02
-4.163522163485027932e+02
-1.019746844189997859e+02
-3.355698557119245606e+02
-6.969142886439331619e+01
-1.999984583822220827e+02
-3.284811655563647719e+02
-2.694720103147230930e+02
-2.642911755822761393e+02
-2.874810172774631667e+01
-8.757727325457129552e+01
-1.336565206033497759e+02
-1.788431197926461778e+02
-3.004404606566883444e+02
-4.515877212037257777e+02
-2.402249327622995168e+02
-1.524150400071878835e+02
-2.589398460433341143e+02
-4.066224412004593205e+02
-3.362779304129412594e+02
-2.573506633583677967e+02
-2.338434230613246996e+02
-1.232699567267538328e+02
-1.503802780674997166e+02
-2.363256746605521812e+02
-3.317266374789307974e+02
-7.025695546388868706e+01
-3.169336740879319336e+02
-2.115319957087149305e+02
-4.434840139707878848e+02
-4.175229732041794364e+02
-3.462760637567229764e+02
-1.909443165390736681e+02
-8.938437767149150659e+01
-9.985185892851319522e+01
-5.871590905670397831e+01
-4.164519849163120284e+02
-1.874306473396804904e+02
-4.178828917415409023e+02
-2.707280540215124347e+02
-2.029241825888471737e+02
-1.050197647270982202e+02
-2.001501253935493878e+02
-6.162328240577586485e+02
-2.227120518356071557e+02
-8.644001525207467296e+01
-1.756147684556691502e+02
-1.920510686130688214e+02
-1.772008565489133503e+02
-1.364514568512836377e+02
-4.930767204938186978e+02
-1.556253043975753485e+02
-9.863401778733873471e+01
-1.625140519598814706e+02
-3.744078002515072967e+02
-2.869432041338827162e+02
-6.549397372318168209e+01
-2.299285171004765402e+02
-3.874608685270989099e+02
-4.728861491044764307e+02
-2.816880171242764845e+02
-4.312102888525011508e+02
-4.981128872382314512e+02
-2.428995788005227894e+02
-1.835268645398697345e+02
-5.040171409575048642e+02
-5.002210468832973334e+01
-3.398502862568769274e+02
-7.337217769794941091e+01
-1.018749583966116603e+02
-1.643467828958403629e+02
-3.609575230875481680e+02
-2.392990477102530633e+02
-4.080450060549909495e+02
-3.376906635665911836e+02
-1.713860097721449449e+02
-2.145650563851968968e+02
-2.207261336468926629e+02
-1.454461741075267582e+02
-2.356719678001119291e+02
-7.104766801112641872e+01
-1.325244478886471029e+02
-3.638491266208123420e+01
-2.906587670489678885e+02
-1.591079990229484338e+02
-4.953603158825916353e+02
-1.073748127375155264e+02
-4.588635824923611608e+02
-2.567740477202905822e+02
-4.858584648948254312e+02
-7.836857991127284606e+01
-9.502766107045593458e+01
-7.731994899702158364e+01
-3.030037765253186990e+02
-3.774969956556989246e+02
-4.690472909482346040e+02
-2.081341444960066553e+02
-1.863389395198804550e+02
-4.986521746792837462e+02
-2.557235754376784200e+02
-2.593816623762006657e+02
-1.951583978733713565e+01
-4.545828418743419093e+02
-3.115953838958931215e+02
6.706461564139507914e+01
-2.525225165455505589e+02
-3.785571361059742799e+02
-3.027489323899189912e+02
-8.308735539887979371e+01
-1.869518474169627780e+02
-9.996617915406787347e+01
-3.015401405162080550e+02
-2.323313822557345247e+02
-4.339945925090888750e+02
-1.130122399834292963e+02
-3.649010540864325094e+02
-2.180840369336060007e+02
-2.866302542061512781e+02
-3.816193181194677777e+02
-7.966066449249009906e+01
-3.754817263947994661e+02
-3.310808018115803861e+02
-1.340169487129687980e+02
-3.078772335901637689e+02
-4.013291829147229919e+02
-5.077817987151925081e+02
-3.215121627511192060e+02
-2.845480000340257902e+02
-3.861890715899899647e+02
-4.676993128324430131e+02
-8.751079664991694074e+01
-2.034924647681427814e+02
-3.143953533033579220e+02
-2.938781803262701828e+02
-2.570595262825043505e+02
-4.823298147902100936e+02
-2.741981037151288092e+02
-1.454030040032373279e+02
-3.403075309555914600e+02
-1.067158339180925282e+02
-1.442779216529840767e+02
-7.918489085441805742e+01
-2.606151992254655170e+02
-2.081333610014863211e+01
-1.230086752033911921e+02
-3.840573767638094296e+02
-8.931947945513978482e+01
-7.267458195977596347e+01
-9.402478915289187000e+01
-3.674570485783759750e+02
-1.245372086867303665e+02
-2.745613068793395541e+02
-8.026324975427094444e+01
-2.196536177215635917e+02
-2.284323827147777024e+02
-2.214966098442130544e+02
-4.290002093110996384e+02
-5.410394280464154235e+02
-7.694793754013777232e+01
-9.354709303310242774e+01
-8.283624899795060514e+01
-4.347245299504050990e+02
-1.517335670335886277e+02
-4.712094190787460093e+02
-2.323227921655965531e+02
-8.649799641745042322e+01
-1.402957386683027607e+02
-1.138779741153696250e+02
-4.213745921867381128e+01
-1.104846119286107182e+02
-6.298924051708463878e+01
-1.656936684781194629e+02
-1.683233868379316789e+01
-1.574579285553580803e+02
-1.945528680639985737e+02
-1.952548068526110114e+01
-3.714694362899606972e+02
-6.116725127703280407e+01
-1.337589320699154882e+02
-1.459258824114497202e+02
-1.104799005064712958e+02
-3.240886356495519749e+02
-1.149437900056655479e+02
-1.866537997179337367e+02
-1.279396062917741119e+02
-2.699193489171441342e+02
-1.574100815417196770e+02
-2.285438436253722898e+02
-1.770178697964212233e+02
-2.538979640099587982e+02
-4.351596815952265729e+02
-2.069393461382771306e+02
-3.715281007868435950e+02
-1.653318727214638102e+02
-1.540454624879462244e+02
-1.093188589678656939e+02
-4.392313155904565178e+02
-1.251260225767302927e+02
-3.776006836487795226e+02
-1.931120817110153212e+02
-9.054879183696897371e+01
-1.587710361422870164e+02
-1.741880143060722901e+02
-1.604009469420953167e+02
-2.373285680805707898e+02
-2.379046635012740580e+02
-4.139396976968516810e+02
-2.375671887495169585e+02
-7.855249732356499237e+01
-2.452051061833855954e+02
-4.234113605506758518e+02
-2.542231913087363750e+02
-2.673276814167850262e+02
-3.916389846703636408e+02
-1.378945278674310657e+02
-2.318745547628928705e+02
-7.301072394107141861e+01
-1.046483955082423023e+02
-1.895659107998907018e+02
-2.058757773451986566e+02
-4.138965292561675255e+02
-2.511948164317635417e+02
-9.864039760580631366e+01
-3.015973393115109502e+02
-1.400209394175251418e+02
-1.612412387673743979e+02
-9.283038731942664867e+01
-4.884052425288496124e+01
-1.778774902080380400e+02
-2.658444314447469878e+02
-3.663389352380722812e+02
-3.837445329696513454e+02
2.593580998314251218e+01
-4.336624900558113609e+02
-2.281010111274920007e+02
-2.467735378240590478e+02
-3.873831603377350916e+02
-6.635118024929292346e+01
-2.774924566403793733e+02
-5.168333237942852065e+02
-1.476840600501533913e+02
-7.875865228906782534e+01
-3.587671470587421823e+02
-1.508824982037023403e+02
-1.417277870158758901e+02
-2.083865519602236986e+02
-2.048964713988410153e+02
-1.281135406016327920e+02
-2.056839609396555488e+02
-2.347434082106099140e+02
-8.808028063230339910e+01
1.312764203942293761e-01
-1.745706145136422265e+02
-1.091169586882341918e+02
-3.731894885571362579e+02
-3.866592772681378278e+02
-1.294064071623972154e+02
-2.110040744918235589e+02
-2.554943322486932971e+02
-1.591221626588921936e+02
-1.321019883270845412e+02
-2.661118114691282699e+02
-2.239443621461294356e+02
-1.484905708877399775e+02
-8.241156419424774526e+01
-3.727519390091191553e+02
-1.213097677959952705e+02
-1.567602958520457719e+02
-3.205259734724212421e+02
-3.313824671143744354e+02
-2.910491812004701160e+02
-5.909352174008914460e+01
-1.795419613471525508e+02
-2.437909119987872941e+02
-3.865318714553551445e+02
-1.733986872035073361e+02
-6.671071899586394238e+01
-3.021909179860572294e+02
-2.781977110262445763e+02
-1.821023951094808240e+02
-2.847260986120048756e+02
-1.923852124182666614e+02
-3.969491402704652501e+02
-2.907403836620311495e+02
-4.472343359647322103e+01
-1.746079386192856191e+02
-7.095016355246229978e+01
-2.642290491316574048e+02
-3.647090538522263614e+00
-4.849806029645202443e+02
-4.345761528809661058e+02
-1.239979559965159410e+02
-1.434049228699226148e+02
-4.745660726592631136e+02
-2.449818289804404685e+02
-1.034869942506358598e+02
-4.351962544003018252e+02
-8.008305097276053175e+01
-2.626751050089940236e+02
-2.040042077655753587e+02
-2.706622802096177907e+02
-2.753561044550165775e+02
-1.734549552029810116e+02
-4.030998058708615304e+02
-2.499831260905649231e+02
-7.105946726258403601e+01
-2.778291169919193635e+02
-4.115730149737452166e+02
-2.740115933751108059e+02
-5.005170394853321625e+01
-3.969926048147661959e+02
-1.328180862676397851e+02
-1.428896057611494825e+02
-2.161203930827686293e+02
-1.372309304926332345e+02
-2.593591073132994325e+02
-3.953890455907963997e+02
-1.558526597304881989e+01
-4.280055498938390315e+02
-1.669490442912997992e+02
-2.381242531775872919e+02
-1.738874276780173034e+01
-9.950137734777868559e+01
-1.779505796238071014e+02
-1.486748722909791240e+02
-2.821652742657065573e+02
-9.590148460272604325e+01
-1.681851481650098208e+02
-1.392011431573630205e+02
-2.029785044458487278e+02
-2.598258667065025520e+02
-2.112373799109218169e+02
-3.805989807142954362e+01
-2.243184766995616144e+02
-4.303786808503191423e+02
-1.668729482195755907e+02
-3.586591592331400307e+02
-1.289918126018085331e+02
-3.537075680577248704e+01
-9.513547668044326144e+01
-1.145209313720420425e+02
-3.232162077225138432e+02
-1.641488868163478401e+02
-3.312449470722876299e+02
-2.931953756355643463e+02
-1.282603791919984531e+02
-3.206383480561214583e+02
-3.897499527917507294e+02
5.502781969985913690e+01
-9.251337675399541638e+01
-1.765173177355345047e+01
-2.643603795331665651e+02
-9.294223146276812031e+01
-7.351269350580544426e+01
-2.500765280471741789e+02
-1.554976867245297854e+02
-3.627916784328900235e+01
-2.714672051280372216e+02
-1.388372533678851823e+02
-3.399330772700463967e+02
6.537891707625419713e+00
-1.441564904921397670e+02
-1.152383505697072508e+01
-2.913728243529858446e+02
-9.383116763806836502e+01
-1.570287859718569621e+02
-9.928614900002264676e+01
-1.707898026579587167e+02
-2.229970897616379375e+02
2.926181130373029760e+01
-1.104772854766992367e+02
-4.519451504549724064e+01
-1.317657799158268972e+02
-1.624143284452880494e+02
-3.029524801602885020e+01
-3.612676526418308072e+02
-2.815293119158328636e+02
-2.346634827167124797e+02
-2.070591107257394015e+02
-6.750726159100130985e+01
-1.736093847591419035e+02
-1.205796614114981651e+02
-2.654529015665808629e+02
-1.413612012711388957e+02
-2.738983796429209860e+02
-4.781014821930711634e+01
-8.534784676952234861e+01
-1.594162751022437305e+02
-9.972910574472284395e+01
-2.426939202810545453e+02
-8.223235414944403487e+01
-1.713955797739224352e+01
-1.902295561469636027e+02
-2.730914356910466267e+02
-3.377071085438487899e+02
-1.116155510303542826e+02
-3.159500881439855391e+01
-6.284188011923635742e+01
-1.533522001443284353e+02
-1.473282599294332158e+02
-3.745172762753777533e+02
-1.301978207479445473e+02
-2.032332979033587890e+02
-5.957873383878525431e+01
-1.262305255398962061e+02
-1.545762007155159949e+02
-1.678120011812942209e+02
-1.898217594450687784e+02
-1.305277222347193913e+02
-2.190255715833970385e+01
-1.631674451471099019e+02
-2.350705368401184785e+02
-3.709251091975101389e+01
-1.382465566663995560e+00
-2.011646538775769955e+02
-2.009044676269989793e+02
-4.002961928415955839e+01
-9.789702373227757448e+01
-2.627209083198771964e+02
-4.415963418337493351e+01
-1.355231700376524486e+02
-1.261283700962666217e+02
-2.021664401273577027e+02
-3.694145098823732098e+01
-8.106987120069985053e+01
-1.399041304974739148e+02
-1.720464385531614084e+02
-1.437610325845762134e+02
-2.128417566680693653e+02
-3.186539148539614530e+02
-9.850457888598208456e+01
-1.795225084221819429e+02
-2.007531799008543771e+02
-6.584665194555967105e+00
-3.599939691861464439e+02
-3.402386403485552364e+02
-2.709427697746724562e+02
-6.761615647493280790e+01
-1.377713001085873543e+02
-1.902714113098492703e+02
-1.993264355023133874e+02
-3.038678050944349138e+02
-3.798139719966582106e+01
-2.447060626339873295e+02
-2.597649986381479721e+02
-1.645672413367061608e+02
-1.339899764762064933e+02
-1.562032663034804614e+02
-1.184852782493892960e+02
-2.673537196827657567e+02
-1.431794489645266140e+02
-2.934077530707091910e+02
-1.220598616179727856e+02
-2.888825062298186594e+02
-1.676363424764211345e+02
-1.610554893254047215e+02
-1.196913183940260410e+02
-1.838429081859238750e+02
-1.681655612530159090e+02
-2.115005086463318094e+02
-3.386372713285263671e+02
-1.518729278570224324e+02
-5.869407936850525687e+01
-1.992435119622269326e+02
-6.180469540140635587e+01
-2.297578046089273869e+02
-1.882569846313295727e+02
-3.556202513518856563e+02
-3.540922576764478436e+02
-3.032516230630442919e+02
-2.138105464779886802e+02
-1.822894958386577002e+02
-2.794474584161705479e+02
-2.694758419671936167e+02
-2.518420482779146710e+02
-1.325034543767280582e+02
-3.069343679628893824e+02
-1.864281772479583879e+02
-2.312131084975046917e+02
-2.681053195146661210e+02
-9.704750170823163558e+01
-1.958617334347326562e+02
-1.125970511064944759e+02
-1.292734795604908982e+02
-2.960771631163609641e+01
-1.041421032534443327e+02
-2.226364567681600022e+02
-1.308773456523676657e+02
-1.537767727913042108e+02
-5.702033421626737919e+01
-1.061855960058290691e+02
-3.270034128630982195e+02
-1.247687871988897683e+02
-1.519185831993173963e+02
-1.927878798126245670e+02
1.458353952911894424e+01
-1.826352523658763971e+02
-1.534810099869976909e+02
-9.424447480721961767e+01
-2.222141849752803751e+02
-3.537666211373157239e+02
-2.222454030353391659e+02
-5.654299165735139354e+01
-5.281111352303039297e+01
-1.938982887401252810e+02
-1.031507257806322855e+02
-2.428596529751059165e+02
-1.997198000630154411e+02
-1.028910832287822359e+02
-1.107997071856295719e+02
-1.367237766299260784e+02
-1.331461316002981903e+02
-1.701099874140187183e+02
-1.625693651166568543e+02
-2.422729926408520953e+02
-1.969893458986211670e+02
-3.260349224686615912e+02
-8.045015013457000919e+01
-2.385643641637632300e+02
-1.165939690181825199e+02
-1.243493070577779491e+02
-1.000544357613796649e+02
-5.693115050707397984e+01
-4.769902268474149309e+01
-1.149411112881058159e+02
-1.298518233668425523e+02
-2.099354206305652895e+02
-1.650123941860810532e+02
-1.812795821333692743e+02
-3.353004565392265590e+01
-3.940923402716766191e+02
-1.727965346703336706e+02
-2.152118211745011820e+02
-6.297673245872898917e+01
-4.422967920297875111e+01
-1.879559582069871340e+02
-2.573235751074848281e+02
-2.939597850074634380e+02
-8.038435053197534330e+01
-2.981008547340039740e+02
-1.180712778654568922e+02
-7.069167445784121639e+01
-2.918017938279368764e+02
-2.843825727607573981e+02
-1.195173479490936188e+02
-1.227369200245859844e+02
-5.912084557920688610e+01
-3.332617591234002816e+02
-5.104301678248863254e+02
-1.718773114543267297e+02
-1.049776336768702976e+02
-1.622174280944783504e+02
-1.212301332951086863e+02
-2.035195922946702467e+02
-9.823517235970038541e+01
-1.516854502141252397e+02
-2.653813686817775306e+02
-2.231256973626993840e+02
-2.929854369234768683e+02
-1.845876828269420571e+02
-5.006742687548431547e+01
-2.954232425864931315e+02
-1.507745192761587987e+02
-1.591158558180051159e+02
-1.716449619262157000e+02
-1.099876181014901420e+02
-1.840513462429925085e+02
-1.727677464314072608e+02
-2.539546623461880586e+02
-8.757579212502599830e+01
-1.994794295926033669e+02
-5.438461272697782789e+01
-1.607267337361552677e+02
-3.182065241343105981e+02
-1.313334593611635910e+02
-2.664586271353661004e+02
-1.128007592019305889e+02
-3.610740411290763632e+02
-1.359998332980267435e+02
-1.475956418444627900e+02
-1.222037170663215306e+02
-5.035874913504528649e+02
-8.061278247943272390e+01
-1.163832973631747620e+02
-1.424928076609147070e+02
-2.231666084526260647e+02
-5.607775886827707268e+01
2.083840061897474882e+01
-1.228426209449170585e+02
-2.254077117520967874e+02
-7.829798166331987375e+01
-7.768747341376327142e+01
-2.150106230497346473e+02
-2.070792929128059257e+02
-3.393868856717596145e+02
-2.289638057395736439e+02
-1.302392089100392241e+02
-9.803909004196162869e+01
-4.365060583409996298e+01
-4.170235338378273582e+01
-8.634222162974901948e+01
-1.798284776020800564e+02
-1.571815302008122899e+02
-3.044028472639937490e+02
-2.870323012749419149e+02
-1.607555229202906730e+02
-2.110877198961406975e+02
-3.568748265413772174e+02
-9.917661321957783116e+01
-2.763291796446658282e+02
-1.544354514398443712e+02
-1.288006688410303298e+02
-2.454025297362533991e+02
-8.605939770935496824e+01
-3.201202029449833617e+02
-9.870597069138119650e+01
-1.024910250985531945e+02
-5.328432195692116693e+02
-1.129203947540347883e+02
-1.380339764559732885e+02
-2.206480032680958914e+02
-2.338007062669589686e+02
-1.130511486289397425e+02
-1.847806815339457671e+02
-2.002118365754266165e+02
-2.872946615485399207e+02
-4.657135820193133213e+02
-1.462063511540263789e+02
-2.466221657454306637e+02
-1.983052577028020096e+02
-1.369521126283452759e+02
-1.474246347864998370e+02
-1.356769135408418947e+02
-1.333855235717550727e+02
-1.820386658369217230e+02
-1.905408922345869769e+02
-1.968127003958121293e+02
-1.788901000028176043e+02
-2.951217294455278761e+02
-1.563060801468287195e+02
-2.442774569910384628e+02
-1.471901841697348345e+02
-1.355325102840274099e+02
-1.548952024063308386e+02
-1.159531423035988240e+02
-1.106608676039944754e+02
-9.697289924951981277e+01
-1.396703200964511495e+02
-4.813677544503419767e+02
-3.066865445795430105e+02
-1.904866567648452929e+02
-2.001274230443065107e+02
-3.914461268610339175e+02
-1.930062669109452145e+02
-2.910102075368906753e+02
-1.682610520326407482e+02
-3.917068516122102437e+02
-1.542800933365695926e+02
-2.652635908828489733e+02
-3.644585745808644219e+02
-1.024203211338390958e+02
-3.458222987546746481e+02
-1.115106760942360609e+02
-2.207492079688794888e+02
-1.663712872757828904e+02
-1.426516893242776405e+02
-1.409200129854311001e+02
-3.081561945711089834e+02
-2.468396036194867804e+02
-1.438066097916541253e+02
-1.842474760145861126e+02
-3.326230293984543778e+02
-2.768433676742389480e+02
-2.576121753927351392e+02
-1.521145630939490161e+02
-3.375574992648473085e+02
-2.222311258858567840e+02
-4.289458698628915840e+02
3.981595731054989074e+01
-2.152070150538443158e+02
-2.489835604522470192e+02
-2.040438579403941901e+02
-4.255083485844997426e+02
-2.151521329746599349e+02
-4.519163708627323786e+02
-4.393326098964130324e+02
-9.463302795329904882e+01
-1.403224665961138271e+02
-1.546880210090953653e+02
-3.946618919403247219e+02
-4.851803396822156174e+02
-1.940285425618468480e+02
-7.490867856542702441e+01
-4.553294832837361810e+02
-2.003433986433953464e+02
-5.802110181239297617e+02
-3.769026915280001617e+02
-1.412271161929539858e+02
-1.705554332512438123e+02
-1.406834531327836544e+02
-1.259096026149529592e+02
-4.931405938160786491e+02
-1.672507887020926773e+02
-5.243169149961788662e+02
-1.542096982188253946e+02
-1.113325193330491061e+02
-1.307397935195781429e+02
-1.602228173442657635e+02
-1.874982510605145762e+02
-2.294105793033278360e+02
-1.760290915341314530e+02
-1.420149539471876778e+02
-1.122327341281812494e+02
-1.231811235978470762e+02
-4.653030596248670463e+02
-1.288691051216431731e+02
-6.744984328771624860e+02
-1.360250067741870339e+02
-4.587304264117921662e+02
-4.200530007803727131e+02
-3.447910781343080089e+02
-4.327306230879591453e+02
-4.323466683930912069e+01
-2.886849602997757529e+02
-1.556510262244681826e+02
-3.871645398371049396e+02
-1.649413340953853719e+02
-3.236485132569125653e+02
-2.711998436413430227e+02
-4.522959867350938907e+02
-5.329970705465048013e+02
-1.953012967646874927e+02
-2.824435115221428987e+02
-1.686076885922998372e+02
-1.513335844371967482e+02
-1.515373636877648664e+02
-3.297791527118699832e+02
-1.331165010423867727e+02
-3.018149863911354487e+02
-1.371143273207405571e+02
-7.364014561279483928e+01
-4.520914209994913904e+02
-3.622580639135446745e+02
-9.834777454332184732e+01
-1.321939412350424448e+02
-5.496343763048697610e+02
-2.366538488654120727e+02
-1.641686205755261199e+02
-3.197038870362216016e+02
-2.313676343202060934e+02
-2.772433706600874643e+02
-1.553227651554034026e+02
-4.186057575188687565e+02
-3.361218765872971517e+02
-6.534581988817648153e+02
-2.352161025837724821e+02
-1.496892489899043426e+02
-5.850870047896464712e+02
-2.391497082429808643e+02
-9.865629734653990113e+01
-1.231612791811667762e+01
-2.257520124447091234e+02
-1.125613199167975687e+01
-5.109525666177978565e+02
-2.798304357435880547e+02
-3.696855600439020009e+02
-2.015430120490779302e+02
-3.605266508567996198e+02
-1.648220590832171979e+02
-2.156893339365245765e+02
-4.840120621492031887e+02
-4.711419111792878311e+02
-1.137586994900441653e+02
-3.263936645798388554e+02
-1.444317314323058667e+02
-3.962775179867800261e+02
-1.953802081321107380e+02
-1.823371997134379114e+02
-2.337264025712347291e+02
-9.531379503743627879e+01
-2.088386699859686928e+02
-7.141469420561716674e+01
-3.990372250006094532e+02
-2.713796033675498620e+02
-3.574666795320376877e+02
-3.704095788486772562e+02
-2.340768580100999259e+02
-2.900404027300943426e+02
-4.867521181863249353e+02
-4.959685269907713518e+02
-1.437852599675412080e+02
-4.494041232281742282e+02
-1.291138942416610291e+02
-2.839877706848575940e+02
-3.660798015215585224e+02
-3.941092213236395310e+02
-3.813919761668335013e+02
1.597212649719288002e+01
-1.208682587998214331e+02
-2.607379830976684048e+02
-1.970293589942794483e+02
-3.521497346785679383e+02
-1.225958115744672483e+02
-2.509544402687546949e+02
-6.858892465749798362e+01
-3.455747664702056454e+02
-2.108768040526305185e+02
-2.575653335559572952e+02
-1.270955113667355505e+02
-3.032969163990859442e+02
-4.668949027068440500e+02
-2.578177543791672406e+02
-3.824114397144492727e+02
-4.863735484105738038e+01
-2.379424895903869981e+02
-2.205139620697379144e+02
-4.291445209944074008e+02
-1.412569080345788564e+02
-2.912678785535220527e+02
-9.115528610978495294e+01
-7.322672638008310741e+01
-4.771488139047633013e+02
-9.205241482966465583e+01
-4.472028885490415746e+02
-5.464519290712019028e+01
-4.915709900238036880e+02
-1.206581189430037568e+02
-2.701045637784680409e+01
-2.107443207560613132e+02
-1.465385772263587683e+02
-9.956761278022305817e+01
-2.260347082518644015e+02
-2.394931486917876100e+02
-2.520978623100702691e+02
-2.764904532004071598e+02
-1.399690836913318321e+02
-1.382447310975867367e+02
-1.107524777803519527e+02
-4.525494213615496619e+02
-1.319631264654791494e+02
-3.442063683312519515e+02
-1.119351915317331674e+02
-3.701648264660689165e+02
-4.007698054267316365e+02
-3.634422793250012660e+02
-2.617777594776332535e+02
-5.115040150641077616e+02
-1.470840739089595388e+02
-3.986641304282421743e+02
-1.111000013911845912e+02
-2.338220018186170819e+02
-5.187357640814783366e+01
-5.124218588571679334e+01
-1.002849347217468932e+02
-3.591674271471624706e+02
-3.808502696248618804e+02
-7.419609042244834995e+01
-3.280323275374345258e+02
-1.129883853035473606e+02
-1.300901687669083913e+02
-3.569411365437145491e+02
-1.839258383988412788e+02
-2.827570603034409942e+02
-5.275536168683447613e+02
-1.419583372187739769e+02
-3.872743439781738743e+02
-1.030510292545699258e+02
-2.036099106154831588e+02
-5.191954537208646343e+02
-2.985363754701996868e+02
-3.356994705348848242e+02
-1.030519308626981143e+02
-9.875998566736674888e+01
-2.144227812109615172e+02
-2.871287254581945945e+02
-1.446379807782080604e+02
-3.612243589131581416e+02
-5.210071466896358743e+02
-1.181513618775732937e+02
-3.118357722251215591e+02
-3.620921950300464118e+02
-1.002890586484905242e+02
-7.152873228025537173e+02
-7.719877693907736216e+01
-4.453553527898986886e+02
-4.109266895261792456e+02
-2.932636019435874459e+02
-3.093379801560085980e+02
-7.273038118981509115e+01
-2.744886025047604790e+02
-5.302980506209328269e+02
-3.648885773406159956e+02
-5.067747312959176043e+02
-3.008809237572161237e+02
-3.594055068034785450e+02
-2.761784456282265410e+02
-5.224275817994473528e+02
-2.584356393153544218e+02
-4.074804714577347795e+02
-4.115131567263269972e+02
-5.253707512957712424e+02
-4.919595367808722699e+02
-3.385444131772737819e+02
-4.203475081095530186e+02
-6.249463693142404281e+02
-3.796571739434185702e+02
-1.217436555677706025e+02
-2.099532604951070880e+02
-3.028059360170601622e+02
-2.717402651750221594e+02
-3.938032839256244415e+02
-2.856678917761473713e+02
-1.919389174157984712e+02
-3.408146212563403878e+02
-6.334150186573424435e+02
-2.661006797058563507e+02
-2.067750266408951347e+02
-4.302792107602386409e+02
-5.746950143242570448e+02
-1.623955808791008621e+02
-3.605905242735476577e+02
-2.118100948912637591e+02
-4.957057293716363802e+02
-1.079735779943524250e+02
-5.091314585132867592e+02
-4.308473136184701389e+02
-4.808963863436987936e+02
-3.862125921601291338e+02
-5.528550084540722764e+02
-4.135645218177399585e+01
-2.943965756539430458e+02
-4.568759393660747605e+02
-3.311236371034331114e+02
-1.420993762283834769e+02
-3.654366976529294107e+02
-1.552629215064388575e+02
-2.799204769917427029e+02
-8.396848140122942539e+01
-2.324076803088324539e+02
-2.476317960001989888e+02
-2.029059081775972402e+02
-6.031074351815316277e+02
-3.680792612597064704e+02
-5.971459867570001734e+02
-2.569479830726926366e+02
-1.192386664716604798e+02
-2.326243081120827298e+02
-5.388750509570904796e+02
-1.304773475482246283e+02
-1.830302123811757156e+02
-3.944272311309092629e+02
-4.422812469934137312e+02
-3.303270912903717544e+02
-4.976247622364246013e+02
-3.453694512423612650e+02
-2.793038437342189582e+02
-1.908055856237055536e+02
-2.698837257219108210e+02
-2.992998169033881481e+02
-2.356134504955256546e+02
-1.028794175816662744e+02
-6.336442845281080594e+01
-1.658841583954366854e+02
-1.337445188615532743e+00
-2.263832178055266695e+02
-3.115490531574716897e+02
-1.306293210313540953e+02
-1.453415742056452302e+02
-3.613730019470282286e+02
-2.510869259574367902e+02
-2.172068925769372356e+02
-1.544129631359558061e+02
-3.460793460333973144e+02
-1.356740942003020223e+02
-1.098894717785601358e+02
-1.028831390240611796e+02
-2.756215478817657640e+02
-2.362073625376484642e+02
-4.325942802389649842e+02
-7.802856706281662014e+01
-3.423217663952290195e+02
-2.801767316190563406e+02
-1.180095089553773136e+02
-3.801688619745666529e+02
-1.001198256816473702e+02
-3.629689464078211927e+02
-1.390180950289574469e+02
-2.184880545066678224e+02
-3.014434613069281568e+02
-2.751531931668280322e+02
-4.429001391365996483e+02
-1.310110945442474417e+02
-9.932931076240458879e+01
-2.243909915820167953e+02
-2.076072511959374935e+02
-2.618448978673655461e+02
-4.710449928463258402e+02
-5.384219582710849750e+01
-2.344087538514322091e+02
-7.014460584526058540e+01
-2.653026563284194594e+02
-3.601110105790659759e+02
-9.029068719609631444e+01
-4.080611925708680019e+02
-2.327248268722942726e+02
-3.299291350126296720e+02
-1.070355576206989667e+02
-3.165706865863308508e+02
-5.875191637572129366e+01
-3.157877245087379947e+02
-1.170433448009815862e+02
-1.679586056655357140e+01
-1.438413820744636098e+02
-2.445081598847213513e+02
-2.389179211941831227e+02
-5.186221301184315280e+01
-3.761360735066741086e+02
-1.316340009665048569e+02
-2.839669407427873011e+02
-4.381542715329057387e+02
-5.249309313032506452e+01
-2.739397495171240848e+02
-3.184742169363336757e+02
-2.960831397080317515e+02
-8.542097354591109593e+01
-3.581975671383685267e+02
-2.199666228821839695e+02
-2.153709620975941448e+02
-2.356066421172174046e+02
-1.834446311780521910e+02
-4.274989920283308038e+02
-1.194352870144368524e+02
-2.265770858729478618e+02
-3.627288920806760188e+02
-2.265400860712365443e+02
-2.873918527746432119e+02
-2.704410940740059459e+02
-4.269484535912811793e+02
-3.687004517370712620e+02
-3.200672132895649611e+02
-2.131060787204667122e+02
-4.178368646063402139e+02
-6.083785173361367526e+01
8.923452954729515341e+01
-2.520836665584367609e+02
-1.540640666012175473e+02
-2.642235126260275706e+02
-2.819436086481750294e+02
-2.964756899260867726e+02
8.105022071603626443e+01
-3.438941452995634052e+01
-1.300353569306561781e+02
-2.126988642262279541e+02
-2.896441465486424818e+02
-1.594571824048817348e+02
-4.267008552049258014e+02
-9.326276444472166816e+01
-3.555627976081589736e+02
-4.308784686530569843e+02
-3.278508578721196045e+02
-1.062866523160106453e+02
-2.578253110079111252e+02
5.449672830689939929e+01
-2.726525104654721758e+02
-1.349476778769322891e+02
-9.081194442385775289e+01
-4.568988751261216521e+02
-4.161210828140027047e+02
-1.686841331567565021e+02
-1.737642738479053151e+02
-3.837821464027530283e+02
-1.684734878265450106e+02
-6.901382638817239012e+00
-3.982071046342595650e+02
-1.845719250574395573e+02
-3.789849104947940646e+02
-4.628323968330892058e+02
-5.032352826983981231e+02
-3.848529368815623570e+02
-2.123445225032418762e+02
-4.717584400089274936e+02
-3.321853427135484367e+02
-1.606570530259475618e+02
-1.784223305859554785e+02
-3.753342429198294212e+02
-4.027103584748995786e+02
-2.422245203126493038e+02
-4.565673761308772782e+01
-3.197757358680398170e+02
-2.299848921940999276e+02
-3.975838914438912184e+02
-1.066382375631077082e+02
-1.564284168469777683e+02
-4.367885525613855862e+02
-4.510266879598714809e+02
-1.259343539008251867e+02
-1.685022089657999800e+02
-2.644914461054695494e+02
-3.312404907261628750e+02
-4.662204120276625758e+02
-2.884343264853602591e+02
-7.892478227109634759e+00
-5.224251387992505897e+02
1.057226922740862847e+02
-5.461033375172874003e+02
-2.722516713779261863e+02
-1.605711055257904150e+02
-1.541068865932316498e+02
8.762171777826281982e+01
-1.235235238182901014e+02
-2.966045824300375671e+02
-2.557031511592678328e+02
-5.579265055498135553e+02
-4.942891833521178455e+02
-3.255290039656429144e+02
-4.633686773764105169e+02
-1.981938056232175711e+02
-2.983214227216102472e+02
-3.821845666558688208e+02
-4.200541719198585042e+02
-4.870723717316391230e+02
-1.370782140036982355e+02
-1.448420920200285877e+02
-3.746318724994852687e+02
-5.489326965328589267e+02
-1.943840601563634038e+02
-1.106883055385823980e+02
-1.426661126466821656e+02
-5.343104037983900980e+02
-2.908275159778949615e+02
-1.573493942287008167e+02
-4.993224879517823638e+02
-4.676177702317700664e+02
-2.816995613075979463e+02
-4.191535612869859051e+02
-1.339054862871077489e+02
-3.330836993444463019e+02
-4.807277495695452671e+02
-3.005650888610183529e+02
-2.257264485324867280e+02
-1.114766408588559159e+02
-3.652618891582107494e+02
-1.872153005010820266e+02
-2.403715059614320069e+02
-1.835276499221216966e+02
-1.001502112696031475e+02
4.099283493492457353e+01
-4.736003019552079536e+02
-1.999576893170560936e+02
-2.379161071181876537e+02
-1.215569991732319863e+02
-1.114906958529194583e+02
-3.769246437854205851e+02
-5.301449241184088805e+02
-3.669147198490157393e+02
-1.991610074075571788e+02
-2.453066414833451176e+02
-2.226441190190961663e+02
-2.878880763886357954e+02
-4.293398385037871208e+02
-5.010160001484665031e+02
-2.857571417362017883e+02
-5.628991871824969166e+02
-3.162745505054044202e+02
-2.753623061534684098e+02
-4.889612625633579910e+02
-1.277012511149409733e+02
-3.491117001961250139e+02
-2.131040193124758844e+02
-2.847801920719903706e+02
-1.236893771469480470e+02
-2.362337604880123649e+02
-2.228855635496832690e+02
-2.977073071643296203e+02
-2.760375782673307867e+02
-5.826315106745860248e+02
-2.416764800530116872e+02
-2.675466348268633965e+02
-4.683662327577475821e+02
-1.692387447142942847e+02
-3.920996700154202586e+02
-3.636014804948359824e+02
-1.557123982494659629e+02
-1.748263495156813576e+02
-1.981476031356468752e+02
-2.887218923306038505e+02
-3.728923133225385413e+02
-3.384163846473276180e+02
-5.873393431798079973e+02
-2.488066274913521454e+02
-3.574686671314805722e+02
-3.172497252088386404e+02
-3.500037880490986595e+02
-8.499237529054470031e+01
-3.135826162811807762e+02
-5.906596366958439148e+02
-5.042314307010946095e+02
-3.170462336395995635e+02
-3.319633507316775649e+02
-2.346699905781263737e+02
-3.285339513156847033e+02
-4.185580163019865836e+02
-4.754082175866895454e+02
-4.860514891268060182e+02
-3.441510460376480864e+02
-4.274102056631093660e+02
-3.377514601341343905e+02
1.962567600182994738e+02
-2.267372146537451272e+02
-3.893061807555289420e+02
-4.971501215051567328e+02
-3.555696395136114916e+02
-2.229296191872197426e+02
-2.301562160226452534e+02
-4.071199570524711930e+02
-1.379780049227671270e+02
-4.338860687882612979e+02
-6.032835040988422861e+02
-5.652796871931314371e+01
-8.209973256820839538e+01
-2.307481232475797981e+02
-3.516204677888283641e+02
-2.651556450115494954e+02
-9.993414164778579334e+01
-4.428732158309465490e+02
-5.247083770480141993e+02
-3.134632476190454327e+02
-2.555452409227484907e+02
-4.793094845451009860e+02
-4.401259554778404777e+02
-5.247847281670751727e+02
-3.976419815573798928e+02
-3.029109451836698099e+02
-1.356653136091934471e+02
-4.063654088129943034e+02
-6.287225442004493061e+02
-9.389613745540059142e+01
-4.036747485824548676e+02
-3.805416911366492059e+02
-4.295173407759816655e+02
-3.995345249205154232e+02
-5.664597303946819693e+02
-5.838793475322261202e+02
-5.696387197542968579e+02
-1.159970040494462751e+02
-3.588417157735773344e+02
-3.330914896598717974e+02
-1.603424265353790474e+02
-4.813158529071470753e+02
-3.465666220473855219e+02
-4.470307568649225232e+02
-1.376282312147106381e+02
-5.973064012996305792e+02
-4.656389959395841061e+01
-5.173949359603018365e+02
-5.114181814219935518e+02
-2.669271796351634407e+02
-4.343429723708940173e+02
-1.073243700343659839e+02
-5.311805055622869531e+02
-4.183888879997276149e+02
-3.175143489571202053e+02
-4.282171849352469053e+02
-4.720399407158054714e+02
-4.390423334226193219e+02
-3.071648065704909527e+02
-4.192315947109148055e+02
-4.289249127247230717e+02
-1.488466550107424951e+02
-5.068341225127609277e+02
-4.412748575904018935e+02
-4.997975015565078252e+02
9.118008564093514678e+01
-1.270746010004762070e+02
2.365211238605880339e+01
-2.772499933804199372e+02
-4.146206385631148237e+02
-3.303643089787848339e+02
-3.142280605114491436e+02
-3.997448097322576928e+02
-6.204061055696631684e+02
-2.933371193864929865e+02
-3.453440240504082794e+02
-2.850866141275267864e+02
-3.153587619003590135e+02
-3.871104800280170366e+01
-3.776177014798799405e+02
-8.747897126994614325e+01
-4.049186317163450894e+02
-4.290454516107113818e+02
-1.708774701599410548e+02
-5.759100697497225383e+02
-5.845380791228758426e+02
-7.626756973760929270e+01
-3.343274635986658723e+02
-2.338207352687393268e+02
-3.947643749039543764e+02
-2.612226009029637908e+02
-3.688324337332617233e+02
-2.886996289863091079e+02
-3.965803612335026855e+02
-6.102954084142869533e+02
-1.635229187828937540e+02
-6.032747143271980121e+02
-1.970191649564134480e+02
-3.959903667950190993e+02
-3.327261346488799063e+02
-3.581567751921112404e+02
-5.307895284187179641e+02
-2.164039988614885033e+02
4.111938056699692368e+01
-3.806072034835966065e+02
-1.305418525870426834e+02
-3.437617241641403325e+02
-4.142363982327433973e+02
-3.080736505920798436e+02
-3.538726870338699086e+02
-3.159355871786071930e+02
-8.659832257929545563e+01
-3.150196320612034242e+02
-3.948091564513376852e+02
-3.875189680080945891e+02
-2.494515049717047077e+02
-2.718620999675723624e+02
-9.541359825767014513e+01
-8.533418860424507102e+01
-5.074605567436852880e+02
-3.793132363971627683e+02
-2.956150176217056469e+02
-3.408134537562793867e+02
-1.839343835760919319e+02
-4.251230806463037766e+02
-4.300855099013803056e+02
-3.889164695387439679e+02
-6.806279328504491559e+02
-2.840974400110237639e+02
-3.456950032722947981e+02
-5.782816692121257347e+02
-4.576237713530525753e+02
-4.132818891691414365e+02
-4.805644360749042221e+02
-5.534277294162302496e+02
-4.698846183677634372e+02
-4.477147288964172276e+02
-3.889983584578641853e+02
-1.811186809381670173e+02
-3.758543110438106964e+02
-4.363111316437742175e+02
-4.482695614200944760e+02
-3.069335703568818303e+02
-7.161124221874118234e+01
-3.018413264627087074e+02
-6.406120883564807400e+02
-2.817489141653577462e+02
-5.383435217039458394e+02
-5.630700383476580555e+02
-3.830836336943871174e+02
-5.003355372147574940e+02
-5.822603593230256820e+02
-4.176081258330552259e+02
-5.036781801963354042e+02
-4.963600836147114705e+02
-2.111151638511989006e+02
-1.655122397919769242e+02
-3.650518744983318697e+02
-5.704312082045635179e+02
-4.783884840380066521e+02
-1.270240272854981356e+02
-5.363602381868213342e+02
-3.672382615351044137e+02
-3.186253651844220940e+02
-1.363233651799141626e+02
-2.358569305302648900e+02
-2.850947260418087126e+02
-3.145561434763079660e+02
-3.355951735451675404e+02
-4.996664219272235528e+02
-2.765515775344580334e+02
-1.517849210870170111e+02
-2.295048044004885242e+02
-3.628281608612759328e+02
-3.214754616826232905e+02
-4.981350253896729328e+02
-4.989495754110383814e+02
-3.901995510923242136e+02
3.610079181480374899e+01
-8.298614035074336925e+01
-2.765638365081064194e+02
-2.826972645411983649e+02
-7.307322802941322948e+01
-2.537208349773577538e+02
-3.895648817491007776e+02
-4.875619419847001268e+02
-2.771955780445683217e+02
-5.566624695954119488e+02
-2.705043653032607835e+02
-4.247671032282195824e+02
-3.986634398477011132e+02
-2.894744689378975977e+01
-5.530360596771167820e+02
-3.856263904093588053e+02
-6.633831605427999989e+01
-3.740499065125685547e+02
-4.125641441412659560e+02
-5.228679020829891897e+02
-3.027109594481788122e+02
-5.288563328941606869e+02
-4.248201281969738830e+02
-3.353822164230440421e+02
-4.704613793210979793e+02
-1.077659183089264303e+02
-2.239674377324168404e+02
-8.488789564197047355e+01
-5.265841663893436362e+02
-3.435209810333541327e+02
-4.393482486500448090e+02
-3.733448741793164061e+01
-5.047293933424858778e+02
-1.858120757025690466e+02
-3.213563639998114354e+02
-2.983969892836493045e+02
-3.900098823539624959e+02
-4.507013704741838183e+02
-3.023750147782280919e+02
-1.813619435001845090e+02
-1.191153111530401958e+02
1.912910632727906091e+01
-3.229034802410956217e+02
-4.135782365124836701e+02
-4.785586596466779383e+02
2.929170849146084379e+02
-5.339832266340728211e+02
-3.135833976370972778e+02
-3.488859123524055690e+02
-4.218892871871008765e+02
-5.006347892458405227e+02
-5.624240130624619951e+02
-9.019732420320632116e+01
-2.680552166509019685e+02
-3.470769698650933606e+02
-3.247792389582527903e+02
-1.566326835158895108e+02
-2.624107036536904047e+02
-2.027409478702517447e+02
-3.032649688742972103e+02
-3.626188638372821629e+02
-2.222849985735519169e+02
-5.135638877282051453e+02
-5.537823752620224695e+02
-2.618391047643700631e+02
-3.990042516819393086e+02
6.136722561904710460e+01
-2.783761394114940231e+02
-4.117427185990442240e+02
-2.655250302947305272e+02
-3.455982663788981881e+02
-2.960268969526658225e+02
-2.698197101554958408e+02
-3.790145459054676849e+02
-4.955867835287951948e+02
-2.755589556480814508e+02
-4.551315597206554457e+02
-5.682768802915092721e+01
-8.224267620612462792e+01
-1.004262883471876364e+02
-5.067736118332472302e+02
-6.711800072368538395e+01
-1.579617861390581766e+02
-4.009521319269967421e+02
-3.676576875334312149e+02
-2.583761372607972362e+02
-2.908596546386784212e+02
-4.276235113652415976e+02
-2.955241584415483658e+02
-3.808359360932240634e+02
-2.080624436084044362e+02
-6.905684745336020569e+01
-3.579197492917835461e+02
-4.560066706862171486e+02
-3.272353301772402574e+02
-4.824113115517286019e+02
-2.198192428213881442e+02
3.096730252984124832e+01
-3.943241051531845187e+02
-4.932882033629452962e+02
2.085018123956572822e+01
-2.520444647864295860e+02
-3.465373605467365223e+02
-3.175686527433572905e+02
-3.138733761461330687e+02
-2.881148312408726042e+02
-3.964969222781091389e+02
-3.709262738367465317e+02
-4.475682434367617475e+02
-4.003536871914628250e+02
-2.906283433166597661e+02
-4.092921378525835507e+02
-4.885850344126583309e+02
-2.463294724473130373e+02
-3.282424952906814042e+02
-4.313806649026886362e+02
-1.827478239503145687e+02
-3.073992185112551283e+02
-1.072268364984215339e+02
-3.037851798710922822e+02
-3.148200546582432935e+02
-1.025370191984485473e+02
-4.616882543121092226e+02
-2.176704538297357772e+02
-6.165323760956678001e+01
-3.280554280946479366e+02
-3.363405193106335673e+02
-3.366539299223790636e+02
-3.429794330312566331e+01
-3.368387916669296942e+02
-2.004844390371233658e+02
-4.130639922937573374e+02
-4.664744824384477511e+02
-3.458713414042356362e+02
-4.515946583903109968e+02
-2.798679178137191457e+02
-4.322454309001803381e+02
-2.602391527998438505e+02
-3.268940921789571803e+02
-4.865609052514724340e+02
-3.201769577934901463e+02
-2.913935213612913344e+02
-2.430587895512342129e+02
-1.328127042322513773e+02
-9.234333936222867578e+01
-4.127149935801350580e+02
-3.116812943815076551e+02
-4.149083639902741538e+02
-3.634918892940848423e+02
-2.608594329928890829e+02
-4.707171971112407505e+02
-3.827238055661306362e+02
-2.188106131334575650e+02
-1.735746815085533683e+02
-2.232791580695408413e+02
-3.337445010944844626e+02
-2.532763378018507296e+02
-2.702386445046259951e+02
-2.606646624635392300e+02
-3.241273366714372060e+02
-4.964846315197508630e+01
-3.567666336651968777e+02
-4.385464144454296616e+02
-9.480040258312649826e+01
-4.018504629020646348e+02
-2.622546485267159824e+02
-4.047266545606258319e+02
-3.515852946978720297e+02
-3.154169791503708211e+02
-2.685716743004549585e+02
-3.861914654106335547e+02
-2.874486546779334617e+02
-2.313684852555857958e+02
-3.027110896038560668e+02
-2.626383424222947269e+02
-2.782527400724778772e+02
-2.470514142059509197e+02
-3.017284796839053342e+02
-3.681181866290245921e+02
-3.770527670276482013e+02
-2.204598521568256331e+02
-4.840404127253656839e+02
-3.027442422569714608e+02
-2.634888415197001450e+02
-3.021186330050600191e+02
-4.152220202182741104e+02
-2.671192583803014031e+02
-4.899656323950719070e+02
-2.606776775271535485e+02
-3.329442925648002074e+02
-3.305849713563611658e+02
-2.187643613069740525e+02
-1.886940805137355426e+02
-2.018238634958643729e+02
-2.841798065029710187e+02
-1.529863016353087630e+02
-1.158903513449624398e+02
-1.852368735721402402e+02
-3.262741803454719047e+02
-3.392888723284204389e+02
-3.198658039597252696e+02
-2.733093780936449093e+02
-3.209228552323479278e+01
-4.310233734821828762e+02
-8.526408251275758232e+01
-9.880169065198717249e+01
-2.986304218997502744e+02
-3.891882843444770401e+02
-3.576560010982646531e+02
-3.666727216764631976e+02
-2.879481082313359366e+02
-1.656023105109142648e+02
-2.991387374453943266e+02
-3.241136435466148669e+02
-3.888482992275739321e+02
-4.031924225586437842e+02
-4.120281663873983007e+02
-4.720954062858218663e+02
-3.802078977802109989e+02
-1.839050781595427111e+02
-4.096850897303936279e+01
-3.073551313761690835e+02
-4.090991994498851909e+02
-2.130597423198670697e+02
-1.643882139266289641e+02
-4.096235325362079607e+02
-1.575620665920294243e+02
-1.952676296772659725e+02
-3.046844966337378935e+01
-2.420913916772654773e+02
8.063261544528103286e+00
-3.202207557191799197e+02
-2.414390909442824693e+02
-3.002559970617963927e+02
-3.643046095224948999e+02
-3.091753764046576407e+02
-1.578563899627021101e+02
-8.505281565023550172e+01
-3.401227853582835223e+02
-2.350473838081269662e+02
-2.945639406042049586e+02
-2.928853359687003888e+01
-2.638243119887280272e+02
-7.688908674317670489e+01
-3.093526041754830658e+02
-1.980416930149064569e+01
-8.646208671427042702e+01
-1.301711606490058273e+02
-2.367779809111485747e+02
-3.719901587543614028e+02
-3.527619891216254473e+02
-2.917835241696578237e+02
-1.745497834143269529e+02
-3.007766654672883533e+02
-4.677113689875932323e+02
-2.524726450542015073e+02
-3.862675443826525452e+02
-2.408714770063172921e+02
-3.766503878806184389e+02
-2.686794039246143484e+02
-2.756028751001028354e+02
-1.357599512010938270e+02
-1.848825665311345006e+02
-3.005966546469078366e+02
-2.766767284854223590e+02
-1.181319121822207165e+02
-2.467177451869853257e+02
-4.189751818583717977e+02
-3.391885733461862173e+02
-1.935246560111082204e+02
-1.300218707622926786e+02
-2.748737483554413643e+02
-2.506381124305506205e+02
-2.864859583325660424e+02
-4.145710828124135219e+02
-2.703993624241272755e+02
-3.827401154266511867e+02
-2.910072962471180062e+02
-5.500870300702376881e+02
-1.247609106576685321e+02
-1.796321486068528941e+02
-2.985271469589359299e+02
-2.896683425872671478e+02
-2.460691741760290370e+02
-2.594073312886419558e+02
-3.097572176392279744e+02
-2.693081444226338590e+02
-4.142533469790641902e+02
-2.589295678720147862e+02
-1.784988630617784224e+02
-1.340676072967582968e+02
-2.652116104306038835e+01
-3.908380661943579639e+02
-2.506859880746636975e+02
-1.275707353677962033e+02
1.846078693901710039e+02
-2.594100219044003097e+02
-2.946006323484773475e+02
-3.341202220163068546e+02
-2.828184230415056959e+02
-2.000782904700824361e+02
-1.443025179705413734e+02
-2.606647538814971767e+02
-3.269253980137780218e+02
-3.172709374625383703e+02
-9.108672754882866229e+01
-2.531217027142299116e+02
-4.436568344271110931e+01
-2.100832795712980783e+02
-2.601029143327126292e+01
-1.892741209585115030e+02
-3.032687770076129254e+02
-2.370263223251051272e+02
-3.339344759625610664e+02
-3.087843287477381864e+02
3.681198891276744689e+01
-2.132809383781357440e+02
-2.080712708094260677e+02
-2.420024407312409949e+02
-3.092649570919737698e+02
-2.191344494927637925e+02
9.508363549288958438e+00
-3.859320934203835805e+02
-1.640027280471496738e+02
-4.677217229870554149e+01
-2.867299950643325701e+02
-2.625437365991701881e+02
-2.012585420933168336e+02
-1.246315475783339366e+02
-1.823056274625955098e+02
-6.891064237786952162e+01
-1.510051778710686108e+02
-1.899897889232205728e+02
-1.011260024908167168e+02
-2.147694881930944462e+02
-4.690958851217158099e+01
-2.246772200820959711e+02
-1.749083651335337208e+02
-1.750551501161351666e+02
-1.046145214804008674e+02
1.934825069772737152e+02
-2.400511490337841281e+02
-3.158708911259833485e+02
-1.925148574923668718e+02
-7.266771488482359587e+01
-7.534660246611281309e+01
-2.725742912541683722e+02
-2.266786717571845600e+02
-6.291189125734560150e+01
-1.885522757572192631e+02
-2.581534809320718864e+02
-2.483706558779366844e+02
-2.596943392951681062e+02
-2.344207568754266617e+02
-2.288203830614769743e+02
-2.826643745075475636e+02
-2.069815336951598965e+02
-1.569176298086395036e+02
-1.886164519020923080e+02
-9.270800709939142337e+01
-2.645728561987227749e+02
-2.505495200568747691e+02
5.616538072871071563e+01
-2.282049591598371876e+02
-2.987182363338063169e+02
-2.234797072905249991e+02
-6.334312991406617499e+01
-2.853268544443683368e+02
-2.280423324526381919e+02
-2.524973137583312166e+02
-3.759984823736408543e+02
-2.129775106432957728e+02
-2.271742108882314710e+02
-2.301203888206781585e+02
-2.632592556196975124e+02
-4.239092605148559301e+02
-3.085195186237812095e+02
-3.511281046688219476e+02
-2.217319105680033715e+02
-2.750043695570640239e+02
-2.544133333248581721e+02
-4.511040248362819511e+02
-2.412858136840747250e+02
-8.147231657111228742e+01
-2.717059063379363124e+02
-1.553212702244386776e+02
-4.092412091684506095e+02
-4.875936694635378643e+01
-2.979868564465903091e+02
-3.374603890254620069e+02
-2.950730134863386525e+02
-3.939192442711092923e+01
-3.126795719830887492e+02
-2.470447208647925095e+02
-3.135208577000643118e+02
-2.808650486629276202e+02
-1.618037346117959032e+02
-2.594696588042619396e+02
-3.721565183983539100e+02
-5.451519849166328413e+01
-2.924577413764628773e+02
-9.745018548894789490e+01
-2.564055805238440371e+02
-2.740027535879191305e+02
-7.038769078506064147e+01
-2.950789710898538374e+02
-3.856187789458373913e+02
-4.785781417323394180e+02
-1.684113087598233847e+02
-2.261473550994153925e+02
-4.146047527082761519e+01
-2.472642959499690392e+02
-3.257557320291924725e+02
-2.931553376198725118e+02
-3.577633601770602354e+02
-2.982532165392037768e+02
-3.003983578824846745e+02
-2.586661328052472300e+02
-2.390652667182501148e+02
-1.475556099214431924e+02
-2.692515833543723716e+02
-2.869622186857309316e+02
-4.850937066810423914e+01
-2.256527305136413588e+02
-3.038579984530329057e+02
-2.786107719468361665e+02
-2.042105663302856442e+02
-2.727942549024315895e+02
-3.238843813748171669e+02
-1.018163486104066777e+02
-3.132023165756422713e+02
-9.528361957259291160e+01
5.025257548085633630e+00
-2.423937514421231185e+02
-4.620808590368118871e+02
-3.611549292307814198e+02
-2.787671054358950187e+02
-2.058348450131862251e+02
-2.224696465261436060e+02
-1.316905874616003302e+02
-2.595658449576590101e+02
-2.341183291449285377e+02
-1.322445826426471740e+02
-2.439394438144196897e+02
-2.081603342646506576e+02
-2.468100166066122654e+02
-2.378116581564916316e+02
-3.489674602108597696e+02
-2.265220129083899394e+02
-3.072056652813881783e+02
1.621103221715594884e+02
-2.186863809640890395e+02
2.351668623895153303e+02
-2.882494638354796166e+02
-1.235209963293331725e+01
-1.973602967356972613e+02
-2.427155820682090166e+02
-2.131476289694099080e+02
-2.369478083793434564e+02
-4.854896386514487858e+02
-3.295036077978588764e+02
-9.294006841443207634e+01
-3.419186112086182447e+02
-1.510779248772845733e+02
-2.110826457679239638e+02
-7.228003304606424706e+01
-2.879062310610521536e+02
-5.797324147410108708e+01
-2.303146102612819277e+02
-2.457263224177035568e+02
-1.994267757912228660e+02
-3.113471740429720285e+02
-3.115417845782570225e+02
-2.078127010569383231e+02
-2.487605739775144684e+02
-2.563793820349957286e+02
-1.712656783307557760e+02
2.077400564842823769e+02
-3.082404374416123574e+02
-1.937112050636971219e+02
-2.423778226310492698e+02
-2.219801439372097889e+02
-3.495773616882686952e+00
-4.521782507293311255e+02
-3.760997442065631731e+02
-2.700696237687495795e+02
-2.573382679159038844e+02
-4.164738761930659621e+02
-2.938561306736940537e+02
-2.445512711776883066e+02
-3.174570177108565758e+02
1.409206595164745295e+02
-3.491919126322383704e+02
-3.072172444416231656e+02
-2.327635829148911739e+02
-1.430952023574389216e+02
-1.901783519336031247e+02
-4.480924415209860285e+02
-2.846160657911347016e+02
-3.890931124436471009e+02
-2.282170345474654596e+02
-4.287165460527112515e+01
-3.201432888426929821e+02
-2.370045394610950495e+02
-2.584064587170113327e+02
-3.293120400578352474e+02
-1.630494198890648079e+02
-2.469261725930949183e+02
-9.660116916383624641e+01
-3.169855544810241099e+02
-2.492552538346839981e+02
-2.237381789673010530e+02
-2.505898706155217326e+02
-2.941422939211315679e+02
-2.412597783030558105e+02
-2.063333590368891350e+02
-3.520986007680592706e+02
-2.597292919737352577e+02
-2.350738176238996289e+02
1.664402913356850888e+02
-2.749253046630113886e+02
-2.315622732527951371e+02
-1.033994426724238025e+02
-1.801756107385700716e+02
