-3.475441189370563961e+02
-4.204819528201331877e+02
-5.790836759943420731e+01
-3.709671727397903283e+02
-1.249922209845384202e+02
4.143880450508359559e+01
-3.698966859997657934e+02
-2.596558327512149162e+02
-2.859708983116274794e+02
-5.151129637847810727e+02
-3.035948609515645558e+02
-4.346961982109248197e+02
-3.087277998671883097e+02
-4.619448376888742587e+02
-3.195507505793044629e+02
-1.608399883195770030e+02
-2.514839773166783914e+02
-1.464665916232872576e+02
-2.913687695954939727e+02
-1.480113856352489279e+02
-2.193355910827576167e+02
-7.973241245021816326e+01
-2.112797006092536094e+02
-4.058863260434095537e+02
-5.869202909671328143e+02
-1.204448745661171642e+02
-6.295594178149201525e+01
-1.559035828924650673e+02
-5.466416818373334081e+02
-1.221097249962547266e+02
-3.984551164868431670e+02
-1.550797069928413521e+02
-2.634726223834916254e+02
-1.024902860271084819e+02
-2.129088526288691128e+02
-2.189321368624587762e+02
-9.258148924947454361e+01
-3.765893083004922346e+02
-2.848872677864351317e+02
-5.635023026135090163e+01
-1.026183120140960057e+02
-7.114610365604556819e+01
-6.710381270391758335e+01
-1.217251428133191951e+02
-1.067194745696987468e+02
-4.526269652835950410e+02
-4.001894745806704918e+02
-1.078045622204346046e+02
-3.153618465052446709e+02
-1.033503814526105771e+02
-6.810724802334989647e+01
-1.755741477294478727e+02
-9.121676610369001992e+01
-7.531873215081635919e+01
-3.719016321096478919e+02
-1.998321593989205667e+02
-3.901577669792830534e+02
-1.344933269124495894e+02
-5.092595812024469524e+02
-5.874047714381359242e+01
-4.420683289561059723e+02
-1.354741025748534753e+02
-3.908176753783434947e+02
-6.492030872563428545e+01
-4.268444427284479161e+02
-2.005883331806862202e+02
-5.757285044353793069e+01
-5.069581579106510816e+01
-2.488880419836959277e+02
-3.162538796406881829e+02
-2.165203763375945982e+02
-4.113407473965388021e+02
-9.041082384963705465e+01
-3.793755230361322219e+02
-3.646195285449620656e+02
-3.669904009065244850e+02
-4.157654528269591765e+02
-6.797692715869867186e+01
-1.556698656848393796e+02
-1.209270818034220980e+02
-1.082588805741160485e+02
-1.651516713938212604e+02
-4.076375362603841381e+02
-1.623521879704861703e+02
-3.903944735644233788e+02
-4.623453767840435091e+01
-3.838971408248822286e+02
-7.434518561285065630e+01
-2.559105549219837599e+02
-5.088392224018209049e+02
-4.155838260677456333e+02
-1.867048040799990645e+02
-1.077280679807763448e+02
-2.891848414545951300e+02
-3.919601027572666680e+02
-3.205384772046076023e+02
-2.477212431687599405e+02
-1.154823490019826409e+02
-3.422037534598806587e+02
-4.946952141521439330e+02
-2.085415897795308524e+02
-6.996310905413739079e+01
-1.540995079625500352e+02
-4.833639561186553237e+02
-3.980678851616353313e+02
-1.203422575882245269e+02
-1.552158193518350515e+02
-3.954924123707213539e+02
-1.705615602181807162e+02
-5.010526857936112606e+02
-8.780828995848864338e+01
-9.074546696727117023e+01
-4.372406148374108170e+02
-1.843157468693361238e+02
-4.136134174281468745e+02
-2.711696486901398089e+02
-3.300146092628731367e+02
-4.153347200144301610e+02
-9.409761369728609282e+01
-1.617446149461696905e+02
-1.122093960708700138e+02
-1.058519200374355762e+02
-5.029663141374727786e+01
-1.359139521504236541e+02
-2.973046725459360573e+01
-1.566752477123840208e+02
-1.313680780293898351e+02
-1.484215436231127114e+02
-1.172396602810454169e+02
-3.828950605449251725e+02
-2.547808249079519385e+02
-2.874826520358690232e+02
-4.364784226870161774e+02
-2.193576772429399568e+02
-1.968350173401653365e+02
-2.128053036206927686e+02
-2.500741247002471255e+02
-1.892814931800276099e+02
-2.049158833680580756e+02
-3.640845031257928781e+02
-1.253056033294056419e+02
-4.322869744279063298e+02
-5.460775023978285390e+02
-2.212182457603039154e+02
-3.068276738245672277e+02
-1.718220252440670208e+02
-1.278810264833396246e+02
-3.200816877401422289e+02
-4.723887258668056432e+01
-5.486338584746626168e+01
-6.915000567257064290e+01
-1.320579146935954782e+02
-1.008392320527962625e+02
-1.409211816525273662e+02
-1.053780714808587931e+02
-6.677021074785398014e+01
-3.574610227724683114e+02
-6.776881476455920961e+01
-8.976892051607148915e+01
-3.749189896072358579e+02
-3.809387925365753631e+02
-3.973224396561591902e+02
-3.658539622254186270e+02
-1.206752564942728014e+02
-2.641051744141701647e+02
-9.568276430746932704e+01
-1.325277821369048752e+02
-3.307460916054189966e+02
-3.927436098257103367e+02
-9.606720144288091490e+01
-2.876824146307745877e+02
-1.480019183142577504e+02
-2.413800909183930230e+02
-2.179839121643709632e+02
-3.005254689702446740e+02
-2.848455746763914362e+02
-7.481586390097217532e+01
-3.252815792709345715e+02
-1.342770389061934964e+02
-5.539669039964672237e+01
-2.849983920462355513e+02
-2.010866674155347766e+02
-2.387967126772556981e+02
-1.022672766074672097e+02
-1.730955455955517266e+02
-3.736951415719498755e+02
-5.123588368948348943e+02
-4.364176170509237522e+02
-1.450415687366846669e+02
-1.752584080038824368e+02
-7.269323885444478606e+00
-2.368512763369096206e+02
-3.115687046421750210e+02
-1.480964192966674773e+02
-4.173443428415612857e+02
-8.555087451118204456e+01
-4.824519272795987490e+02
-2.281458996949896232e+02
-3.811682637496950861e+02
-2.620634072171933440e+02
-6.845808032399395415e+01
-3.038930749142811010e+02
-4.457681471836548894e+02
-3.866533308738574704e+01
-7.604616887979510409e+01
-3.901038271486548865e+02
-7.324206583699441353e+01
-8.241280804738727284e+01
-1.048640859415802709e+02
-1.269563213624857099e+02
-1.788001659220383317e+02
-6.896094125875345071e+01
-2.597461189626433224e+02
-2.552996746735486511e+01
-6.273827801460302567e+01
-7.794308356899992418e+01
-7.492722546902260206e+01
-2.814474233808081749e+02
-2.458202127948443660e+02
-1.787614326576409383e+02
-2.567496694892574851e+02
-1.527269367375357660e+02
-3.764773966703563133e+02
-5.619123539668669309e+02
-4.946038890604393714e+02
-2.181344393927610383e+02
-2.053701110402150221e+02
-1.833648038534848865e+02
-3.256357534661505326e+01
-8.212731934951258950e+01
-1.973006870630412664e+02
-8.038908137630065198e+01
-1.097276922305004661e+02
-1.057384050252452568e+02
-2.509398845180398894e+02
-1.180768695718536918e+02
-1.835733367035352899e+02
-8.014521397877864217e+01
-5.984408241211961155e+01
-7.530530388855729029e+01
-5.732077737524640071e+01
-6.886225869981431913e+01
-4.506873067105912014e+02
-9.075735430838992102e+01
-2.523239650002427936e+02
-4.199917862541788054e+02
-1.554594047963080072e+02
-2.614004782731437899e+02
-1.222636948005700503e+02
-2.739884981373925257e+02
-7.750014589140259602e+01
-1.073552371162326295e+02
-3.347451094815311308e+02
-2.388712861696742209e+02
-3.259081563329484652e+02
-1.216570967433618193e+02
-2.760935062260028872e+02
-3.257334173792522733e+02
-1.479290978683471849e+02
-5.465256166798299091e+02
-3.370265711567466269e+02
-3.418519356735662313e+02
-1.329556957044335377e+02
-3.529926633610907061e+02
-1.707173916991542058e+02
-5.450939840609187570e+01
-2.181433762973376247e+02
-3.722607451406940413e+02
-7.370871002612605594e+01
-3.688953468063609193e+02
-9.642013529808234296e+01
-1.104797667133206147e+02
-2.202965665067484906e+02
-2.795104598727389202e+02
-1.772778849696309749e+02
-1.762558787981221258e+02
-3.842554589515966654e+02
-4.830749195517498720e+02
8.248077181067134944e+00
-2.954423371644958252e+02
-4.051918692202954162e+02
-5.290061327751072895e+01
-1.100251336296012852e+02
-6.175195544069113396e+01
-1.711020833476033260e+02
-3.920501659313303549e+02
-1.734325293064004541e+02
-1.569204974748736561e+02
-4.893998240764047409e+02
-5.087374806646385395e+01
-2.248363674644657806e+01
-2.274144184546147187e+02
-3.760139746169680279e+02
-4.062713469028641384e+02
-1.065908640656813446e+02
-3.172036957643475148e+02
-2.794250748928859593e+02
-1.914582971105548381e+02
-3.087626627598248206e+02
-1.030798623126239164e+02
-3.045261183722191163e+02
-3.172149120913994693e+02
-5.853056378030626092e+02
-1.011910352495420966e+02
-3.081135189477290055e+02
-8.641218170376980368e+01
-2.470411442157638646e+02
-4.853543857248472193e+01
-3.946570078638962542e+01
-3.373793774667868774e+02
-3.851937033359775455e+02
-1.182353774181673600e+02
-9.385590569150424756e+01
-1.800462332710879423e+02
-1.945691452068228671e+02
-1.149863748214040413e+02
-4.072414960283160212e+02
-1.697417248323327215e+02
-1.628095502587518695e+02
-1.917200443939726711e+02
-9.846353965945723985e+01
-2.368666622951633656e+02
-1.588577311307020636e+02
-5.552106265627492121e+02
-7.357027346478686525e+01
-2.697059054853239672e+02
-1.573561999537561746e+02
-2.503416749380080830e+02
-3.702938640347131241e+02
-1.670690729065735241e+02
-1.190066206411944592e+02
-4.898051222086089069e+02
-5.887930278204831325e+01
-1.502028816117965846e+02
-1.886842222422775421e+02
-2.857412567015277887e+02
-2.184661772473957342e+01
-1.605606720166153991e+02
-7.914264901591161561e+01
-8.796905435123390760e+01
-2.677549473883669293e+02
-5.744730954402287182e+01
-4.111845062690640873e+01
-6.905588644615349381e+01
-1.306321988685866700e+02
-3.035060630170138438e+02
-1.334219010683710280e+02
-5.754881189494441429e+01
-2.636426503004259985e+02
-1.046013246842942408e+02
-2.797024625292632436e+02
-2.774134581332595531e+02
-1.014550046754152106e+02
-3.533381932689297855e+02
-1.579744988005072344e+02
-9.643924232369558069e+01
-1.797245929273883576e+02
-1.277484277869707228e+02
-1.881163349930067170e+02
-1.596500267396080801e+02
-3.263132658038502996e+02
-1.259958958984479978e+02
-3.365061448697007904e+02
-2.532866686300576191e+02
-2.270751944652876659e+02
-1.690677949339275870e+02
-1.713923705348995838e+02
-1.063245690366889420e+02
-7.565901205163919485e+01
-2.165232195385726186e+02
-1.715503291625305451e+02
-2.373796335263059802e+02
-1.002914937223025191e+02
-2.847798161934946393e+02
-3.435283949414503581e+02
-1.870988785422518674e+02
-9.733490834037624495e+01
-4.816740826701949629e+01
-3.003327626835121009e+02
-1.632748923352852444e+02
-2.004175593163654696e+02
-7.944862505813279085e+01
-4.537655513017720921e+01
-1.096400320766954195e+02
-2.961482594092803993e+02
-3.306588353034246666e+02
-2.706643574430593162e+02
-1.372744136865075006e+02
-3.848815940843907413e+01
-1.230693811095736407e+02
-5.617924356697740507e+01
-5.543427785107939343e+01
-1.975317373545489659e+02
-8.466203496273109863e+01
-1.006220947185708496e+02
-3.133527713421297562e+02
-8.396684207010744672e+01
-2.705091616027533519e+02
-3.316840438643934874e+01
-1.015795286958827859e+02
-2.681763332249449832e+02
-5.744676024209651644e+01
-5.428839000583245422e+01
-2.329919975350271102e+02
-9.944284203845481329e+01
-1.579033931071583652e+01
-1.534857848031845151e+02
-1.737790768486037223e+02
-3.658267457372849663e+02
-4.619168766877822208e+01
-7.863311212924209315e+01
-7.629979208997067985e+01
-2.043850042131797125e+02
-7.042927555214964741e+01
-1.391764384348355748e+02
-9.057968787984742676e+01
3.799040472522712264e+01
-8.114323973371250531e+01
-5.715258552816602133e+01
-3.275441756359749661e+02
-2.343755525653705831e+02
-3.093576975424527973e+02
-2.683467070695947996e+02
-7.513339589085576620e+01
-1.147333441659725537e+02
-2.134682782937620686e+02
-4.729586915793073842e+01
-2.176752521774529328e+02
-7.938811287276223538e+01
-1.161436214986024993e+02
-1.328099430742370259e+02
-8.374046804216227713e+01
-1.867160551992019748e+02
-3.665277936055071564e+02
-7.337521270857298816e+01
-2.907077181466381433e+01
-1.736973079932502628e+02
-2.795795516306343984e+02
-1.441286742437931707e+02
-1.153526006220809705e+02
-5.446093727068655710e+01
-7.924182387447847020e+01
-1.035323326014373890e+02
-8.902458389123199822e+01
-3.641996557900891389e+02
-1.367006245159197988e+02
-3.011206006217491904e+01
-1.235616738174537943e+02
-2.201721390370111635e+02
-1.298626788043688691e+02
-2.232717183788933539e+02
-4.443949048275132441e+01
-2.170000052897581213e+02
-1.187169477392069439e+02
-1.190067165157204556e+02
-3.164633303530891340e+01
-3.338126921901462083e+02
-8.595534705233987438e+01
-8.846834526679789690e+01
-5.863682281043080735e+01
-1.374371250987728388e+02
-8.849993725460448957e+01
-1.840084512027699475e+02
-1.718759090946075219e+01
-8.396131857644465413e+01
-2.495923062363567055e+02
-1.399939654214414304e+02
-9.833981348792609367e+01
-1.110731125039120428e+02
-2.183733988590769570e+02
-9.650755265247934744e+01
-8.921239562055791339e+01
-1.183465735559441896e+02
-9.605157907024775454e+01
-6.655286604202994738e+01
-7.833446692246641874e+01
-1.369736586045139575e+02
-1.403093863533873673e+02
-9.219996202838709110e+01
-1.134281840637639505e+02
-1.529319808342848717e+02
-1.158371535821688951e+02
-1.748921475061608248e+02
-1.212466036613088818e+02
-2.446523152099334197e+02
-5.917012132321775653e+01
-8.898659666771672505e+01
-1.244866705992184279e+02
-1.102054874070874888e+02
-1.883025187104946099e+02
-1.136973205904315591e+02
-3.069642223699954684e+02
-1.355490096958106392e+02
-7.568568951593485394e+01
-3.915556587654784266e+02
-1.668308622905885841e+02
-9.791496961936495325e+01
-5.518737923768568976e+00
-9.791760607238744285e+01
-2.870703304899748787e+02
-1.177477508384268816e+02
-1.558924293907850824e+02
-1.216784324280120586e+02
-1.149599669828716202e+02
-7.730645211125533933e+01
-8.440710025677250883e+01
-7.603319018081957381e+01
-1.380640634661785953e+02
-2.129642888785122068e+02
-7.587975735979186709e+01
-9.928687950984731003e+01
-1.093754035568329641e+02
-1.440898043548231726e+02
-1.177349149037459028e+02
-9.246983687060820500e+01
-2.132959788313087302e+01
-4.840097773027758876e+01
-1.152008332541759899e+02
-2.667000261691418928e+02
-9.507230324227745655e+01
-1.553246183648240617e+02
-2.451248574986246354e+02
-3.115838049823324809e+02
-1.117438395293209226e+02
-7.694186867700665289e+01
-1.447988582318591000e+02
-1.162423656283524167e+02
-1.173576927572750037e+02
-9.956670340750656578e+01
-1.149992461393838852e+02
-8.814880489768221139e+01
-1.145833371821760949e+02
-1.068137833195651183e+02
-1.101348654423873086e+02
-1.418555927742345943e+02
-2.893874185354391102e+02
-7.258246159697256417e+01
-1.144313366214252454e+02
-1.492984985814477170e+02
-1.976330930823936001e+02
-3.403661894326608035e+02
-1.566118028495675674e+02
-1.369164148668325538e+02
-9.354059069866771381e+01
-1.187040542598773527e+02
-2.976071701796894899e+02
-2.742786588863025372e+02
-6.491014146673279583e+01
-2.678895730265860493e+02
-1.031213138804358778e+02
-2.519683954107543684e+02
-8.359296629734303963e+01
-6.538597611685986521e+01
-1.461005715536517755e+02
-1.981509597036503862e+02
-1.844354092831782168e+02
-2.704989751166378653e+01
-1.827298742254069168e+02
-3.438095825178007772e+02
-5.574728630277249408e+01
-1.760696283315052710e+02
-1.054353606024453853e+02
-2.258809427560284462e+02
-1.273634379187483603e+02
-2.120307114037276506e+02
-7.586924340173527526e+01
-2.869833818741362848e+02
-1.243728648105779797e+02
-7.467105237616445379e+01
-2.760610955722289646e+02
-1.776435635930816943e+02
-2.331795494616904989e+02
-9.686315189094300138e+01
-2.613244227712863221e+02
-9.639540911631593190e+01
-5.918463979677849807e+01
-1.037951827701973428e+02
-2.128155405074685405e+02
-1.103606355726633836e+02
-9.760831047801461580e+01
-1.554118655225240957e+02
-2.693907821856553255e+02
-2.243000622356288147e+02
-8.826697274125825743e+01
-1.471983393508451456e+02
-2.326335515096853328e+02
-6.584820630344471226e+01
-9.733913707411781502e+01
-7.541119206775080386e+01
-2.054866687933017317e+02
-3.107093678833743979e+02
-1.040579742721135261e+02
-5.852422649428435619e+01
-8.788003657587914574e+01
-1.314866007920236939e+02
-3.778574423069026977e+01
-2.076664687629693447e+02
-5.239198999131614443e+01
-2.627919284388268011e+02
-4.909720476722074523e+01
-5.195872430667066766e+01
-4.692513750718964047e+02
-9.530549616716625394e+01
-1.002492349383550305e+02
-1.231584757462706818e+02
-7.416314257391231024e+01
-1.912583446727288674e+02
-2.654536747548115727e+02
-6.416679646616398713e+01
-2.823755968692653084e+01
-8.633986953353237936e+01
-1.776120662923640339e+02
-5.322193264793573775e+01
-2.195329251210555981e+02
-7.647040477420125626e+01
-9.218189020762937957e+01
-8.431493380127800208e+01
-3.060662109111569862e+01
-1.159327650338134390e+02
-1.152297969848381598e+02
-7.072390621283997802e+01
-1.039063438037048144e+02
-3.307581335784098542e+01
-5.402445417307185238e+01
-1.055003038112015474e+02
-8.998326809767348777e+01
-9.177797845606357896e+01
-1.255658775122999202e+02
-1.223666509496343480e+02
-1.000246668927556328e+02
-1.107103357681593252e+02
-5.759433026522565058e+01
-6.065759200354649749e+01
-1.675223596193883395e+02
-7.618801534267126385e+01
-1.276982706798462743e+02
-3.023773544945035496e+02
-1.789583801459976655e+02
-7.176631887141516586e+01
-8.212799738849435016e+01
-1.666760361201217790e+02
-2.366472689454417377e+01
-2.247024410211702161e+02
-1.095695080328895870e+02
-1.274925471562810486e+02
-3.898856041202505196e+01
-3.729033587783950310e+01
-1.612555612626653101e+02
-1.765049150444840507e+02
-1.187635481044149373e+02
-6.041933036283830205e+01
-3.471958506652861161e+02
-5.340444069446815689e+01
-1.083198522483089192e+02
-2.176550260552069460e+02
-7.721493182012818579e+01
-1.116559127059114473e+02
-1.690160592143438407e+02
-1.898103009192371360e+01
-2.469707751958005701e+02
-1.179947654281532579e+02
-7.508302075949224275e+01
-1.339874956594269690e+02
-2.220855335418825121e+02
-1.958911503111945649e+02
-1.291290684902914734e+02
-8.974756905800109053e+01
-3.076007272239867234e+02
-2.025439149254897302e+02
-2.021248447750660659e+02
-9.916443582345280561e+01
-4.691667584764370247e+01
-9.258177818476235643e+01
-3.662240647745005617e+01
-7.902331589241541110e+01
-2.717303644973547421e+02
-1.548767885738007237e+02
-5.856022684387634314e+01
-1.158736358787324860e+02
-7.510967361593992564e+01
-1.411975042797546394e+02
-8.398333364868062745e+01
-6.139882567724515638e+01
-2.125579090701255325e+02
-2.513430832192553055e+02
-7.215750634875068670e+01
-1.250800967011901150e+02
-1.513622392859823549e+02
-8.700550813942928130e+01
-1.117902829772481965e+02
-2.464346873441629384e+02
-1.706814697452814471e+02
-9.586706320093550460e+01
-7.233256320519777205e+01
-7.554882880198954354e+01
-2.689729273785058581e+02
-8.685441324020086995e+01
-3.651574165218707435e+01
-8.952538526760858417e+01
-7.285564621837544053e+01
-1.011136515187553329e+02
-8.602798883014742160e+01
-4.750913408123146553e+01
-7.563718551397241185e+01
-7.778998673321207491e+01
-7.006496546303557693e+01
-1.060797895135571025e+02
-2.800691954780016886e+02
-3.837975333600934391e+02
-5.273500787294092618e+01
-8.305921141849957223e+01
-9.401110287708220881e+01
-2.743993952043976492e+02
-9.227836754818656573e+01
-2.062921251480577496e+02
-1.014605912950836881e+02
-9.675350725414257624e+01
-7.537548929755192262e+01
-1.033844926674360352e+02
-7.214561388167858524e+01
-8.612639508954828216e+01
-9.108903505130467693e+01
-9.250607030547008947e+01
-9.339525390215787581e+01
-1.019457999487270285e+02
-2.023845582785557440e+02
-1.143795953091956505e+02
-1.203036334788942838e+02
-2.040708871871929091e+02
-8.817066214385445733e+01
-6.382973183143508322e+01
-5.160946226547333993e+01
-2.704877419430717396e+02
-1.097889494485698947e+02
-6.339119662000818778e+01
-1.266224984286359643e+02
-5.173499737074561011e+01
-3.451081333177283739e+01
-9.164357803627223120e+01
-8.946451765256290400e+01
-1.124322751786734642e+02
-1.366469642106793572e+02
-1.051637676720296923e+02
-1.043987736355812217e+02
-3.481661516269558092e+02
9.328957316080973783e+00
-2.887894610739316192e+01
-3.679226225628944746e+01
-1.006769453632012414e+02
-9.417592738081063430e+01
-1.435329652508415279e+02
-1.727643289968692955e+02
-1.562144338203252403e+02
-6.316064775516628060e+01
-1.484187424888783084e+02
-9.236474128988874099e+01
-1.184449527745703108e+02
-1.050713227685053539e+02
-7.065899738704337096e+01
-2.312629581115037638e+02
-1.546872944703094674e+02
-9.868352714717747176e+01
-1.163445449903480124e+02
-2.519208634862324914e+02
-6.765423716593377890e+01
-1.708578193017488047e+02
-5.720232049800572582e+01
-8.012446566877204646e+01
-2.963260258476595936e+02
-2.737025450021161532e+02
-1.102707749348537050e+02
-1.010171590073773018e+02
-1.833595585917952917e+02
-3.693995043749082186e+01
-7.805034015710663198e+01
-3.279303431079893016e+02
-3.449471642211735229e+02
-6.905534161592049713e+01
-9.123863757683174924e+01
-1.092681711701178386e+02
-6.337653689973025450e+01
-3.088226399050832924e+02
-1.423482133058124646e+02
-8.678124442839779817e+01
-1.347204791016794161e+02
-1.102066528404774459e+02
-7.479012543939525415e+01
-5.895786404920161772e+01
-1.156332916037563336e+02
-1.257323538828988632e+02
-7.394932454598954052e+01
-5.754652617816271487e+01
-1.105277685354245847e+02
-1.116296987286515048e+02
-4.454776704903021312e+01
-1.064274811868663022e+02
-7.615848354443602375e+01
-7.438028697114773991e+01
-1.390365904309380767e+02
-1.415653397027959386e+02
-2.379482579708448498e+01
-9.795569478805711583e+01
-1.725098342209130919e+02
-7.755508019704339517e+01
-9.220172482539578596e+01
-1.087715680618746887e+02
-1.285372394419183877e+02
-7.123556642051316601e+01
-9.937738008161517200e+01
-9.406488107149360189e+01
-6.077682223787250138e+01
-6.961944028874545154e+01
-4.132465229538553331e+01
-6.209520002381874093e+01
-2.202995706660902329e+02
-6.719953695431644292e+01
-1.232157878086973994e+02
-1.093343660200991962e+02
-8.956077744215272674e+01
-5.247994174963037750e+01
-6.683785572012395448e+01
-4.847404249345780869e+01
-1.061271266412486369e+02
-8.218732437532227664e+01
-6.020959996758055865e+01
-3.186586237847440657e+02
-1.104246152219902513e+02
-7.502846324176066162e+01
-6.026462483298858785e+01
-3.781404092105195502e+01
-6.294287438546768243e+01
-7.791276992086316966e+01
-6.554127619061037535e+01
-7.816587539628761760e+01
-8.096626316237426124e+01
-8.333367152498601627e+01
-1.399815039770983276e+02
-6.906358948856204449e+01
-4.977648300728753128e+01
-9.975231149031219502e+01
-1.028895952075155265e+02
-1.311549681115360215e+02
-4.811751782902211261e+01
-2.023646937719263690e+02
-9.449999116491459006e+01
-1.175106846150177518e+02
-8.169003880158351194e+01
-7.374535985875711219e+01
-1.963788885681705096e+02
-1.026290630419919268e+02
-1.136086846372577099e+02
-9.088885066660748180e+01
-4.915551430931539301e+01
-8.137146913464135878e+01
-1.011809174822507202e+02
-4.895472492891642702e+01
-8.751373800348245879e+01
-1.681487547401731604e+02
-5.358272098726881438e+01
-7.568734343284026522e+01
-7.287761898874741462e+01
-2.215296458356102960e+01
-7.507811486596526152e+01
-5.238490066223885577e+01
-6.818757028988783020e+01
-2.028465594663317972e+01
-7.234106060097781210e+01
-3.955339144789365236e+01
-2.047785046790498882e+02
-5.189807054551688736e+01
-1.003339635951402187e+02
-6.272980518882413747e+01
-9.299389880829171773e+01
-2.455008777137799711e+02
-7.643078342176960405e+01
-2.794466254202555433e+01
-5.627220849064566721e+01
-8.630281555713636976e+01
-3.361982309950619197e+01
-8.864748848309918117e+01
-4.283192599513549226e+01
-1.499534376403760803e+02
-5.468329905859184947e+01
-5.534168783005760872e+01
-7.007225888569900007e+01
-7.849093336686532041e+01
-9.284473878643747469e+01
-5.677321627328095133e+01
-7.953250484660225084e+01
-8.168444026997954666e+01
-6.995323187174292912e+01
-5.659153542580915541e+01
-8.741417464018431360e+01
-7.333714540746952082e+01
-3.977291832289730422e+01
-4.870631936239946214e+01
-9.611294989432532532e+01
-1.189108783608843112e+02
-9.233530169083918793e+01
-9.086556767373402010e+01
-1.545598133681453419e+02
-9.980587545658768533e+01
-8.926929062478602361e+01
-7.678429512522041023e+01
-6.192867985290489230e+01
-8.353794346435876150e+01
-9.242169867063516620e+01
-1.015302972209139796e+02
-3.118467829387563484e+01
-3.349643739341911441e+01
-1.154604177348702905e+02
-5.719132496285956790e+01
-8.829931362231016578e+01
-4.399000638450448974e+01
-1.029844672642320091e+02
-7.367453770625752441e+01
-2.519434769742403546e+01
-8.254513861310471157e+01
-4.817617393129992109e+01
-2.189542552843391832e+00
-6.542151543041654804e+01
-8.828486609667655216e+01
-4.708120854310768522e+01
-1.968722430401170982e+02
-2.753148281863644797e+02
-6.238485452474199633e+01
-3.731873645761287861e+01
-1.292079179808659717e+02
-4.987506898195819360e+01
-4.985323173046311496e+01
-7.588125348322242303e+01
-3.858318598038530212e+01
-9.400182659263030871e+01
-7.798368883176033250e+01
-6.237280876336657087e+01
-5.339547230312729909e+01
-5.871057819954722845e+01
-5.965088335137252074e+01
-2.001808786934230682e+02
-1.417910814169678133e+02
-2.235575267098809320e+02
-5.991926931805726753e+01
-1.929476675560269996e+02
-5.638726938261252286e+01
-9.737890975994979215e+01
-4.213106490335940180e+01
-6.636289983805676229e+01
-6.967228519805405540e+01
-1.224733873180834962e+02
-5.450753646407289210e+01
-9.686745594351664579e+01
-1.090928909738884158e+02
-5.631922500461685388e+01
-2.734397669425245567e+02
-8.571049132309796903e+01
-5.612146380665832623e+01
-7.225428547680260749e+01
-7.944059984604433566e+01
-1.789926550657768018e+02
-6.367347892122569419e+01
-1.161435746148085570e+02
-9.867012448711807338e+01
-5.073118776429431165e+01
-6.859007054212071353e+01
-1.080437042395198830e+02
-1.170601816449778454e+02
-5.257377127527171012e+01
-7.699265793503397504e+01
-5.346594671201371796e+01
-9.705526852551449224e+01
-1.269445512797548190e+02
-5.757325501948271551e+01
-7.561911356929138606e+01
-6.381418979507542133e+01
-5.959485539342045968e+01
-6.487091973844781023e+01
-5.676325743217331166e+01
-7.225896620227003098e+01
-9.239028992814007779e+01
-4.549985000964196047e+01
-1.196781789689008804e+02
-3.192491054546270846e+01
-1.007155742590675800e+02
-9.795185112704403707e+01
-8.309120605388034164e+01
-9.587871316152975965e+01
-2.368977273738250346e+02
-2.687032817798192355e+02
-1.441172471263343482e+02
-1.940794810729983624e+02
-2.273269090660713800e+02
-7.028083698766290865e+01
-4.339288848808500632e+01
-5.452328146419854704e+01
-3.471282286886372503e+01
-6.796081642069393070e+01
-7.208012967294686746e+01
-2.858415116336469453e+01
-9.031192745650346865e+01
-3.167506246915384338e+01
-5.645315787901681404e+01
-9.789201624859822459e+01
-3.065447406284953047e+01
-5.701281608702610981e+01
-9.624056787341237396e+01
-9.931391960931742346e+01
-2.340911161301940524e+01
-6.054894777215424995e+01
-1.147521337584554004e+02
-4.109202393055658575e+01
-2.010029553907359912e+02
-4.484998228581228830e+01
-2.661358896624901149e+02
-8.199705898335345466e+01
-6.512937030177158704e+01
-4.000231202070017389e+01
-6.688399707101851277e+01
-1.444615616622499488e+01
-6.266058251023016368e+01
-3.676006950032759164e+02
-1.000139809287262125e+02
-5.624486025703865266e+01
-7.195323926079962007e+01
-7.919174529517027850e+01
-1.172819554642781696e+02
-7.013545466529190264e+01
-1.110729350179987165e+02
-1.034752578108205938e+02
-9.466998862724838659e+01
-7.913110767786555755e+01
-5.211133721129491647e+01
-2.151297794260477758e+02
-5.242349973895204585e+01
-5.746530485243000896e+01
-4.694109668302546368e+01
-8.520923758210361143e+01
-2.206771978953368318e+02
-9.828060636704144315e+01
-9.234731063157288133e+01
-7.644052948277587234e+01
-7.693115682490488894e+01
-8.781803898873847913e+01
-1.030274112042781667e+02
-1.069175026957757240e+02
-5.285271383380610644e+01
-5.653479530906893302e+01
-9.913407083710279721e+01
-3.718865243726559555e+01
-7.053010777530690234e+01
-7.091473392091589290e+01
-7.602993954885741346e+01
-5.391117009662661985e+01
-8.766088013468402096e+01
-7.061851552065830617e+01
-2.131225411369636049e+02
-1.660255027088560951e+02
-8.892012276029618079e+01
-2.621532877025414621e+01
-1.029932456539500549e+02
-1.054946736087492809e+01
-5.275552209330567166e+01
-6.586172186694963671e+01
-1.870393531562268663e+01
-2.487313625055958255e+01
-5.151756246004030970e+01
-1.533945182942749454e+02
-3.542775903462501219e+01
-9.274017133549673986e+01
-3.887404057524449286e+01
-8.903420116047726651e+00
-7.410772299793580942e+01
-4.241814797809261961e+01
-5.460668956359045012e+01
-5.970557085588179547e+01
-1.127211747765713596e+02
-6.446809919903401465e+01
-2.221951327363470909e+02
-6.395399217206144726e+01
-4.511543703986745157e+01
-7.022688079536828809e+01
-1.116405514657680271e+02
-9.032277797400135455e+01
-2.031795667406440487e+01
-8.763442849165390669e+01
-5.286326528183252549e+01
-8.559438014774474368e+01
2.709413034975058565e+01
-1.147093145326955721e+01
-8.129650947183118603e+01
-4.830737311514570820e+01
-6.197577945497467056e+01
-6.281380886636512173e+00
-4.658253609687785257e+01
-2.505337220861325420e+01
-3.730936725162050038e+02
-7.153375986270404496e+01
-1.203158546058587319e+02
-6.184952172541789395e+01
-9.517258500207506700e+01
-4.039121456898799067e+01
-8.512641948644466083e+01
-4.233134780824700272e+01
-6.261532112803543981e+01
-1.292292104473219183e+01
-7.249339085926925463e+01
-1.482588618156186442e+02
-4.145117527612455177e+01
-1.996465852029847099e+01
-3.155099411084299277e+01
-1.186539826439787646e+02
-1.028149644683118424e+01
-1.270345172529420807e+02
-6.484075393891643557e+01
1.138347770364867984e+01
-1.099931130629565246e+02
-4.875609093341168432e+01
-9.292521840953327228e+00
-3.517053995896887386e+01
-1.049729495832388864e+02
-3.022118067440577249e+01
-3.135820678051080108e+02
-2.547003167551767433e+01
-9.273546400202980067e+01
-6.734328813895493226e+01
-4.827151877404965319e+01
-2.598234186590296986e+02
-6.317959130577526139e+01
-7.380219305613795200e+01
-2.602746248800623903e+02
-2.032502657705312572e+02
-2.180550581578921765e+01
2.849285734680595983e+00
-7.486334172447347157e+01
-2.032195014080621718e+02
-5.178644004535757972e+01
-3.241318818446229670e+02
-1.615551839510555965e+02
-1.493884373383708919e+01
-4.823710379285556371e+01
-3.219257338358407594e+01
-5.773334931828323846e+01
-3.964477524625535665e+01
-2.685320083030550791e+02
-2.975222203327435011e+01
-6.531873192369820913e+01
-8.489617086511168509e+01
-1.721534411846611192e+02
-4.928654559393471146e+01
-7.091843660331115018e+01
-6.389024168766287204e+01
-2.314064029066363446e+02
-1.761616515510042404e+02
-1.302305500402983967e+02
-8.964243343708110956e+01
-8.525833761131899280e+01
-6.033255652590187879e+01
-4.659776556677013559e+01
-6.492607107843463154e+01
-7.284386300849199358e+01
-2.734972284475018114e+02
-5.499372880985181666e+01
-1.031410149975722561e+02
-4.311682033416087023e+01
-4.916451588546910045e+01
-2.372282296849362524e+02
-9.427647476107298985e+01
-2.524512593503894209e+02
-1.291996491292636904e+02
-5.060786708173221626e+01
-5.371004750614701351e+01
-9.362514982741062397e+01
-7.642459092390160436e+01
-2.750937292412380657e+02
-1.524109221943894568e+02
-3.876263480291645891e+01
-2.744810972621817768e+01
-8.750420498645628697e+01
-3.145976967983746420e+01
1.262819090340687467e+01
-5.201842679240866119e+01
-4.554247360448148640e+01
-6.085869522404070153e+01
-1.141834174763587413e+02
-3.050577099950811544e+01
-1.616678509162183275e+01
-2.531609918718410768e+02
-1.887115967937424443e+01
-4.256779015074042150e+01
-5.781561398710374533e+01
-5.441237622496739590e+01
-8.488359916337290656e+01
-6.398155289474642871e+01
-7.692920793008750024e+01
-1.978896453534003967e+02
-2.298029880346923903e+01
-5.830757250815557313e+01
-2.738559534169226595e+01
9.890733444130347607e+00
-2.620961034208178830e+00
-8.775565524303601705e+01
-7.523882047694323205e+01
-6.489042145228621905e+01
-7.726392313470321938e+01
-2.922066172073270707e+01
-4.231485720136014805e+01
-1.417345260481009745e+02
-3.870594933210202271e+01
-4.664219489795604545e+01
-7.360776718653906414e+01
-2.102787721361778495e-01
-7.903808474999127043e+01
-9.436654002014927300e+01
-1.693403276329955816e+02
-8.062653532266376999e+01
-6.916990897713159825e+01
-4.179639029855513144e+01
-9.192583292823641727e+01
-6.470316185609279103e+01
-1.124872178669755414e+02
-8.231099271220571723e+01
-9.819931000473027893e+01
-1.584710681471995031e+02
-3.186511809664267503e+01
-2.043996760657279026e+02
-1.139031799060438033e+02
-1.929674288824921291e+01
-1.364605165342072439e+02
-1.520252177099383744e+02
-5.346916980942734199e+01
-9.268649807660582951e+01
-1.032441201787165141e+01
9.508915460940713160e+00
-1.013171994854635045e+02
-3.484530956182258876e+01
-1.783515575082519433e+01
-5.228137361464997923e+01
-9.460692092015109722e+01
-2.151443171356557968e+02
-4.519205780451803633e+01
-2.445764418839851544e+02
-1.107743514663128650e+02
-1.000758733636372284e+02
-8.370915346355860720e+01
-1.754408056290160971e+02
-9.430178826102076073e+01
-1.211588145703040169e+02
-7.650544509209848343e+01
-1.623787737776099789e+02
1.021183192604561896e+01
-1.100067216143356461e+02
-1.881819255391842205e+01
-8.176058527642059914e+01
-1.725124233267848695e+01
-8.008164652545231377e+01
-1.576473031015880792e+02
-1.125200926314469427e+02
-1.067392427727729256e+02
-6.753482001534165136e+01
-4.659152558015138368e+01
-1.398174978500807129e+02
-1.255127310952287729e+02
-1.491746621081596516e+02
-5.556437991889641381e+01
-1.024900507249887767e+02
3.972551766570359177e+01
-1.446955564261316454e+02
-1.070443314028078561e+02
-4.049189100288520393e+01
-7.643425632503286238e+01
-6.011486083254557400e+01
-2.895163617528814370e+01
-4.215580400807375838e+01
-1.965682845465065043e+01
-9.939001749397809249e+01
-8.216543604182010085e+01
-1.110066343064791567e+02
-1.544751715323214398e+02
-7.063132908337351523e+01
-8.773328796952962705e+01
-1.238095419950896314e+02
-1.210186308722179547e+02
-1.157441821285212455e+02
-1.901004086922219187e+02
-3.655846774516740538e+02
-1.213451970086736083e+02
-1.122011435862121118e+02
-1.295357997501646707e+02
-7.097480474869522027e+01
-8.173854936151880679e+01
-1.333444786365280663e+02
-1.988044729652625620e+01
-6.469834937283387433e+01
-2.325366952280788553e+02
-1.016405766731750759e+02
-8.921502791670866372e+01
-8.541620517296104254e+01
-9.615342744149214127e+01
-1.064718992715272918e+02
-8.261973837519386166e+01
-2.047864863984395640e+02
-1.741386544389263804e+02
-3.390032868300198743e+02
-9.157886860406443930e+01
-5.583509200110704995e+01
-1.580277780194656145e+01
-1.364479941205989917e+02
-8.688019695005115750e+01
-1.185776402266013037e+02
-7.917616715570252950e+01
-5.997995864872979155e+01
-4.371525247413599402e+01
1.717750736273233869e+01
-6.101208970729246062e+01
-9.730160287191394275e+01
-8.344146233029918847e+01
-1.107309367512983584e+02
-8.912060646404273712e+01
-1.128419311285545774e+02
-1.415805465084763455e+02
-1.585446022317389918e+02
-5.727445680887716151e+01
-1.159646185669369345e+02
-4.252680072491757102e+01
-9.686698443328474184e+01
-7.170881567560398651e+01
-1.643909264366438947e+02
-9.878297226136295706e+01
-6.376223556891203970e+01
-1.155680235235073781e+02
-2.262352448395636202e+02
-7.969140001656637651e+01
-6.473380017638962158e+01
-1.362722367700114319e+02
-2.135929275911435639e+02
9.853200060714797814e+00
-8.197333854376415729e+01
-3.608272401360790127e+01
-9.336760928353369593e+01
-9.985033518312962997e+01
-3.415666471432766684e+02
-7.424981378944573862e+01
-1.878574639547974812e+01
-6.099589598516349298e+01
-1.176687442696589585e+02
-8.288372980336062312e+01
-9.663274246682337321e+01
-5.860744438559716230e+01
-5.290467594836895415e+01
-1.042128916883866196e+02
-3.813566284222675051e+01
-1.276748530533072170e+02
-3.587279691819088612e+01
-6.711850359077193673e+01
-6.326295174412972955e+01
-6.845276969516831400e+01
-5.606809329670426933e+01
-5.116506362150915521e+01
-1.184420829005902078e+02
-9.889287240995858497e+01
-1.243274888026161449e+02
-1.529423571418178938e+02
-7.298309903883327365e+01
-7.955927583170131356e+01
-3.326394265868917444e+01
-1.395765163456708535e+02
-1.333933488864826131e+02
-3.901344413002226474e+01
-1.072397440892467699e+02
-6.689569521492408910e+01
-6.563902800112998648e+01
-3.053432090964038537e+01
-6.061028395057411444e+01
-8.377947639625190845e+01
-1.659230773674030388e+02
-8.046870518785009097e+01
-1.241738998914487979e+02
-3.233389460634552393e+01
-8.223179318847610375e+01
-1.064657931385312395e+02
-1.191511978101615057e+02
-5.236320962402672308e+01
-1.420162873438702889e+01
-1.210143395348964930e+02
-8.480640752907430624e+01
-6.584235863676221356e+01
-5.885871722075103918e+01
-5.209346274407153032e+00
-4.370536337559258300e+01
-1.274857853646564507e+02
-1.415410306891999426e+00
-2.475916909317484738e+02
-5.579283243851544682e+01
-5.332567834449923794e+01
-1.073723993894891180e+02
-1.322223285743898771e+02
-5.406294786716676981e+01
-1.071350553883395946e+02
-1.614589003553095949e+02
-9.859231215856742381e+01
-7.913710353735584135e+01
1.092116253121905878e+01
-6.874499296850893870e+01
-5.521597182004902749e+01
-1.865321753177305482e+02
-5.745587914900733040e+01
-1.009278968686574416e+02
-2.718530615762131220e+01
-1.013083385001147008e+02
-3.744013921439332648e+01
-1.334712647635902840e+02
-5.450004530157608684e+01
-7.159947404529043524e+01
-2.557285763233015530e+01
7.419614091607343198e+00
-7.857057262567911948e+01
-2.237953241247771530e+01
-1.163252011362762204e+02
-5.089690786157846958e+01
-5.188789030109325040e+01
-1.449924049364850021e+01
-5.644203486906377520e+01
-1.479014898889418248e+02
-2.128757799527055283e+01
-6.072282927441460032e+01
-6.430201526257675937e+01
-1.117853694012397199e+02
-1.287325917736961856e+02
-6.889041490063746664e+01
-1.074162225743623083e+02
-1.802616624005104597e+02
-2.980959181519918388e+01
-6.514982304106575839e+01
-4.067978094348562479e+01
-4.689060749895774904e+01
-2.979392644003614805e+02
-2.321492386114593387e+01
-6.340626963507745728e+01
-6.714906072065701892e+01
-4.533463029329167426e+01
-3.084682605000093076e+02
-7.724282601212958355e+01
-7.491810779328190506e+01
-2.490845054818416315e+01
-2.934856526349969386e+01
-1.701308948181790583e+02
-2.131027983702722395e+02
-6.806617424084953427e+01
5.989392972323997810e+00
-1.522127780508606065e+01
-2.109965959578510137e+02
-1.858146334058177445e+02
-2.927454418222731647e+01
-6.466792775745345523e+01
-3.066647884056906150e+02
-4.247612635071349985e+01
-5.171703324034162108e+01
-6.790536777769708010e+01
-4.320679909367208893e+01
-3.965114192668380610e+01
-1.439805605623253939e+02
-3.940510709642347820e+01
-8.017113053565923053e+01
-3.837128202483749817e+01
-4.442856816777515405e+01
-1.037348026233728291e+02
1.662558440139093818e+00
-1.124759877074316563e+02
-3.752514011582557174e+01
-3.821613319756130522e+01
-7.383635562514319872e+01
-1.945235749635279490e+02
-1.128108206184684690e+02
-2.888072065502221903e+02
-1.526742774695685796e+02
-5.186349673798098792e+01
-1.877844045140456046e+02
-1.999860238181870216e+02
-1.166689976982797390e+02
-1.101185712219103436e+02
-4.100551485055272849e+01
-5.840672456537382828e+01
-2.359325055066633183e+02
-1.515098134431550818e+02
-5.548036712569218309e+01
-1.854540469957271398e+01
-3.998678672151341829e+01
-1.647276370810500907e+02
-6.476832679361589840e+01
-7.734599500530231353e+01
-9.850185319475286860e+01
-5.277976090012387544e+01
-9.124577683594557698e+01
-1.162924581130528736e+02
-2.146635659458155203e+02
-5.406009510596303613e+01
-9.865849494475270376e+00
-4.320842498773075135e+00
-5.763251483270745723e+01
-5.019844664068397577e+00
-1.012368029774377760e+02
-2.142674637683582830e+02
-7.033883024220338598e+01
-4.018432947218447993e+01
-2.804007699898097030e+02
-4.352702218023311076e+01
-1.265135662377551427e+02
-3.859535926707656728e+01
-1.284426900970020711e+02
-4.394965030620652158e+01
-1.184258523045071172e+02
1.310541598209437097e+01
-9.868028692347348851e+01
-8.812699008108219800e+01
-6.147149534074623034e+01
-1.743023763594197248e+02
-7.334835862622095704e+01
-6.773924180746286083e+01
-1.034153334601387684e+02
-1.499455939162677396e+02
-7.238923231268586278e+00
-1.931386026500608182e+02
-1.247348451244697571e+02
-4.730624135488473314e+01
5.082974126359772526e+00
-1.240709670036521288e+02
-1.619348871599901827e+02
-1.645228661309831750e+02
-7.663425678745193181e+01
-6.856348370639724976e+01
-5.888979422476742087e+01
-2.012098877332382756e+02
-9.959180047611354780e+01
-4.690074060368573328e+00
-5.550829045509748738e+01
-1.772892646895106168e+02
-1.235552276889175545e+02
-1.633487784130855971e+02
-2.844676737431761353e+02
-1.570765390450125096e+02
-5.452834599103711355e+01
-1.016830939239235931e+02
-1.895118203846215579e+02
-1.711727300349605230e+01
-1.281284203175015080e+02
-5.726817231275048670e+01
-1.332514976992815718e+02
2.747542007371373529e+01
-1.015821789630296337e+02
-6.723002029559184223e+01
-5.307534957228300954e+01
-3.138511320226322709e+01
-5.515618367622423790e+01
-1.806817688523784682e+02
-6.454676396890241108e+01
-1.007111719403276950e+01
-1.316560974351851030e+02
-1.276157210694474031e+01
-1.252667344764397583e+01
2.243974560878353941e+01
-5.133675140754074562e+01
-8.452801353096816683e+00
3.215826979401168728e+01
-9.953959797119028963e+01
-5.897329964753734544e+01
-9.191633756058311633e+01
-8.970478950309819766e+01
1.080327750767527561e+01
-8.355923133235791056e+01
-9.143078407676676989e+01
-5.918261717344650208e+01
-1.246436365138111029e+02
-1.702887505447715171e+02
-1.815444128419534024e+02
-8.311079424865859266e+01
1.566506113473255368e+01
-2.959448004338638611e+02
6.460786718633556802e+00
-2.619261066459011431e+02
-4.726331897785964742e+01
-1.080630550615549623e+02
-1.394783976640894707e+00
-7.407901882762030255e+01
2.074097009227025978e+01
-1.316576817225169975e+02
-1.142553597788287902e+02
-1.478940203146433134e+02
-3.001191876705061645e+01
-1.791293482680932811e+02
-8.064579233729072882e+01
-3.055101048013197840e+01
-4.617635021984290233e+01
-1.121036854343267919e+01
-4.073805701376940647e+01
-9.879307152665050751e+01
-6.167293987836855962e+01
-7.055675289890019997e+01
-5.298770803856761802e+01
-2.370571029686727513e+02
-1.205861631960619604e+02
-5.644365353263135887e+01
-7.015144538680874575e+01
-8.053322629837775537e+01
-8.502993209025166266e+01
-1.540123906559072964e+02
-6.782711630508728717e+01
-6.379782273190259900e+01
-2.740602362523766260e+02
-3.475841244055918366e+01
-2.667311540193136352e+02
1.744340551553706575e+01
-8.810415236280559270e+01
-1.056078726921725774e+01
-1.481413885311745844e+02
3.582018502126186377e+01
-1.067036296413897531e+02
-6.083282713801803254e+01
-5.622893907888178688e+01
-2.988730683576592639e+01
-3.762557020978249511e+00
-3.278331634595336652e+01
-2.798445326350238815e+02
-2.383453727461426013e+02
-8.098073149561710693e+01
-2.191327274467600716e+01
-2.012456290981275515e+02
-1.000185078172741555e+02
-3.732090859867084731e+01
-7.760083559820242272e+01
-3.292176170794860468e+00
6.897173306152808436e+00
-7.272676697947755997e+01
-6.474876924816584278e+01
-1.166864002343583593e+02
-3.956981925855148319e+01
-1.910131354980920833e+02
-2.056401611754461385e+02
-4.116585489183128743e+01
-1.244540716764757491e+02
-8.893109650838620439e+01
-9.849825581721806600e+01
-8.625436727561682915e+01
-1.941623206377485076e+02
-3.518587081435426711e+01
-8.245026406613285985e+01
-6.675440894057587116e+01
-1.333719557877992088e+02
-3.778040286522782480e+02
-2.592488877088325125e+02
-3.884723000095696932e+01
-1.139064538988066033e+01
-7.042508737738288005e+01
-3.440042198046869260e+01
-1.816983329449104758e+02
-1.295178773437400821e+01
-7.271667485222890548e+01
-6.394938560071332212e+00
1.590591217730556650e+01
-8.410809031909286659e+01
-1.795159164625216306e+02
-7.430652096834356257e+01
-1.298781293392903535e+02
-7.124019447407749794e+01
-1.314533403746245455e+01
-4.536153848139997535e+01
-5.335374980780964904e+01
-2.840074972482010196e+01
-1.609922934869823621e+02
-5.763296872070389298e+01
-4.261139076343853560e+01
-9.754938970897461559e+01
-6.994627545264704338e+01
-2.906882752674262349e+01
-8.685560624096751781e+01
-7.192089447045734119e+01
-2.654407424859164166e+01
-1.791723441389428899e+02
-1.232153027737599729e+02
-7.490879017540268592e+01
-1.186646984320183833e+02
-8.010339807589123495e+01
-8.622265289415366851e+00
-1.293013677487970767e+02
-5.328443250998097369e+01
-1.224804859835739705e+02
-1.828429888149706244e+02
-2.098255845510989559e+01
-5.950937298522475771e+00
-1.114953283855757604e+02
-1.939930491668870616e+01
-7.769911003152365936e+01
-1.737433754959431553e+01
-2.431307076740448281e+01
4.514702174031901194e+01
-1.307957805873542156e+01
-8.728703352378519753e+01
-7.469838698266968890e+01
-3.429899133895192165e+01
-2.636334316461613980e+01
-9.024036015478763773e+01
-9.583929787805288925e+01
-3.331134552331598115e+02
-7.074539936889044611e+01
-7.859626034232994130e+01
4.009881419958065862e+01
-4.725807415891304686e+01
-2.253646305472801714e+01
-4.460429862875466824e+02
-1.423798865068533814e+00
-1.082433938355857919e+02
-1.007474600621775807e+02
-1.531027737375930542e+01
-1.392746646102525290e+02
-2.636312852407341438e+02
-2.185877507751640962e+02
-2.377720551665284177e+02
1.217250777516210292e+01
-3.416378091801289543e+02
-1.092403854752460148e+02
1.538332853468172345e+01
-9.821168280569619924e+01
-1.200785139994184192e+01
1.451914299456406354e+01
-1.268614547707720703e+02
-1.872625314088595587e+02
-4.150773565710424862e+01
-1.995677661362786921e+02
-2.109554192688138414e+02
-1.392702302399694076e+02
-1.095335238412053656e+02
-7.110614272068143293e+01
-8.218412886238563431e+01
-9.598002423071478972e+01
1.007506599501098776e+01
-2.905454381865405367e+01
-2.579627715647760056e+01
-8.721109330595558617e+01
2.794930896530416931e+01
-1.410943174269493170e+02
-1.519109853435293189e+01
-8.837533108546440985e+01
-7.577516503427420957e+01
-2.834804955985274546e+02
-8.704407658392135261e+01
-5.661092344302346646e+00
-6.932767653137781849e+01
-6.665663776866203705e+01
-2.501168236921028551e+02
1.781904119395538544e+01
-3.890113703448861315e+01
-1.210648668298338180e+02
7.405028132191749535e+01
-1.909826782223797466e+02
-6.378298003288907125e+01
-2.582837233118006637e+01
-8.831188511274679342e+01
-7.561748578746832550e+01
-6.135687948128008884e+01
-5.805283015633165178e+00
6.968875172424657194e+01
-5.804601808467077007e+01
-1.412800455659506724e+02
-5.600088206435478355e+01
-2.286405651100260172e+01
-3.988955295841520865e-01
-9.965251516769022544e+01
-3.375144610365709923e+02
-3.288159653400570903e+01
-2.939048251893821373e+01
-7.429480530615718692e+01
-8.429410833006755865e+00
-2.453081618053238913e+02
-3.595584240809951382e+01
-2.567084784740552550e+01
-5.067577248502693976e+01
-6.899136414423689700e+01
-1.138618636551747727e+02
-1.044207636647080761e+02
2.696865111093497092e+01
3.887558122416402284e+01
-1.185631123918057455e+02
-7.776578859762531692e+01
-6.464744529247420246e+01
-1.736548455727658791e+01
-3.359455520023580277e+01
-2.802553078794179555e+02
-2.614153384617644633e+02
2.399000866348389138e+01
-2.209971346740549336e+01
-4.421964108471641453e+01
-6.513489363981014435e+01
-2.009342839534744485e+02
-7.547807253692428731e+01
-2.262647857089979198e+02
-4.621790825999763541e+01
-8.956324940918321431e+00
-3.375285530013132984e+01
-1.383511063862698052e+02
2.536866725731945849e+01
-6.445573554882922451e+01
-7.597363535372241472e+01
-1.845494385504841262e+02
-3.562738881760560616e+01
-2.252723881448616794e+00
-9.430123887067804844e+01
-1.023180054944195518e+02
-1.421786125440773674e+02
-9.388326466319389851e+01
-8.571520716033572285e+01
-3.357659243589071707e+01
-1.258954543283431065e+02
-1.035487946801460453e+02
-7.533173023793045786e+01
-5.997608855043125686e+00
-6.583827739922151068e+01
-2.642506069916249771e+02
-3.637515484656464082e+01
-3.622422280859800026e+01
-2.247605412708932704e+01
-8.460982436697577214e+00
-2.875750547863106021e+01
-7.877203759557833962e+01
-2.078107380058254705e+01
-2.735696710498834250e+01
-4.767026983019743369e+01
-5.794979142544500661e+01
-1.166174307958401641e+02
-1.675958120664457738e+02
-1.087247926585695978e+02
-1.732168184320892124e+02
3.019965959509607956e+01
-8.070361321607862237e+01
-1.442715225966634307e+01
-2.417449370578411560e+01
-2.119866899381396763e+01
-1.026042287686448446e+02
-2.862627991923659465e+01
-8.733240851193021115e+01
-7.088893971184671727e+01
-7.541075274401180195e+01
-4.242098718456988848e+01
1.191785564391877017e+01
-1.444103645573628683e+02
-5.880455008360164015e+01
-9.845951448817847051e+01
-8.699539607097061378e+01
-5.679048518210568375e+01
-3.724697478693482822e+01
-1.509179028272652090e+02
-6.646853724391674234e+01
-1.073659860667847568e+02
-1.317485260309059640e+02
-1.295252371755629497e+02
-6.454530829951610826e+01
-7.174736282586292191e+01
-6.071957327398365578e+00
-3.125876464780660058e+01
-2.075979608709098443e+02
5.247121374041649489e+01
-1.541175743221503751e+02
-7.650657463785731238e+01
-1.040414029946241357e+02
-2.809254296261165109e+02
-6.773823994070011167e+01
-1.317665488674516894e+02
-9.143647371009393510e+01
-9.066621729964104759e+01
-2.940002037648151827e+02
-1.662184342573048923e+01
-4.234137193372434638e+01
-8.531320083623731421e+01
-1.200839245138446216e+02
-8.609967261390849558e+01
-1.681334956763002424e+02
-2.446707206711802485e+01
-6.431416908409653388e+01
-2.368787199765435787e+02
-1.069975761135897443e+02
-2.091915719816948354e+02
-5.869580707390081642e+01
-2.957310676181977271e+01
-1.574000602707901066e+02
-1.062766891718714817e+02
-2.408140366042515268e+01
-7.754440484543877687e+01
-1.221136385959577666e+02
6.764430779767683077e+01
-2.812714815160704518e+01
-1.864871295870488552e+02
-2.883767257395074921e+02
-1.492533469268060742e+01
-2.427654790484946261e+02
-3.227057553194741502e+01
-1.149399078091273196e+02
1.525942502831068737e+01
-7.160036447039516361e+01
-3.083628518504992257e+02
4.319545245379572407e-01
-5.423838046712485550e+01
-9.713323922072854089e+01
-2.005403080227533508e+02
2.676503963794998242e+01
-2.556702309005269171e+02
-7.292269764224660378e+01
8.076221083382677079e+00
-1.220386721434551589e+02
-2.208179985672369128e+02
-7.269099716275565015e+01
-1.550954832226446456e+02
-1.973972544326544494e+02
-1.222230190862582475e+02
-1.007293768193525523e+02
-8.825627213786351888e+01
1.429336125559871107e+00
-3.665404330406931166e+01
4.379518109300708062e+01
-5.674653717612126513e+01
-6.739752728776853985e+01
-1.432596177806212836e+02
-2.943106391144282270e+02
-6.740978601220209043e+01
-2.811302501095776734e+02
-3.154176700287713402e+02
-1.732523123558705791e+01
-5.606089444095545815e+01
-4.156160891957104297e+01
2.518660809415094093e+01
-3.328091539979698155e+02
-1.787262484455847584e+02
5.797257953396993457e+00
-4.798978722027395349e+01
-5.137270117391978630e+01
-5.611369985312404651e+01
-1.217286695757912725e+02
-2.075029243577516525e+01
-1.993959070982861306e+02
-6.479732121680200407e+01
-5.234026957380095268e+00
-1.230229633115770014e+02
1.709778179333169135e+01
-1.488437525021496697e+02
-1.257336403024014260e+01
-1.307825805573437492e+02
-6.665853987162569183e+01
-4.648804734776670955e+01
-5.315408020396930766e+01
-3.171572832212687842e+01
-9.337922623411944301e+01
-7.351707043214571513e+01
-4.114245430365637901e+01
-8.747427679382003873e+01
-8.312171432041810704e+01
-8.177424779582949554e+01
-6.513134232222954267e+01
-2.016787467757023364e+02
-6.943550473615459850e+00
1.862683443872997202e+01
-8.380779641345114328e+01
-3.193442713497702812e+00
3.295724023934931779e+01
-2.294921670368158573e+01
2.195465456468650700e+01
-5.557814965930488427e+01
-1.451155828422032812e+01
-6.474926743405148954e+01
1.438315714613138141e+01
-2.005498458628291303e+01
-4.337563131283069850e+01
-5.687638970932506766e+01
-2.605736301720217796e+01
-8.207295831651393314e+00
-1.995218913022418121e+02
-1.848892753827117019e+01
-8.980592886911342987e+01
2.063788170124104226e+01
-5.792800224666432740e+01
-4.163857005556744895e+01
3.647865168304667094e+01
-2.783703814460358217e+01
1.122322198268166460e+01
-4.366815389537153891e+01
-8.896141343200670804e+01
-5.559201130740532903e+00
6.331431932800398954e+00
-5.231454415979181505e+01
5.037159650695393509e+01
-1.146144775208816071e+02
-5.164276922702202910e+01
2.313008682323925314e+01
-6.922195486070239667e+01
-1.130497051795812524e+01
-9.726530576638728576e+01
-8.793250447308471962e+01
-4.207408018243158665e+01
-8.421264833794879223e+00
-3.968401574264649412e+01
-2.290444281453020210e+02
-1.032798138920362021e+02
-2.311105589099781810e+01
3.919728633542592178e+01
-9.322458306125474792e+01
-5.227115887516536219e+01
-1.907537459141715885e+01
-9.187097423152862063e+01
-1.034796828049942690e+02
-6.534175396008350845e+01
2.254376078450567888e+01
1.175559043760624149e+02
-4.371535975419098463e+01
-6.490422171126218132e+01
-7.627363649261270950e+01
-2.751047033976493594e+01
-9.871429844328530123e+01
-9.843285495533410767e+01
-2.019294084224290486e+01
-1.059163104434468323e+02
-1.981834659829043233e+01
-7.209383291242667724e+01
-1.431897318528049823e+01
-1.141400372363332423e+02
-3.345583870323831377e+01
-4.999030932111892866e+00
-3.971224285309979507e+01
-8.471421757506590211e+01
-2.387478552613043803e+01
6.427839504529600845e+00
-2.052887623582358856e+01
-3.082288925310042771e+01
-4.628694170495207771e+01
-9.977668804546567571e+00
-1.250782542290584587e+02
-4.711399449609018575e+00
4.436201308482978334e+00
-4.393207913248541985e+01
-1.581794589606748218e+02
-1.069928119360098151e+02
-7.481766095939720174e+01
-1.333024848092229604e+02
-7.269379523584017022e+01
-1.951618535720853060e+02
-5.789683826887760887e+01
2.792183034347236514e+01
-3.014155796600061876e+01
-1.354424383890024899e+02
-2.217591815479497086e+01
-6.852021795878968646e+01
-1.604962334465403160e+02
-2.838995678643074427e+01
-4.891092476833720326e+01
-3.449297899807146450e+01
-7.015127706213313274e+01
-9.262931676689098026e+01
-1.918977273830366244e+02
-8.963921140262897325e+00
-7.263861066224873753e+01
-5.671565158080966995e+01
-1.110509886777322208e+01
-3.250903669324971190e+01
-1.157948041653291256e+02
-7.396923789197015253e+01
-6.518451546292699561e+01
-3.614554474241333537e+01
-2.946100400599537750e+01
-8.704216402153406307e+00
-4.518319296134922070e+01
-1.193701734600776376e+01
-6.373570819025369616e+01
-6.590244940884097957e+01
-1.232550280263542675e+01
-9.544066238478414732e+01
-4.265228080637557184e+01
-7.321602959097180019e+01
-1.119602952251366759e+02
-1.401261638641127831e+02
-4.451110737725780808e+01
-4.841274749135393307e+01
-2.112077269569283544e+00
-5.322311665955270144e+01
-7.130102403148610790e+01
1.220755676541284345e+02
-6.537843513002020757e+01
-1.036085580864287152e+02
-2.509364625939322480e+01
5.191194955055868832e+01
-2.405616555478935936e+01
-3.989420079206425385e+01
-2.927830561321127334e+01
-8.147236672728311646e+01
-5.671668274765767137e+01
-1.861488986658515898e+01
-3.882650795084575890e+01
-6.000941509152136888e+01
-2.874484739771389741e+00
-3.030648423635750532e+01
8.378528068221797298e+00
-1.964884278627524168e+02
-1.212049637480652109e+01
6.627052503370279624e+00
-2.152573406646232002e+01
-5.971662394483587377e+01
-7.253276571886229362e+01
-8.073095388339514500e+01
-3.483586997882967751e+01
1.778998611897867477e+01
-4.859943928524764800e+01
-3.016703560873452261e+01
-7.518464974516206212e+01
-1.587139602266739757e+01
-7.359320472677956104e+01
-8.837830436027907410e+01
-3.060959102904745066e+01
-8.567571898020084120e+01
-8.451899009222081816e+01
1.176933727665887197e+01
-5.991316833708965817e+01
-1.129214397935975001e+01
-4.840808043107332281e+01
-3.913669086579226786e+01
-3.507641422292830669e+01
-1.057794853033517057e+02
-7.404658784918694892e+00
-5.822333229506906349e+01
-4.082530359140750420e+01
-3.024375391801771684e+01
-1.594078769616610316e+02
-7.223994953577320643e+01
-1.332937738443191051e+02
-4.205080793590759924e+01
-5.570305053451371435e+01
-4.173697301745080068e+01
-2.452217294046793938e+01
-6.736898383312126271e+01
-4.940660300610777966e+01
-2.460220577100140815e+01
-6.886111807046574995e+01
-6.439470178677970580e+01
-4.641407380931186566e+01
5.319518204504993264e+01
-6.247839652851730818e+01
-5.830690280835568018e+01
-2.174080747783951040e+01
-3.478348687195510536e+01
-5.240780010574381720e+01
-2.187843174509538358e+01
-2.499354148411693188e+01
-4.856050163383351048e+01
-9.432662752931975092e+01
-2.841497759678922819e+01
-9.508500503556626882e+01
-2.745415554945196845e+01
-8.205886347511228962e+01
-8.503880801782543131e+00
-1.001673710059934876e+02
-5.056433425891623301e+01
1.718703852034209945e+00
-1.927931854720125671e+01
-1.226499930075435429e+01
-5.960415282950557980e+01
-1.006481937496403702e+02
-6.866378626465923674e+01
-4.473989931453722591e+01
-6.763844195109172119e+01
-4.132367090904706970e+02
-2.380014380678790076e+01
-1.181263952830634452e+02
-6.494716132337127590e+01
-9.933301823680520215e+01
5.208385279826836722e+01
-1.501727610481045758e+02
1.304639147680030931e+01
-5.946536107555220241e+01
-1.765439994460254525e+01
3.271715677320636928e+01
-1.004180806013827549e+02
-3.943445068414835220e+01
-1.032788875408675011e+02
1.637365533547409768e+01
-5.834079270777260717e+01
-1.951835514643933038e+02
-1.323679137502608114e+02
-1.130892360139691988e+02
-2.718220975162256536e+01
-4.016762132492714699e+01
-3.899676638085009728e+01
-6.803479184644444899e+00
-4.148783644724011310e+01
-1.288485645848913919e+02
-6.915735757908815629e+01
3.975179823783875577e+00
-6.362430398448353941e+01
3.872684407549104435e+01
-2.256560455420340645e+02
-6.455351611441921023e+01
-4.126049184600373820e+01
-2.166685681692246703e+02
-2.400741885595024883e+00
-2.506311009240586429e+01
-5.655916159331876258e+01
-2.161085486849940196e+01
5.602522734008559269e+00
-6.419229620315857687e+01
-1.538805966050528866e+02
-8.141607891703969813e+01
-8.149814809218571554e+01
-8.156972673285176256e+01
-5.261456018520534172e+01
-5.137268668221277323e+01
-4.113860980368144737e+01
-1.958869043165681489e+01
-1.742178455054774133e+01
-1.637498917646599068e+02
-1.136906067018623787e+02
-8.298464995023091717e+01
-4.454563681464058078e+01
-6.006790194650022841e+01
-1.465886962258227300e+02
-6.788017332140007909e+01
-5.289916168808493069e+01
-1.886580705402461149e+02
7.394295973989687809e+01
-1.149768661217711667e+02
-1.267545964040329238e+02
-1.384621909796716466e+02
-5.997162630388771731e+00
-7.259261212342947545e+01
-4.307878183327995458e+01
-9.942145290724397455e+00
5.015328048310379927e+00
-2.715803908141704426e+01
-1.304851996645077179e+02
-5.335054854688265635e+01
-3.233230794724214263e+01
-3.468328301644991996e+01
-1.416419679747686189e+02
-3.773466887916283952e+01
-1.148332279109200726e+01
1.333737721980786262e+01
-7.183268710667917389e+00
1.227560190247321543e+02
-7.386615207711275843e+01
-2.069355061797447775e+02
-2.620887380754331275e+01
-5.958810192681170292e+00
-3.672482303542702198e+01
-8.051522988337809750e+01
-3.927625350775373647e+01
-6.667352548236900134e+01
-5.560112379347867773e+01
-5.566849378541207471e+01
-6.833449454946661206e+01
1.233252796247782612e+01
-1.101977737221346842e+00
-4.038384665448629107e+01
-6.590679254250397889e+01
-1.447598233501599907e+02
-9.279781397386639696e+01
-4.959859252599449064e+01
-7.036020445292535896e+01
-1.135067806576344651e+02
8.160580673658643036e+00
1.434732063891647158e+01
-7.586436441523190410e+01
-1.166483002921404193e+02
-1.024645730138639976e+02
-3.904846697020558111e+01
-4.623670032142212705e+01
-1.335958853552041603e+01
-4.615940955800374468e+01
-9.664490384564894043e+01
-4.157457355752168837e+01
-2.797568430954447649e+01
-1.795054368878424498e+02
-4.393113144228365030e+01
8.772934171793588121e+01
-1.528745133576381363e+02
1.046459457237038748e+01
-3.337241119416586344e+01
-7.970708622782484554e+01
-1.129338214996647594e+01
-4.444290011936105600e+01
3.709950539829662830e+00
-2.089406226457403193e+01
-7.973885617279150040e+01
-1.020560284021424593e+02
-2.443479770688486497e+01
-5.252134129273834162e+01
-3.718159101539261968e+01
-4.544763226405652290e+01
-4.630789719362156376e+01
-9.767084745371451504e+01
-1.049321831281036452e+02
-5.765735059003792173e+01
-7.433081293951360635e+01
-3.159355367356758393e+01
-2.248502254361093833e+01
-4.810811330166326627e+01
-9.032000256311718545e+01
-3.507851069682102718e+01
-3.506889194663295939e+01
-8.340169414708253726e+01
-9.565582567761184407e+01
-1.957516119668050294e+02
-4.898586398484793136e+01
-2.934131381263568983e+01
1.411059927800991431e+01
-4.849541476684596830e+01
-6.331063223675961638e+01
-1.086485281861570229e+01
4.580306945504389660e+00
-5.298395164171017058e+01
-4.126691560430511174e+01
-1.026462196895781318e+02
-4.064573120878472423e+01
-3.851432873441594751e+01
2.953526409071767489e+01
-1.449483418392163401e+02
-5.979689237675123792e+01
-2.947493349194238021e+01
-4.421148674472671303e+01
8.790596022058593917e+00
-1.191427816792452177e+01
-4.925521771879537880e+01
-2.829828751475213267e+01
-3.037749935549561542e+01
-3.811519847979513997e+01
-8.644581319309168066e+00
-5.151828915411419985e+01
-5.479073644708913804e+01
-1.716094021875309750e+01
-2.505659560470979841e+01
-7.066517486173788143e+01
6.645177032749046475e+00
-3.190652507103395408e+01
-2.290262584494431053e+01
-2.921242530601728049e+01
-4.441715202846158661e+01
-1.975810294242990039e+01
-8.933640306631498618e+01
-2.639597958325943239e+01
-3.896012451995391501e+01
-6.105746560960540137e+01
-5.625504629291897629e+01
-3.392319571458435234e+01
-3.573660673727118819e+01
-6.722933823591169755e+01
-5.194994270388690438e+01
-5.706326695796384030e+01
-2.213178407107498913e+01
-8.845305171281319190e+01
-2.662998117482527505e+01
-1.961228111938237362e+01
-6.619889385494583678e+01
-6.380970562574110261e+01
9.866211522080348573e+00
-3.410222647647242411e+01
-5.569658569191211939e+01
-4.611992733157145352e+01
-2.783084088861134830e+01
-1.475518854891264198e+01
-7.204076713101272844e+01
-2.815123783482493991e+01
-5.676283237136152593e+01
-4.979443848578625875e+00
-2.890784491657049671e+01
-3.585722215942674040e+01
-4.282850873248754198e+01
-5.077747574465378477e+01
6.819261379629594444e+01
6.210242594196159871e+00
-5.786550601400007565e+01
-5.860074371350928857e+01
-1.156726331347844905e+01
-1.402139393770939080e+01
-1.119242721058900258e+01
-1.134238244647423244e+01
-8.622482085617613734e+01
-6.999476836944015190e+01
-2.344918596309190661e+01
-7.803688644878434388e+00
-2.825992495798446669e+01
7.269101410136826757e+00
-2.185296506566000119e+01
-1.396167248429293295e+01
-2.796979788869472827e+01
-4.623989924153596576e+01
-6.388928380141150143e+01
8.991679789195325156e+01
2.005783967254231470e+00
-4.314440981752613880e+01
-6.404053992694227304e+01
-5.687426503499111874e+01
-8.099347433693306186e+01
-2.740438232035188548e+00
-1.429802347079623814e+01
-6.164794497819602981e+01
-6.393430325680498072e-01
-1.171303693043107330e+01
-2.199196932210577415e+01
-1.054548108272881279e+02
-2.634957547997804284e+01
-4.464611002835510334e+01
1.127765782117266724e+01
-2.000169446251381089e+01
-1.173808874732771983e+02
-2.565632741919483806e+01
-3.800104921072263409e+01
-6.610136913937689940e+01
-2.321507558503716950e+01
-2.636765202830927990e+01
2.323572341875149050e+00
-4.433456815473732604e+00
-2.436124295540160745e+01
-3.466221243273575681e+01
-6.038328270402595166e+01
-1.043159080199559696e+02
-7.090948680576221363e+01
-2.998999535105922121e+01
-3.045974786202778262e+01
-4.117422498252120988e+01
-3.877535752634356925e+01
-5.213271650968958681e+01
-6.368004412318254026e+01
-8.949257584349183503e+01
-2.597750543888491848e+01
7.173893110583748012e+00
-2.105880470769139379e+01
-4.256953838256465161e+01
-4.112479684727395579e+01
-4.553459374564990725e+01
-4.480302982889443086e+01
3.829997079667720072e+00
-3.992743139718997725e+01
-2.263343603625736478e+01
-4.506326878263737967e+01
1.458849619203903103e+00
-3.990996256456296010e+01
-2.934282018923774160e+01
3.822127973518573185e+01
-2.158430333399168433e+01
-4.368242471545642047e+00
-7.245568227131114725e+01
-4.799164803611013497e+01
-8.755853898841507998e+00
-7.373494265543155279e+01
-5.257513101561556823e+00
-4.677722245813825452e+00
-4.231148200795774983e+01
-5.356011502024323079e+01
-4.596674830916811771e+01
-6.147655468839461435e+01
-7.766412517861206766e+01
-5.737677515040388698e+00
-6.345305991461639650e+01
6.067554744023902913e+01
-3.553544879952526969e+01
-8.593721198705964071e+00
-2.812225254274935082e+01
-3.167266515405079019e+01
-3.000238310321994106e+01
-8.552479795751806080e+01
-4.609493112885803612e+01
-7.188919607737688011e+01
-5.782303753503087762e+01
-7.177044014914234538e+01
-1.333432975464510264e+02
-8.480178673940662293e+01
-7.769190731904757286e+00
-2.671970503121120544e+01
-3.318988049589073341e+01
-2.436580284455105527e+01
9.555049030067181093e+00
-4.105667520538148096e+00
-2.668792063023535377e+01
2.909493856202126949e+01
-6.938599690823320998e+01
-4.854441961661523663e+01
5.681913301538003225e+00
-4.631039552207519705e+01
-1.661353087877167241e+02
3.745725250604564849e+01
-4.585440591867069315e-01
-2.112855953159815954e+02
-9.090977212525017137e+01
-5.252844282566249490e+01
-3.859561987832375962e+01
9.899681512913939230e+01
-5.882494901136944776e+01
-1.250244027298559502e+01
4.228450876705065298e+01
1.469612900506420772e+01
-3.433630234430712846e+01
-7.496032498242780662e+01
-7.279155630488794770e+01
3.993283438333577351e+00
-1.623081660233052048e+01
5.484665421524340445e+00
1.686833809076905766e+01
2.511136907881621028e+00
-1.605718644529809467e+02
-8.389522201655130118e+01
-3.323132324413694505e+01
