-1.820637758263529804e+02
-1.536223192749756663e+02
-3.480316598173474176e+02
-3.087613927232732181e+02
-2.507577747043657723e+02
-2.260890798038473122e+02
-1.020278238254824004e+02
-2.147458928063310850e+02
-1.164024557989390871e+02
-2.215244028391791744e+02
-1.257951795860804225e+02
-1.065946716575301281e+02
-6.639347430297864605e+01
-1.363489953808821724e+02
-3.787618543282863470e+02
-1.509263515752689671e+02
-1.285592744931549021e+02
-3.111007490820043131e+02
-1.866308705088605109e+02
-3.226276309767806652e+02
-3.422280805814336873e+02
-4.980908788843044590e+02
-1.384317683771460565e+02
-2.825622897170889019e+02
-1.043220452225389323e+02
-8.330134779508705378e+01
-2.446390077585897984e+02
-8.956357697302273380e+01
-8.947710720530034223e+01
-1.926612534513996593e+02
-1.171707005882157375e+02
-2.760046730862767390e+02
-1.467384094611614955e+02
-9.320969133112575378e+01
-2.148709570647012583e+02
-2.491846924482882741e+02
-1.550582482239842648e+02
-3.560478985643617307e+02
-1.146874491089687496e+02
-1.424430822092619451e+02
-2.985499732093597345e+02
-1.212545046938415112e+02
-1.118326627420778294e+02
-1.270366770103673133e+02
-1.166205371034821212e+02
-1.449166392514410404e+02
-3.313605941318795658e+02
-2.234482344009154531e+02
-1.051802289092984068e+02
-4.822484718298857729e+02
-1.799565606204022856e+02
-3.478222778560077586e+02
-1.056883276437963559e+02
-2.386717250343762373e+02
-8.242746738050600186e+01
-9.746392706520775562e+01
-1.644232406296792988e+02
-2.475854856802704660e+02
-2.239242524358786852e+02
-1.429992205594731445e+02
-1.104487316523552920e+02
-3.783294982931358277e+02
-1.497819964927438718e+01
-1.392819148947999679e+02
-3.184035719264043109e+02
-9.114435183296967580e+01
-3.608112509514423891e+02
-1.068528088885703227e+02
3.741938237377266319e+01
-1.508322435468914193e+02
-9.961401589783443455e+01
-4.386857010019666632e+02
-9.585791262750795738e+01
-1.381912799875321127e+02
-1.590948079999765525e+02
-1.458317585839501760e+02
-3.867227876251064913e+02
-2.220329894501899162e+02
-1.010530078108174621e+02
-1.280602857491903137e+02
-7.987285828763091899e+01
-1.700601294719289456e+02
-2.998878328936239086e+02
-2.807054800311576059e+02
-1.345683877527864070e+02
-1.228742430508236794e+02
-9.969922052462703732e+01
-8.736426816505661463e+01
-1.253539287497976886e+02
-1.685980234501770951e+02
-4.306618960796591296e+02
-7.592254004762183683e+01
-1.166377587288665296e+02
-1.625972081840890553e+02
-9.565976870542910149e+01
-3.708407358804108753e+02
-6.970750320116030707e+01
-1.909053509369420851e+02
-1.039892686381284790e+02
-3.396901111380094562e+02
-6.410432384696059671e+01
-3.056355387744440577e+02
-1.171126242173053811e+02
-1.283684192637848014e+02
-1.944353651804232186e+02
-2.813436391114942126e+02
-1.634932622485008551e+02
-1.881048129294719615e+02
-3.072145072998590081e+02
-1.182343963512251435e+02
-2.962937541422335244e+02
-3.434094137566934535e+01
-1.980188866219824604e+02
-3.686967229765234606e+02
-3.073365307243715847e+02
-1.490946420632191121e+02
-1.156895000047526310e+02
-7.778901934651790384e+01
-1.417240615412907800e+02
-1.025647332585001976e+02
-3.856987471966058365e+02
-1.803086328348736913e+02
3.625616672060397150e+01
-1.901062631325131065e+02
-8.849883783380570890e+01
-8.853144856832872733e+01
-1.257824920613888224e+02
-9.367708019268390274e+01
-8.359458079138670428e+01
-2.986724623431946384e+02
-3.589188320119134232e+02
-8.880552160044848620e+01
-3.666093299082181147e+02
-4.233565388013474262e+00
-3.947413787346405343e+02
-2.462659919930463843e+02
-8.123437132272837857e+01
-2.625187358496076513e+02
-1.387610186947039779e+02
-7.932584541077591211e+01
-1.183031108889292113e+02
-3.830610170156635945e+02
-2.054000771814881716e+02
-3.288544154391023540e+02
-1.452768102928370979e+02
-3.642727596032681276e+02
-6.315991941564081458e+01
-2.408003472842812016e+02
-1.010425576143269240e+02
-5.467519709865316599e+02
-7.931158323449388092e+01
-1.466494178575898957e+02
-2.176749484349904264e+02
-1.394921705736787203e+02
-9.343653349093146687e+01
-1.943484222866840696e+02
-2.645078437383753567e+02
-3.154589847098101245e+02
-2.264788489579172506e+02
-3.651227369682554240e+02
-1.617520031433878671e+02
-5.823918292830822452e+01
-6.766864673050145029e+01
-8.731974630496425505e+01
-4.054349597183581295e+02
-1.851241642696401755e+02
-1.524384850990406903e+02
-1.183525075127616049e+02
-3.464802082062616364e+02
-1.014485298105750388e+02
-7.482974642538519561e+01
-2.387763518341912459e+02
-2.941106572335992269e+02
-8.144365500959241899e+01
-3.818811335346835563e+02
-2.480762130216143646e+02
-4.024168743448996679e+02
-5.323596016312730939e+01
-3.178399137550584328e+02
-1.293786356022174573e+02
-2.732394276114615650e+02
-2.319266209337303621e+02
-7.458409249572822830e+01
-2.411365896919655256e+02
-2.389827396983809820e+02
-2.094800130979470509e+02
-1.109457818520597812e+02
-3.476996233528036555e+02
-1.039227840986261810e+02
-3.870824982126024452e+02
-4.241669662254436446e+01
-1.157431983834523663e+02
-1.335800736367054355e+02
-9.636659825805894286e+01
-1.071717869958208098e+02
-2.426058682346418038e+02
-1.415370536356992375e+02
-8.840366329030257475e+01
-3.255389392334676586e+02
-8.807143553421703075e+01
-8.660841716910259436e+01
-3.259297259644213796e+02
-3.599147535476276403e+02
-7.280750674297323144e+01
-1.940192118102212362e+02
-5.778714131028512213e+01
-8.688547814775725442e+01
-3.123583661018566318e+02
-9.209618787764456727e+01
-2.141145439679031881e+02
-6.897830239027973676e+01
-1.990401361071720316e+02
-1.020152185614070532e+02
-8.741687264310483840e+01
-1.561355470676109576e+02
-6.654378187860871208e+01
-2.678409480653456285e+02
-6.675248291286237645e+01
-3.875219059235395775e+02
-2.014927178254737328e+02
-4.565451361871608924e+02
-3.190167958057339774e+02
-3.898607580672565405e+02
-3.620958237677060652e+02
-9.947017065083312559e+01
-2.141730245642675072e+02
-1.065484516060819971e+02
-9.702453936508021570e+01
-2.113078194343601695e+02
-4.694269367278854475e+02
-8.617392684657986024e+01
-1.306117182357463093e+02
-1.814373754863665340e+02
-3.709965423026478959e+01
-5.717600126062119443e+02
-8.248805407575527227e+01
-8.350662717042206395e+01
-3.920040341744472130e+02
-3.122316605191716121e+02
-8.367188770077373761e+01
-3.385112931887256309e+02
-1.664353778167498206e+02
-5.497126876800807622e+02
-8.272456158820367023e+01
-9.246042674450724519e+01
-2.625669872945260295e+02
-2.841085303155998645e+02
-3.587364230432929730e+02
-8.996936602929172011e+01
-7.379547756812733894e+01
-1.800198470476961745e+02
-8.002863752159578326e+01
-2.099811785222016738e+02
1.654069348110897408e+01
-2.354804123428391733e+02
-3.707720401842941271e+01
-1.006706845367040728e+02
-9.086152398076836789e+01
-2.068508190873067747e+02
-1.309739156976141885e+02
-5.573214470412833066e+01
-5.498893732599990471e+02
-9.273082084110910728e+01
-8.670186981866783071e+01
-2.193274959830351349e+02
-1.048648088691302149e+02
-1.961534715636028636e+02
-6.636409223135999014e+00
-3.330580087618591278e+02
-1.003681136312529247e+02
-1.327024415759402984e+02
-1.249984075367238887e+02
-3.215407222351087171e+02
-5.000471060866823336e+02
-2.439322187316511474e+02
-2.445204333932936152e+02
-3.701898388588646185e+02
-9.844559383021990584e+01
-3.427985744980794607e+02
-1.997846161750360352e+02
-2.605355559188833467e+02
-2.771165279119148295e+02
-1.949961289175077468e+02
-2.750021126760865400e+02
-3.453262160551902866e+02
-9.142173315975526293e+01
-1.016610391138175089e+02
-1.998372219866058401e+02
-8.883302269926363692e+01
-1.359144141431242474e+02
-2.528268056757619888e+02
-3.415864123692871317e+02
-5.526284364242271607e+01
-2.361591247658963653e+02
-2.491488480445715368e+02
-1.195408821152975207e+02
-1.568268727799171245e+02
-3.795594869889606571e+02
-1.258027082709162130e+02
-3.697204864574296721e+02
-2.912670813744099405e+02
-6.682276371607370891e+01
-7.347184195285481678e+01
-2.010869472744128643e+02
-5.668149095855364976e+02
-2.190330376719828962e+02
-1.291605799604887181e+02
-3.327706846707845898e+02
-4.098614405920760078e+02
-1.160082122415796135e+02
-2.299176847256514122e+02
-1.187765125034633655e+02
-9.358852139862129604e+01
-1.218633823436921091e+02
-2.878015053801644854e+02
-9.486464673553695093e+01
-7.025580731566077475e+01
-1.141436105660002340e+02
-7.754426943588063637e+01
-1.371891373117727824e+02
-1.028627272910108985e+02
-9.032449304109462673e+01
-8.359956351130323071e+01
-5.062215080677434571e+02
-8.117569413886148766e+01
-3.611497328058531764e+01
-3.825943126135956618e+01
-1.079095457402013096e+02
-1.006504021816066938e+02
-2.863457476798170660e+02
-3.972994682309700352e+02
-4.690003000644945530e+01
-5.762078743032397909e+01
-1.012693609689345209e+02
-3.643612437977866421e+02
-2.137799154271330622e+02
-4.817178477063466175e+02
-3.339719953014896987e+02
-3.660963987519220950e+02
-1.246111397431572669e+02
-7.648520953883465268e+01
-1.212457950478057285e+02
-7.418629265894973912e+01
-1.711951363320193877e+02
-2.229271724557390826e+02
-9.981192513485015638e+01
-7.325533167870595719e+01
-2.154406276542204068e+02
-3.151395935462401212e+02
-2.420938325708770265e+02
-9.703359566669406888e+01
-1.079205222563291642e+02
-2.078171257064633721e+02
-5.550833329153536511e+01
-1.710469781628738986e+02
-1.300708701498942617e+02
-2.118728581237275534e+02
-1.376865725550427726e+02
-2.189344242538681158e+02
-9.403563303738636137e+01
-1.102741824748360528e+02
-3.058208940863477778e+02
-2.699833978883315808e+02
-9.533020919855448483e+01
-4.181362943280875015e+02
-1.844652637274407425e+02
-1.360351216560113130e+02
-2.506047563096802833e+02
5.268016436804899172e+00
-4.759486881199156869e+02
-2.986168643656531572e+02
-4.234680058507063336e+02
-3.001733823269536288e+02
-9.253159638648534724e+01
-8.138531125151521906e+01
-3.805668842634444786e+02
-2.115365140370227550e+02
-1.432788414696901782e+02
-2.662161797378628307e+02
-5.558242138288001399e+01
-3.642421075787630116e+02
-2.637773159490814123e+01
-3.773163491165964274e+02
-2.277756754053118016e+02
-5.514594612961174107e+02
-7.781513644839984067e+01
-1.383642294252429963e+02
-3.639136100138640018e+02
-2.052777886019694620e+02
-4.207988224078903272e+02
-1.546227844801656204e+02
-2.915938509413216480e+02
-3.238839144282756024e+02
-1.770546803205337483e+02
-3.416747687731173073e+02
-1.137956184162896278e+02
-2.455432642479151752e+02
-3.644641964819646205e+02
-1.002807452175865137e+02
-4.048862365640024450e+02
-3.327963518800154361e+02
-2.443002239571968630e+02
-2.482717743485159758e+02
-8.474017083736033840e+01
-4.189282814935287433e+02
-1.765153383756051539e+02
-2.644078291687951037e+02
-2.559194006894562108e+02
-3.471674115257656013e+02
-2.348200914831509181e+02
-1.328978665170289446e+02
-6.463950453503874769e+02
-2.397041309742561737e+02
-3.901379957729640182e+02
-2.344010246145332417e+02
-1.186485518258951686e+02
-4.942391512962167326e+02
-3.549284204228286512e+02
-3.001575913348625591e+02
-1.005303687041223100e+02
-3.609924388649829439e+02
-2.754484718715164036e+02
-1.132070828070888098e+02
-1.251946484514471933e+02
-3.686213588671715797e+02
-4.090167667164313912e+02
-2.774482198159630286e+01
-1.309828819186382702e+02
-4.959434259284208792e+02
-1.952718977387560244e+02
-4.133469396779051408e+02
-1.130752044901385602e+02
-5.739939004466561556e+01
-9.439862266046586114e+01
-1.113503705285857706e+02
-3.130648434297530684e+02
-1.145845395001138627e+02
-7.863215174186743184e+01
-3.503287875953424759e+02
-1.111007735467028112e+01
-1.088096447799700428e+02
-1.248401391958437472e+02
-2.818250869345986303e+02
-8.675411303507080163e+01
-3.319664523182343601e+02
-1.388148758849492594e+02
-4.221976825093516368e+02
-2.158120568122567988e+02
-1.481444799712318456e+02
-3.572831090554851698e+02
-2.843514275876621014e+02
-8.425011123352877007e+01
-8.401672191525871369e+01
-3.321075703544706812e+02
-2.773286577114006377e+02
-1.379486624212985362e+02
-4.679824479487193685e+02
-1.008161145732781989e+02
-1.259244661863235422e+02
-7.261410823997574937e+01
-3.696303035662830325e+02
-1.310010705188700513e+02
-1.639265851903775797e+02
-1.408360394104998932e+02
-3.527741872845507487e+01
-2.056862907243904601e+02
-1.034734384035242414e+02
-1.045737176930314121e+02
-2.371366604798902813e+02
-3.220192716105316322e+02
-2.659935381366855154e+02
-1.955429907269288492e+01
-4.690246998041465645e+02
1.516535501864477453e+01
-1.941429687179462462e+02
-3.204448354449791623e+02
-3.571775443477591807e+02
-1.266531356493888154e+02
-9.847922470179966581e+01
-2.769238450320068523e+02
-3.663241851371728330e+01
-1.269979115823760054e+02
-2.275961824846121431e+02
-6.333222449477874250e+01
-2.604417891063616821e+02
-1.224937829264452489e+02
-1.407417018240797120e+02
-1.912817714592611082e+02
-2.604014612275436775e+02
-5.372368613965198847e+02
-1.477537158929635552e+00
-2.713713531037051325e+02
-1.789678263816404069e+02
-4.188315700522043130e+02
-2.661115184959548401e+02
-2.196640200268986405e+02
-1.067729441618122621e+02
-1.830359012830664653e+02
-2.917901674768122575e+02
-3.555740854993920266e+02
-8.942411382492591088e+01
-5.005674043287875179e+02
-1.307615574398331546e+02
-4.175913777988100151e+02
-3.290168241896799373e+02
-3.536310788760548576e+02
-2.513202155526717831e+02
-7.782760345049636896e+01
-2.055101428945349937e+02
-3.397161497604331544e+02
-1.153600837857676140e+02
-2.830870257076030612e+02
-1.233544385926176403e+02
-2.520730579477936999e+02
-4.254417098988947146e+02
-4.930406792374485008e+02
-2.096242019189116661e+02
-1.428257342883090075e+02
-2.128142469977787812e+02
-3.538253518780298919e+02
-3.845661437970663314e+02
-6.769702768758827460e+01
-4.893349092457085021e+02
-3.288574037665473497e+02
-1.650441956145122901e+02
-2.693391657618087720e+01
-8.258839660752150280e+01
-1.523453500333124850e+02
-2.341028756387073884e+02
-1.497139001280655748e+02
-7.513477670926431529e+01
-3.268846588207404125e+02
-9.774855076505846796e+01
-2.837116558243370719e+02
-8.008008257552009468e+01
-1.194355859478096278e+02
-2.918897101339142637e+02
-3.454865153105992022e+02
-1.473704713593867268e+02
-6.088778408788883922e+01
-5.679346683170592058e+01
4.559338637561609175e+01
-5.926883986457196443e+02
-4.647848526669698686e+02
-1.373052481806954006e+02
-1.979267062591175375e+02
-1.456607238626549190e+02
-1.449867749585015417e+02
-4.465359254525407096e+02
-3.038319028655528200e+02
-2.890579751341642805e+02
-1.572437025050143689e+02
-3.135633730832263382e+02
-2.935520666307559168e+02
-4.996244054324225203e+02
-4.400151958931412537e+02
-2.744686910732802403e+02
-6.552458307099284411e+02
-3.287997677530123042e+02
-2.140276068531825899e+02
-1.449068464804720122e+02
-2.635851495174208594e+02
-1.756933769346161114e+02
-8.177962841859837795e+01
-4.391562973841022313e+02
-3.073273334317135550e+02
-2.308402778421855999e+02
-1.499175563620900675e+02
-4.042929270250615446e+02
-4.482133315669107674e+02
-3.192646986622131067e+02
-3.086253738093486163e+02
-4.439260296804362156e+02
-1.378516762693530779e+02
-1.752731834546207494e+02
-4.681033018918608946e+01
-4.335736727105430077e+02
-2.167806351401675045e+02
-1.007208839990954345e+02
-4.762200749467773448e+02
-2.587998083052031006e+02
-2.218236597344171628e+02
-4.656450879310664845e+02
-3.434849001308729157e+02
-2.857457527159729693e+02
-8.097542202338449613e+01
-2.390542233342873715e+02
-3.089807850790713815e+02
-2.246706435723008894e+02
-1.292338272046208090e+02
-2.319730116592641593e+02
-1.016041247075400094e+02
-1.107127136690943559e+02
-2.142419907543996089e+02
-1.017484796882985734e+02
-3.067863322748679593e+02
-1.889029784046906002e+02
-1.869640936651451284e+02
-1.324946927715702429e+02
-1.571338063067908593e+02
-2.330900835654325078e+02
-1.981281179831359793e+02
-4.686266291847209686e+01
-1.042871078922329673e+02
-2.489781591319137704e+02
-1.705988968622332891e+02
-1.821897342764367238e+02
-3.237878334613952802e+02
-8.879402348210156504e+01
-2.294910007200827522e+02
-2.486962593851372674e+02
-1.736737567029883849e+02
-2.866235632580094261e+02
-4.054273912423525417e+02
-2.081381854822145101e+02
-2.482057759134728485e+02
-2.843020091213854812e+02
-2.305663023738410402e+02
-3.695608157593028409e+02
-7.410805664111668989e+01
-1.805164887876919693e+02
-2.484420457921476668e+02
-3.119675267079364858e+02
-2.084691311195595063e+02
-3.094654187878959419e+02
-9.394404064170700508e+01
-1.701539929048455519e+02
-1.430545685555806585e+02
-3.411979516631078582e+02
-1.851196851369958551e+02
-2.026612219489651920e+02
-7.998939947641585491e+01
-2.995171545658636205e+02
-3.736928073792491318e+02
-2.235456439787572549e+02
-1.645447464221745690e+02
-2.172740756334524406e+02
-8.225805227787540730e+01
-4.556078712489852478e+01
-1.161630678453113887e+02
-2.911844798722737551e+02
-2.774546143283433821e+02
-9.381957979610511700e+01
-2.084458853224047061e+02
-2.994693503299311601e+02
-3.089642653713189588e+02
-2.346729318694837332e+02
-2.674137831508951422e+02
-1.546748534675951134e+02
-2.347857932459663459e+02
-3.278188622400540453e+02
-2.777954401754012679e+02
-1.046445698990960977e+02
-5.563817485773668068e+02
-3.025068958857218604e+01
-6.967731300519321280e+01
-1.123349034636246699e+02
-4.600398512244956351e+01
-7.990315038841973205e+01
-2.456878318769405496e+02
-1.618710511903954057e+02
-1.186325360232228832e+01
-3.688034470635685693e+02
-1.103967327180646834e+02
-1.058659618336793358e+02
-6.372118750611890903e+01
-2.281959985146754661e+02
-3.344005352854209150e+02
-1.539493906431634684e+02
-3.398383178832023077e+02
-1.898178960256242931e+02
-7.079531700766291635e+01
-1.616046845412692505e+02
-2.946398742383407807e+02
-4.791592836512239160e+02
-2.298856151313141538e+02
-3.830238494131843368e+02
-2.168451138960088542e+02
-2.903687131326081499e+02
-3.208923571743769685e+02
-7.887459532488819036e+01
-4.151847824366399209e+00
-2.867037617483833287e+02
-2.923846264292041042e+02
-4.903892151234290964e+02
-5.371865764164301282e+01
-3.079608303765579649e+02
-2.428930586440680486e+02
-1.826163309580952614e+02
-6.679921337692687189e+01
-2.917900883968960670e+02
-7.973658833437565363e+01
-3.391299915108039045e+02
-3.204203168561548409e+02
-7.739373494736064174e+01
-1.824391927611156916e+02
-3.348363575715899856e+02
-3.264921080190263183e+02
-2.144706437451270631e+02
-3.009367598062443108e+02
-3.080386074920252213e+02
-3.931785302249951997e+02
-3.120928164896429280e+01
-1.308464968145020464e+02
-3.347719992655949000e+02
-2.781416267424903594e+02
-3.688922087733170940e+01
-4.080281515790241542e+01
-1.308193266770691139e+02
-4.949825291475447671e+02
-1.715332941597113745e+02
-1.014046407733192865e+02
-3.305133643217594113e+02
-1.470533530003970100e+02
-2.924644606009398444e+02
-6.733743462438944505e+01
-6.525675908696106831e+01
-6.602128204298303160e+01
-7.597008114820910407e+01
-5.994331743541024338e+01
-2.085846183992175042e+02
-1.678290097871756075e+02
-2.954951951273450845e+02
-2.326496556967493916e+02
-1.288678011145447044e+02
-9.840041546198268918e+01
-2.193905638232331512e+02
-3.153041952526688760e+02
-3.821293642023592270e+02
-2.765119197763128795e+02
-2.490545276625885265e+02
-1.849886749767898664e+02
-1.261763302862818108e+02
-3.360952223382740840e+02
-2.459385969143431794e+02
-2.200244284922449367e+02
-2.403115246473652178e+02
-9.854765950416964415e+01
-6.517545018830003301e+01
-2.877224473550832045e+02
-1.600086146433954468e+02
-5.917472468450966261e+01
-3.175526242828815384e+02
-1.177157130103413607e+02
-1.500566422172168757e+02
-1.989555620000885483e+02
-3.355108370515344518e+02
-2.906118902032459062e+01
-2.158318260143427381e+02
-2.302052195912147283e+02
-2.068039483381750472e+02
-1.491662897476551279e+02
-1.265796056678308048e+02
-2.816096588547487158e+02
-4.845284404608067348e+02
-2.220423153193347616e+02
-1.577167292881648564e+02
-2.750747698398489547e+02
-1.766149941817168383e+02
-2.127125610151845478e+02
-5.624727949489873424e+01
-2.696713451611750543e+02
-3.840789299219562167e+02
-2.586484550326969156e+02
-2.595108603344811513e+02
-2.109614022678356378e+02
-9.695674079376131260e+01
-4.397226629505151152e+01
4.029506067696692639e+01
-2.217143300656566964e+02
-3.080123854822588214e+02
-2.027459097793524165e+02
-1.626212803977886381e+02
-2.964680760061600040e+02
-7.840142180440368236e+01
-7.869216341317853392e+01
-2.125404805072059276e+02
-1.813655743001750977e+02
-1.850820671603046037e+02
-1.880044662796673833e+02
-3.066025444038602359e+02
-7.311687435781310285e+01
-1.065703876347092631e+02
-2.873131740254467559e+02
-2.098472254978058231e+02
-4.210873695466785307e+02
-3.448479007130649165e+02
-2.660946756509739544e+02
-3.591944829469214255e+02
-1.734825894352439093e+02
-9.469239570849870802e+01
-1.142416635571049710e+02
-2.585851864056306795e+02
-1.334403474515904122e+02
-2.154745945184705249e+02
-2.475757825706149617e+02
-1.222244024359695516e+02
-1.526903186253335889e+02
-2.444496770135971815e+02
-2.016992137909430198e+02
-3.692389173842437913e+02
-1.884551614612477977e+01
-1.977629444807788559e+02
-2.791713029227991001e+02
-8.498700088963740029e+01
-9.386094865314956337e+01
-1.400109002420765023e+02
-2.707368150380043517e+02
-2.038380348456500144e+02
-1.698577199595663956e+02
-3.481183570881406695e+02
-8.110750051834440910e+01
-2.488386137817177257e+01
-2.898393604950326221e+02
-2.361450011795836303e+02
-1.747703812959711058e+02
-2.741509901357478611e+02
-2.805609280345513525e+02
-5.038885308335856621e+02
-2.110806357639738735e+02
-8.931557898701655063e+01
-1.380639364456678777e+02
-1.613411499312628621e+02
-3.122052031205906815e+02
-1.934116173137703072e+02
-3.526640542909507303e+02
-2.043030451935924816e+02
-9.177474797208543578e+01
-2.140643554292419708e+02
-2.309643053742997836e+02
-1.558522249312076724e+02
-9.360362374668919472e+01
-1.554771531472304673e+02
-2.404573563914661065e+02
-1.794106238107581817e+02
-1.107228165830308342e+01
3.485167911699525689e+01
-3.596966246217959906e+01
4.811553172964813285e+01
4.806943794561149730e+00
-2.075823753470638167e+02
-1.215770124337182096e+02
-5.324748051409956418e+01
-3.828961229019033397e+01
-2.382022620019815236e+02
-4.574510364859834226e+02
-2.201953647479673748e+02
-8.711748931089201164e+01
-3.166468766378613964e+02
-3.688479884602169534e+01
-3.027224048541658021e+02
-4.805545804014547002e+02
-2.177985381841131414e+02
-2.654416994667145673e+02
-1.034297295044960521e+02
-3.018491152502115256e+02
-1.921273431484726757e+02
-2.512833372022031995e+02
-3.021649347537130552e+02
-2.937756667835523103e+02
-1.273966503294556105e+02
-2.153293591273512675e+02
-1.435349195408442142e+02
-3.584546350673634265e+02
-1.947918142902265402e+02
-3.936464833861650447e+01
-1.932318356614976551e+01
-2.468144965574561525e+02
-3.239007360988956066e+02
-4.406241757340104925e+01
-1.351370957458881321e+02
-2.939176141354449783e+02
-9.756280206658664156e+01
-3.691669996399090223e+02
-3.876122770763550989e+02
-2.998514495119995900e+02
-1.670827449888802789e+02
-3.887638486182191855e+01
-1.166355720557827880e+02
-1.566838890235981125e+02
-4.015033137793502078e+02
-1.025138140280007235e+02
-1.886448661908486315e+02
-2.183892895836202115e+02
-2.090127302318638272e+02
-1.786133866229183695e+02
-7.832906161263842648e+01
-2.058972830783879715e+02
-2.606325290059897952e+02
-3.360958025659361397e+02
-2.905886695383325105e+02
-9.797755094843093104e+01
-1.512281286654436485e+02
-1.412965947850796340e+02
-5.610603837846410613e+01
-1.669994328707982731e+02
-2.354660798823874757e+02
-2.943244433684063779e+02
-9.788842186880248164e+01
-1.185401738258737083e+02
-3.313986240793711318e+02
-1.610891399805029494e+02
-3.186432967003297563e+02
-2.361911586942900385e+02
-2.664282874383761737e+02
-4.433267367226723366e+01
-9.996572884364246647e+01
-3.606200894933059544e+02
-1.532319240337104134e+02
-2.046582238238407854e+02
-2.549462134386727996e+02
-2.521175387708810547e+02
-1.832883827703702480e+02
-1.521230494859354394e+02
-2.446589047120605187e+01
-1.571653732008350630e+02
-1.607297518184736873e+02
4.128526912375684788e+01
-2.301443862903504396e+02
-3.690904779257067503e+01
-2.590874113296598580e+02
-1.528562166966977429e+02
-1.508071387410058151e+02
-2.431675864461369940e+01
-3.111999056036766547e+02
-2.983991863217506761e+02
-3.677009064103419860e+02
-1.796737120160187260e+02
-2.336152397980655735e+02
-2.630909911050159735e+02
-1.215379253087111522e+02
-8.234986010695681102e+01
-8.896519213059619346e+00
-3.142289566712475448e+02
-1.148310338599204954e+02
-1.285294112961991857e+02
-2.849428622508316948e+02
-7.489651261481259326e+01
-9.514261293598980274e+01
-1.142808030940012287e+02
-6.191649353690544189e+01
-4.904227485620021980e+02
-2.415331061395446568e+02
-1.927088047839121714e+02
-3.482807122759080585e+02
-1.188172824066235478e+02
-2.785758296537085243e+02
-1.604331232423930942e+02
-2.709111848221373862e+02
-1.246486586778019046e+02
-2.538771862181371830e+02
-1.150098108123800529e+02
-4.048571208245529363e+01
-3.685887219575122344e+02
-1.033322897791691020e+02
-1.968582268628058500e+02
-1.107807075186201047e+02
-2.321967147915397049e+02
-7.029427593315675438e+01
-1.879238867245815072e+02
-1.766930295136654081e+02
-8.307576896178301240e+01
-3.249774767734787702e+02
-2.585351705691286952e+02
-1.153701887140742031e+02
-3.439550378846905687e+02
-3.467189399646066477e+02
-4.391947844616175303e+02
-5.285133228475963278e+02
-4.557548378352587974e+02
-3.148314250495859596e+02
-1.074285522671822690e+02
-3.829908641808240191e+02
-3.357780741562551157e+02
-7.095942712310197464e+01
-2.797007174909665537e+02
-2.581789425104532256e+02
-2.987768438528573824e+02
-3.866854378304984152e+02
-1.712598009924781195e+02
-3.209725174480432770e+02
-2.366565943910021304e+02
-2.342314020231723930e+02
-2.710446811115660921e+02
-1.569378845734875938e+02
-1.834305562699320262e+02
-2.784981532256399532e+02
-1.162371553648489453e+01
-4.058329387142744338e+01
-1.475217543338501685e+02
-1.942669514272581921e+02
-2.652127807144041753e+02
-1.766102712230713223e+02
-2.435304206704647356e+02
-7.833755719350133973e+01
-8.829561736554548190e+01
-3.183604920180014233e+02
-9.798271345207817262e+01
-1.267478684625319261e+02
-4.671208245547255729e+02
-1.699960231234044272e+02
-2.271680861579609427e+02
-1.795377220316806302e+02
-6.988545520568399638e+01
-2.582283107390123860e+02
-9.442970364839595732e-01
-9.729761196243654808e+01
-3.321841229629119425e+02
-1.719019350383760525e+00
-2.648123173811893594e+02
-2.935761371273482041e+02
-3.087551274974226203e+02
-4.915177933297907202e+02
-2.080197095429186334e+02
-2.883139078873023209e+01
-3.660387130980932113e+01
-2.140386819828095497e+02
-1.781912623540187042e+02
1.080234144742860281e+01
-5.684680267670474052e+01
4.568827473890573287e+01
-3.509507671905889765e+02
-2.362911557737383532e+02
-3.744534110659073463e+02
-1.836495600095408918e+02
-9.315554705017622439e+01
-2.524113051526225888e+02
4.927879073032643475e+01
-2.922491333943264635e+02
-1.359666810032489934e+02
-3.862499044146575500e+01
-2.780299211368227930e+02
-4.418479120811082339e+02
-2.608015534749336553e+02
-3.261116439266914426e+02
-3.748229763606786946e+02
-3.149707727873571343e+02
-3.455257588489331511e+01
-3.257779640866722275e+02
-3.062979345848871162e+02
-4.496155006659896003e+02
-2.191254883833022404e+02
-1.428015446964944317e+02
-2.085456041467882926e+02
-1.795357970459805586e+02
-7.629547264097226389e+01
-4.820086120636761962e+02
-5.744047246018801900e+01
-2.741043760664211959e+02
-1.884265097187040396e+02
6.949654123229635161e+00
-2.668872278694365718e+01
-1.831804171558835037e+02
-2.574332511999464259e+02
-3.130634215539584488e+02
-1.066541756099139917e+02
-1.865075267675209716e+02
-9.147547442490520098e+01
-1.486350631249549679e+02
-1.780567209934442303e+02
-2.235125579574446704e+02
-1.550105142306119319e+02
-2.149976195703179087e+02
-2.109648359465201679e+02
-1.077209215288324344e+02
-9.558124449807333178e+01
-3.433259666094808438e+01
-2.348958441345239407e+02
-2.898596744173105435e+02
-8.102423557766474005e+01
-2.964892571088472550e+02
3.456750317127017524e+01
-4.217196317650832498e+02
-6.818170603190704071e+01
-4.422897486852517090e+01
8.983226277895639100e+00
-8.125008064127334251e+01
-3.519991935256486499e+02
-1.420886563835400693e+02
-3.216191390577577067e+02
-8.447846851434401572e+01
-5.898757522720927682e+00
-2.650153058787300324e+02
-1.250534817544775876e+02
-6.715896848969295263e+01
-2.752248915912868483e+02
1.698476150010553454e+01
-2.289085300869038235e+02
-3.558915244776944178e+02
-2.491855483091609926e+02
-1.433612559377041293e+02
-1.652143243979361102e+02
-4.749096521071003707e+01
-3.172890962314197623e+02
-1.508914332223011456e+02
1.056038342205235381e+01
-1.828165058113867758e+02
-5.996440856285271082e+01
-3.580621460262854043e+02
-1.793868375383853504e+02
-3.455170184078912143e+01
-2.818071361208380381e+02
-2.361384790971536916e+02
-2.538683043399371115e+02
3.878559997433333706e+01
-3.372848834541534302e+02
-6.906176979800981997e+01
-3.801402153510645121e+02
-2.501072308510316873e+02
-4.778820252664257140e+01
-9.704026012702061621e+01
-1.659503776079641284e+02
-2.220497130726643604e+02
-5.934747222865750160e+01
-2.355106213110148587e+02
-1.066429772820638249e+02
-2.263642770546763359e+02
-5.988760551279840172e+01
4.629437465247091410e+01
-3.078688986756262125e+02
-3.514787630069381521e+02
-2.797675917249484314e+02
-3.411782231901382545e+01
-6.858467791199402086e+01
-8.403116331368185854e+01
-4.012797826139698714e+02
-2.862196038224556105e+02
-7.903034151947383634e+01
-9.119736985468759372e+01
-3.317589514776063879e+02
-1.694248388019002789e+02
-7.561975485323722523e+01
-1.184007597212658851e+02
-2.012897189423484292e+02
-3.182095863308321100e+02
-2.038448558610822943e+02
-1.794408497062887022e+02
-9.059564744311434481e+01
-2.253792575210148925e+02
-2.515267001545483367e+02
-1.850030301682889444e+02
-1.148464374907906915e+01
-5.381776879417582649e+01
-2.511366553318065371e+02
-2.658488153701915735e+02
-2.471561377753326951e+02
-5.134289632310490106e+02
-1.939418255027351847e+02
-1.609564015026758739e+02
-7.110083869913866295e+01
-5.487703940169525652e+01
-1.683866484384666364e+02
-9.549777584404311881e+01
-3.542295594143311064e+02
-3.990038578132924272e+02
-2.242661344673983592e+02
-1.487706701131324962e+02
-4.080268306099199549e+00
-1.384518304699052180e+02
-2.303182668583625912e+02
-1.331521804637396258e+02
1.207007532495187263e+01
-2.494145813360835575e+02
-1.570450382672492537e+02
-1.197881474150587735e+02
-3.394453366098458105e+02
-1.502592922805469584e+02
-3.193812432928614271e+02
-2.328562051449996488e+02
-2.177625276568792856e+01
-2.047379667117631072e+02
-8.816290761222190042e+01
-3.118314025579172721e+01
-8.045113805296371368e+01
-2.841129207743759366e+01
-1.973569579865081778e+02
-6.494694956433262689e+01
-1.104417788281746340e+02
-6.252374484977122648e+01
-1.755903965768011403e+02
-8.846851447485052233e+01
-7.321379391042739826e+01
-1.375716242012177304e+01
-1.487924237220119039e+02
-1.621647060534957632e+02
-9.779772928669046905e+01
-1.710254680694200715e+02
-2.702552680042847442e+02
5.478114599379756555e+01
-7.105247293147255050e+01
-1.636664120916566674e+02
-1.974570249571257250e+02
-4.351719476418614363e+01
-4.719064940433780464e+01
-3.051409447847763659e+02
-1.856288432280222764e+02
7.159175295262571126e+00
-6.412641798371220148e+01
-3.077892013923034256e+02
-9.561154244364577437e+01
-6.360200188287056733e+01
-2.782728680051376386e+02
-2.012198268759111102e+02
-1.066126182492494507e+02
-9.945848049438572502e+01
-6.161056545004863949e+01
-2.114886468920616380e+02
-1.395181731634000926e+02
6.696255480790412662e+00
-2.553961154622424772e+02
-2.635780373696508150e+02
-3.759444621001983933e+02
-2.101811913284501543e+02
-2.750167973086179245e+02
-1.615958887101612618e+02
-1.099685531829046425e+02
-2.064624548991878328e+02
-1.126361846464961616e+02
-1.669584972115227401e+02
-7.781476107238452755e+01
-7.875599237863767144e+00
-5.179064594372633223e+00
-2.035456232138169241e+02
-1.940383760028174436e+02
-2.543239139113784972e+02
-4.693640875338199692e+01
-1.734992801644215206e+02
-2.501062526152473140e+02
-2.526364243324547658e+02
-5.981774618317729164e+00
-1.105482884357438707e+02
-2.239984639813079923e+02
-8.621220974699893702e+01
-1.804988741582161254e+02
-4.930286375208139305e+01
-2.485088224308964016e+02
-8.971204619035287919e+01
-3.157733153467266902e+02
-3.450695934215858642e+02
-1.808980519526856767e+01
-4.305601169129529637e+01
-1.972946687325117523e+02
-2.499092335198004378e+02
6.998376820521323793e+01
-9.553923873987440629e+01
-2.028140216580149513e+02
-1.299044883472920446e+02
-3.200426537761712780e+02
-2.266201810627478324e+02
-6.004593603541757574e+01
-1.866546988672726002e+02
-2.098250050288915531e+02
-2.774436298498113729e+02
-1.549709199370696524e+02
-2.521745401616603317e+02
-2.281934302305994322e+01
-2.406721111994185094e+02
-2.279761343415200656e+02
-2.729076224233347716e+02
-1.981233079986348002e+02
-2.379916134196537314e+02
-1.296037069652293496e+02
-5.859805780094128380e+01
-1.650889706534641164e+02
-2.230345921776868749e+02
-2.997423748774310752e+02
-2.871461244650650997e+02
-2.742501029982717569e+02
-1.237100522936032689e+02
-1.485646035810971739e+02
-1.046061994319140354e+02
-1.502897668225680263e+02
-2.966343375996530654e+02
-2.398867539297663996e+02
-1.592924092213580138e+02
-3.514502384260567851e+02
-2.702917763266161444e+01
-2.436898722830576105e+02
-4.178594522177056092e+01
-4.942738035492976678e+01
-1.122828604249097992e+02
-2.437404978616801259e+02
-3.230809389131297849e+02
-2.297854037726524155e+02
-1.539904602854358870e+02
-1.414157364979391218e+02
-1.926900656696710712e+02
-1.835943978261601615e+02
-3.537132701706282205e+02
-2.728104684694882280e+02
-6.910034657497494948e+01
-3.644663117416824889e+02
7.220586753469623886e+01
-2.831424098723522320e+01
-2.683047003044853795e+01
-2.164920833451006388e+01
-1.004786555656728524e+02
-1.844158058585237541e+02
1.570747723665267870e+01
-9.977688622553300490e+01
-2.594887617101902038e+02
-2.562293950377359124e+02
9.351722734728360820e+01
-1.877236785689485146e+02
-1.802496217815638033e+02
-1.203309573071243221e+02
-1.311554075767805898e+02
-1.406142993236483107e+02
-1.439563784424755113e+02
-7.454814131677741784e+01
-1.053106516436283471e+02
-2.899595735695144185e+02
-2.340053066949984100e+02
-1.073527061909841080e+02
-4.014201025900182458e+02
-3.796897018076133179e+01
-2.773106392075807776e+02
-2.019521781548656918e+02
-2.392163011882514070e+02
-2.218169000603134577e+02
-2.119908505822422740e+02
-1.584404657554657092e+01
-9.068496036693905182e+01
-2.624233287307757791e+02
-6.234177471167175355e+01
-2.421001265506156699e+02
-2.165958485848102555e+02
-2.197606657352885122e+02
-1.986240647599328497e+02
-2.474005518935537111e+02
3.329823631791376215e+01
-3.035143278295023492e+02
-1.325207224438673848e+01
-1.048526274663829838e+02
-2.181794112856774746e+02
-2.817911681781994844e+02
-6.096637856959527824e+01
4.822047284434056280e+01
-2.136546552912880657e+02
7.298939515133847067e+01
-1.318180378682370133e+02
-3.676353789023163188e+01
-1.489364878415728981e+02
5.976903084747225847e+01
-1.188565453181535503e+02
-2.404532058008938407e+02
-2.373492163571896469e+02
1.935671646706757087e+01
-1.971949626257371051e+02
-4.765484657873071228e+01
9.328857969211746592e+01
-6.726827260091722849e+01
-2.327661135508465975e+02
-3.235491221917079088e+02
-2.119901110251911689e+02
-1.460606922889375596e+02
-2.173367159965620488e+01
-4.800325604367362331e+01
-3.058158741363393460e+02
7.036563311605077331e+01
-6.393351446338989774e+01
-8.956366947626179353e+01
-3.246239192871679506e+02
3.956887308506615852e+01
-2.067771255050673744e+02
-1.337784398540101449e+02
-4.704819760778816118e+01
-2.194525533009784226e+02
-6.091575731388664394e+01
-1.974946823546268888e+02
-2.160311504760884418e+02
-8.621126219694332349e+01
-1.850933206957843993e+02
-1.864442020589382878e+02
-1.104657651831725644e+02
-1.720139469346257783e+02
-9.151608446429148103e+01
-1.576736390028190158e+02
-1.954575933183986649e+02
-7.309448925978139755e+01
-2.393628477964929573e+02
1.276670187690569946e+01
-7.732027278908097401e+01
-2.063518123154633486e+02
-1.299215010426820527e+01
-3.135015213003663348e+02
-2.174242113091453064e+02
-2.217483827677512522e+02
-1.646264865269355369e+02
-1.979323691174597002e+02
-2.392691025255578552e+01
-1.233207788231672453e+01
-3.172520451015356002e+01
-6.192265054865864471e+01
1.187238510492726107e+01
-1.588085105448688239e+02
-2.206292814917328826e+02
-2.666691812197360889e+01
-2.109212328494679127e+02
-2.142834729180202373e+02
-1.522906117263863166e+02
-1.125251703278664195e+01
-1.908226005847384954e+02
-2.390908697818476583e+02
-2.117549795166480067e+02
-2.369646409203024007e+02
-4.884453838254817981e+01
4.236836567941202247e+01
-2.389669560040142642e+02
-2.395643875919862467e+02
-2.853533136794283678e+02
-1.876515828500152452e+02
-1.018767806846891517e+02
-1.038486779837698037e+02
-4.683644325955569343e+00
-2.902703377026039107e+02
-1.808155246076282197e+02
-1.303989621033497315e+01
-5.093989879311031643e+01
-1.165542656884693997e+02
-1.808138726991709291e+02
-2.546575547002667861e+02
-2.531323671328036653e+02
-2.678998322287022802e+02
-1.556570031255186279e+02
-2.273886474317622231e+02
-1.713815049857463180e+01
-1.192795247925154456e+01
-5.633955058458467136e+01
1.336272830524070798e+01
-6.390769225255358066e+01
1.163269629933009952e+01
-2.325280389992128391e+02
-2.182016480342362286e+02
8.292173471409705598e+01
-2.489736059468221185e+02
-3.479605297995225044e+01
-9.269987438978797911e+01
-2.090255399256664361e+02
-1.218952317897782649e+02
-1.301194108901374022e+02
-1.145610236576914360e+02
1.419667194913614594e+00
-1.787369716524430316e+02
-1.774035413142172501e+02
5.953512248646811855e+01
-6.775924031837384121e+01
-1.602459075758188476e+02
-1.994442218897304429e+02
-1.914682132304689333e+02
-2.802926504786997839e+02
-1.895497146582710002e+02
-1.703665912448896052e+02
-2.108441268726556928e+02
-2.351556039083679934e+02
-1.718892989723157712e+02
-2.508694218117358616e+02
-2.077160707593247366e+02
-1.608311714649485111e+02
-8.422982009462300823e+01
-1.748407354286561031e+02
-6.655835994304229075e+01
-9.348372906439189478e+01
-1.846687661142880188e+02
-3.178143845640806262e+02
-1.373312012961477535e+02
-2.051408271023532848e+02
-1.511692972399036421e+02
-2.479832365828511911e+02
-2.042293399925617052e+02
-2.152062253719482783e+02
-2.722258692040820733e+02
-2.354266396415353597e+02
-2.118370843968710915e+02
-1.926499105739051174e+02
-2.100607646402710884e+02
-1.654866894109511861e+02
-3.612948763577446698e+01
-2.034942950490608382e+02
9.505071101454049654e+00
-8.956994025639838242e+01
-6.243880690159202373e+01
-2.573960849773216637e+02
-3.127937532948327544e+02
-2.563336149902968373e+02
-5.210355655648744744e+01
-4.410504795971456105e+01
-1.274457607200246798e+02
-2.431597084144124210e+01
-1.477417043663505183e+02
-2.041774402392451861e+02
-2.359563180050801350e+02
-1.465000318000020059e+02
-2.167304557926939879e+01
-8.825988708041884934e+01
-2.952801215446709193e+02
-2.054371567553978366e+02
-6.530183477190867336e+01
-7.100585457372255860e+01
-2.424517379530527137e+02
-1.730738234167619112e+02
-1.581727959956326970e+02
-1.823080330121682664e+02
-1.082211484936462682e+02
-2.140689480616074150e+02
-1.001056311542143931e+02
-7.566167339271282799e+01
-7.707976856677323951e+01
7.798396306812034595e+01
-2.005716052626038675e+02
-9.283901225630987142e+01
-2.500559623508821687e+02
-1.510027533607764667e+02
-1.922114359801564660e+02
-1.771217468237562684e+02
-5.365550040881591087e+01
-2.077489589067204747e+02
-1.656208327864442822e+02
-2.038886731504786383e+02
6.122765322531378729e+00
-4.703600493721435782e+01
-2.080168907779928702e+02
-1.545623353627946130e+02
3.096305426368331837e+01
-1.642801210013704463e+02
-1.930628493629926652e+02
-1.887792664779492497e+02
-6.727041793543673975e+01
-2.529207017412840912e+02
-1.738409201351378215e+02
-2.229863429496236336e+02
-3.821573181499174154e+01
-1.462969114754670841e+02
-1.724525834564071261e+02
-1.692345670493357375e+02
9.897695873610203421e+00
-1.005527785069559030e+02
-1.912866664082835939e+02
-1.889720422916133771e+02
8.442239025070014691e+01
2.260991604391860221e+01
-6.794577338557208179e+01
-2.462052122533668808e+02
-9.468868439902550449e+01
-2.784661070342134508e+02
-4.268835637464123067e+01
-2.433111140809418771e+01
-1.479251237541182604e+02
-3.069553819665472929e+02
-1.254804361145254177e+02
-1.010595841377462989e+02
-3.180932224319387842e+02
-9.400463094839881251e+01
-2.924989705383604814e+02
1.405716620127545013e+01
-5.302591158894559698e+01
-2.047616550863367593e+02
-6.561896952539535732e+01
-2.089210599947668356e+01
-2.639012396143907608e+02
-2.669680958374186730e+02
-1.493237380253356150e+02
-1.566154757955644072e+00
-1.999828073099594690e+02
-7.289456636288599611e+01
-8.660001054630917849e+01
-2.223461286989413566e+02
-9.113498155331988926e+01
-5.342641526315694023e+01
-2.099721196091584829e+01
-2.038656473128825724e+02
-2.094884027437740315e+01
-2.049843773615206146e+02
-5.129345170663786746e+01
-4.059974129842715662e+00
-2.501852821114737253e+02
-1.721199461072549752e+01
-2.612440161783331405e+02
-1.800805939235549431e+02
-5.589122560251068705e+01
-9.291021312175628566e+01
-9.388296926070715642e+01
-2.089126336039058742e+02
-2.985035073835326784e+02
-1.001390044221368498e+02
-1.748629628811464158e+02
-1.353229322047867527e+02
-1.693178346017606941e+02
-1.411761643388925904e+02
-1.084299342366067833e+02
-1.949954710540351357e+02
-2.660559668812613836e+02
-2.111696393551204096e+02
-8.518091694365227795e+01
4.004550897108461527e+01
4.775322562903227919e+01
-1.222350378094739369e+02
-1.606816979528338720e+02
-1.432751272148327359e+01
-2.437203411022195496e+02
-1.484570096740434337e+02
-1.738019239266866407e+02
-2.279178161322869016e+02
-1.903085813717026440e+02
-2.909893600094544581e+02
3.398083228108220055e+01
-3.300809703256517196e+02
-5.626653898801716025e+01
-2.161632537280603117e+02
-4.769582678521405228e+01
-1.985735109470098791e+02
-5.426806700057214528e+01
-2.455856612534486771e+02
-7.110758868067253502e+01
-2.228086964092665312e+02
-1.758658024629120860e+02
6.318657869876320632e+01
-1.576683980397521054e+02
-2.033097769776208565e+02
-2.148224243541757801e+02
-1.013423513697575089e+02
-2.341776661010152907e+02
-9.532996618323683435e+01
-1.894707563091811267e+02
-2.896876929269484435e+01
-2.653043858693035872e+01
-1.160531636963403912e+02
-1.457384801086228379e+02
-1.694414043577247071e+02
-7.718878047252215424e+01
-1.574007526821627039e+02
-1.969600815887760916e+02
-1.389121698021828593e+02
-4.165450747914043461e+01
-9.902404264852643223e+01
-2.556448005964224706e+02
-2.683318101750411415e+02
-5.141326706168432281e+01
-1.962425024834989813e+02
-2.109759714429500832e+02
-2.312449466134778788e+02
-2.304011508329903677e+02
-1.727679083811852934e+02
-2.558326786576071754e+02
-1.770162258979095782e+01
-9.704827441332571425e+01
-1.546508984068779569e+02
-1.395566853340049818e+01
-2.209234135398235139e+02
-5.156853570160695455e+01
-2.149938214814545177e+02
-1.960704100576328699e+02
-6.858690962352343945e+01
-2.494155008458817520e+02
-9.591785250794001172e+01
-6.482187349105004159e+01
-1.584479362833336609e+02
-5.609484387858508114e+01
-2.221451182788851497e+02
-2.609858796951691602e+02
-3.602745029382735709e+01
-8.319804258563374333e+01
-1.775643610000961701e+02
-4.422447235373898167e+01
-2.577102055449402656e+02
-1.389584232061251328e+02
-1.864124893154728397e+02
-2.242850880827410265e+02
-1.737907011953672907e+02
-7.645360843372762361e+01
-1.629918854264924448e+02
-3.094423364418486244e+01
3.499469971723156192e+01
-2.059378254247391169e+02
-1.670696938386352599e+02
-4.651643578904456433e+01
-4.671556718865029723e+01
-1.024182153048311648e+02
-8.876780027664982242e+01
-2.362489559825168328e+02
-4.282918431322896424e+01
-1.964852997358477751e+02
-2.465941439402834874e+02
-2.127757348977709171e+02
-3.344028194143795929e+01
-8.995191181445727580e+01
-2.686296162634237135e+02
-2.335114655817663447e+02
-2.215943423308216040e+02
-1.866481734845456799e+02
-5.861947839574425956e+01
-3.036739856405953333e+02
-2.650578061282791396e+02
-1.673165404717323099e+02
-2.127612090970205543e+02
-7.150868505093330896e+01
-2.364965555480387422e+02
-1.030894321103699838e+02
-5.808835853166987562e+01
-1.813724903807570854e+02
-4.572262020968261709e+01
-2.701967279227936274e+02
-1.582868154140284673e+02
-2.645539834909218371e+02
-2.922880893332280152e+02
-1.914651668874330426e+02
-3.165613292084090347e+01
-2.309982300168629763e+02
-1.632744533240371538e+02
-1.139546363351556124e+01
-1.154714931556127198e+02
-2.189928673182806165e+02
-2.600272676104299308e+02
-1.936706075383260952e+02
-3.684415122171793655e+01
-3.428777491776725128e+01
-4.322393728589034367e+01
-7.955896544524281921e+01
-2.710338685766470235e+02
-2.674413195028907353e+02
-2.854036197316374341e+02
-1.885995942958590490e+02
-2.355265930886868375e+02
-1.742061547322952606e+02
-1.883756047944522152e+02
-1.913915350665880055e+02
-2.460838114382405024e+02
-2.084569720253061575e+02
-2.574773118759587192e+02
-3.457843502677549452e+01
-1.171389959103281200e+02
-2.256902853746617268e+02
-3.109742362700280864e+02
-6.901583497391955291e+01
-2.644183699109254349e+02
-2.011402123536122986e+02
-9.232953598258855266e+01
-6.618461573977423740e+00
-1.627209906704420916e+02
-2.805923291987485868e+02
-2.736101075598394345e+02
-2.301642462129075852e+02
-2.279243763359748982e+02
-2.530491439209825444e+01
-9.629320523778361007e+01
-1.625331839339079067e+02
-1.888516566141363171e+02
-2.158364859625361305e+02
-7.377936067193775216e+01
-1.859519603622664761e+02
-1.012671541918247726e+02
-4.909614879860463077e+01
-8.030047797245438801e+01
-3.376334214515803467e+01
-2.282508169905481736e+02
-2.663397159279624020e+02
-2.987149004094388260e+01
-1.819972169479764261e+02
-2.123570964480854286e+02
-1.430649599729098327e+02
-4.712928784232533275e+01
-1.503479003555177087e+02
-2.463130578255220371e+02
-2.353413810167304803e+02
-9.162066940681503979e+01
-2.048485743595373378e+02
-5.907056518143956225e+01
-1.134765573386664101e+02
-2.159910117930746765e+01
-5.931247321960600516e+01
-3.319852640884579387e+02
-1.952775496668890014e+02
-2.101165402675804330e+02
-7.370655058786971381e+01
-1.427161539432132997e+02
-2.074971484050467154e+02
-8.235599751919990297e+01
-1.049546748042373991e+02
-6.116012022840773454e+01
-5.008376461441712024e+01
-2.473216675667643756e+02
-4.433585954515700678e+01
-2.020703107792570563e+02
-2.093970133957093935e+02
-7.320464052086840923e+01
-2.015379703411763330e+02
-2.824355911945618800e+02
-8.079312347527718430e-01
-2.160060495773672642e+02
5.971536699205334742e+01
-6.508752914460802685e+01
-1.044685848962660657e+02
6.947416025219411040e+00
-3.015442683112090663e+02
-1.476653701443091506e+02
-2.580098572457475257e+02
-8.753258072148889823e+01
-1.051263271785970090e+02
-9.115936300446165319e+01
-2.067007427907864212e+02
9.356490438499376339e+00
-3.235732637990204097e+01
-1.541354321544767458e+02
-1.225552045735010438e+02
-2.229822597765189016e+02
-1.635983290386021736e+02
2.938025130054529654e+01
-1.470189888247741408e+02
-1.508504723388600723e+02
-2.512623693114548473e+02
-1.192359568163125516e+02
-2.433950969308315280e+02
-5.321588214611664824e+01
-4.463727324192676349e+01
-2.596391005892263593e+02
-1.359879607998604456e+02
-2.394143515137641032e+01
-2.645486872981306306e+02
-1.447591603696295692e+02
-1.262628029930546774e+02
-6.736837733530114747e+01
-1.276912284073524972e+02
-1.813309164549153820e+02
-1.769098874921737945e+02
-2.531975876897550393e+01
-1.519676184433188837e+02
3.205756453976187004e+01
-3.369077348849248210e+01
-2.494878873232927958e+02
-7.365067534077104483e+01
-1.030538339873903908e+02
-1.339677010484655852e+02
-8.584062101370362541e+01
-5.711113823777778009e+01
-9.675751759232035454e+01
-1.318596774671728724e+02
6.999404534826837221e+00
1.922391116560982027e+01
-3.244252443356108984e+01
-1.271959736761255044e+01
-4.468291956849691360e+01
-1.051639454414319061e+02
-1.883705197104956142e+02
-6.722808042899389136e+01
-2.667152951962156635e+02
-9.082295469771894147e+01
-2.566847006626152279e+02
-1.734313904397783119e+02
8.999155479510861255e+00
8.744998437606945174e+01
-2.461303611102204343e+02
-2.063006027690685755e+02
-6.358578060980673285e+01
2.955951248605018122e+01
-1.921033574918299962e+02
-9.160542751210958556e+01
-1.108778689082502638e+02
-8.421266316418845577e+01
-2.548569308606782329e+02
-6.090461437548327694e+00
-1.894603096965306577e+02
-2.480130146311794590e+02
-2.217025425541622212e+02
-7.098836947626055860e+01
-7.071359181045920650e+01
-1.546814207664015726e+02
-1.337159358466368531e+01
-2.360223163157077408e+01
-2.114889902851067518e+02
-3.153055982597886100e+02
-2.446545103177829219e+02
1.339361228437744344e+01
-2.382564231629445430e+02
-1.895915268969179692e+02
-3.302337235959331565e+02
-2.076610189628019043e+02
-1.579871542783119764e+02
-7.274521000981351904e+01
-1.168068409206953930e+02
-3.014643673081230304e+02
-1.621609091496858639e+02
-2.067928099750407398e+02
-2.120882832977833345e+02
-2.568555906457573883e+02
-1.897362599815430713e+02
-2.060715889435558097e+02
-1.640607432952710951e+02
2.534731290466142184e+01
-3.971275130770619910e+01
-5.887467013943960126e+01
-2.240094162271859375e+02
-2.667422004455507931e+02
-1.980170077912505917e+02
3.971086634175591712e+01
-2.117137747122181679e+02
-1.411307660924013874e+02
5.451335303338460392e+01
-1.850973163421355139e+02
-1.761186649595115910e+02
-2.879944056459870581e+02
-2.240958031811634328e+02
-7.984580413268770371e+01
-1.194938883677850505e+01
-2.044081878521873250e+02
-2.354758129671796496e+02
-3.622238263977767758e+01
-1.066874054907612930e+02
-2.103304361604000690e+02
-3.764248222365985441e+01
-1.641430219571679459e+02
-2.282217366464732322e+01
-3.576295277819309604e+01
6.399890034892261070e+01
-1.594862849772842992e+02
-1.936497120235918032e+02
-8.535666710924752465e+01
-2.176690125221819585e+02
-2.134578236475692279e+02
-2.765397901220540575e+02
-2.646490000006615446e+02
-4.229166486424408333e+01
-2.343636952548180545e+02
-1.926986006343153690e+02
-2.279541608448184320e+02
-2.471628184131102444e+02
-8.656635120780489956e+01
3.818320862969347473e+01
-2.765592535446974694e+02
-1.655659491434938957e+01
-2.130110247145713629e+02
-2.913426245331301345e+01
-1.392261313070510482e+02
-4.143110442074998900e+01
-2.175318101187688740e+02
-1.097172583077372394e+02
-3.654589792078034804e+01
-3.130540788961124576e+01
-1.834002949172771366e+02
1.450858886097960010e+01
-2.631100822750751149e+02
-2.437681595957827483e+02
-5.087198376960999724e+01
-5.675759756694631619e+01
3.677184774687300717e+01
-2.165871933271787668e+02
-2.357036592823935166e+02
7.624749657651490509e+01
-1.165498539267249356e+01
-1.851637579800244566e+02
-2.931207094622800469e+01
-3.600986237800454148e+01
-2.012281259056293266e+02
-6.019795698055417432e+01
-2.038084526281337503e+02
-2.000546376370611483e+02
-2.507514861738210641e+02
-2.482671567275472739e+02
3.797056778627478479e+01
-4.700346403713928112e+01
-3.135816975390321204e+01
-2.072581564326528678e+02
-2.582016307992283828e+02
-1.683803371012739376e+02
-2.858509402929258272e+02
-6.403758324975208893e+01
-5.118411901136337860e+01
-1.844742573346034646e+02
-2.226229887161413785e+02
-3.590757632524942622e+00
-3.118615572981917694e+02
-1.902296420890202455e+02
-9.202930191105218682e+01
7.912629522357804923e+00
-1.887470085920136285e+02
-4.776240757415108362e+01
-3.487872503816158201e+02
-2.639434095785157979e+02
-7.084494859272842859e+01
-7.165100110635020769e+01
-4.646512531364386689e+01
-1.973146849709978881e+02
-3.452018813762752547e+00
-1.622203207744985889e+02
-8.192961177341864243e+01
-6.430148144263978338e+01
-8.034864968859994860e+01
-3.646130659392088091e+01
-2.107080165529256988e+02
1.166092440918289697e+01
-2.413255094209016818e+02
-9.678206543116155558e+01
-2.676017527909233422e+02
-2.230086756012361207e+02
-2.078252840637106260e+02
-1.990640452198882144e+02
-8.702286687168461299e+01
-9.469030891974882991e+01
-1.012819247444115831e+02
-2.622941728922932043e+02
-7.057145852090712879e+01
-1.319427109014537507e+02
-2.571362871384573054e+02
-1.259866801397143377e+01
-2.111515689851127036e+02
-2.026150657681432392e+02
-2.036570756139338982e+02
-2.846235967353900946e+02
-2.374266318768632971e+02
-8.004371693200741333e+01
-2.319294142300256851e+02
-1.359527284861355270e+02
-5.417345824121314024e+01
7.498899551543452446e+01
-5.084152941863526110e+01
-1.930398368326288221e+02
-1.637801075873975378e+02
5.615299874529814872e+01
-2.676429033828197817e+02
-5.901823455341913416e+01
1.593278419060393247e+01
1.303074735160484749e+02
-1.712080025556301450e+02
-9.237597365228768354e+01
-2.759903175259601653e+02
-2.118616466600692831e+02
-1.981753893242213280e+02
2.030792490932100236e+00
-2.470633512808978480e+02
-1.247750859409821231e+02
1.572408471573033353e+02
-2.489930258328249408e+02
6.195754433106330339e+00
-2.161726130564495350e+02
-2.345996989384823905e+02
-8.888688317713157971e+01
-2.235418842799635399e+02
-2.708721114670792076e+02
-2.582439997585240690e+02
-2.105537328012001694e+02
-6.757882102943955260e+01
-8.305308722524490861e+01
-2.449555068379079614e+02
-3.576843016431183742e+00
-1.747675130218395623e+01
-2.886616968392919489e+02
-1.076930501264050264e+02
-7.947712473774700470e+00
-3.783108607770735432e+01
-2.545118048449784851e+02
-2.268627921455792773e+01
3.400552087612292240e+01
-2.544992672849514008e+02
-3.414371682740122083e+01
-1.279730942026002793e+02
1.456314663645025576e+01
-6.912031308404111485e+01
-1.494577661177892196e+02
-2.447652222889389009e+02
-2.883541373001995112e+02
1.005317073127500294e+01
-1.481289882991574132e+02
-1.978064661263991297e+02
-2.947289124612110527e+02
-2.090675897471498388e+02
-1.360687008969430281e+02
-1.610145037240525880e+02
-1.571837854131818801e+01
1.025118699864088967e+01
-2.030605084114831698e+02
-5.169571780855200416e+01
-2.041048792204278755e+02
-2.622599818799774312e+02
-1.778687762327961650e+02
-3.301009363557354277e+02
-4.722901463519775689e+01
-6.312298406577533427e+01
-2.179344281796790028e+01
4.212084940629953422e+01
-3.239719779512429909e+01
-1.227974671625897685e+02
-2.938342880501997456e+02
-3.390451705714028208e+01
-2.132964745547067196e+02
-2.012997614397367840e+01
-1.405300494492318251e+02
-2.452481685499217292e+02
1.062528246789240427e+01
-2.290052634688743183e+02
4.751026869313852430e+00
-5.928787342694175067e+01
-1.441420661772022811e+02
-6.675766882052282369e+01
-1.762864556421773727e+02
-1.165560318032996037e+02
-4.661213722740767196e+01
-2.092623618189549006e+02
-1.677306316018764960e+02
-1.672933476944705262e+02
-3.067492023562069789e+02
-3.586967016795334473e+01
-9.283496785158902753e+01
-1.159107771108437532e+02
-2.716755726253073249e+02
4.174277392741273474e+01
-1.648045255407371883e+02
-2.869142992198870843e+02
-1.797339274103060234e+02
-2.253680865713354819e+02
-2.402120356747946062e+02
-7.413148509402617492e+01
-6.690604883632099131e+01
-1.900621272416545935e+02
-1.193890274441984900e+02
-1.189093055264171284e+02
-7.062328049503514649e+01
-6.520449324919596279e+01
1.679703983830636815e+01
-1.331960329864285484e+02
-1.023229833533492865e+02
-8.104924953850692759e+01
-1.392964717782139701e+02
-1.935579841990259240e+02
-2.828860053870392903e+02
-1.970145225967875433e+02
-2.281941171392954004e+01
-4.042763708074968321e+01
-2.232352846420689048e+02
-4.065928251514310432e+01
-1.754479368753864890e+02
-2.618071761317959272e+02
-2.175457173874336263e+02
-1.884932953774776934e+02
-3.442017006561535482e+02
-1.544979251867972891e+02
-2.105233017559751829e+02
-6.296513373799555069e+01
-7.504756320523225099e+01
-2.118383253136822191e+02
-1.520617848774595586e+02
-8.206527503583734529e+01
7.213235038423735546e+01
-6.652495034650864625e+01
-3.703684665135616569e+02
-2.096921470444249280e+02
-2.510783248745615026e+02
-2.018033246723713034e+02
-1.839625589213074761e+02
-2.610127459975630586e+02
-2.122041557963211176e+02
-4.761437903307900399e+01
-1.028414012656478889e+02
-6.878658940693733825e+01
-1.244608525889626094e+02
-1.027808518178380837e+02
-2.807050355091533902e+02
-6.089227752518066694e+01
-1.138515880176442465e+02
-1.603059242235541433e+02
5.929200751937115399e+01
-2.499335239016259038e+02
-1.793492277787582054e+02
-9.104678541824603144e+01
-1.873841422385418127e+02
1.391299757217781519e+01
-7.583455442043380401e+01
-5.124189048959919290e+01
8.452727027248835512e+00
-1.863951990105803134e+02
-1.486501911741001436e+02
-1.002040569699286578e+02
-1.698173649203935724e+02
-4.927673727159566397e+01
-5.578787670444000923e+01
-1.880845157632251698e+02
6.805514465103129851e+00
-2.264942017281209417e+02
-3.513292728211641247e+01
-3.285808916606650598e+01
-2.312887485703404593e+02
-1.871506240268747661e+02
-2.179439129948090113e+02
-6.190663846112358470e+01
-4.832526876822201700e+01
6.151553728913442853e+01
-2.186986839727274798e+02
-1.741771215127166670e+02
-2.723797487430010165e+02
-1.843805668600850822e-01
-2.327352451493142382e+02
-2.374897458868984188e+02
-2.340151769011114880e+00
-1.701848815012742762e+02
5.716965913106956343e+00
-2.539276955265777360e+02
6.020832644949111767e+01
-2.004507616858993515e+02
-4.694818679932164684e+01
-8.842943394028722537e+01
-7.077101401100043176e+01
-7.905717430918885213e+01
-1.919176731487489747e+02
-4.157667019512170725e+01
-2.620084008293854367e+02
-2.342362687930067011e+01
-5.456911280054924873e+00
-1.892496427531849008e+02
-5.508088438569622269e+01
-5.557307391352736659e+01
-1.102015120305925677e+01
-1.122165495636921939e+01
-3.696382857133485800e+01
1.477764738078657842e+02
1.910198070007425031e+00
-5.632236849340327467e+01
-2.874351208640164259e+02
-3.538762173174399095e+01
-2.270111948642030200e+02
-2.695803996362716930e+02
-1.987852842009583583e+02
-1.538392435438325379e+01
-1.375012363161003748e+02
-9.568732041164204816e+01
-1.628263643911261909e+02
-1.942322237278148123e+02
-9.098020097077125001e+01
-2.222348782604516941e+02
-8.764745498799611312e+01
-3.623717468331864211e+01
-3.066452966026086813e+01
-1.564198188565501368e+02
1.029668451122432771e+01
-3.697652814361741491e+01
-2.086849464670074781e+02
3.385474952742158372e+00
-2.558298476725958608e+02
-1.403926069853375225e+01
-8.083497233717139352e+00
-1.758745403297399434e+02
-6.817900484671341133e+01
1.431366914956495862e+01
-2.080220770178087264e+02
-2.226811481819700589e+02
-3.337772926973627818e+01
5.650678389037182825e+01
-2.244242552109523103e+02
-3.654028880554264447e+00
-4.106023417658687436e+01
-4.163130035534861406e+01
-2.031809941942327669e+02
-1.946927364803829050e+02
3.168778242292304981e+00
-2.665692677765662211e+02
-6.768805160405686649e+01
-2.749490790899821491e+01
-7.364187672129330053e+01
-2.260266996530172889e+02
-2.503187355762894697e+02
-2.981489702745865600e+01
-3.414346476334021929e+01
-2.633730827448964646e+02
-3.610407171206608723e+01
-2.303602643382021711e+02
-3.467010915984666326e+02
-8.157686120827969489e+01
1.751704849563078170e+01
-5.303759800369495281e+01
-7.809157598670498146e+01
9.003864806109589836e+00
-1.251318657872699021e+02
-2.615674469766768198e+02
-9.523433114901979479e+01
-3.226330072678541683e+01
-1.668549674743148898e+02
7.470439108393719607e+00
-2.071746257022536781e+02
-1.811022639308372959e+02
3.229956596335578212e+01
-2.779369017671550637e+02
-1.403613286655722163e+02
-2.033334027599695162e+02
-1.428733183582776007e+02
-1.614734264525807816e+00
-5.895149772289690304e+01
-7.610375261607508435e+01
-2.647945284851670067e+02
-1.915971204241712371e+02
8.268830748395153307e+01
-1.482500585976804359e+02
-8.899167946891495262e+00
-1.785304231326003332e+02
-1.791425047307846796e+02
5.517770762031226184e+01
2.893954938566637658e+00
-2.458661565851453474e+02
-3.016780535798654910e+02
-8.054890619293307452e+01
-1.878946400774767085e+02
2.004175553740454419e+01
-5.836843681013640861e+01
4.438098803877380760e+00
-2.831452001716647828e+02
-7.366719235818504785e+01
1.304844703516603488e+01
-3.919748593521099167e+01
-8.011682683833598162e+01
-2.043723855961089271e+02
-7.960873454595139265e+01
-1.892055406375880011e+02
-4.384112379493478073e+01
-1.568185624079968932e+01
-5.054291246298870988e+01
-8.865270747533088525e+01
-1.886247441293189695e+02
-2.040144654796354757e+02
-2.149219538011025179e+02
-1.780900738265769974e+02
-2.216798155941991695e+02
6.740267604735966245e+01
-1.636143901409341765e+02
-2.128589469898579409e+02
-2.070451058510138864e+01
7.229097038199704173e+01
-2.857958750735791682e+02
-1.922493184073016721e+02
-2.127337649511975997e+02
-1.991239055953499246e+02
-2.336963851484492807e+02
-2.430701991901645442e+02
-2.074115165206125084e+02
-4.540032437315387881e+01
-4.746921274505004362e+01
-1.931069652363258911e+02
-5.019653135443130765e+01
-2.330805841253248900e+01
2.362140786138035686e+00
-5.530327255173993706e+01
-8.262799868831865524e+01
-2.462431347574999450e+02
5.993137169744677806e+01
-2.274763620315625019e+02
-2.099713851526087183e+02
-1.403052303085945880e+02
-1.316266199409413105e+02
-2.136047050545198829e+02
-1.466189232732209007e+02
-1.512249297308246412e+02
-1.310586915449178491e+02
-4.510199256750455277e+01
-2.702304835531912772e+02
-2.979747792636931649e+02
-6.745284708259863748e+01
3.431101106077782958e+01
-1.569190325045134955e+02
-7.562273996246111096e+01
-2.639126914338866925e+01
-1.132902969978735399e+02
-2.508175337278773327e+02
-3.000633184007862155e+02
-1.905540407353645094e+01
-1.350097059887538364e+02
-2.007304208943284038e+02
-2.340728715769071755e+01
1.054288169624166471e+01
-5.546630454341814698e+01
-2.122922261601325431e+02
-1.996347782335008958e+02
-3.484901104085687962e+01
-1.883783741725691243e+02
-1.848898014967844006e+00
-4.607564839398970946e+01
-2.227197737011635184e+02
6.260794023780290729e+01
-2.792658239326253806e+02
-2.353725262660517217e+02
-8.851042649296263676e+01
-2.117951308996713351e+02
-7.260970228086733869e+01
-2.446952334429330449e+02
-4.824142129172598459e+01
-1.896988329026797544e+02
-1.740295343432723598e+02
5.718269613210869551e+01
-4.620782423980618603e+01
-1.020000021668717949e+02
-3.452660659804951138e+01
-9.862519733729401139e+01
-4.026611173901611096e+01
-1.753282561228105578e+02
-3.332343240871799708e+02
4.637478317232255165e+01
-1.240912363373693381e+02
-2.076063634277305141e+02
-2.246205252888403550e+02
1.801637921943195408e+01
2.720191649069638018e+01
-2.292577623007914838e+02
-3.352330861690047925e+01
-3.544674877943450042e+01
-2.825373436329022638e+02
-8.211170862224517464e+01
-4.082618370457169021e+00
-2.096307372670073619e+02
-2.163121915045043409e+02
5.209978420262416421e+00
-2.448737499681899692e+02
-2.048159766775913795e+02
-3.045255541405427380e+01
-1.712149811560970534e+02
-5.125951019891606109e+01
-2.004336887075556888e+02
-2.186069147360713600e+02
-2.249971153254082878e+02
-6.642409749532799879e+01
-4.195932585650837154e+01
-1.626079196832933178e+02
-2.435121446578337441e+02
-2.169706936625803166e+02
6.251794304841846639e+01
-2.975229966079226074e+00
-9.527629317581076407e+01
8.225327571710205632e+01
-1.016679274997557911e+02
5.716617511553906184e+00
-2.608672592811610684e+02
-1.952986322131303609e+02
-2.323712118068449968e+02
-1.434539995418043645e+02
-2.370201231313953087e+02
5.844552220970072653e+01
-1.165197583865314357e+02
-8.234719390258420901e+01
-2.146540774466561174e+02
1.089172807714848688e+02
-2.500930164155732029e+02
-6.099901097344798018e+00
-1.986903676671705625e+02
-2.263682561890367992e+02
-4.659802699073192400e+01
-2.495949392926037191e+01
-1.119373828856666080e+02
-2.427665354602119976e+02
3.192496038503007938e+01
-4.019630609599457216e+01
-1.607722899353676667e+02
-2.253134128666275160e+02
-1.405951704609667559e+02
-5.245767784905905273e+01
-2.101155612910071113e+02
-1.603792287232306535e+02
-2.023450886711703731e+02
-4.344614715557440832e+00
-2.064759691545874887e+02
-8.691988028077962269e+01
-1.666925934361328245e+02
-4.451881966601220597e+01
-6.525887666786368868e+01
-2.021900711791741401e+02
-6.193229806134317528e+01
5.987004197073120793e+01
-1.529614127474998213e+02
-3.131135823340530067e+01
-6.459252414813951759e+01
-1.704182194910522981e+02
-2.323626127520715556e+02
-1.937195883797994611e+01
-1.972075028963935779e+02
-9.697503055813348283e+01
-5.102234277393391437e+01
7.598956420704057280e+01
-1.873562980652296233e+02
-8.186202420536091040e+00
-3.583427856974092407e+01
-1.600762842585012891e+02
-2.258803296745300315e+01
-1.801599460118098932e+02
-2.219240161832128706e+02
-2.107240679193425024e+02
-1.795781252828086849e+02
-2.171873038306905244e+02
-1.246809391230780193e+02
-1.702649357121080698e+02
-2.641147415464159565e+01
-2.332894024593320808e+02
-2.478211684174139862e+01
-9.138561025797653770e+01
-5.175893940926445680e+01
-2.772283877096804190e+02
-2.866622871263218713e+02
-2.090016050543043207e+02
1.146691534420257454e+02
-1.870154739115975531e+02
-2.187224832386885964e+02
-2.508695867582991923e+02
7.169365249636442172e+01
-2.455582141019213793e+01
-7.315432078784911596e+01
-6.219170180053237829e+01
3.025754167603395217e+00
-1.038446847094240297e+02
-2.253927076254724966e+02
