-3.350109566241147832e+02
-6.204891939579785287e+01
-1.224132171081162426e+02
-1.793940286547840799e+02
-3.137996289907180198e+02
-3.693105704973436332e+02
-1.471423605234420222e+02
-3.686077268189181950e+02
-6.888196923989468701e+00
-3.766796243018160339e+02
-3.133827732526268619e+02
-2.970251493376507597e+02
-3.843873064933475803e+02
-1.498264665362502228e+02
-3.447342327014980867e+01
-2.530903913729757448e+02
-1.991699895834667018e+02
-1.137030823063172988e+02
-9.759013223871428977e+01
-3.484006442836807764e+02
-2.365649997802796349e+02
-5.487935894196665743e+01
-1.491446214799333347e+02
-6.741917401585814105e+02
-6.685469971019637114e+02
-1.800220492902384137e+02
-2.988047578997585561e+02
-3.186696001810200869e+02
-3.580038736939080195e+02
-6.777233313230858585e+02
-1.898069736044373030e+02
-2.663724510811944128e+02
-4.954313660826521755e+02
-2.902361057852028239e+02
-2.998373136592769583e+02
-4.702438389693683689e+02
-6.719564693951329559e+01
-1.099339654507267028e+02
-2.377800501458740428e+02
-2.899076874477310071e+02
-5.948470276968379267e+00
-2.206738567387322973e+02
-3.163194288364055069e+02
-3.872581148461337648e+02
-1.745433332582855996e+02
-2.873500164001941926e+01
-3.792541221386870234e+02
-4.744303009472896804e+01
-3.454805019234870542e+02
-2.552883424002844208e+02
-3.011311458300571076e+02
-1.639332214996740333e+02
-3.164005204810711120e+02
-3.464660980513042432e+02
-3.936094560943666352e+02
-3.443899821346804515e+02
-2.925498771715596149e+02
-4.325972504657491982e+02
-3.385238463177065569e+02
-3.752747807286218062e+02
-1.970248577701502484e+02
-4.540194151219424725e+02
-1.793059680641475779e+02
-2.387315259296099725e+02
-2.552050283629470755e+02
-1.258106134358590111e+02
-5.571617773871658130e+01
-3.908557921877014110e+02
-4.011532106021290360e+02
-3.991819396557971231e+02
-2.512225641846606550e+02
-4.803285158075434680e+01
5.488328463589212447e+00
-1.788691912264126245e+02
-1.539979508664264074e+02
-1.555031987341873503e+02
-1.866776540925707764e+02
-2.011328781845843423e+02
-3.035450775857303540e+01
-3.088314584818710387e+02
-1.262266155235536473e+02
-2.634788960837564673e+02
-3.079191080645564966e+02
-2.711041995516284260e+02
-2.403869614657446050e+02
-3.349275626824498886e+02
-2.935988842887554711e+02
-2.553867078154403316e+02
-2.264147118154389773e+02
-3.887994026201785118e+02
-2.548669191916148691e+02
-2.401845790937138361e+02
-3.098343993310517135e+02
-1.867703125399724229e+01
-9.590679824846790780e+01
-2.531211061893723695e+02
-1.894478027061914531e+02
-8.132172829098891498e+00
1.874793083912540226e+01
-3.034571307636483652e+02
-2.265332016528941494e+02
-1.040082303575014038e+02
-3.084414046820428439e+02
-2.101875202899760495e+02
-2.446807626906033590e+02
-2.616158709017759065e+02
-4.084660897595070139e+01
-1.103414454172675647e+02
-3.025492357963361769e+02
-3.181981999403122927e+02
-1.817183789886049965e+02
-1.011478992905762055e+02
-3.012105738328033340e+02
-2.453377526693518860e+02
-1.686807106712643645e+02
-2.554371362604203739e+02
-2.678493181837149564e+02
-3.248664147234882194e+02
-4.473645008806511214e+01
-3.261860851682190514e+02
-2.377147095087175614e+02
-2.317306947831623916e+02
-2.339673106647270799e+02
-5.574661259269392133e+01
-2.991898324279381995e+02
-2.040691963646852400e+02
-7.049687208232289493e+01
-3.274276253510901711e+02
-1.867575427560160506e+02
2.420229754281663759e+01
-1.854711696325483103e+02
-6.179685373066826770e+01
-3.415182226239438705e+02
-1.747182510794706332e+02
-2.223258605404836885e+02
-6.633706828136217837e+01
-2.501612762321701950e+02
-2.322724577461094384e+02
-2.539505660503009210e+02
-2.650535358116547968e+02
-2.000869461888441947e+02
-1.799370887332956670e+01
1.018018424194524982e+02
-2.563352255363147378e+02
-2.319510508645035429e+02
-2.383888433471702513e+02
-1.032175844780592229e+02
-6.163458582660426543e+01
-1.453863426390661857e+02
-2.359258890108591515e+02
-2.045593195039521675e+02
-2.528850131599350561e+02
-1.534074472818335835e+02
-1.477708230961387699e+02
-6.721456829521633836e+01
-8.670942953538616393e+01
-1.358125349193142881e+02
-1.330394974686023204e+02
-8.858464155414723962e+01
-2.745745256664308727e+02
-1.811081846046690771e+02
-2.620232140129174923e+02
-1.010637658294198218e+02
-2.201879846160185821e+02
-1.205148287279604489e+02
-2.786509861587354635e+02
-2.239075019327719929e+01
-3.424129896894023659e+02
-3.085173534035623106e+02
1.174725870005389083e+00
4.283720917766248704e+01
5.003507894985133930e+01
-2.256741505727177355e+02
-3.962661343018206139e+01
-2.365948513673941136e+02
-2.541259204524287156e+02
-2.456763867699775403e+02
-2.702784748060159359e+02
-2.215400046582149969e+02
-1.463929324819508224e+02
-3.590727502192827103e+01
-9.225906868120401327e+01
-2.342112729948040339e+02
-8.898899207712601367e+01
-2.501366584725325311e+02
-2.220241289088903613e+02
-2.719260464564800941e+02
-2.481554659271974685e+02
-2.574941080009194252e+02
-3.023767763342762578e+02
-9.697998372296952141e+01
-1.634540441218879323e+02
-7.839336689574975026e+01
4.406468495469053437e+01
-1.818309780211785380e+02
-2.438710155910339381e+02
-9.300573522137939619e+01
-1.195089625911845133e+02
-2.878083444141940390e+02
-5.851554408231771731e+01
-7.300807331481630058e+01
-1.964828640223756508e+02
-2.513901085278547214e+02
-9.610599993722024692e+01
-7.732915713188360485e+01
-2.524916122935213707e+02
-1.213683769600815623e+02
-2.460161892474056344e+01
-2.209890377684063765e+02
-3.988060819071188234e+01
-1.298549580061036011e+02
-2.059191306068552763e+01
-7.785435734875287039e+01
-2.012359942325317661e+02
-1.933826134282270459e+02
2.208787991455920974e+01
-2.655176288633683725e+02
-4.041889763360493504e+01
-3.967022249911523346e+01
-2.366269766679866393e+02
-2.157983863176603734e+01
-1.693126488766735633e+02
-1.303572087680112190e+01
-9.250297960475421633e+00
-6.001525269467437340e+01
3.599223950392658367e+01
-2.847620463532611268e+01
-1.641559219309032756e+02
-4.030258902925059772e+01
-6.815106477741062463e+01
-2.244599797498676992e+02
4.987469598550970318e+01
-1.448395744405025312e+02
-2.412143596095261842e+02
-2.341022788608244412e+02
-3.445782418464217756e+01
-2.670990075274335140e+01
-5.961234982474252320e+00
-1.445378771241828417e+02
-2.628653725594941761e+02
6.306842693853542414e+01
-1.788169053540358959e+02
-3.890224745727520883e+01
-6.061693761001953362e+01
-3.193236860843947511e+01
-2.343638241019595512e+02
-1.546350087711794004e+02
-3.063445579024628387e+02
1.573316236931046603e+02
-7.173737140319815353e+01
-7.295542441455910421e+01
-1.078407511420538754e+02
-3.320860766501302805e+02
-1.832849556619943598e+02
-3.345502066911979000e+01
-1.379228173602816696e+02
-4.535291354690311039e+01
-2.042533922957370152e+01
2.475656095413737035e+01
-1.302117206562114973e+02
-4.677192943397649572e+01
-9.675212307427922553e+01
-1.032342427610386437e+01
-1.438778477104374929e+02
-7.479784069361650722e+01
-2.985739449842243687e+01
-4.933776450920676382e+01
9.725493827253274048e+01
-6.250352091673927646e+01
3.515412967908551423e+01
-1.724022322832560690e+02
-2.121350471429838080e+01
2.876911148117500261e+00
-7.604588663240569701e+01
-7.637132263101723595e+01
8.388021709519406954e+01
1.302266990799726045e+02
-1.693515580386772399e+02
-1.066061608664918765e+02
2.401434436383549382e+02
-9.140633139357683490e+01
-1.069664652068501027e+02
-8.689177753225114031e+01
-4.441364697244751625e+01
-6.071619639873431140e+01
6.569226355399874251e+01
-1.574563771269832841e+02
-1.424247651476377712e+02
-7.787464480466826444e+01
-1.598376384262208205e+01
-3.349425715258928449e+01
-1.560834939347855652e+02
-8.283568187504869229e+00
-9.731611808360609928e+01
-1.553491032728641699e+02
8.625372667040886654e+01
-4.264716349220820035e+01
-1.017095310802622379e+02
2.156178643111658175e+02
-1.349777100139058916e+02
-3.202310332771314449e+01
2.072501689203110686e+01
2.757779608565964224e+01
-1.043108209772729111e+02
-8.874519694420028770e+01
-8.736724678492296903e+01
-5.713066771619420336e+01
5.699136786544653432e+01
-1.498648978491954153e+02
-1.005642195819375928e+02
-8.247434412568327389e+01
8.230875047959709434e+01
-9.104306239973432469e+01
2.867610297376776884e+01
-2.850476948620600126e+01
-2.388543861946672564e+00
2.094765463965244976e+02
-1.579401599284216218e+01
-2.477199942162975788e+01
-3.326974683730583138e+00
-7.571034129761967790e+01
1.043827963767895994e+00
-7.496589269555299495e+01
-6.259558437907320894e+01
-7.423689959294519269e+01
2.961708957224590222e+01
-5.962766544541394609e+01
1.512766206543835779e+01
3.118885833388199558e+01
-2.021758374844044681e+01
-4.792664627211961204e+01
1.963078352601336007e+01
1.743207141639561257e+02
-8.974848471927707294e+01
-1.258823192770501009e+01
-4.671845929895025051e+01
-1.525782762282111662e+02
-6.908613925708348802e+01
-5.707427736850564060e+01
6.297676781096986787e+01
1.637770537817445415e+01
-1.058740538855277151e+02
-8.807430799542854061e+01
1.810808067282233651e+02
-8.494381383614550884e+01
-9.307654126005110129e+01
8.039359392455841657e+01
-1.900409435501010762e+02
-1.441582530010041694e+02
-5.833591139221644539e+01
3.130968833226472725e+01
4.651353114562192026e+00
-1.693637848335957585e+01
-1.627947178376761315e+02
-9.017544600351391182e+01
7.235057138655150766e+01
-1.026033772464653282e+02
-8.511123928529806903e+01
-7.567483514538115230e+01
-7.363645757070513298e+01
-2.119542575231503179e+01
6.016458816386908381e+01
-6.215025029047207994e+01
6.498593477240270033e+01
-1.129055018344411288e+01
-8.202585969809020128e+01
-4.289309451551083185e+01
-6.166647715151029985e+01
-6.421642248165926503e+01
1.513601765417276681e+02
-2.190948939526726491e+01
-1.209818609099079367e+01
-4.361387208259758097e+01
1.572331658056268111e+02
-9.780808571305453825e+01
1.032049544998580473e+02
3.007746966779990316e+00
6.077662324784398606e+01
3.143610983720535046e+00
-5.365342531387738489e+01
3.533910610561680699e+01
-1.202765389538188430e+02
-7.687827845158631135e+01
-1.839847469987652673e+01
-7.011857347304606947e+01
-1.194341920574377411e+02
-1.288775784946352587e+01
-3.435877964259260153e+01
8.916318243117203224e+01
-1.201766773193117217e+02
5.108706227313069803e+01
-1.107941497104398820e+02
1.865946385838583410e+02
1.679741298615764435e+02
-1.247751362291875665e+02
-9.670429263118904828e+01
1.563794411091407142e+02
-1.497452133634252647e+01
2.709487811017656611e+01
-8.547446656779341367e+01
-2.956296965891425899e+01
-1.966082454580750749e+01
1.600563279201058151e+02
-7.836407724303978739e+01
1.665388165240252931e+02
-7.572817363718671402e+01
-1.239764757544460139e+02
-7.353909759039119365e+01
3.467666107718956425e+01
-7.668414525276148197e+01
-2.405740507715929066e+00
1.134581358466064671e+01
-8.989939748188002966e+01
4.141116362417012908e+01
-1.216113583365441855e+02
4.741756213830819888e+01
-1.466040083784535675e+01
-9.228328820274001032e+01
-2.989903622050954368e+01
1.281790272401118500e+02
1.659821545464952521e+02
-1.466423231530519047e+02
-3.203395532097495391e+01
1.630928941065026265e+02
-1.330810905494348617e+01
-2.680920595413268614e+01
-6.927190968146575756e+00
-3.019561645364017011e+01
3.299254538847108620e+00
-4.283160675627633651e+01
3.650264822734111902e+01
-1.105912885478820584e+02
1.052103975268874194e+02
-2.007883042238896110e+01
3.836621839737344430e+01
1.779843038734818208e+02
1.889530387388332144e+01
3.437549749011760980e+01
1.672043496212264415e+02
-2.084882244402428597e+01
1.723955143815799715e+02
-4.197349852282439286e+01
-5.633025889716758172e+01
-3.058194033699791348e+01
-3.944096610241739143e+01
-7.922890264689918638e+01
-9.210517912574349708e+00
-2.100177381189041270e+01
-1.608527633747955932e+01
-1.041105953946007112e+01
-3.957840736710108587e+01
-6.919848016307523153e+01
1.195955566439208617e+01
-5.696922854437579531e+01
3.311568930887220574e+01
-4.527612744920467946e+01
-7.818957256914645271e+00
-4.319972377866378110e+01
-3.856885810716921981e+01
-1.039383283563131855e+01
-5.972789453263915860e+00
-9.058915934538161707e+01
-6.918497107109303101e+01
-5.663222755193078228e+01
-4.550699938876631379e+00
1.626373234764641396e+01
1.326211617410044425e+02
-8.007209306360003609e-01
-9.418021313738339018e+01
1.287382872370067730e+02
-8.001967859545925421e+01
-3.137331064936572034e+01
-5.818330591287637077e+01
-9.702707281462706135e+01
-1.129960159528563395e+02
-1.345482244111751058e+01
-5.100312165719231672e+01
5.348152956715115636e+01
1.533873790612773860e+02
-3.768351577921980322e+01
-9.720550906513491896e+01
-4.149565345141205341e+01
-2.489168622775667750e+00
-4.350608986700385827e+01
-6.264177039380979295e+01
-3.830098948916973001e+01
5.238769350501988953e+01
-1.445886204285983752e+02
-1.294921245406049515e+01
-9.441990083844709503e+00
1.241990797181233859e+02
-1.065693395968465573e+01
2.948552239498955529e+01
-2.391444213298064270e+01
-3.610128803998777869e+01
-4.854442652965271776e+01
-2.734043691845212720e+01
8.244763445020332426e+01
-3.860055247595850858e+01
4.557404608288730685e+01
-6.220603025261613084e+01
-7.327034708471892088e+01
-2.006928017786080432e-02
9.344750866990577265e+01
-1.806005008994856098e+01
-4.643344839726417206e+01
-4.797535048470376040e+01
-3.597844374879171880e+01
-8.485519374000052295e+00
1.127092213472559337e+02
7.049563410483288806e+01
-2.541892731943486794e+01
-1.191402964760355943e+01
-1.670631932627162541e+01
5.733352432824163181e+00
6.283430831276979944e+01
3.632887640726006140e+01
1.130353789528079922e+01
6.950519478937657425e+01
-2.941721634557265475e+01
-4.132951078617801244e+01
1.573264988561280653e+01
1.050132155917083026e+02
1.238243237597780535e+02
5.640061866371079446e+01
-2.510144592471957736e+01
8.903226378072213265e+01
6.871614185191415203e+00
2.717558408801137659e+01
2.738479641084458294e+01
2.864759756329423723e+01
7.492930834618427127e+01
6.679600734046374555e+01
1.257453344010483249e+02
1.519030943076992912e+02
7.224120804334955892e+01
8.905491342865131799e+01
7.197240007204348444e+01
7.738617292896189781e+01
1.141622753174424219e+02
1.348375130845026035e+02
1.472974275017744219e+02
1.563690342516277099e+02
9.930641323357427552e+01
1.127561025559310082e+02
1.198517745618077441e+02
1.240988735011052029e+02
8.215076658337025606e+01
1.258568509416784025e+02
1.010432233112847911e+02
1.148526644315036975e+02
1.192413597419824498e+02
1.405125055491109833e+02
1.225202809251806002e+02
1.054299506179333861e+02
5.119391413454516737e+01
2.047753775541079904e+02
1.230245218589082725e+02
1.123501930485204952e+02
1.015731424286610576e+02
1.237892727634860961e+02
1.190814384937354760e+02
2.417746494630496841e+02
1.396206059895926046e+02
1.109004988020500235e+02
9.426935891713236515e+01
1.274231999883890012e+02
1.165243325343670335e+02
1.314367555845384743e+02
8.927124989428273238e+01
1.105094396932644543e+02
2.124434388246586423e+02
8.960440348281778711e+01
1.434243181341865920e+02
1.269770792502400951e+02
9.498336885791840700e+01
8.718985889814055668e+01
9.305138509930708324e+01
8.458204546203438667e+01
1.903650569958872438e+02
1.210443747168261126e+02
1.353335954175105087e+02
1.289712204063613399e+02
1.222389784843849441e+02
1.248494826339124870e+02
1.538618625715493522e+02
1.499805611339266704e+02
1.551642401569330900e+02
1.405654388604104383e+02
1.525160036977528080e+02
1.313848596175648993e+02
1.360518608344667086e+02
2.147917909634053899e+02
1.461923552424411810e+02
1.215048522125913451e+02
2.267814579349058306e+02
2.436106563167732872e+02
1.139485593782487172e+02
1.315543271017577354e+02
1.598420191897925235e+02
1.215698298273387223e+02
2.540075196213005597e+02
1.361049297320192863e+02
9.753356400689189343e+01
1.240387281150953385e+02
1.347353392512017081e+02
2.001367654781884653e+01
1.403835888904947069e+02
5.052935075258713482e+01
1.025881870211386939e+02
1.193583123394254528e+02
1.080212445682788598e+02
1.432769320712422143e+02
6.539172968911225325e+01
1.743322989861383974e+02
1.978179521364453421e+02
1.414565549521446428e+02
1.236970002809917446e+02
1.518011126222552036e+02
1.127906637357503996e+02
1.043462819901027814e+02
1.207179379638805017e+02
1.521324170076150608e+02
2.515945529974320038e+02
-1.453432446437614942e+02
1.260412445697955377e+02
1.168796783366045133e+02
1.844086965885619804e+02
1.569638568527425377e+02
1.573646910044464846e+02
1.319079478577238831e+02
2.203904257672171241e+02
9.064659068179612689e+01
1.286361556500008021e+02
1.500304635863340366e+02
1.260148266973035760e+02
1.167853706039833668e+02
1.573494500889410119e+02
1.133480817655979678e+02
1.027208400979370992e+02
1.190722058454964554e+02
2.733943538314149464e+02
8.728981154616411686e+01
1.553188234648210653e+02
1.194242462305990671e+02
1.509979181290927386e+02
1.123761266815579631e+02
1.166948433168194157e+02
9.857475627617040459e+01
9.561821915547784556e+01
1.704336106269459492e+02
1.209722265172748905e+02
1.539524612453778900e+02
1.392054032783316302e+02
1.206897817485542248e+02
1.359868876222306824e+02
1.035331641719190685e+02
1.256926376167478168e+02
1.240092917192793323e+02
1.414962809974307447e+02
1.335205380175555376e+02
1.608683071418701331e+02
1.663383172739640941e+02
1.594545023600224454e+02
1.658628648767396783e+02
1.386497099149276551e+02
1.395831323565323032e+02
2.215584592502449937e+02
1.291466503552499603e+02
1.404528664847973403e+02
1.394114351454803682e+02
1.023881479545197948e+02
2.448876499059261960e+02
1.096398485055346441e+02
1.427507666884211801e+02
1.230383155859843498e+02
1.087155421914628874e+02
1.201622738041218241e+02
1.322971473430212086e+02
1.512470826933378873e+02
1.155882678069626479e+02
1.380087670462142455e+02
1.400292179226363771e+02
1.180786925381653703e+02
1.656001514139365440e+02
1.333083344370949703e+02
9.278993402879457619e+01
1.238633758893277417e+02
1.573331004442382834e+02
1.511824840297009018e+02
1.349536761378765277e+02
2.500026735452362630e+02
1.424150212304301988e+02
1.473391945521416631e+02
1.585122833340594184e+02
1.693081182058719776e+02
1.745142738575646320e+02
2.199056939426570807e+02
1.047070038539126955e+02
2.380222739061283619e+02
1.508380279733103180e+02
1.182756699185144100e+02
1.123134592071521922e+02
1.010206576664468940e+02
1.722642995491252691e+02
1.216689468526039946e+02
1.476523951353776454e+02
1.202669196480859313e+02
1.366484107153782475e+02
1.489520403565560400e+02
1.575696593505469707e+02
1.063183238903502854e+02
1.173736984999497963e+02
1.333736116789494304e+02
1.477377418989016178e+02
1.387658260454809920e+02
2.433132961612696192e+02
2.097695158765770884e+02
1.434548608198770694e+02
1.163341635108398151e+02
1.327665759748124401e+02
1.597675698678778247e+02
1.238372846330798183e+02
1.442695950901240280e+02
1.049841191520157508e+02
1.336705344224261580e+02
1.573621130028463426e+02
2.311315912294140844e+02
2.514120276653850681e+02
1.391811773864360475e+02
1.598684955960272305e+02
1.673644403201367084e+02
9.387667703735536406e+01
1.204719251851575166e+02
1.489162256515743650e+02
5.484714321491070166e+01
1.684691822934797187e+02
1.603699460014305203e+02
-2.023507924940020786e+01
1.215160934765134044e+02
2.096403992484507057e+02
2.418835488596639038e+02
1.281185073525971916e+02
1.647600431913424757e+02
1.426329429111950446e+02
2.306996430341835094e+02
2.929461333007413941e+02
1.345350301103633228e+02
1.990875821908385319e+02
1.389556637143143973e+02
1.329024972959061301e+02
1.517559484749112926e+02
1.424203830517011511e+02
1.638255810079466528e+02
1.874278977013920553e+02
1.883601943798087177e+02
1.587363960520007424e+02
1.489097211923347004e+02
6.861483718935295428e+01
2.424478350771706801e+02
1.111606561038872343e+02
2.713891583932143021e+02
2.124925246032569817e+02
1.762624470769341087e+02
2.142441275135756484e+02
1.729706603661463191e+02
4.135415591144993641e+01
1.686992873576900536e+02
1.832332075175756927e+02
3.017233869564665838e+01
2.625942356462319367e+02
1.797440372246157949e+02
1.750058794335884045e+02
5.127488715503906747e+01
2.688579902471319656e+02
2.827545085871571473e+02
3.209448309484411652e+02
1.711114112919474906e+02
1.660755080863324054e+02
4.606337458917641925e+01
1.551949393925385721e+02
2.451534055045974299e+02
4.782993914097974653e+01
-1.274408597211593559e+02
1.539757466298509314e+02
2.756067580461092916e+02
2.836000650758530810e+02
1.461884602377379565e+02
1.812779708824983516e+02
1.759055998331577371e+02
2.750034193198191588e+02
1.518860582120349818e+02
2.419176393180623563e+02
-2.453723130618271568e+02
-1.714770992483269652e+02
1.491247971099366225e+02
-3.694332255139206609e+02
-1.666509443863335775e+02
2.569451928727888799e+02
1.597057288506874499e+02
1.628362112195333395e+02
-1.644549116693347059e+02
1.546674362165994125e+02
2.652883283843201525e+02
1.862232174294935874e+02
1.529338974101331701e+02
2.325763114456845528e+02
1.193254184556369353e+02
2.606487478702404701e+02
1.340751756855866859e+02
1.321018299596526901e+02
1.517703877462472235e+02
1.535739026428939837e+02
1.492412321669027619e+02
1.604462188584845990e+02
2.410190319053943995e+02
1.323690124871877174e+02
2.770025469029105807e+02
1.232872834900520189e+02
1.405820989306916147e+02
-1.880610749493388596e+02
1.752362877375128107e+02
1.440661816394634513e+02
1.432544397173483901e+02
2.549456498933836315e+02
1.330262213137564231e+02
1.503152938325397372e+02
2.439582087993928496e+02
1.566171840714459051e+02
1.592801220905290336e+02
1.600875041915428483e+02
2.793033791501720486e+01
2.339150233606781626e+02
2.425335230701504940e+02
1.123861830836341653e+02
1.362045029175542652e+02
-2.830985891580978659e+02
1.534650055252510867e+02
1.314169477921078339e+02
2.617590082977008024e+02
1.086560494911401804e+02
2.008893550383260731e+02
2.260301115109375019e+02
2.227163203119924901e+02
1.588287738996016856e+02
1.526463488222099443e+02
6.793997728377266299e+01
1.197996111154122474e+02
1.230465042968345273e+02
8.338138813321866394e+01
6.124621237797326501e+01
-2.855692153698369040e+01
3.018466038229898345e+02
-3.818917116383720156e+01
5.987373041840305632e+01
1.801028436582980703e+02
-7.134436644993397181e+01
-3.010261781655051649e+01
-5.602819312346772307e+01
-4.198295021601315113e+01
-2.786387196357384965e+01
1.577280496581695672e+02
1.397547793321730580e+02
7.481126108006874631e+01
2.517719520423916038e+02
1.324275153570032728e+02
8.228882638482241418e+01
1.581272741720216288e+02
2.667471740049629716e+02
1.105101046513326537e+02
1.364251726245593659e+02
1.630611875634227204e+02
2.575073981338645126e+02
1.656035236032277851e+02
1.682309825306355151e+02
1.471612349777287818e+02
1.859740354340187025e+02
2.199261581004786592e+02
1.131873749319283746e+02
9.704706863169604958e+01
1.641156278326345728e+02
2.330090750355294347e+02
1.597526125178357006e+02
2.620973199895487937e+02
2.416387930141191305e+02
1.004960492915277257e+02
2.738256025161823004e+02
1.034766690936253042e+02
1.477374109655682162e+02
2.500171771828205749e+02
2.538278337739073720e+02
2.359326029160030487e+02
2.681543119139334976e+02
-4.567200256249342516e+01
2.220361561506910846e+02
2.639632008788462372e+02
1.680234981522242208e+02
2.512297562965965199e+02
2.708303592757548586e+02
1.431363249573709027e+02
1.789285355369227659e+02
1.614004568046282486e+02
2.531773589745158404e+02
1.458967389614442425e+02
1.622846717576658477e+02
2.602326622182463325e+02
1.234954400914741939e+02
1.530325727064305283e+02
2.583503528649942496e+02
2.684939420462690123e+02
-2.019927402532629230e+02
1.436930873079930109e+02
2.410049491438043958e+02
2.317848899652595094e+02
2.451728427387377849e+02
2.582591092115043239e+02
2.423778895231100705e+02
2.639641471515035391e+02
-1.532921324381365480e+02
1.668622018772956892e+02
1.005255498113850052e+02
2.239421644700345269e+02
2.332554203882418165e+02
1.471210017759799316e+00
2.399928540312840752e+00
2.178270208715418050e+02
1.595383238169185063e+02
-1.409389505932687214e+01
1.881215559450229762e+02
1.301702902689040684e+02
1.289452297068204416e+02
1.528537718197950994e+02
1.544619611360615181e+02
2.502650411276185309e+02
1.555807055720588892e+02
2.489827291198992043e+02
2.234776964183328687e+02
1.556897960740660665e+02
1.409353929911213186e+02
2.518544310975659357e+02
2.609587905537842403e+02
2.496754414735827368e+02
2.475086043047478768e+02
2.431077508093443669e+02
2.816880898530381501e+02
2.862687363973566335e+02
1.809389165263019663e+02
2.331072521045510086e+02
2.303606417167347900e+02
1.635809524752753248e+02
2.938022171122941586e+02
9.753523593626539423e+01
1.356103412429969239e+02
1.077409542660507356e+02
2.114864703060449642e+02
1.270706847500172358e+02
2.339592792189473300e+02
1.027834004395564023e+02
6.986311109765597394e+01
2.352400110057041047e+02
1.433483617238819363e+02
5.399176899404949381e+01
2.957136436710559337e+02
1.731584245115292049e+02
1.726520109604081767e+02
2.481423253412086183e+02
2.324273035956695708e+02
1.588401417128612536e+02
1.519812777453375929e+02
2.836497040183854779e+01
2.421225201736968131e+02
-2.692536902329734971e+01
1.689104956701610547e+02
1.154522753125323078e+02
-1.913051585148726019e+01
1.366956571472558721e+02
1.676247697002414725e+02
1.208175043154501367e+02
2.127242475558549017e+01
1.169484138618213365e+02
1.743328851097077745e+02
1.513015022432010142e+02
9.210238333948251466e+01
1.184745428191022540e+02
1.301798376293606907e+02
1.546338116108825034e+02
1.353067551933777963e+02
1.255489101511245735e+02
1.868389614570418189e+02
1.652268481969422567e+02
1.479625897529271867e+02
2.039451405607632637e+02
5.817413126544190050e+01
2.456491190676105418e+02
1.924622054404199503e+02
1.900777963212160557e+02
3.287552315653223900e+01
1.334599135368094380e+02
2.246674466882014656e+02
2.506634719528879032e+02
2.153944146965753248e+02
-7.113526837783747681e+01
-5.990952732071705356e+01
-6.866629655960984735e+01
-5.004689429699969594e+01
-3.719274612297974159e+01
1.838765075516529066e+02
-5.879145564150074676e+01
-8.981259094721856684e+00
-4.495522663330093849e+01
-3.898282592038458461e+01
-3.823672726058045868e+01
-2.014698385839663075e+01
-6.011327038865453609e+00
-4.784189909081430159e+01
-2.177912472758819717e+01
-1.192003028992154690e+01
-3.804150760242615092e+01
-5.905504993980621009e+01
1.648093237589815772e+02
-1.289951980377051832e+01
3.212926896697399837e+00
-9.665718573013222681e+00
4.909302224076958510e+01
-2.764169250784277221e+00
-2.087686960879818798e+02
-2.118032471837900133e+01
2.861933340463456261e+02
-1.168260534812236351e+01
-4.041227166052145492e+00
-4.115374897323081704e+00
-3.224591648590494231e+01
2.605213484831632513e+02
-2.779302816461942882e+00
-2.378374533580095473e+01
-1.401297805493141269e+01
1.336288782261021879e+02
-4.518248321004054446e+01
-2.928092100997881531e+01
1.876694961148653462e+01
-3.297838092077090977e+01
2.143005690673903274e+01
1.680851942967047989e+02
1.375561212317034290e+02
-8.569189342897416850e+00
1.612552367831803934e+01
-2.228452956619034353e+01
2.420468564688475155e+01
2.325931834144576626e+01
3.211448320869894246e+01
1.823964458220907545e+02
2.387078754299929528e+02
-4.462912912382855524e+01
1.422873472932195682e+01
3.221967061181729264e+01
1.212952959731186908e+01
-6.626813390693198969e+00
2.646586830384105156e+02
2.347161347590566436e+02
2.666955693531912175e+02
2.182223496859778322e+01
2.209094711962762858e+02
2.845167715038838878e+02
2.665431572998340926e+02
4.676119593601726354e-01
4.478580493080029257e+00
2.067199960835282013e+02
1.269039913045911590e+02
-1.542475434029836379e+01
-1.954142283700842597e+01
-1.103344854846736389e+01
2.509492200419366839e+02
2.490973686021928017e+02
1.529360107572225758e+01
1.659290492650176141e-01
-1.924343495134093018e+01
-2.786938238668460599e+01
5.903127428792643627e+00
-7.031929618365010626e+00
2.729445192057845588e+02
2.125140326674598157e+02
1.269674918887113364e+02
9.955852207908750984e+01
4.173850547468512673e+01
2.507441413866504831e+02
1.990972396858849436e+02
2.403324167530493014e+02
2.584564807847624479e+02
6.235665310133470030e+01
1.105243710932516876e+01
2.171123339031168484e+02
2.730146300001442796e+02
-3.677308691858739653e+00
-3.997224658198383906e-01
1.202687440885866579e+02
1.641558856913411830e+02
2.644876633170935065e+02
-3.118678210075870183e+01
2.990596808118784793e+02
-2.872763618028832866e+01
2.184913260768243504e+02
2.610271095185036643e+02
1.233309206426195601e+02
2.658103329075121337e+02
1.503030680111081949e+02
2.152994990063411365e+02
1.504298319754888951e+02
1.644184209201501972e+02
2.378247852060892455e+02
2.187255309495459699e+02
2.451557783257645440e+02
3.033279917724777874e+01
-3.878822534545624023e+01
2.827234333279336624e+02
-5.369693138275679445e+01
-2.467234224933251596e+01
1.357942838096414562e+02
-2.779091092834065080e+00
2.427246708713362295e+02
-4.941734363100491123e+01
2.518550016654447461e+02
-4.426453460312104227e+01
2.184358955828110425e+02
-2.840416848376119674e+01
4.146383868309762022e+00
-1.900812877830938419e+01
1.084566536779226453e+01
-3.429231045105882170e-01
-3.047936067192105725e+01
-2.412383071383641919e+01
-4.129205526607845655e+01
3.412199596213077335e+00
3.219360711231749406e+01
-1.710362683442693310e+01
5.063848634724567432e+01
2.131739281298075070e+02
6.387931584059066381e+01
-2.472217187073974287e+01
1.801066039496075177e+01
-6.146855125557308952e+00
2.144200945351755081e+02
-2.058259294249157279e+01
4.670530854724358960e+01
8.017585058291246014e+00
2.427508775616637138e+01
2.407750092819835857e+02
-1.003323720074968151e+01
-6.774333154577931282e+00
-1.122377395340126327e+01
-1.214080515043876574e+01
3.781940015309530168e+00
5.813014081695109780e+01
5.348492081755026106e+01
1.068991765786770998e+01
2.835443383289428994e+02
3.377938116018381720e+01
-7.124671706803269444e+00
3.129330463652181038e+01
2.192738624119706401e+02
-1.679099685894144045e+01
2.214000298092384966e+00
-9.373295790411646067e+00
2.856545484906231280e+01
-2.402017145830449607e+01
7.220609849923781098e+01
2.862670765126700445e+01
4.746507322517035732e+01
1.920557696213823995e+00
1.475634777249210572e+02
2.513352139867495225e+02
1.802746179626039975e+02
-4.264808253382830117e+01
2.835216864892958455e+01
5.315836396759094029e+00
1.838353176994354499e+01
2.756965912750171555e+01
2.333344528475760526e+01
9.229647891729342746e+00
-4.711878383129209880e+01
-3.430802926936351582e+00
8.529108474205724377e+00
5.716094689412550167e+01
-3.702546885782132335e+01
2.406570072357875461e+02
2.240972478067599809e+02
2.108345097166733240e+02
1.767571756160612040e+02
2.451786099371847740e+02
3.805749694787473381e+00
1.338496611000421765e+01
1.320598644555231829e+02
3.308757850169783410e+01
1.962178252660429791e+02
5.069249872512584432e+01
2.205726965950209433e+02
2.784972304661403086e+02
2.102343395288777117e+02
6.005379321021548833e+01
2.010728256758282555e+02
2.419937591460654289e+02
2.169229506984025306e+02
1.190550174896448254e+01
5.282673728501339383e+01
2.682509928770231227e+02
1.765949683047652741e+01
1.473465483608607371e+02
1.455990719030262994e+02
3.687179614972890818e+01
1.465416787033916819e+02
2.404248977105470146e+02
2.514086117913623184e+02
1.583487110019034958e+02
1.346654258672554363e+02
2.554138223841433728e+02
2.745857881519248167e+02
2.168336578661295846e+02
2.400103103248586933e+02
-1.596382263708269988e+01
1.732966076207438277e+02
1.330867029094569602e+02
2.891895591087617845e+00
1.230333038001178636e+02
2.818605133353922270e+02
2.356465908974124090e+02
2.574087780094767481e+02
3.250922336343537609e+02
1.333620564687307137e+02
2.754177653195856692e+02
3.063285639293575287e+02
2.339722685427408635e+02
2.627490171963213470e+02
2.740078610355943738e+02
2.342393906030831658e+02
2.481805608389647091e+02
2.607657209214380600e+02
1.877787122283716030e+02
2.503020917149053446e+02
2.628859882549656390e+02
1.249786710425103280e+02
1.471417952256497301e+02
2.690752541205104080e+02
4.670440832369655482e+01
2.717522465916895271e+02
8.112663185412790767e+01
5.088874554846361775e+01
9.870066143768755751e+01
2.201173897998527593e+02
1.567455492258815184e+02
2.526173208161530965e+02
3.588222393763425089e+01
2.304825146862160068e+02
2.647911049435898576e+02
2.535650421520216753e+02
1.431224196766634407e+02
2.250772503567645799e+02
2.361555140132230122e+02
4.459619870499975036e+01
2.590775281687359666e+01
2.549251396358662305e+02
1.693959695559525187e+02
2.459788220656802480e+02
1.569298353171661233e+02
2.488097701054887807e+02
2.357772056922096056e+02
1.490926023800133748e+02
2.256840466891486585e+02
2.252698138342661593e+02
2.713191864390838646e+02
2.505533137825241852e+02
2.382182223528246823e+02
1.134332642430162537e+02
-1.644096226744068190e+01
-1.898923015931342917e+01
-2.111042567311635665e+01
2.509949298160740341e+02
-6.537575583523391742e+01
-2.039157402472865144e+01
-1.122765769554297322e+01
-2.600315723379131683e+01
-5.864120685834097202e+01
-5.283261841097592537e+01
-1.774765237240034566e+01
4.862535137810809260e+01
2.487275499703215758e+02
1.529880018843805374e+02
2.484373078932676719e+02
3.440936375018438298e+01
2.249123196044107829e+02
6.120929335653627845e+01
4.146241030193942834e+01
-1.677426036286695066e+01
1.368278867544083255e+01
9.078731607726197694e+00
-3.950881017856978161e+01
-1.333077705169503702e+01
-4.046138484275488167e+00
2.408475098084133492e+01
1.062249167193318122e+01
3.431043428481260094e+01
4.700833827352607841e+01
2.113138292626790076e+02
7.438947440254418098e+01
6.056446735818266802e+01
1.035181876148558899e+01
4.893282234163501698e+01
-1.239625922902782840e+01
8.640305324586108782e+00
1.533818539804119041e+01
-1.882710361579941249e+01
-1.213009544555545460e+01
-1.841450471010255541e+01
-5.806972042077028107e+00
-1.272448602464538325e+01
-5.487751260639104345e+01
4.303488620762269079e+01
1.725546251723463342e+01
-4.354140367536992073e+01
-5.704257079395476637e+01
-3.134983740607594882e+01
-3.484395565646405402e+01
-7.215323253665079051e+01
-1.802235209673628091e+01
-1.236795672755811815e+00
-1.664619633668661081e+01
2.471686653304906542e+02
3.887142941914095218e+01
-5.188656146603451447e+01
1.079917516726619908e+01
-2.900010180071847543e+01
-2.666222348976642564e+01
-2.449121637578759447e+01
1.071777209997181046e+01
-2.881676009691924634e+01
-2.561730833779930805e+01
-1.283611822259774327e+00
-2.233364859431455329e+01
-4.991895678447218820e+00
-1.121614186239698974e+01
4.271542404701957452e+00
-5.575981522302408422e+01
-6.538280289099998477e+00
1.248740923387860704e+02
-2.706262019332343272e+01
2.171947250969463710e+02
-4.187645893744455350e+01
1.938806829501595530e+02
-2.366220109623188250e+01
-2.666101079962637144e+01
1.427653382380927951e+02
1.061498196210268503e+02
-1.560322713555982510e+01
-7.788710307572856095e+01
-1.535565249840353275e+01
-2.863287017657498623e+01
-3.072602925598406087e-01
-5.725437421378628500e+01
-4.076655453939115858e+01
-2.268389736924003941e+01
-4.598234080377074662e+01
-1.208002659560963643e+00
3.892782931113998757e+01
1.311669062670027586e+01
-1.396449793402852535e+01
5.917895853019157926e+01
9.446862398687471130e-01
-2.900526634616408472e+00
-4.314421096881621054e+01
-7.346523006480068396e+00
-2.387268155938988201e+01
1.444477781571745112e+01
-9.320035198792023579e+00
-1.292363807198090164e+01
4.045651171177304661e-01
-3.592840423367908542e+00
-5.561282136192652104e+01
2.923806181306625263e+01
-3.086168430008421737e+01
9.581284380381045906e+00
-3.413923276208232949e+01
-1.915256091748200262e+01
1.044814153028618264e+01
-8.321209857704253920e+00
3.700243865110329011e+01
4.756497326817589766e+01
-3.359855510087396802e+00
-4.808053356682295032e+01
1.108111298610836570e+01
1.985048420362094745e+01
1.214072449793606268e+01
-1.001483103561162835e+01
1.461870307478704945e+00
-2.320326268747189147e+01
2.587776471760666652e+01
1.496404318348639606e+01
-3.552372898617244346e+01
-1.455480125572498729e+01
-4.474889964098403006e+00
8.191204452545090220e+00
1.931695297203660289e+02
2.202613198493207278e+02
4.207319588169258395e+01
-4.385658264294001896e+01
4.789769084089233075e+00
-1.678294602253599876e+01
-3.929451904853382871e+01
-2.334210757656842006e+01
-4.057240142244649661e+01
7.666355908163643562e+01
2.351557969558619732e+00
3.887708534399033056e+01
-4.456512139343966616e+00
7.249462731136901539e+01
1.828059022290884741e+02
-5.056247725844219332e+00
-2.056375709707332433e+01
-3.040790818044242982e+01
1.596523931116374513e+02
1.346936261295184067e+02
3.570885310840973270e-01
-2.133321618256299246e+01
-2.408323539380644007e+01
8.760973199293498936e+00
4.152066853479792030e+01
-4.808339963902662362e+01
2.665829864861734677e+00
4.217047314509835587e+01
-4.676300118061637789e+01
-4.951485377039649194e+01
-9.643568523036735840e+00
-3.166628043613802390e+01
8.080862553627772726e+00
-2.319574284482295923e+01
7.348075328356625846e+01
-8.956987329689511057e+00
-1.050486400075862115e+01
4.518981460690147856e+01
3.163132025365095146e+01
2.000918788160788040e+02
3.117066047239052295e+01
1.986179033876830147e+02
-1.724993953547764747e+01
7.389374280822144669e+01
2.114490511995948623e+02
7.812986554803931938e+01
-7.563209703632702841e+00
2.319450726896994297e+02
9.394513576688746070e+01
7.733991286875053106e+01
1.316545755133760167e+02
7.588951073884719278e+01
1.550721818980666455e+02
-2.740037764724288394e+00
3.000381370346326193e+01
-4.688135248311324688e+01
4.255155677435819683e+01
2.302098668668130586e+02
-1.090968442621321444e+01
1.895929380491728580e+02
-2.034173723408667200e+01
6.845106316370498689e+01
3.545540299809932350e+00
1.893754009072141002e+02
-9.516369198712723687e+00
2.041362571270553588e+02
1.807725072018955643e+02
1.832482321023371696e+02
7.021743761875285372e+01
2.147642649803441373e+02
8.411842995906527065e+00
2.205688636120084425e+02
2.026928325050910757e+02
-1.332748162373192935e+00
2.064673377835830195e+02
-5.384219215284696602e+00
3.024046073950605873e+01
3.367301534599360480e+01
-3.744611280107942264e+01
-3.990074714180820337e+01
-2.338256649680798915e+01
-1.225009444161763028e+01
1.313185310727223225e+02
5.692446369942004480e+01
-2.727442589140453677e+01
1.494728782489240189e+02
-8.002164107554904149e+01
1.010280904190719298e+02
1.508708824584327886e+02
-4.708040523153922408e+01
1.363778998096682074e+02
1.328390013737945186e+00
3.412466120996833219e+00
-5.321270769391863809e+01
-6.141998328282313402e+00
1.832677158980115451e+02
1.700930899333611634e+01
-6.960712133818354630e+01
9.804366159617777043e+01
1.672204048739209270e+01
1.428078906469698666e+02
9.928296055225331429e+00
1.222646396607056829e+02
2.460005039976643957e+02
-2.874434499514811705e+02
-3.743040283503083998e+01
1.007320326851335857e+01
-3.618052032010903929e+01
-1.669798358638754010e+01
7.130001446365616857e+01
4.140894929627091869e+01
1.574490905780971843e+02
6.441013874939627293e-02
2.939315065263642737e+02
1.357344231721771166e+02
2.745222349544864926e+01
2.465247410778454764e+02
1.115754403427205688e+02
8.026858338723489794e+01
2.645473207539001805e+02
7.040919029658847705e+01
1.717397771978094170e+02
2.258630676019464261e+02
2.573021681418869093e+02
1.455610018819455433e+02
-2.690865292501659951e+02
-8.777489886813785347e+01
9.715306432961526184e+00
8.401197283176458086e+00
3.049149875824482478e+02
4.030223146060453132e+01
1.502318975312465454e+02
2.678443734046574320e+01
-1.567100789344628353e+01
1.864250493496563195e+02
6.689180346876554495e+01
2.414782374472271442e+01
2.375736022538974268e+01
4.585966459846239296e+00
3.054287355802090431e+01
-5.879045089073260755e+01
2.954070810575601058e+01
5.356780237561679314e+01
1.115239158948024567e+02
1.068552109037621989e+01
3.040797364247023538e+01
-2.538952498158181115e+01
1.015459688083665846e+01
-1.384238827922919057e+01
1.893094837671389996e+01
3.853542310575704732e+00
6.197814898495786906e+01
-1.241382611847390827e+01
5.561750199580308873e+01
-2.304370578689842120e+01
2.697657102154054769e+02
-1.243872772527605264e+01
1.296395110944201434e+01
1.038606608568639871e+02
7.846275802698546187e+00
2.577545457705006129e+02
4.874860505940133493e+01
2.441946102895031956e+01
-2.882417413910467872e+02
-5.252486381917753988e+01
-1.572979508353941753e+02
1.728826758655602589e+02
-4.885841683812328995e+01
-3.299190405134824573e+02
-8.018266848007488079e+01
5.199254943921747696e+01
-1.596376799002620395e+01
-2.961302150154217543e+02
2.069371558669332387e+02
-3.666791861312173637e+02
2.083209119581358664e+02
1.653994282446694228e+02
1.940537394111626099e+02
-3.120304778982687139e+02
1.047326829686121528e+02
-4.115288454348730625e+02
-2.640074445514144372e+02
1.961896937158793719e+02
2.136372291547935731e+02
2.423368936391123327e+02
-2.695249609126955193e+02
1.843386039774976837e+02
2.540799893341528275e+02
2.446478736803111929e+02
2.327934122328894375e+02
2.400381312213375793e+02
2.482930339614109698e+02
1.148593889536777795e+02
2.076452151061731684e+02
1.990132552355193809e+02
2.326666288772911173e+02
-5.993506773842327675e+02
2.836249329821241076e+02
-5.108282546979513654e+02
7.563593461957007946e+01
1.976240420510464446e+02
-2.847798859906156110e+01
-3.206871582200317334e+02
8.814658172319592211e+01
-2.583528283350511856e+02
2.691961524631586826e+02
3.182332391499488722e+01
1.197781181361574170e+02
2.665705669474269826e+02
2.090920690527250372e+02
2.895030949779743423e+02
1.357126220597550343e+02
2.650161274275100141e+02
2.309344650884448242e+02
1.201188502885194680e+02
-1.963910295124064191e+02
2.513974475569179958e+02
-2.877460926721571468e+02
1.816307421120800427e+02
2.147201996513974507e+02
2.242693529163051380e+02
2.576362651820820133e+02
2.345214486398782299e+02
8.967516112249175819e+01
2.633855583055699299e+02
1.373641627016999109e+02
2.490099963664673055e+01
8.087449168071384520e+01
2.317542269581271341e+02
2.170114238755658675e+02
2.603332358047316575e+02
2.937894193975417920e+02
1.900451186077135617e+02
2.614424197671461343e+02
2.531355643075534658e+02
2.963817713692582174e+02
2.402474554647727985e+02
2.277032807195250257e+02
2.718655474278033353e+02
2.671276018814204463e+02
2.666560768460240070e+02
2.360877884239507125e+02
1.568064659816092501e+02
2.269899912867540479e+02
2.756432442895140866e+02
2.240197916911075140e+02
2.170540955572135431e+02
9.315209947108121469e+01
2.278210226240651082e+02
2.593064455650937816e+02
2.695529902695388955e+02
2.712972146717397095e+02
2.107444931378215642e+02
2.229408773808643218e+02
2.237987868361477126e+02
2.695310828633480469e+02
2.508895465345984519e+02
2.273651907223082276e+02
2.498536072563277060e+02
2.684477331934941731e+02
1.501647872447200029e+02
2.864531768797983204e+02
2.523514351342681721e+02
3.050682361367163367e+02
2.236144903312911651e+02
2.738437634910587803e+02
2.963587063317142452e+02
3.030076941782893982e+02
2.136329038246755374e+02
2.047311254872383870e+02
2.570609292803424069e+02
2.720939172325652180e+02
2.645606116550486604e+02
2.857899562140985950e+00
2.710992802579474414e+02
1.356024589391172697e+02
2.781719968057413439e+01
-6.266751200189915494e+00
-1.747476224356059049e+01
1.504749900562856624e+00
2.284540414218022306e+02
2.702443251365542665e+02
2.918261047584369408e+02
1.411978039777794436e+02
1.804072189877598760e+02
1.413469349783603093e+02
1.243643535600066201e+02
2.831529662647209307e+02
1.795884016943685708e+02
1.517198100454527889e+02
1.483393682966582503e+02
2.385075468333414506e+02
2.291206643380849926e+02
2.518013287135919995e+02
1.399621595895241910e+02
2.966633640794927373e+02
2.140715293810648632e+02
2.863361794478085471e+02
2.565135389093755975e+02
1.968946402818662307e+02
2.659608172760559341e+02
1.974607725943788239e+01
2.877790486000633905e+02
-7.089036116339286764e-01
2.352981649791124426e+02
1.525449659145559167e+02
1.493110678477902411e+02
2.552966236442976538e+02
1.717350251152635678e+02
1.105054557499399692e+02
1.271356806931402161e+02
2.350232949589603493e+02
2.382050755239988291e+02
2.378931725516724214e+02
2.600749528157856503e+02
2.307448959962356696e+02
2.621421072299179968e+02
1.334291060258575499e+02
1.955219910436536850e+02
2.294122155673260295e+02
2.088746527338331873e+02
2.090306815130143150e+02
2.463573662062583480e+02
2.901835038502320003e+02
2.700900617318479817e+02
2.483463483645227825e+02
2.591975722344866426e+02
2.700647624621715295e+02
2.443066328805683156e+02
2.578306896039298408e+02
2.240562397447657190e+02
2.367072428990022104e+02
2.499213114622043292e+02
2.841582529606452567e+02
2.544396425011301233e+02
2.493047970413877863e+02
1.401427872437761835e+01
2.396719725759718642e+02
1.868575761507771631e+02
2.601998270857067155e+02
2.887631091953423947e+02
1.379675567104769129e+02
1.424229415606822897e+02
1.054742280581206728e+02
2.483590113093986247e+02
2.016389372546845777e+02
-2.487521131802978402e+00
-7.999573397653406914e+00
1.103116161020793555e+02
2.547924730392369383e+02
9.169729980356383692e+01
2.741762014279860296e+02
2.310181163678031453e+02
-3.459806695977646029e+01
1.919584294492997572e+02
-2.589229956878236294e+02
2.510865712664093223e+02
2.737551665826002818e+02
2.771680271613685136e+02
1.126610308721371183e+02
1.427777425615821905e+01
2.554319483611987209e+02
2.251773675835482038e+02
2.578515918082587177e+02
2.228160313905967200e+02
2.231511384531311819e+02
1.406310137568779908e+02
2.908150707233667163e+02
2.683573475556055428e+02
2.316448419124506302e+02
2.515696628560630757e+02
2.194592016383736848e+02
1.567651647953961458e+02
1.893974419371083684e+02
2.349331603226989671e+02
2.283368454416687143e+02
1.214390372578650386e+02
2.166454715716102442e+02
2.785554775160060217e+02
2.643895115781227787e+02
2.743538206975866842e+02
2.073493691794558345e+02
1.563391202105185585e+02
2.184439745301963001e+02
2.352786990372812284e+02
2.909645545926128420e+02
1.286988389615961808e+02
-1.702886133755139042e+01
1.512649032950673700e+02
1.425188475685995400e+02
2.275027072439891924e+02
2.301754375514898356e+02
1.424982915865570021e+01
1.281490719217217134e+02
1.161955447997420379e+02
2.516764380926125568e+02
2.400170049200969231e+02
2.320598931053385741e+02
2.301465079012187118e+02
2.435218560562611003e+02
1.167628073921506626e+02
1.136978345277855738e+02
1.063487905198160206e+02
1.327049112094706231e+02
2.606818826198993406e+02
2.210927851886783628e+02
2.578305933799368859e+02
9.489311029417930854e+01
2.275853441012548046e+02
2.362076805491515756e+02
1.464487540464486699e+02
2.460652650768396938e+02
1.266081413817364307e+02
2.336076598938522011e+02
2.511206656314157328e+02
2.350396453374475243e+02
2.522834225162608845e+02
2.389411386847913263e+02
2.169482817195883797e+02
2.382861507780573902e+02
2.357947520582801815e+02
2.139553976210290784e+02
2.540818101388612149e+02
2.200990347089733916e+02
2.623610539661549979e+02
2.146092819924841706e+02
2.672042573292652605e+02
2.088733742365814123e+02
2.588872278776541407e+02
2.377632372436209209e+02
2.319641692037303926e+02
1.844018081266237630e+02
2.174597473925987572e+02
2.810795474521013375e+02
2.079605950091255409e+02
2.305069782781832259e+02
2.345786334536371385e+02
2.592015275788456847e+02
2.281584298259212744e+02
2.508834482115808839e+02
2.481857365765086740e+02
2.692972282211733273e+02
-2.800355130191618400e+02
2.778962843942011887e+02
2.438584515455351038e+02
2.488198701391529823e+02
2.693027888751269074e+02
1.405026169640165961e+02
1.732823811768416249e+02
2.414355004215975100e+02
-1.844787563506580454e+02
2.472100541272787666e+02
1.790875190098175267e+02
4.094686489632189819e+01
2.494392112438800382e+02
2.446668825186513629e+02
2.454096017271953372e+02
1.802838312633999749e+02
2.591237137485215385e+02
2.117946893595398592e+02
2.306793240466333543e+02
2.393870436330128939e+02
2.418685167401171725e+02
1.801690500657165046e+02
2.449080456707685869e+02
2.105765726426305662e+02
2.266510419866827988e+02
2.313166302396086564e+02
2.192516618251427190e+02
2.550760314289231303e+02
2.652871124225579251e+02
2.154638858923353837e+02
2.417213821255413677e+02
2.438408565488373370e+02
1.487527232926762224e+02
2.530329879965746045e+02
2.254265390933843207e+02
2.302150486950975221e+02
2.717364533104633892e+02
2.378841627111526407e+02
2.540419116438463334e+02
2.147691633963939921e+02
1.824355055423160366e+02
2.585062008085243974e+02
1.732080319118577165e+02
2.106413838761152988e+02
2.640963099447617992e+02
2.835710914750252414e+02
2.665445848854877795e+02
1.123145908871888281e+02
2.093405202855527136e+02
1.294834272504159856e+02
2.422205280564558620e+02
1.647770134899198524e+02
1.516278319387807585e+02
2.244237153725354688e+02
-1.451138144130326282e+02
9.858292456647625102e+01
2.569412239751954985e+02
2.561377234616298892e+02
2.325581420476029280e+02
2.274389603107766220e+02
2.465076621360395563e+02
2.366484981055860999e+02
1.192231919825499347e+02
2.344674226233419176e+02
2.094405958720900855e+02
2.496158936608160559e+02
2.335641474004883378e+02
6.052190005600886735e+01
2.098155293219388682e+02
1.118950143193042379e+02
2.351054917095760288e+02
9.902909633071236328e+01
2.179641046067525849e+02
7.710336465406525974e+01
2.519380702363105797e+02
9.862966188406882395e+01
2.470357428478795327e+02
2.277877729597254017e+02
2.235553100067152172e+02
-1.186965792796065529e+02
2.322176916613126707e+02
-1.797049954595120198e+02
2.442942460249038277e+02
2.180357688597101742e+02
2.101433747681584805e+02
2.577160180611219857e+02
1.422769773760979319e+02
2.252562757830874602e+02
1.834545419174034464e+02
-1.676024174890802954e+02
-1.284704910372196309e+02
2.138493772306181597e+02
2.593262191774080065e+02
1.573838584621810526e+02
7.629401472361521996e+01
2.469540859247026674e+02
2.421110522318583378e+02
2.185908377357651489e+02
2.246159122249159736e+02
-1.328315800895906307e+02
7.980670492298882834e+01
2.716367074292183474e+02
1.117357163080627771e+02
-1.285914019036429465e+02
-1.470344069136943119e+02
3.582091986889168567e+01
2.192326921640908779e+02
1.228894030785879750e+02
9.483738268805754501e+01
-1.433380721366542616e+02
2.518919336679689422e+02
1.133775581910652761e+02
2.310523549597289730e+02
2.274678589029641103e+02
2.371235726022474637e+02
2.826283387478002851e+02
2.373551722658691290e+02
1.096723444827405700e+02
1.660251951142303426e+02
2.517486346994813289e+02
1.478375749492984426e+02
1.913069768260534715e+02
2.022076137233450481e+02
1.273992132153891816e+02
2.543871593071141319e+02
1.633806222889084552e+02
9.256906254572146509e+01
1.631296229812220702e+02
2.390708642236914443e+02
3.114587415578960758e+02
2.295333879324638531e+02
1.710124282039586205e+02
2.185854104098854691e+02
1.216224866390535340e+02
2.371992006603061895e+02
2.653038934881847126e+02
4.460559903350025479e+01
1.904753290058834523e+02
1.880072477912907516e+02
2.321455814712195718e+02
1.748794801721024044e+02
2.223981345751781760e+02
2.133984201992557814e+02
2.116859510043543366e+02
1.017672789463525191e+02
1.198166498213623044e+02
1.831903821775916867e+02
9.350301897229320502e+01
-1.636531704925965869e+02
2.204483127300106275e+02
1.821450490920383345e+02
2.134885401105889287e+02
1.868549659170641348e+02
5.197401901407874902e+01
2.215343301044311204e+02
9.163115670808875279e+01
-4.502766609038750545e+01
1.378984738193475437e+02
1.062706145625256511e+02
2.375955019331976246e+02
1.029422243319768171e+02
1.957454116993276330e+02
1.110362274159437561e+02
2.035914478615127905e+02
7.929629439954335623e+01
2.028808276554933059e+02
-1.496095772903165653e+02
-1.485252542243373455e+02
-1.411794737295701907e+02
9.157972401747611002e+01
2.195193737389039654e+02
-1.582046834531685136e+02
1.853527556738138173e+02
1.251916327582311084e+02
2.188565595392180398e+02
-1.647257092736836626e+02
1.446010636329847898e+02
1.659754195221128157e+02
-2.004506037223633257e+02
1.210650173297840126e+02
8.104251692038687338e+01
1.768427033768191450e+02
-1.521274293292161417e+02
-1.619276700393999135e+02
1.209358081989552574e+02
1.547415374519174804e+02
1.493184591113671900e+01
7.888415294268055789e+01
1.612543675534261638e+02
-1.661395481770889546e+02
1.661197673626290907e+02
2.107601509696880839e+02
9.486559297409640124e+01
2.302308384392461846e+02
1.359685041074830849e+02
2.484584851614948775e+02
1.718712506678729426e+02
2.734497963500411970e+02
2.124729208874987592e+02
2.114020961985843883e+02
9.629566694210923572e+01
1.403658742583025116e+02
1.130958940480808934e+02
7.875715808955027342e+01
1.880180894251855079e+02
-1.612243951795119301e+02
1.920494549228186543e+01
3.413265736964532948e+01
3.787276334910617237e+01
3.632921750375135161e+01
1.188570317888185457e+02
4.021642669037147755e+01
8.475916605071024890e+01
5.076033744458901964e+01
2.895461103220636190e+01
3.515684071097078345e+01
1.897316969810566434e+01
1.062473389151447236e+02
1.556971551090772152e+02
2.325164867071865871e+01
1.341107562376507190e+02
-1.741770603122820376e+02
1.738686852549620880e+02
1.042756863398344507e+02
1.436234629144670123e+02
2.034530119981782832e+02
1.994179382626782058e+02
2.068009258923841855e+02
1.695373341374492497e+02
1.285250473018218145e+02
1.235943853238667316e+02
2.488789091726714275e+02
2.425768887220026215e+02
2.607173372318378597e+02
2.333522333707648215e+02
2.004423858590784562e+02
1.369239185359159308e+02
2.332442799101677338e+02
2.461478523837647572e+02
2.180742668367099100e+02
2.452402956848310112e+02
2.203048977397679664e+02
2.268854172001795177e+02
2.491177619349456904e+02
1.048671792075813443e+02
2.195681294322260442e+02
1.179229176942062907e+02
1.275444873047613470e+02
1.248306742078683982e+02
2.292231129253505344e+02
-2.662495364116929863e+01
9.178260838254000475e+01
-2.046158927942809669e+01
1.024762505870033351e+02
7.483873334540263045e+01
-1.896460618730906731e+02
1.958745200931928139e+02
1.779160089619352334e+02
2.493675585829674617e+02
2.219621285432749573e+02
5.926122375685172017e+01
2.625083971013697237e+02
2.483785712888623891e+02
2.555452132666487728e+02
2.270677529080467707e+02
2.481112071803732988e+02
2.604497296109515219e+02
2.404108913031570012e+02
2.438204023162139151e+02
1.657410425409979666e+02
1.345981084432615944e+02
2.258849774124511782e+02
1.078107572256417370e+02
2.451833416267487848e+02
2.144518925673610283e+02
1.102518891338003186e+02
1.963264965661636836e+02
2.392674163788334454e+02
2.525708042446055686e+02
2.144275797442454632e+02
2.664569179003457862e+02
2.481971974320995002e+02
2.593464155454746560e+02
8.523128730799811592e+01
7.951587574526891444e+01
2.657547827781658611e+02
2.148995088630068722e+02
6.254849910926958501e+01
2.214273796180019076e+02
7.230987157277286315e+01
1.702371666993311692e+02
2.295760971202914504e+02
2.556568079164557332e+02
2.532505287216606575e+02
2.128203023185852771e+02
1.183139484658415768e+02
2.163521501280142161e+02
1.578817442134632927e+02
1.366363818387381173e+02
2.419388510911426806e+02
2.153212235014059956e+02
1.544705424726043077e+02
1.378960412644631788e+02
2.549216569968593831e+02
2.532223420510644871e+02
1.177339033169314035e+02
1.010989106723038304e+02
2.749079248683137848e+02
2.553846702181418493e+02
1.016663661863954644e+02
2.858016373506735590e+02
2.419749042666641117e+02
2.550185021857814434e+02
1.379568978183176000e+02
2.436464107615439616e+02
2.677643189546695339e+02
1.149843203200647679e+02
9.498219313448130663e+01
2.069707602429625979e+02
2.484261409332420953e+02
9.108672581737781115e+01
2.265571360064950568e+02
2.859160608711520695e+02
2.670316792230662486e+02
2.338559248388968967e+02
2.104888484766381112e+02
2.682491421732601111e+02
2.578982067174972599e+02
2.510310856143447324e+02
1.813179436088811087e+02
1.409875566126231945e+02
1.137175574450062214e+02
2.586774475933928557e+02
1.655375719852876273e+02
1.476222079370418498e+02
2.528469981076133024e+02
1.553088099674652085e+02
3.467290215875425474e+01
-2.405155597994684058e+01
2.195127332585611555e+02
2.256509602453460843e+02
1.146608692490889325e+02
2.498707212616605489e+02
2.818983713800774922e+02
1.036482038349403041e+02
2.570231212211962202e+02
2.588809907504910939e+02
2.508442850829664508e+02
2.346038184504693049e+02
2.333857686806503295e+02
2.475139281491705390e+02
2.680158794844211343e+02
2.652665717217421388e+02
1.576824822550402416e+02
1.093830895925710252e+02
1.917013308577218709e+02
2.242372306252122485e+02
2.847129659465299483e+02
2.597289025780141287e+02
2.295884096322137680e+02
1.959484383920556922e+02
1.339062102185442882e+02
2.128691415701962057e+02
2.136933407710555457e+02
2.512542724816666748e+02
2.271069868031100327e+02
2.027480831623267363e+02
1.458165706691488310e+02
2.398782207625669400e+02
1.686240718263329086e+02
2.394684477677121208e+02
2.847693531802411826e+01
2.053948188044230108e+02
2.302864249644720473e+02
1.773530304592533753e+02
2.341877446703234682e+02
2.677727405938413767e+02
2.127227394587962408e+02
2.564619908147205933e+02
2.473321044443515859e+02
2.029254319078737581e+02
2.411343667726087006e+02
1.607886244943602776e+02
1.588635617482730140e+02
1.332160286246829912e+02
1.533731047219637276e+02
1.383837405680929180e+02
2.348258063408088674e+02
1.425021358343963698e+02
2.563257764543469648e+02
2.384590314627225212e+02
2.341664432283737085e+02
2.344020476846075951e+02
2.198878515519734833e+02
1.214791920607895861e+02
2.437936514725864754e+02
1.098851929004933368e+02
1.098198432367586008e+02
2.317733905693540919e+02
2.628465991621117155e+02
1.327430989301546447e+02
2.779551372679045471e+02
1.841332256095337243e+02
1.589360165639594697e+02
2.360817563797978949e+02
2.252856859472647670e+02
1.598017734727169170e+02
2.208230126525572530e+02
1.630757855208503599e+02
2.217354263855570196e+02
1.710122203914228862e+02
2.123875543183768571e+02
1.171809014400454174e+02
-3.204931928526420393e+01
3.009299079217238386e+02
2.560949297063648942e+02
2.392681810808388150e+02
2.786003232605577296e+02
2.630117034972315651e+02
2.604773048956649859e+02
2.243907246086301654e+02
2.228256882459002384e+02
1.543539390958252397e+02
1.292957613092241331e+00
1.360059116907454779e+02
2.336369687736223568e+02
1.439842651049644644e+02
2.364086237055953177e+02
2.243742743625599019e+02
1.767752143586520219e+00
2.381575449794184181e+02
2.113853029319634231e+02
2.160518110731835861e+02
1.617938818321420058e+02
1.554079586980819840e+02
1.814725796876028880e+02
1.649839574905457198e+02
2.204432689570733430e+02
1.058467288815880636e+01
1.456311889549183434e+02
2.208855485821426328e+02
1.535382737970600431e+02
1.253683358357884003e+02
1.641389762481999810e+02
2.322100721864179889e+02
1.315619408101388785e+02
1.327611839895540697e+02
2.330549219881802401e+02
1.645686029353059325e+02
2.559756441480874969e+02
2.576620869949633175e+02
2.565227629591510095e+02
2.304323832427420768e+02
2.368578869622400020e+02
1.416912282467685031e+02
2.133621303028654097e+02
1.366956412693777736e+02
1.654384018596420276e+02
1.329376211232258527e+02
1.068899624900759306e+02
2.420814209096583625e+02
1.395931973668172645e+02
2.580894473496654200e+02
1.586868142325812698e+02
2.579923575213066442e+02
1.705674713279441903e+02
2.793516996555036940e+02
3.399870789937827453e+01
2.410762096820785700e+02
2.267851610124080537e+02
1.602883128488271041e+02
2.477148405091625136e+02
2.758848279935798473e+02
1.379521016306509864e+02
-1.705377036540883751e+01
2.744779798297533944e+02
1.165479133798662303e+01
1.756989091831652559e+02
1.310744940990404075e+02
1.404771173818801344e+02
9.755048674062359737e+01
2.027240377886520832e+02
2.638806353501843205e+02
1.215108464595457178e+02
1.059350029310129599e+02
2.056679279022041555e+02
2.425422116680335307e+02
2.500817218144426022e+02
2.026521722460926185e+02
2.349806279567383740e+02
1.167554387176320887e+02
-2.309195208238975283e+01
2.409534196067967571e+02
2.535502217959542008e+02
1.891132676174750600e+02
1.696271990465591273e+02
1.539060221730761668e+02
2.439137318681639499e+02
2.702336077241332646e+02
1.476718322269606745e+02
2.385458612166231660e+02
1.695380997269248553e+02
2.533495842963358484e+02
2.629238461615177584e+02
1.462541653126901622e+02
2.615143401143255915e+02
2.354901485511027488e+02
2.301773050625562007e+02
9.704536705588532186e+01
2.504558891107961358e+02
1.606443917028347528e+02
2.118650574576733447e+02
2.504081983607759128e+02
2.875355520123900988e+02
2.571829788751606429e+02
2.513423178286585653e+02
2.309188153668212635e+02
2.061842525136042923e+02
1.218441965153984370e+02
8.997223721791570483e+00
2.481486151111618881e+02
1.364277478420328009e+02
2.049529609790256472e+02
1.017556955865073007e+02
1.259502058861218927e+02
6.716100123552028833e+01
1.377320701968796754e+02
2.324437312501153485e+02
1.727561632090295518e+01
1.576431863865623200e+02
2.365140690333400357e+02
8.519046399483659116e+01
2.001295332496917752e+02
2.621458566944095310e+02
1.971078970896251121e+02
2.342859473292727444e+02
2.611598941059628487e+02
3.175270931315617418e+01
2.762518937126867513e+02
1.881158870956322176e+02
2.370762454053251815e+02
2.586625899081897728e+02
2.475210523949655794e+01
7.654788982149142385e+00
2.405005934320539041e+02
-1.210501183419424365e+00
1.660713634224831310e+02
2.601776505539264406e+01
2.628646941332762026e+02
2.055601289932524764e+02
5.994637146115059068e+01
5.122189988163378871e+01
8.310649412389352619e+00
-9.050014244975410804e+01
2.662689717428971790e+02
2.155404226816557411e+02
1.774251137677432553e+02
1.999189419166864923e+02
2.229699465904776616e+02
2.066758219398624021e+02
2.060701317134306123e+02
8.340675267148709793e+01
2.146347074712067524e+02
1.813096499236607428e+01
1.958961422748828340e+02
2.341282341704047667e+02
2.690099744067489382e+02
2.169856064290204927e+02
2.485254783991002796e+02
5.261951193722339326e+01
2.334139290603891652e+02
-1.978814508190541801e+02
2.498026196935218763e+02
-9.938562119847425436e+01
2.132144324314774622e+02
2.655449324772883983e+02
1.523289742978611798e+02
3.219714060163641989e+01
2.490318100031358597e+02
2.591849278568421369e+02
5.288280852295389423e+01
5.310678681050191585e+01
2.711884934189409933e+02
1.803816311697331116e+02
-5.347904740332865003e-01
-5.255463966301277878e+00
1.735674597808205704e+02
1.924065867574385891e+02
2.318704533395895737e+02
2.361495760019467696e+02
4.024993737365821289e+01
2.451174001737102515e+01
1.280767268430480499e+00
1.940030604822970304e+02
2.368913163675394173e+02
3.668700360902661828e+01
2.797040853157056972e+01
1.553604240076780343e+02
7.631959704548526702e+01
6.244434660120052172e+01
1.723711154509317112e+00
-5.218045300327958103e+00
1.004204824848014397e+02
3.047878398658806987e+01
8.197156173782518351e+01
1.008308653254052700e+02
2.020555678507523680e+02
-5.458427302473580767e+00
5.467609352703607328e+01
7.230794108518871610e+01
1.791254825623418299e+02
1.846735108636723055e+02
7.916367002419022469e+00
1.656408665062176908e+02
2.371411239302250920e+02
2.480016156807645018e+02
2.358843564638196426e+02
2.638375040041838702e+02
2.364317495287677673e+02
6.320647413586559082e+01
5.467666594281206471e+01
2.334135786586801657e+02
2.591756509687944572e+02
2.714405545840960485e+02
2.331239340497399724e+02
2.732845770739921250e+02
3.380134325563940934e+01
6.459098445872822936e+01
2.848146842927073408e+02
1.466987007440042987e+02
4.490981191352574342e+01
2.278004330017583356e+02
4.060145429080733948e+01
1.443255277184039187e+02
7.848286816742019312e+01
1.638552692292632287e+02
1.782151358043945493e+02
3.090012391780024359e+01
4.537337765787154353e+01
1.014859803422562976e+02
1.489035319553396164e+02
2.188181839295536406e+02
2.028680516575828960e+02
2.628925289321236392e+02
2.214207486183602214e+02
2.388438802640752101e+01
2.096080096335208509e+02
2.039689002024192348e+02
4.755414304929081482e+01
1.550460607094608747e+02
1.356558663334052426e+02
1.915755832556143616e+02
2.177061356173974787e+02
7.840637065987272081e+01
1.683167471769872918e+02
2.606900140702321096e+02
2.091450748482703546e+02
6.561598280132723460e+01
2.063524428069146950e+02
2.375176658978746502e+02
