-3.207924669955572199e+02
-3.727478259235091969e+02
-4.835206737707166980e+01
-2.143168228946771592e+02
-4.061033478256752005e+02
-1.401714937980971740e+02
-4.048638869076067408e+02
-3.167974118185768475e+02
-2.849325935027646892e+02
-1.115056902097272200e+02
-3.556695417032844375e+01
-1.847669045147100348e+02
-3.255349888282454458e+02
-7.819144596745655917e+01
-5.412012429575243289e+01
-9.785625857933717953e+01
-8.611394828557132541e+01
-6.656814436673641922e+00
-3.531337605753049047e+02
-5.346555257574186726e+02
-4.989793552806736443e+02
-4.268395813709817048e+02
-9.654431426737984623e+01
-8.964636902016178510e+01
-2.739415636099029143e+02
-1.003865552076255909e+02
-2.592024582461705222e+02
-3.490491240947600318e+02
5.421360219296460059e+00
-2.835534574513516191e+02
-4.814032762840291753e+02
-3.686856026793618639e+02
-2.920119277240385145e+02
-2.710228189099620977e+02
-7.948673348447981368e+01
-2.361718078297070349e+02
-3.742079312953862313e+02
-4.209364952840853107e+02
-3.098160980200254926e+02
-3.315538146512860749e+02
-5.285325961843236655e+02
-2.973121877391191674e+02
-2.447095148550268675e+02
-2.607672110788834061e+02
-2.854950916593249985e+02
-2.249594273068006487e+02
-4.803676856987246993e+02
-3.479263635930565215e+02
-4.081551831997184081e+02
-2.536694417928920586e+02
-4.585102086213324242e+02
-2.642694130868336515e+02
-5.184743369348719000e+01
-3.241133559389979268e+02
-1.774362272908371381e+02
-2.622960892359254785e+02
-2.757038526522990765e+02
-2.683123008825934903e+02
-1.456911232306213719e+02
-2.806506676304876464e+02
-2.348450494791588596e+02
-3.390527629185011165e+02
-1.802572269084247409e+02
-2.711927788504547152e+02
-2.952025018266790539e+02
-2.191972883388882565e+02
-2.167209323671685866e+02
-3.297530098265643232e+02
-2.599890795813540478e+01
-2.507695399529989118e+02
-1.011118101664489473e+02
-9.967620662759219385e+01
-3.028363841039846420e+02
-1.439178829323790865e+02
-2.790113455809683956e+02
-3.278849759669500372e+02
-1.958576492610221180e+02
-2.843046668564981019e+02
-2.595995366763950187e+02
-2.882725119945733923e+02
-2.041245156367886295e+02
-2.984093582163645806e+02
-9.272993863660099478e+00
-9.850525225926359951e+01
1.851875960888996531e+01
-2.187433604718071365e+02
2.812991414703484949e+01
-3.482969489378069738e+02
-1.961129239538582851e+02
-2.117050750660861809e+02
-3.307695579180547156e+02
-3.113105168208786040e+02
-2.607220410275215272e+02
-2.974587529361826910e+02
-2.816731169257811871e+02
-3.271636689131756839e+02
-1.783102517591164542e+02
-2.434287583394448973e+02
-1.929871514320479946e+02
-4.149140518413061045e+02
-1.906921697223231718e+02
-2.378785376610343008e+02
-2.321639954260280092e+02
-2.321056440834761929e+02
-2.285759867484015331e+02
-3.075460325312265013e+02
-2.010401238100242267e+02
-2.190662092324116941e+02
-4.201444305975037423e+02
-2.770087599656890234e+02
-1.831056482000099095e+02
-1.749317314918085913e+02
-1.283152586540576863e+02
-2.188504332880008860e+02
-1.145237589810665355e+02
-2.382366297774585746e+02
-1.874423111540652940e+02
-2.266887351339945553e+02
-1.126639587617168701e+02
-6.120916884689582105e+01
-2.451258974624390987e+02
-3.090589258481646766e+02
-1.446325842161346031e+02
4.563317901098994867e+01
-2.659246787185078347e+02
-1.068719041247474593e+02
-1.778343738917666315e+02
-2.822267940718987802e+02
-6.806759996764395737e+01
-1.575602179431885759e+02
-2.354085215775228335e+02
5.981018035112487041e+01
-3.490845910128101082e+02
-2.739875949661326331e+02
-2.399989901818999840e+02
1.165391376532369350e+01
-4.281253204991845962e+01
-2.550124601266190041e+02
-2.727001120404131598e+02
-2.112458008844469077e+02
-2.119957740394109180e+02
-3.168793677501164439e+02
-2.910231225186524853e+02
-1.489854548003207810e+02
-2.276697539771452341e+02
-2.067652425752749252e+02
-2.101943870149998759e+02
-2.816284337230866868e+02
-2.942679115871376894e+02
-2.551135015493034643e+02
-2.539700181882056995e+01
-4.487614225425308234e+01
-2.003955533753187694e+02
-2.999305350417353111e+02
-3.357993376309364066e+02
-3.377655710036789287e+02
-1.815480644016417955e+01
-2.680437788413097451e+02
-3.261353993304670666e+02
-2.633993643579515265e+02
-1.195637097767142620e+02
-1.945257261033051464e+02
-3.278197527544066361e+02
-2.750949848665761692e+02
-1.755497655049543937e+02
-2.997972811809568725e+02
-2.182900890675195740e+02
-2.057318629217409693e+02
-2.481941653320141938e+02
-6.282024427923404630e+01
-2.370235853686497194e+02
-3.356836388108940810e+02
-2.656549028039206632e+02
-2.579547858369485311e+02
-3.073970222279318136e+02
-7.708504496956481944e+01
-1.981753164325959347e+02
-4.044908317212878046e+01
-3.150562443862838791e+02
-1.428548496618176387e+02
-2.949179266907265173e+02
-2.898069294912747864e+02
-3.538907945946335758e+02
-2.826786392774188243e+02
-1.836667745994645884e+00
-3.079588800495623957e+01
-2.890260343498184739e+02
-2.999659244705526362e+02
-2.570324073968129710e+02
-2.309259019123280723e+02
7.312884328325088745e+01
-2.104279771512508717e+02
-1.910122077451575535e+02
-8.833471279725669945e+01
-2.507250228981774853e+00
-1.928814986019568209e+02
-1.969402669035230247e+02
-3.128460073800606551e+02
-2.300050422927541831e+02
-2.575141992832042774e+02
-3.144274735111227415e+02
-1.888559918843933474e+02
-1.965003732960833815e+02
-2.906484255830895336e+02
-5.934067543955748647e+01
-1.567096900327025537e+02
-1.246434244560950475e+02
-2.257787982410897882e+02
-2.250584540166974534e+02
-1.416885420784009284e+02
-1.936406912788603449e+02
-5.552254207769006911e+01
-2.392111101387824021e+02
-2.491615978641766276e+02
-1.111954428587911536e+01
-2.818377262484718813e+02
-2.338959142077619333e+02
-2.043921505733587196e+02
-4.597028240033560564e+01
-2.105162588483057107e+02
-1.258323741293358644e+01
-2.412435094071411754e+02
-1.927791047508627855e+02
-2.688867268912304098e+02
-1.041053702471773192e+02
-2.788975360790360014e+02
-1.747748969312943359e+02
-2.493995180626914134e+02
-2.949667016651724225e+02
-2.249747274674321602e+02
-2.555898921180835828e+02
-1.558592989009582936e+02
-2.181569053657090933e+02
-1.908453486392590719e+02
-9.387788906705510783e+01
-1.395695430361695912e+02
-2.784564705133174698e+02
-1.669855841440941902e+02
-2.222585351994127336e+02
-3.101434326319078991e+02
-2.175272996053820762e+01
-2.965360080389294239e+01
-2.656883073989702382e+01
-2.500153267277956388e+02
-5.692354626033770870e+01
1.003578307422055715e+01
4.523298993861249073e+01
-2.823383504299242759e+02
7.894737593149964994e+01
6.060133848410293211e+01
-1.367237007539270266e+01
-2.131486262705056163e+02
6.961777914089849162e+01
-5.410191728430412184e+01
-8.414056178301964906e+01
-7.112397433937627511e+01
1.083824237468722060e+02
-4.057157390762912996e+01
9.811267755560066917e-01
-2.374291770557293546e+02
-2.300197810272467507e+02
-1.263041409457032955e+02
-8.750234961047578963e+01
-1.656323968761855099e+02
-1.735757907873388035e+02
-1.076086649389400947e+02
1.364287923036708605e+02
-3.062110437270285956e+01
-1.888217085829036819e+02
8.687947574846339194e+01
-1.074645592997800065e+02
-1.388639254975335291e+02
1.103905681185352705e+02
-3.042270330267230349e+01
-9.132766310180919334e+01
2.483397347064956762e+01
-1.876060764014496272e+02
-3.028923321541311680e+02
-1.466446509615589662e+02
-1.395124570151645571e+02
-3.130377768370342437e+02
-8.836070437137868794e+01
-2.026386368008941758e+02
-2.059723261086223829e+02
-1.897469953746733609e+02
-2.361228124499411365e+02
-1.368027798982547552e+02
-1.143084547673472571e+02
1.675508486773635184e+02
-1.782844380848474941e+01
-1.105112896244384046e+02
1.382523998599648962e+02
1.022288628953645855e+02
-1.996682995005559462e+02
-1.278657425576038236e+02
1.734570974739332314e+02
-1.340299228520704276e+02
1.309215114087654683e+02
-9.334096612852762576e+01
-1.098670646928708408e+02
-9.344707993197270923e+01
4.356349107913345620e+01
-1.085506153281577042e+02
-1.097386307539758832e+02
-1.964394435419218041e+02
-1.218894639649192868e+01
-9.547636851340438113e+01
-1.550448819280799739e+01
-7.797617102703425473e+01
-2.429978044436452933e+01
-1.004406856918555064e+02
3.112745505764391396e+01
-1.021167399240587912e+02
-1.014385372314195308e+02
-1.507704658243047220e+02
-5.265031186441608924e+01
1.420026633998660657e+02
-1.228214121102138705e+02
-2.772423302595629480e+01
-2.135011750578796068e+02
-2.487049394841172330e+02
-1.824799016099954372e+02
1.428082361421654696e+02
-1.253355120862455152e+02
6.753337269021929501e+01
-1.026715029788722688e+01
9.060379579302038167e+01
-4.641837861351542216e+01
-1.085948105792408001e+02
-2.733773723836713998e+01
-6.766353255100730735e+01
-1.250813420835992531e+02
-2.705248408240733582e+01
-9.578184510339589508e+01
-7.288436385998366518e+01
-9.405023537595768346e+01
-1.027635942299591250e+02
1.611416848789679648e+02
-9.041254584275317541e+01
-1.124245657337543776e+02
9.426552552143800767e+01
1.799053660709460303e+02
-1.016203204482899167e+02
-1.430665444131126947e+02
-9.097747720244491632e+01
-5.177129051588497077e+01
-1.217418252900424278e+02
-7.594232813823803951e+01
-1.317261119050558307e+02
-1.199462631988817947e+02
-5.531304232317025793e+01
-7.102815389468213425e+01
1.615125081492325307e+02
-1.494630061051726102e+02
-1.249900438305145300e+01
1.208021548211978313e+02
1.393681122937545922e+02
-6.989191205184849309e+01
-1.028370715823477752e+02
-1.138248251002413269e+02
-9.554858166223789340e+01
-3.972370621499558041e+01
-7.692928744261287477e+01
-2.490055844078987590e+01
-2.202431325863022948e+01
-6.326642731405073761e+01
-7.174863986574335684e+01
-6.222897995025434170e+01
-5.441861882346429269e+01
9.808759122729385638e+01
2.571019765109248212e+01
-1.944235309554449884e+02
-1.049214845105602052e+02
6.374636036258419836e+01
-3.531773242274225399e+00
-1.253002556171144022e+02
-1.951715959101428366e+00
3.105987634936360919e+01
-6.541770564766201446e+00
-5.757469221086465971e+00
-8.132388398099516280e+01
1.943328165015534807e+02
-5.626356312215546751e+01
7.812282497195795372e+01
4.558517802702970556e+01
-1.349664774678305719e+02
5.656335682572365187e+01
4.237048865550359977e+01
-1.006668719317560345e+01
2.888865137564125973e+01
-1.150119763881404680e+02
-5.424373878473158328e+01
-8.113668324628106632e+01
-9.572995389699665125e+00
-5.850647740928963714e+01
-6.157000125609002339e+01
4.592244027133985185e+01
-1.942306059457892431e+01
2.126340278867720457e+01
9.240256285808668224e+01
-4.234156169385888546e+01
8.637451907336074441e+01
1.316044223703914327e+02
-1.590546305791234438e+01
1.656441877150480195e+02
7.035418992217772427e+01
-6.314209603947492866e+01
-7.328746963007561988e+01
-1.626987784124306557e+01
-9.152780343148565123e+01
5.898156401897792733e+01
5.787002452120118079e+01
-4.188879826075698531e+01
-6.733072681536301118e+00
-8.808580213535420000e+01
8.580861074315154724e+01
-4.540070148656400306e+01
-7.461726954468754514e+01
4.699933587365784149e+01
-9.451266880557561478e+01
6.839092112692499370e+01
3.410115265939047902e+01
-9.408439546755086269e+01
5.120674924155119356e+01
6.462803216245066551e+01
-1.193434412897850621e+02
-2.064189853535368968e+01
9.880793016776871696e+01
6.177502751168256623e+01
-7.528807855763218981e+01
1.236644818385831428e+02
3.631053726130937775e+01
1.209667391137640493e+02
7.205878552545064508e+01
4.544950820792569601e+01
1.552112064705363537e+02
5.304609737931708935e+01
1.794298831387692417e+00
-7.654717140574645384e+01
-6.712116904671189843e+01
-9.159635542049272772e+01
2.614053998288743941e+01
-6.054898129679615693e+01
9.904938258965486853e+01
6.652996610200479211e+01
1.488158771055389025e+02
6.677076145679372132e+01
5.459589652022373230e+01
7.697859555005702248e+01
-1.282353804567765678e+02
-1.588124055818981617e+01
2.516304908101629678e+02
1.812900801937190636e+02
1.295387652305542190e+02
1.168258186060647432e+02
1.643854087112892728e+02
-8.682541759326814201e+01
1.348714725123523692e+02
-4.450832732826513904e+01
2.118880334981997748e+02
-9.009686760554826890e+01
6.233927783274128132e+01
1.337512160894758040e+02
-5.302374685223320228e+01
1.254604333078504226e+02
1.894979773401253169e+02
-2.698653680328695970e+01
3.371823563030454096e+01
9.495339787870625514e+01
1.439034695135808306e+02
1.338616671262555542e+02
1.256599827626237129e+02
3.242439629959408620e+01
3.702843072617963571e+01
-1.808007238268477224e+01
1.661854331899774451e+01
2.178836448020497940e+01
8.140112187710076341e+01
1.023630038503670789e+02
1.495447764822245915e+02
-4.838050524278141040e+01
6.637020292173473024e+01
-1.029608920574235214e+02
7.242105245073294384e+01
-4.192107802239816294e+01
-3.313659870506845806e+01
-4.449756574507055973e+01
1.646675421425679815e+02
1.220867368658014840e+02
7.648010596422749074e+01
5.898953176263092502e+01
3.791238875997195379e+01
1.181507776515226738e+02
1.729022440713735591e+02
4.437921957712063659e+01
1.976125562981679806e+01
-4.659448737959160525e+01
-6.287783301726300778e+01
1.322500894889608389e+02
-3.707497107968331562e+01
4.676416409708218680e+01
-2.461159111340255379e+01
3.395613759526555953e+01
3.923975744117760911e+01
1.268818996787116191e+02
1.297839144105141429e+02
1.326161694605491164e+02
5.433462110387906563e+01
5.492210250583060827e+01
8.995060731433538237e+00
-8.249421711035877536e+01
3.531689868676875221e+01
2.156053562453595518e+01
6.397236119814104427e+01
1.321836507493839541e+01
2.002173985989603864e+02
-1.009811020555925154e+01
2.040470836088651652e+01
1.824883120179191849e+02
5.825388781541216421e-01
2.826410305004710111e+01
5.129673374216437765e+01
7.876868754158125796e+01
1.044731019315282197e+02
2.783901521231339871e+01
8.570429066447002242e+01
1.238785196306464513e+02
7.764943942692923429e+01
9.856290917373138427e+01
7.828219269372634415e+01
6.061458659949581573e+01
1.205314977685252273e+02
8.957616661752342679e+01
8.279185231216401064e+01
1.398731510622159249e+02
5.723032840379286768e+01
1.990260800104270800e+02
1.299421466890329953e+02
9.219630217828787977e+01
9.602747208581197924e+01
1.042168342223392870e+02
1.703987037186955149e+02
9.533044929960229297e+01
1.468536244721165360e+02
5.619625350295580546e+01
8.868679965887329786e+01
5.434383934412406347e+01
5.851073094544237563e+01
1.050270672100089797e+02
1.209915981935744185e+02
6.490270839697276983e+01
9.551575827046434597e+01
6.204574372857958053e+01
1.370695933012868295e+02
1.636449264337343266e+02
6.765258896284326795e+01
9.427362608322356152e+01
9.400309874089940365e+01
1.030193684174864330e+02
1.147110454301470810e+02
1.260430035997341349e+02
2.416821961007129289e+02
8.383500947183725316e+01
1.417273486748095763e+02
7.250068686693910536e+01
1.410130752507179466e+02
1.779196057860316387e+02
1.162101415157855797e+02
1.290436753889579791e+02
1.446825760408721635e+02
6.214628150208191926e+01
4.923287608937539517e+01
1.481575193808498341e+02
1.462947275179255939e+02
1.465421688602662016e+02
1.332660340130626935e+02
1.222469263670298290e+02
1.227650610030822946e+02
1.055231293697100767e+02
1.220081271355302306e+02
1.338358647239468837e+02
1.456296950655857358e+02
1.467119355915673395e+02
1.542461184815213358e+02
1.171835827461052304e+02
1.814486414511843577e+02
1.687622247795240753e+02
1.130531203812129490e+02
1.109261530630499237e+02
1.687887910309913480e+02
1.714227011307512214e+02
1.272837488635300645e+02
1.279799599495041491e+02
1.532824153798740952e+02
1.352204371491453685e+02
9.314987045386605757e+01
1.272101914668650693e+02
1.635248733961487346e+02
1.472982392624086287e+02
1.223853221181355622e+02
1.490388108630737349e+02
1.439254597814698116e+02
1.204531915487303593e+02
1.206711651776377465e+02
1.264054954080916957e+02
1.424073119490547299e+02
1.988432893909354107e+02
1.140691003569986179e+02
1.041563981094199249e+02
2.378509568795651035e+02
1.672495970288653382e+02
2.007793126577552982e+02
1.556729652033466493e+02
2.905074629641198385e+02
1.062115669747236240e+02
1.513376952598302125e+02
1.152659993171549360e+02
1.315461773913887669e+02
1.662886221012286398e+02
1.064903512255606870e+02
1.517051123493198475e+02
1.030253016381176678e+02
1.125697959402663173e+02
1.663456463816747828e+02
7.849465851916174586e+01
1.442829352521146404e+02
1.686277830589824873e+02
9.333851970986316360e+01
1.884427785945656808e+01
1.678110101359642385e+02
1.189354758192646671e+02
1.248936561857464653e+02
9.998443754329952071e+01
1.026041631900224331e+02
1.482621970633905448e+02
1.837463906154937661e+02
9.997156740329829461e+01
1.588242787538096366e+02
1.891285821676736418e+02
1.224334048596850550e+02
1.835901226228626513e+02
9.179262246944547599e+01
2.443916915558337166e+02
2.179917971159408978e+02
8.445019873912222863e+01
2.061358037509754695e+02
1.469451058805928767e+01
1.371107997274173442e+02
2.070636360033823848e+02
1.717011270486835031e+02
-4.949662207246959156e+00
1.259328432854904207e+02
1.856942545318821942e+02
1.589214833920650847e+02
1.338485071268582089e+02
1.462246689854584645e+02
6.936834097956641187e+01
7.307084825177284415e+00
1.161875682277636770e+02
1.219049612498416479e+02
7.191819114338454710e+01
1.149554112912999528e+02
1.267425583215106428e+02
1.070351121279010727e+02
1.226582132849973590e+02
1.622543489213443308e+02
9.464278533630360357e+01
-8.345250339766892012e-01
9.797916797007272294e+01
1.495313395030037498e+02
1.477871485039282220e+02
6.105561804952534288e+01
1.192376333822017216e+02
6.271764806077334242e+01
1.086878072817285812e+02
-7.612943396282159370e+01
1.247335791242596059e+02
9.818688950957876216e+01
2.837009045231385329e+01
7.507623964931894989e+01
5.839879741403592561e+01
9.576791774749047192e+01
1.945251857750797626e+02
5.311875405114144399e+01
1.362455542288162178e+02
7.001616417535659664e+00
8.288316530767430379e+01
1.217212656837143747e+01
3.728742787430081052e+01
1.604843165804918215e+02
1.288997880287705584e+02
1.006256693443932164e+02
7.378641122303334043e+01
-1.780905081326127970e+01
9.046616247584691450e+01
5.223936271373151641e+01
-7.094638434654677894e+01
-5.252244943803937360e+01
-4.442853247849946285e+01
1.716214889478939085e+02
3.409788069259377608e+00
1.871715156649029268e+02
4.943010945014638935e+01
7.400761443250198113e+01
1.335684578846921795e+02
1.860911419854543283e+02
9.283980333386600137e+01
8.950171787492625697e+01
2.141442439278030463e+02
8.140445616023562536e+01
7.387885532204401784e+01
7.706421879796941710e+01
-5.400822324095103255e+01
1.998772249805932120e+02
-1.507518479606236497e+02
7.150071863992920385e+01
-2.416204596387139247e+01
-3.126277119506116264e+01
-7.944369312972455077e+00
1.801973190282384962e+02
-4.586943545943584866e+01
8.621386721295415612e+01
1.872114030437955989e+02
1.673295146705140723e+02
9.237898103204433653e+01
1.780298610089637918e+02
1.220035488292271850e+02
-1.350987242516000464e+01
8.675785501497941254e+01
7.025943775398926050e+01
9.894914637897117871e+01
-4.305791131102316172e+01
1.859199661634781933e+02
5.820406859149149881e+01
-2.941907317234029051e+01
1.856027307985341679e+02
-4.654447849331570097e+01
8.030322100067336066e+01
1.563598209369452263e+02
-1.435852707755785218e+01
2.342339652809769177e+02
-2.338999486745070655e+01
8.959044689268040429e+00
-3.637239359479974610e+01
-6.398234850081767178e+01
9.866144967618109263e+01
8.297185399646224369e+01
-1.868397627974867419e+02
-3.319176618614756080e+01
6.523261858373686550e+01
5.862569887311877181e+01
5.688945884905892569e+01
1.904313378394868437e+02
3.938545011254362294e+01
-8.188943088596673192e+00
7.826684372301497206e+01
-3.870056958968456939e+01
-2.745327064321664068e+01
7.766050736013568212e+01
3.361905297092042844e+01
-3.588512727397251467e+01
-5.408736052296209351e+01
-6.419926487350943489e+01
-1.999378802749944839e+02
-2.041957019470868602e+02
-4.619384468877554184e+01
-2.111459352138857071e+01
-2.903523667502227212e+01
1.778692500446099416e+02
2.117040989542879856e+02
-4.681153580609551312e+01
2.203448283237088958e+02
2.073767138447794878e+02
-3.827274933370037502e+01
1.095105702956129647e+02
-7.990453553468813475e+00
2.027115131889507040e+02
-2.561056012511539137e+01
-6.921000431644351636e+01
1.925040111899432702e+02
-5.010410822852717416e+01
-5.518306633366298897e-01
1.229671979112734874e+02
-1.113685793211185313e+02
-5.179416860505840248e+01
4.639355940473074469e+01
-5.942902337803339208e+01
-1.204919586591418401e+00
9.112786666778342237e+01
-7.942296479499643169e+01
-1.512361615133745829e+01
-5.201288828333821357e+01
-1.365300078585414099e+02
3.424900604836250295e+01
1.163438660400801439e+01
8.469030513152223705e+01
-3.939154435971987311e+01
7.927686581796154996e+01
1.072415148356521684e+02
-1.149216767760794085e+02
-3.380824998126060876e+01
1.443104066426810448e+02
-2.174636567315612723e+01
3.162565049547360729e+01
-7.190776308426920593e+01
1.785047290674505120e+02
-1.268299155963114799e+01
-9.009356176768038438e+01
2.108359259968984247e+02
1.304474019398192866e+02
-8.963876467071906973e+01
-1.428468473468649336e+01
-7.155476625267910151e+01
-5.584827550259660001e+01
-1.818530280808723987e+01
-3.954304529975328819e+01
7.536722878887701427e+01
1.588270449870968264e+02
-4.134694220701167211e+01
1.006211545126155897e+02
1.813324818083154071e+02
-5.866549682336955840e+01
-4.592037624629109160e+01
-1.006923236238271357e+01
-6.191646888459167286e+01
-3.425198345273201994e+01
-4.958278567329151088e+01
-9.630925622707079015e+01
-2.614171366896594861e+01
1.182560168553598459e+02
-2.104511504647488351e+01
-5.788529250173781548e+01
-1.988516027326140190e+01
-3.104647171338608302e+01
2.183886969353374070e+02
-2.016861929272950960e+01
1.448669398726455881e+01
2.725056764111234742e+01
-6.783366085833310422e+01
-1.781135362532924660e+01
1.010637130162581698e+01
-4.092016037788287264e+01
3.241552851037546645e+01
1.086174131357574026e+02
8.213688886395313915e+00
1.057390179387789431e+01
-2.962213428840845708e+01
8.692195721352806714e+00
-2.463426792727350119e+02
-4.088583864413296709e+01
-4.515551961151737714e+01
-4.171265645628550800e+01
-2.284392907555507435e+01
-4.981065939342903981e+00
-3.526835450820279760e+01
-4.777388185746613658e+01
-1.254944527165796231e+01
-3.247560870951395628e+01
1.138212050958884731e+02
7.744519309095582571e+01
3.725530130538733431e+01
1.986803087952131719e+01
-2.472109353517024743e+01
2.077979525171903674e+01
-3.724240514382194078e+01
-2.179968025751520599e+01
-1.071519917570636693e+02
-5.044991516003334198e+01
-6.383773197141277222e+01
-5.509006684292778289e+01
-7.131196882689560823e+01
-6.288768986829724383e+01
-5.467337271734236737e+01
-3.751953290901805360e+01
-3.219284199450668638e+01
-2.609645439925041188e+01
-4.997960929703157262e+01
-1.324840258570421092e+01
-3.721027295900268683e+01
-4.047831182027480423e+01
1.339492929441118996e+01
-3.442447557722159956e+01
-3.701398776670033186e+01
9.985403954796847614e+00
6.011385015430605883e+00
-2.794418714268092963e+00
-4.300656224867535116e+01
1.868537430155862467e+01
-4.888751276850072003e+01
-3.026733135883976544e+01
1.840316539531461615e+01
-2.237906081501074951e+01
1.697893282575169493e+01
-3.805538584293707061e+01
-6.964107195534145944e+01
9.210512086258972886e+00
-5.353861754683907037e+01
2.828638886304587885e+01
-2.319156455403772910e+01
1.329011052769321921e+01
-5.488624600539505849e+01
-3.190623112241298998e+01
-1.365705473888256449e+01
-3.652699168243250227e+01
-1.626720343628899457e+01
-1.741424582649749864e+00
2.873228379063671767e+01
-2.612810842134317113e+01
-3.118776922284597219e+01
2.235537320067675893e+01
-4.327596044842530176e+01
-1.214989631646242074e+01
2.186158094943721153e+01
1.846987229266841268e+01
-6.886968699963182061e+00
3.836494066557198490e+00
-1.167531589776930190e+01
5.583421785655677638e+01
-2.815323840805854161e+01
1.856585737418625968e+02
-1.862778138578836717e+01
3.353937118305989884e+01
-5.416539191257532337e+01
1.092827612866543348e+02
8.989143545162963278e+01
3.790686151503882684e+01
-3.881426978860293531e+01
-4.850977914442698591e+01
-5.221485817053332923e+00
1.036896064181589736e+02
-2.322198001110773191e+01
-3.169917833267011886e+01
-2.597142003383738285e+01
8.827383749933335189e-01
-6.797809548279793113e+00
1.703941693421771504e+02
4.694205183188443442e+01
-3.453065185637957057e+01
1.546364586422707532e+01
5.410557997970006028e+00
2.526112000652926426e+01
2.010607159921203788e+02
-5.042526903803313587e+01
1.982722139780599662e+02
1.954299492665010121e+02
-6.241225283952512370e+01
2.523779503040840098e+02
-3.933259133422701836e+01
-1.761094961043271212e+01
-5.160740730421001388e+01
1.453932368860471627e+02
-4.154528497846916935e+01
-3.727951493770918745e+01
1.258263856721420098e+02
1.128174286691879473e+02
-4.476947526212598660e+01
-1.059722267446526089e+01
9.555119756383895435e+01
4.908418746795741328e+01
-4.857822321513304331e+01
2.504642740584407932e+02
1.628411182694546540e+02
-1.874989940555988710e+02
2.087921910917117714e+02
2.660646864071895834e+01
6.598106768798743360e+01
1.018811960214263763e+02
9.416230149418932172e+01
2.041852233537542816e+01
-6.649577368755281270e+00
7.240436155407333274e+01
1.278862435358945078e+02
1.095620000559833329e+02
5.352337225081421401e+00
1.914986900900709657e+02
7.588006671267627290e+00
1.335869494091903107e+02
6.104133825097517274e+01
9.225578197965957372e+01
-9.153838003016815605e+00
1.000065656746797202e+02
7.431592475551903476e+01
-1.869660811471548527e+02
1.122310997041952731e+02
1.716490398623670899e+02
-5.147211778983391639e+01
8.324836218526949949e+01
1.893414996522123488e+02
1.171696357678348619e+02
-1.860093258235123415e+01
1.200616640107953117e+02
2.417777968796902854e+01
2.253188302489250532e+02
5.064853981441962105e+01
6.529245864753416129e+01
2.295045693503585653e+02
5.744979345326870401e+01
-2.521359411032564424e+01
2.137047642919061445e+02
9.130696708164329323e+01
6.670483158666016266e+01
1.582850973497930909e+02
8.215715861896521233e+01
2.519457396315042956e+02
5.365507374986793110e+01
1.272004332450320732e+02
9.431140490536407128e+01
6.704959167142423837e+01
4.261309053183622098e+01
3.435763818852625207e+01
-4.051823081498615586e+00
8.796769565442339456e+01
1.766178490680985078e+02
-7.833684283114377145e+00
2.144198807987909277e+02
1.181771484280119466e+02
9.894898818819220310e+01
3.286169667123654392e+01
3.220837593867238979e+01
1.347210413498204389e+02
9.243689425876084442e+01
1.052206248886457303e+02
1.487715024193275895e+02
7.158761937526459462e+01
8.799090354423790927e+01
7.690511468863162747e+01
2.031710225829199885e+02
1.917281595473149594e+02
-4.015153332885432746e+00
1.834840672745606298e+02
2.265027653379451777e+01
8.302337127954011464e+01
2.227958981007890316e+02
-2.588931240519408448e+02
5.142380830896963317e+01
-2.361886825174305216e+02
5.288684859161473639e+01
2.290198454413991556e+02
-3.072237865911801009e+02
8.883021078026922623e+01
7.167420570021742776e+01
-2.100336535667091198e+01
1.439810901508469669e+02
1.957625335308038075e+02
-3.012295293719261053e+02
2.103527488214856191e+02
-4.433014808544250229e+00
-1.460462679686649956e+01
-4.780566369904820867e+00
7.195265102049059180e+01
-2.687880501506983819e+02
5.569361256275636407e+01
4.059919116186237886e+01
4.124677512769078191e+01
2.160899097434801419e+01
8.507894996662969334e+00
1.814057395634836212e+02
6.970969913317860289e+01
1.719081611921530737e+02
1.909680785420802636e+02
8.544948462622036800e+01
4.593845868064332905e+01
1.441245667313958734e+02
9.441541091469930791e+01
6.638882928410764350e+01
8.239706435985515043e+01
1.034114945914637218e+02
-4.102079481755687596e+00
-3.716439723627144076e+01
5.151405349464710071e+00
6.743947607618764550e+00
-8.741393239568196805e+00
5.733294233831969677e+01
3.512160633097204254e+01
2.189976059879577406e+02
8.516064011484999696e+01
4.647585459733542024e+01
8.459457024752818199e+01
1.023193136780674273e+01
2.884418675064594595e+01
1.625469641397832561e+02
-2.778499251206563514e+01
-1.490072146333619507e+01
1.201862321059033150e+02
-3.151934032147979181e+01
1.404095397691477274e+02
1.796843218137998974e+02
9.966260975315854864e+01
8.123808501123647829e+01
1.695722876255697997e+02
1.251084644789646561e+01
5.012373178708615740e+01
2.021120652106005764e+02
1.637299940160687584e+01
8.280826740976033307e+01
1.292449942119130242e+02
2.074094585170135758e+02
9.915041472286932844e+01
2.974077352217398129e+02
1.042514776759575739e+02
6.691080491479320358e+01
1.418304547417558297e+02
1.252109564409657310e+02
2.293447733020063879e+02
9.275740132250581382e+01
1.249093505132602786e+02
2.119532851468486001e+02
7.420530233357818872e+01
9.330689138078295741e+01
2.211204710811626342e+02
1.753949644491170261e+02
2.085723824202721630e+02
2.390213131070840120e+02
2.072827479126389676e+02
1.307167181370082858e+02
2.098300780426058338e+02
1.000587868285281417e+02
1.248623257250474552e+02
1.020544425534988875e+02
1.059124330119739881e+02
1.857186969237503718e+02
3.512146875737130358e+00
-5.316491833725493166e+00
-3.592720518022311182e+01
1.355678282320639596e+02
1.504962697695607687e+02
-2.488510207705041921e+01
1.990944845473848659e+02
-1.361819296518676481e+01
2.173766631124847493e+02
-1.299117456033155804e+01
1.850513040740698330e+02
1.237955641620904288e+02
1.868720147412511778e+02
2.334994764794344064e+02
1.949329680025496430e+02
3.266202147652316512e+01
1.139585943407873287e+02
1.804641107849874970e+01
1.443160589091273778e+02
-1.978519647016096883e+01
1.527493796647722206e+02
1.983999737917597486e+02
1.096572001486656376e+02
-1.271608832290512225e+01
1.604643946084244703e+02
4.084701262878246553e+01
2.218592808686539684e+02
2.788434647585115300e+01
1.038514776311992307e+02
-3.155419040273541498e+01
2.032140200921590463e+02
-1.708861167866915309e+01
2.032879558491182479e+02
2.281488886295394423e+02
2.507962758676366377e+02
2.500515083367618843e+02
-6.458519649600262369e+00
6.022322148729136870e+01
2.294372050949870641e+02
2.227312415726369181e+02
1.990352966807995188e+02
2.043865172687279141e+02
2.333415052940213457e+02
2.439746209247677200e+02
2.075949248785601498e+01
1.392277990372757586e+02
1.434363521502447156e+02
9.546588058477310312e+01
2.199531212017677717e+02
9.521251818082247098e+01
2.194288179764064921e+02
1.060905352339087528e+02
2.627141207698186065e+01
5.420638317674667661e+01
2.437373887697742134e+02
2.196708898739067308e+02
2.968674503466658621e+01
8.072255295704829337e+01
1.748732636953603503e+02
1.940947376280415710e+02
-4.002768586348011581e+00
2.657113698068971530e+01
9.203354822493594156e+01
-1.499280903199988302e+00
8.417273616412131787e+01
1.403254958219204696e+01
1.643028308248073017e+02
8.125483362235961238e+01
8.474139654065956506e+01
2.497924915520189302e+02
1.390017350440630537e+02
2.028973224544874938e+02
1.085640083411680195e+02
2.015947787674652716e+02
1.133327365905529689e+02
2.329087615915631204e+02
1.681284706998752085e+02
2.197841765061913861e+02
8.193618944866524600e+01
1.122112426301593189e+02
1.371558776087949809e+02
1.255235093490303200e+02
-3.149134687100150813e+02
2.023776855230248941e+02
1.249142295358340107e+02
1.847741476408090477e+02
1.396161626697357008e+02
2.613682332769276400e+02
1.650500232437713635e+02
8.706251430708692851e+01
2.211829713734724123e+02
2.469115573393242471e+02
2.021407533232769254e+02
1.191670027321142840e+02
1.132208483392889491e+02
1.191555820189459070e+02
2.396450114277115233e+02
2.091748543681068782e+02
1.995787388334371144e+02
2.514667745445566425e+02
8.453203947601808821e+00
-2.019354096531961318e+01
1.917733136968866177e+02
-2.543067796244955616e+02
2.026713081053891869e+02
6.375162459977314455e+01
-1.307815305510842734e+02
2.018040867953203588e+02
1.446848560706668252e+02
2.387004675211815936e+02
1.406587321879963213e+02
1.756539280935329828e+02
5.592929355288036675e+01
1.200611865491936783e+02
1.288943969836851977e+02
-2.827092100293466714e+01
-3.080770570295943145e+01
2.325688576562948242e+02
2.050994348283263093e+02
1.651417607513170651e+02
1.488105651794893447e+02
2.374059758986916080e+01
5.872330116509866826e+01
-2.050864664053482329e+02
2.275855367886335614e+02
1.602077666502452757e+02
-1.522119577366088095e+01
1.984992180484694586e+02
1.622615824178650143e+02
1.164875373642585714e+02
2.645955395928403391e+02
2.664898308676305874e+02
1.766066112716708858e+02
-4.931288873093992464e+01
2.058179145789367510e+02
1.460175185707901448e+02
1.926469169132140564e+02
2.703416170261074853e+02
-9.867321048940979722e+00
1.507926836728958335e+02
1.878268779004640407e+02
2.913295745735611604e+02
2.465053216094403012e+02
2.270026719957535875e+02
2.717244679801912639e+02
3.015473005916116449e+02
2.494262089266793794e+02
2.458689077000181555e+02
2.063891650155171646e+02
1.754194481161454746e+02
1.058103887923504942e+02
9.931428320881356342e+01
1.984852357774482527e+02
2.142019989471988310e+02
2.760042307505948429e+02
1.393761230461817888e+02
8.184889106145676863e+01
1.047355278356160113e+02
1.058915720319606777e+02
1.298151349644476511e+02
1.121113259630400307e+02
4.441245874374140357e+01
2.024051947580791193e+02
1.532145686974777732e+02
1.559417738445464181e+02
-5.545291919889124443e+01
1.230965929612468415e+02
1.396812039104403880e+02
1.807052842690762020e+02
2.002171359785658353e+02
2.247599571690100220e+02
1.151086527086988838e+02
1.448290068552040282e+02
1.664451726657763970e+02
1.635451390603851394e+02
1.942069826251830875e+02
1.558609573365687027e+02
1.266906420835035263e+01
2.713536685044310559e+01
2.885319650104694844e+01
2.044917874527502022e+02
2.461822275346939648e+02
1.593526213812832282e+02
1.393600964607248045e+02
8.365332151918869386e+01
1.200461078306188227e+02
1.749333172587338652e+02
2.830642563464215300e+02
2.766114904990538435e+02
-3.740918995580018702e+01
3.524467961108030067e+01
2.982686497624678168e+02
4.667680612382554273e+01
2.691974828820679022e+02
2.333272595076696803e+02
2.416746234695340263e+02
1.483823919730941157e+02
1.654374493641086588e+02
1.588651279106746017e+02
1.937275138861051005e+02
2.175643571088196779e+02
3.261172679173259326e+01
1.232883594116919568e+02
-8.793481757704344659e+01
8.519022636079215260e+01
2.471535035712199146e+02
1.481445636505369521e+02
4.492566256478752962e+01
2.318496197580846854e+02
1.005633754879896458e+01
2.379576101778487782e+02
9.234778054817354587e+01
2.525222463252458454e+02
2.169742527511936032e+02
1.612778121517310979e+02
2.253957222931896069e+02
1.286922437865607094e+02
1.779946844467440599e+02
9.049416559721909437e+01
2.501960937796459916e+02
1.700499337010890031e+02
1.464830786043717126e+02
1.347557699340827639e+02
9.845179164427659657e+01
1.244092533692349463e+02
2.211390762591712473e+02
2.526634330576833349e+02
1.972393528569657519e+02
2.642280723220408731e+02
2.772882039401385441e+02
1.086198033586475447e+02
1.017559875889281358e+02
2.410658570549624642e+02
6.614684192275942110e+01
1.330352936540105588e+02
2.435403975872517037e+02
8.443496434601858880e+01
1.260688495309541253e+02
2.237629881070025988e+02
9.038056458074318300e+01
2.411509919485434636e+02
2.631662601547666895e+02
2.363487678423666125e+02
2.271553861191407293e+02
2.740581845013399516e+02
2.787831612892260864e+02
2.731593118010129047e+02
2.878379655099436150e+02
2.383756310727014522e+02
2.257130611976106138e+02
1.049477537198693256e+01
1.326280550259724578e+00
2.720924659681954836e+02
2.825918154899930528e+02
1.120580603717622949e+02
-2.351925565798147488e+01
2.719577317279745898e+02
1.301186793499540499e+02
2.152961756772335207e+02
2.583350859936556390e+02
2.264430485169652343e+02
-1.128892954506102342e+01
6.012539409430624460e+01
-1.285146403355254563e+01
3.798256627519509721e+01
6.402669292736206330e+00
1.072720879355915713e+01
2.561837384898262826e+01
3.982118266155873698e+01
3.451005596794914254e+01
1.400128418709873586e+02
2.644226299594649845e+02
-3.965026522552929578e+01
-3.569463510858541611e+01
2.473769234581391174e+01
3.043113007713901652e+01
2.221344846800810728e+02
5.980014189803097224e+01
2.567764805752069606e+02
1.456297933235169637e+02
1.061566888086000375e+02
1.185615275812336193e+02
1.456793554579968486e+02
2.385480797994412114e+02
4.797525750581490911e+01
1.288925413032507663e+02
3.065454646479585676e+01
2.540296649527436443e+02
4.737552675275162528e+01
2.269592846077641752e+02
1.822439953064443330e+02
4.105182923762507130e+01
9.367467567335066292e+01
4.229412611376926634e+01
1.774257868490954593e+01
2.271740777438881764e+02
3.998213883973136262e+01
1.315633238647873213e+02
3.759889310978354615e+01
1.928965845309106726e+02
5.146573401250228130e+01
-1.057274052659692920e+01
2.067455521979833861e+02
1.434554771951931684e+02
-9.332036745583266679e+00
3.039398291111183426e+01
2.736099066007195120e+02
2.444182406789192896e+02
2.403762574476286034e+02
2.814104821745068534e+02
2.398656352552219317e+00
-2.995864383369699269e+01
2.583470817169514930e+02
-1.167406701192356344e+00
1.829404067205592810e+01
3.090729069127359097e+01
4.316654394248951121e+01
2.064209326640452105e+02
9.489062154800626558e+01
-1.642744844750512812e+01
-3.330950238325775814e+01
-3.389451974032276826e+00
-5.081321161557241339e+00
-1.161442605777073034e+01
2.657648269231415838e+02
5.843399529603784259e+01
1.256622776442557949e+02
1.079501306019184526e+01
6.426292968735363331e+01
-2.044492082674910094e+01
-1.926873314473258603e+01
2.538822229975464495e+01
9.287259000837607914e+01
-1.018665935020540303e+02
2.591433100793994981e+02
2.641104873968531592e+02
-4.132573488117183835e+00
-2.639555866528069927e+01
9.395050062281217151e+01
-1.709671604226588215e+01
6.070455660962095656e+00
-3.471937878555969803e+01
2.265938937778084039e+01
2.387139261579133063e+02
-7.954881409802027292e+00
8.463791400485945360e+01
-3.741263163719728624e+01
-8.254701718834239088e+00
8.909027468377034964e+00
-2.472201263797921200e+01
8.405691720145536294e+01
-3.590872548782132156e+01
2.973602645480285673e+02
1.284764865923939681e+02
2.365455575492086950e+02
-1.604591843947874574e+00
4.728194374023953372e+01
1.163869217756072487e+02
-2.354851802284849072e+01
-4.127678807341500544e+01
1.421427354607905897e+02
1.609500435470019681e+02
-4.772272951530828067e+01
-6.397493473062183256e+01
-6.722927823352859988e+00
1.514259515042315059e+02
1.286468755905834769e+02
1.663378880890006712e+02
2.773927146799057937e+02
-3.543367714746145936e+01
1.497576375880809394e+02
1.417459752931110870e+02
-4.201930159404608389e+01
-1.189006826416157558e+01
1.584958639860657854e+02
-1.325722629875647840e+01
2.587681065611052418e+02
7.108638483136734010e+01
1.049467222382709934e+02
5.437644609374247295e+01
2.547803960525504507e+00
1.634848239249373307e+02
1.384105616003175214e+02
1.460817579612704833e+02
2.872466353055109494e+02
1.792667156360854221e+02
2.650213195389618477e+02
2.786745534846976966e+02
2.906680636215662616e+02
1.493454208401828396e+02
2.450549503733543588e+02
1.906948819541065347e+02
2.532238705240414731e+02
2.523327159008772753e+02
2.335874672047971217e+02
2.500519696803898739e+02
1.233033955481017756e+02
2.681863912723815702e+02
2.255137213293158709e+02
2.652744929522082202e+02
5.217029770917267228e+01
2.535026988513193373e+02
2.968732527357287836e+02
2.766843494575871318e+02
2.063829570305079528e+02
1.059879906926026507e+02
2.785770798720947710e+02
3.066432628788196553e+02
2.388574080361607628e+02
1.895699193910937481e+02
1.177137552601192994e+02
2.703091655960649859e+02
2.535209348629347517e+02
2.726495933757303192e+02
1.284816019015409836e+02
1.574206255146297337e+02
2.648298869358000047e+02
2.370797481043499317e+02
-1.973291677304455050e+01
4.689570817096912947e+01
1.142356449793893631e+02
2.751050861800637222e+02
1.203959939191808672e+02
1.622839732195014903e+02
2.533119929912940904e+02
1.461647915539406597e+02
2.856405000787681843e+02
1.486723321103444562e+02
2.386147288703818390e+02
9.819264293825956713e+01
1.300293336301474483e+02
4.925507349503848076e+01
-1.271480306998099934e+02
2.090455323505845229e+02
9.162255007885281088e+01
6.535267074509219754e+01
5.656787908664168185e+01
2.410909218804353031e+02
2.508481401363497696e+02
9.049471839534683681e+01
2.732550102337719409e+02
2.361131341964926378e+02
2.890608871152293204e+02
1.491958062209178593e+02
1.547803867839929524e+02
2.015783398669442477e+02
1.365306405728149741e+02
1.961754831341101522e+02
2.833019375379893745e+02
2.485537781374780195e+02
2.706933131310159979e+02
1.484471535647655003e+02
1.242318138476914555e+02
1.195264922718775011e+02
1.659697304712955770e+02
2.366706244807793382e+02
2.232834224295046397e+02
1.999010451775533568e+02
1.457582599468844364e+02
2.725703077602269673e+02
2.652995162793168333e+02
1.192723663155385907e+02
2.437949499379429312e+02
2.037813342493183768e+02
2.763324479802447513e+02
2.330095444694158573e+02
1.442952229403619526e+02
2.722482987996502288e+02
2.510848583633597286e+02
2.621410018058296032e+02
2.708697603246686185e+02
2.555606336306818775e+02
2.561027976624503708e+02
1.881642730769598870e+01
2.444213635594667551e+02
2.330305908992814352e+02
2.506938603549744471e+02
2.850699305520296321e+02
2.748865954782170320e+02
2.393331007207208927e+02
2.469547274846086395e+02
2.713111657963555672e+02
2.416638857827157096e+02
2.817656679655272001e+02
2.478651565233559211e+02
2.177640267104898442e+01
-1.838941736737710642e+01
1.706207869310097749e+02
8.665974912432416488e+01
2.908412612526217345e+02
1.007654232512871033e+02
2.441498666097476473e+02
2.439743866063948587e+02
2.709933911804132549e+02
1.314558286051293123e+02
7.824037082912522578e+01
2.454897505820506467e+02
2.135720504958965762e+02
2.278560655323496178e+02
2.691462701229444292e+02
5.970437984167625700e+01
1.428161504677878781e+02
1.458831986419641566e+02
2.322336611193674116e+02
2.674384472708412659e+02
1.197116048385993281e+02
2.702847672082534700e+02
2.818999789403842442e+02
1.681573816498280962e+02
2.555180178204913943e+02
1.153640728971045064e+02
2.778327616922728112e+02
1.013775411136686557e+02
1.264059487805822641e+02
2.741043480696499159e+02
3.024195860652633883e+01
2.526660160433001181e+02
2.796188845043168669e+01
1.123941528558036254e+02
1.431959530489856718e+02
2.403880198990280803e+02
1.648461405864528615e+02
2.131680223441835551e+02
2.386192742973463794e+02
1.098018861543603464e+02
2.330822079534314923e+02
2.416054778316249099e+02
1.200979311493848627e+02
2.459866644434560214e+02
1.185733520994941728e+02
4.945271440889263204e+01
2.287702642673225739e+01
2.459951851485061525e+02
4.957272431060457052e+01
2.640396531717279913e+02
-6.978400593001195418e+00
1.427882008068941389e+01
2.528247808006701973e+02
2.717786561196791126e+02
2.362920297531965730e+02
2.623127791061763787e+02
1.532364836369355032e+02
2.555514645801940219e+02
2.425583540874471566e+02
2.637482529838019900e+02
1.299830562245552130e+02
2.460236995968804194e+02
2.577861710036812042e+02
-9.560397788084957327e+00
2.481790655493296356e+02
2.262576220010290626e+02
2.517912753495864706e+02
1.409772585571787715e+02
2.558703956425578667e+02
2.186244498384566839e+02
1.649384911989577347e+02
2.591667961032780454e+02
2.418598368559771359e+02
2.487490585888749877e+02
4.248447421923995648e+01
2.270921439235001458e+02
2.308320575569209154e+02
1.442678191601938522e+02
1.191518049543008715e+02
2.335336339360179352e+02
2.745021474951120410e+01
1.423404311122087904e+02
1.323767269261534807e+02
2.290745549651039425e+02
2.303807681567490704e+02
2.470543820650335931e+02
2.470974018587438081e+02
2.500709443024892664e+02
2.016334492120826667e+02
1.353660989498808362e+02
2.410167733085718282e+02
2.366298216426118586e+02
-4.029244798274745420e+01
2.403691064802144410e+02
2.475935485478578073e+02
1.350978160458612649e+02
-2.816364304154063802e+00
2.408332791425187622e+02
2.256184926163971056e+02
1.686674665173581786e+02
2.569724102739558020e+02
-2.408575659948547809e+01
1.245248246711908422e+02
2.226806201965399055e+02
2.167728139059951218e+02
-5.967907540973610026e+01
2.470687473306806794e+02
3.060490720627140604e+01
2.639736990986728529e+02
1.825514734021427898e+02
2.470753291067767066e+02
2.449676281562902602e+02
2.521516227972579998e+02
2.581861068224665132e+02
2.540831721581283205e+02
2.301353529873268826e+02
2.742470397902980039e+02
2.196069433820349843e+02
2.470460839139616382e+02
2.457123583371620725e+02
2.667703717955034790e+02
2.059259223101708471e+02
2.833508420257403486e+02
2.734031055433994197e+02
2.390501272281133538e+02
2.405699510322487527e+02
1.598675235782605739e+02
2.608072437779932216e+02
5.570835056392533602e+01
7.679111224619447285e+00
2.820684418218143605e+02
1.232898105671631583e+02
2.626244125307309787e+02
1.853718886936843546e+01
1.433252353630768994e+01
2.782475443764074043e+02
2.942382884641274927e+02
4.499447029019026445e+01
2.321736614221230184e+02
5.377653477212001576e+01
2.847435998025785011e+02
-5.202102013533876601e+01
2.581176567202228966e+02
2.431943193453084575e+02
-7.165099469458228043e+01
-1.318509834323105281e+02
2.062600054689830245e+02
2.548504330020789155e+02
2.793161523072201362e+02
1.205495978804780748e+02
1.174239343299454532e+02
-2.591306325014914336e+01
-4.579350598477064693e+01
1.516117560613049022e+02
2.002093120402756199e+02
4.149540637686223477e+01
4.004198212432166315e+01
1.520802364156821511e+02
2.149806948377751041e+02
1.385150259148655039e+02
3.943454556055857552e+01
4.067091578728786772e+01
1.334052421642977038e+02
-1.079947819421573740e+01
-1.304826073974845713e+01
2.462305491119334420e+02
2.459599161070846662e+02
1.381458075006500508e+01
5.146350871875385735e+01
2.312572557513339575e+02
1.501088133685749995e+02
2.760959573585118960e+02
-4.788454604503439782e+01
1.658381066104855392e+02
7.308964820493991965e+01
2.142129816981430395e+02
2.136836718311581080e+02
2.250825778191975530e+02
1.366003747525756182e+02
2.412764596603713585e+02
2.212057450478403666e+02
2.281342186425131615e+02
5.153201503795619942e+01
1.232924969520203575e+02
-1.596972662321578529e+00
1.875691575108140228e+02
2.131068731750648908e+02
1.036909722215581695e+02
1.204114083522675287e+02
1.307062154434379408e+02
-1.173239927861942533e+01
2.458530743362619262e+02
1.867327796462150218e+02
2.542826380719531585e+02
2.012489526674362423e+02
1.260511327901720477e+02
2.520650122180507537e+02
1.282469641471853947e+02
4.191110715676498444e+01
1.176436217659566381e+02
2.286773213304710737e+02
2.792273175452302212e+02
2.234804888728659478e+02
2.682410452507359651e+02
2.314710191428852113e+02
6.768596235152108420e+01
2.337034145996928487e+02
1.099014374960595148e+02
2.554954560972308570e+02
2.396039000279210143e+02
-1.488927703115781043e+01
4.151176021125027660e+01
-2.585303239030031719e+01
2.363486891426216800e+02
-1.474597195227879531e+01
2.241572008173153563e+02
2.309562885205337466e+02
-6.852596816612646080e+00
1.884229131644375173e+02
-5.197585981851400305e+01
1.470425966238945250e+02
1.553190730721388491e+01
2.459124328530679406e+02
7.825384293861219476e+01
1.661915749381886940e+02
2.555705625056376107e+02
1.178151913988834707e+02
1.379874193528528963e+02
1.042821424141419762e+01
2.429410293556401257e+02
2.111464006562075610e+02
1.685140547650503606e+02
1.262470034181703653e+02
9.568926952325533364e+00
1.175448964826079816e+02
1.553154088721155235e+00
2.095442953245653257e+02
2.192388726941497339e+02
1.801311250727830497e+02
2.717507201335315017e+02
2.084566592487468029e+02
5.859014553185546426e+00
1.016354478889483914e+02
1.019372135270378124e+02
2.734441418284673659e+02
9.245927882292713207e+01
2.820716481543278178e+02
1.699135401869787927e+02
2.596455797704977613e+02
2.484346758956633323e+02
2.544688726326393180e+02
1.866585113438710550e+02
-1.210987405689824037e+01
9.741169477731750348e+00
-2.053301200307540952e+01
2.548928410728765641e+02
2.458402538366787269e+02
1.587316099451905700e+02
7.195885999907810060e+01
1.370496297211651040e+02
2.813001539627820193e+02
1.915642455864776821e+02
1.127028679343209205e+02
-3.172477664914355344e+00
2.370139592877375492e+02
2.647298338378708422e+02
2.595712919584587439e+02
2.739120364406365979e+02
2.883361319001181187e+02
2.293901968395777544e+02
1.323044180212386607e+02
1.412949988520541922e+01
2.913168688725335187e+00
1.533197822334948341e+02
2.797429504959690405e+01
1.466092907773733032e+02
2.157592439905138804e+02
2.863998967687583672e+02
2.447692512611978088e+02
2.859984432646734831e+02
1.468833093792035243e+02
1.956030468223922867e+02
2.519880806170317271e+02
1.584909920604543174e+02
2.783195065517995204e+02
2.465220459135778128e+02
4.508757442192114695e+01
2.651686470744406279e+02
2.588053383528814493e+02
2.593196606893073408e+02
2.516853479694834164e+02
2.750533921015349961e+02
1.251440554276231865e+02
2.741801059443192798e+02
2.609469481243885411e+02
2.373120880590431341e+02
1.398882104094436158e+02
2.845845826492713115e+01
1.226733333875296807e+02
6.928834063243513697e+00
1.115760059431496387e+02
1.230540850680732774e+02
1.488367013285806308e+02
-2.244394735873859759e+01
-5.434442439702972649e+01
-9.611880508989541383e+00
-1.755113985853209613e+01
1.137475055298055793e+02
1.108697733241248358e+02
1.272082146962940925e+02
2.864466046243721280e+02
2.482212642002948826e+02
2.345492468641614039e+02
2.211881897242203365e+01
1.185181037836222799e+02
1.237258779143194261e+02
4.620341961717639379e+01
-3.224822774661244562e+00
1.564431108208401895e+02
2.309445646869687607e+02
-2.518504671527151402e+02
1.321324076520429571e+02
1.465857172109076316e+02
1.653233042997576661e+02
1.355783057457683469e+02
-6.333946610014387346e+01
1.399839426462251595e+02
-2.492992011257637728e+02
1.570435941515983984e+02
-5.008197025420539461e+00
1.193685079521267056e+02
1.322602866271463284e+01
1.073868376030654304e+02
1.415730577134986277e+02
1.889436590637436666e+02
-1.742866797602671909e+02
8.999379503838385119e+01
-2.732915948896040845e+02
-4.641383138516236784e+01
-4.694651359449867556e+01
2.634276129459033200e+02
3.100379088786739885e+02
1.855348282677193765e+02
2.447738205738424710e+02
-2.323933157275725137e+02
1.508047195357783608e+02
2.963145221070612934e+02
2.497419483445985122e+02
-1.834024422791975439e+01
-4.822543919257910261e+01
-9.320825080843775368e-01
-1.267567129502639318e+02
1.026359265809291230e+02
1.740389664607349118e+02
1.393783686911407358e+02
1.537542708221044485e+01
-3.625912121382500430e+01
-9.168903795675825563e+01
-9.034547447732053627e+01
2.384779673584371551e+02
2.470927450736866149e+02
-4.236840238398986571e+02
2.491843228683007396e+02
1.570861421930294455e+01
-1.813315868024797339e+01
2.632548273735017119e+01
2.595411211276060044e+02
2.922278823577893263e+02
-2.531797388792775791e+02
2.764748117797944360e+02
2.673797384873803367e+02
2.405990258481268711e+02
-5.975608645207142899e+01
3.012568751092309185e+02
-2.241324731106550416e+02
-7.878095754912166626e+01
2.000790580464038726e+01
-4.832063061928151626e+01
2.271533571368833577e+02
2.437730492952865973e+02
2.159036103098162016e+02
1.158002209597249816e+02
-1.165366108611910363e+02
-1.868093939735063032e+02
1.073875607390705369e+02
-3.561860622055652357e+02
1.318513264625667318e+02
1.135116522048298293e+02
1.926359592847992417e+02
-5.938375124362534052e+02
1.445486903264416014e+02
1.396331660503057321e+02
1.178359643027302752e+02
1.597928248547286501e+02
1.569568809351556808e+02
-2.187193640624120405e+01
1.676646127173608249e+02
1.864315690806802195e+02
-1.672874979280430807e+02
2.985894079638820813e+02
2.802054559356031405e+02
2.613694209023981330e+02
2.609880144600202243e+02
2.958132686213664329e+02
2.754998879001105934e+02
2.448903435124004204e+02
-6.641257482531528922e+00
-2.161649900606774111e+01
-8.702941981197177768e+01
-1.742119189828586627e+02
2.833682969121078941e+02
-1.808132679387792336e+02
2.546300514721100399e+02
2.074937756735437233e+02
2.351059600790963771e+02
2.879039904812699433e+02
2.492606600181021577e+02
2.554895040111662752e+02
1.487641527606286900e+02
2.547244175139242657e+02
2.252303808615504863e+02
6.201350033123631533e+00
2.432580986253988726e+02
2.626573108063087147e+02
2.524694540803308769e+02
2.323448068397778172e+02
2.722923774834408732e+02
1.444638310468795623e+02
-3.710078112657688365e+01
-3.392210881792662036e+01
2.567982219110981532e+02
-1.628949775297039082e+01
9.681674409893250299e+01
1.272450665101611520e+02
-3.746453575219324961e+01
2.437380320600545360e+02
-1.401105714172041417e+01
-1.727891466427800538e+01
2.409780743952224498e+02
2.232760763185249857e+02
2.729850870857226255e+02
2.644127078611860497e+02
-2.170449388107367383e+01
1.898407051929029876e+02
-2.200377197944581553e+01
1.793959866024760572e+02
2.417999052440281673e+02
1.367834036201174683e+02
1.123090849340022999e+02
1.251242548837027897e+02
2.562931743049433635e+02
2.461862540857081285e+02
1.494297329229580100e+02
-8.780084555239582755e+00
2.299018323724315565e+02
2.117981930098075054e+02
2.055144752173049483e+02
3.383877121079979133e+01
2.388404486557963935e+02
1.504727447124022319e+02
2.861300923395384643e+02
1.276180008134218440e+02
-2.175066207248345052e+01
2.365770889148549827e+02
2.230201180713451095e+02
2.605019079695692881e+02
8.072587122524744530e+01
2.474179181458403036e+02
2.265607367511386769e+02
2.172298396560389619e+02
1.722250559669792835e+02
2.493142091930598951e+02
2.388172412412597510e+02
2.489450170909930549e+01
-3.404305789097833213e+01
-1.666031848371820558e+02
7.601305111356299449e+01
2.606762764296161095e+02
2.443186428038349902e+02
2.386707282566677577e+02
-2.735370909577858711e+01
2.518987939017796691e+02
1.293730076997990182e+02
5.410230247424394179e+01
2.205929348910823364e+02
1.515692260776621652e+02
1.219941823837379218e+02
1.655955207940845924e+02
4.464179525623009681e+00
1.023235300017649507e+02
2.284085255445988025e+02
1.676274135155417184e+02
2.534538828425453687e+02
2.133263528431169220e+02
-1.572980253483536330e+02
-1.801300042457770587e+02
6.638689405528964471e+01
-1.290013489198550758e+02
1.602052564807130750e+02
2.315677486967823029e+02
2.508269936493813930e+02
1.541308577069123942e+01
2.125368096489125662e+02
1.341805207609879460e+02
1.750944511380229756e+02
1.418041150982294027e+02
1.054852022100046582e+02
-1.248304012651315986e+02
1.756762470716718099e+02
-2.342035139457282185e+02
1.443501437880128719e+02
-2.017333289854306599e+02
5.313799049589746915e+00
-1.965745955054499063e+02
2.399579799303807874e+02
-2.530153311360732005e+01
2.639779971352404573e+02
2.444275463855639714e+02
2.044864489512223713e+02
2.579112987255210783e+02
-2.057107855697773289e+02
-1.777787159087568511e+02
2.692450025238040325e+02
1.980492698426909897e+02
2.248523586740090536e+02
2.479269818972644828e+02
1.561699678436521594e+02
2.442791994951429899e+02
1.786800772753050808e+02
2.303713005427586040e+02
1.267635647462716832e+02
2.187018385397663565e+02
-1.846724260900184049e+02
1.322522849169077688e+02
2.523780298081529736e+02
1.098567399212674900e+02
2.151628678798784051e+02
2.678315682977995493e+02
2.382577594538784922e+02
1.958428498349999529e+02
2.508088651882623026e+02
9.210690069596059004e+01
1.950945214602186866e+02
2.617891133604523475e+02
1.267668687380053996e+02
3.678108841096150172e+01
2.041133189250355144e+02
2.207586103573007676e+02
2.291495064671301805e+02
1.291687988751644127e+02
-2.369282732854339883e+02
2.329520562414274139e+02
2.404040881214151852e+02
1.390862333660263062e+02
1.656885040942918579e+02
2.320256787982927165e+02
2.325437439484538515e+02
7.113950834752152730e+01
9.143499875737245475e+01
2.077745484810282619e+02
2.445434140058138723e+02
2.453144474242048716e+02
8.204409399148343596e+01
-1.401420871578007166e+02
2.374989597937955068e+02
1.989006861213994739e+02
2.599877687485932825e+02
1.177966580688680693e+02
1.768364790919936240e+02
4.968253192100885229e+01
9.463011068214048294e+01
2.315191261983653135e+02
-1.523605043600070417e+02
1.158238378549754941e+02
1.884473499310748821e+02
2.412266767859621837e+02
9.563983845314790244e+01
-2.015445278983616504e+02
2.484774560357084852e+02
1.305182312430376044e+02
1.767626227300544315e+02
1.925495590833714914e+02
1.655141813065137057e+02
-1.469247260601276253e+02
2.443999487033043181e+02
-1.130478486858567777e+02
1.679473848890469014e+02
1.863809656094589400e+02
2.248582230291365818e+02
1.169280688082747588e+02
1.009005675302907150e+02
1.228509310477423213e+02
2.498576268886169771e+02
1.327737040402431035e+02
2.295554015827138699e+02
2.199718760949003240e+02
-1.744903146887389198e+02
-2.228719870317665084e+02
7.044995707899013837e+01
2.122783226325586270e+02
1.435823678174899669e+02
2.495635114850585694e+02
-6.349870465651813589e+01
-1.709799115492947408e+02
2.435922204837573872e+02
2.661336844874748522e+02
-1.798656261191501216e+01
-2.337921525938178320e+02
9.403871429343875832e+01
9.743699998663024076e+01
1.319218161828339646e+02
1.329875157043589979e+02
9.439390197197822374e+01
2.489721459721257020e+02
1.375547419411951751e+02
2.289369586244681045e+02
2.238668646386124692e+02
2.552406658178308021e+02
-1.846062309116221627e+02
2.641921138507964315e+02
-2.292958095652014805e+01
2.877767530175643742e+02
2.282279664356867954e+02
1.509714561516601634e+02
1.227036507839565047e+02
1.388832355050973888e+02
2.376526470884959394e+02
2.363841305731528450e+02
2.501759127016780440e+02
1.547182556973658052e+02
2.624127017009702740e+02
1.710669169911508334e+02
2.694079261005498438e+02
2.301450125773866375e+02
2.200912828816523756e+02
2.259049562531495212e+02
2.363119032791389884e+02
9.603188352428929875e+01
1.806973704840131631e+02
2.318868481951913054e+02
1.148681384299236186e+02
1.624469905164382624e+02
1.305333832584724689e+02
1.496721331304376577e+02
2.354682922859500991e+02
2.689851926552776149e+02
2.602022194110630835e+02
1.620196182874992701e+02
-1.211530206266755627e+01
5.365203491888532739e+01
2.229319768270960651e+02
2.528728159715014669e+02
1.494941801705691091e+02
2.283488440932358969e+02
-1.395400858794163241e+02
1.417338197767367092e+02
-1.775413475444719893e+02
1.167315359252005180e+02
9.708055251986253609e+01
1.436166025290625612e+02
1.195110461754883033e+02
2.517953073579765260e+02
2.133947172139619397e+02
1.390840407409864667e+02
1.261437729607373086e+02
-1.700088948608752162e+02
2.400829552439150234e+02
2.325325287631930280e+02
2.166693626961638870e+02
2.487025691516085146e+02
2.641063995411881820e+02
1.597050151335186570e+02
2.295014078604872623e+02
2.535598563715549290e+02
1.680193254673970102e+02
2.535937772679205011e+02
-1.961520771603281332e+02
1.309072194776547349e+02
-2.100136014443267527e+02
-1.680612681893288709e+02
1.074783276274514776e+02
2.106323766987472368e+02
-1.988537593244997765e+02
1.209472807659578848e+02
-1.929730376040928377e+02
-1.687829007149380800e+02
2.151440307254252957e+02
1.121326075414404499e+02
2.443888192591608970e+02
1.706169338795546082e+02
2.354344531737748696e+02
1.220808326233978676e+02
1.079807393921823433e+02
1.241598554853460143e+02
1.612180605661638708e+02
3.769782566939528579e+01
1.546435908690116889e+02
1.380986273617597249e+02
2.502698686638439654e+02
2.281635269612374941e+02
1.276657982761205403e+02
2.432656602065956690e+02
2.606469855312161030e+02
1.391728022607611592e+02
1.488293372207411949e+02
1.121015891521526271e+02
1.290675662568301618e+02
2.286382696604234752e+02
2.212657194830368894e+02
2.383126939275346672e+02
1.091998513856908488e+02
1.741826454247380411e+02
1.486454787823658990e+02
1.267654136082792604e+02
1.110943064130226077e+02
1.299676328010417876e+02
1.454016474968502450e+02
3.073003646655962484e+02
2.518340543065414749e+02
2.463447177877512217e+01
2.732253786181194641e+02
1.173167757642403046e+02
2.381522657618891117e+02
1.407524533053491496e+02
1.400050576546978505e+02
1.247284070860395531e+02
2.385398877746586379e+02
2.771659199758838668e+02
1.464263094879225946e+02
1.576796500779889811e+02
1.463470124774464125e+02
1.179599195732524777e+02
2.455293332659306031e+02
-3.020575878180819132e+02
1.540396948032113187e+02
1.357573080424877219e+02
1.127265052701000911e+02
-1.852407413130759437e+02
2.620774368576757070e+02
1.217978664474739503e+02
1.068429118322335398e+02
-2.241464786865637393e+02
2.288909151659265717e+02
1.194000739193364069e+02
2.414654038954562907e+02
2.368926987926077459e+02
2.503925472059013089e+02
1.327088977351784251e+02
2.579893581753001968e+02
-4.004102073850036732e+02
1.036045286614208578e+02
1.967984929079138396e+02
-1.267213179817555755e+02
-1.664968468078698720e+02
1.003763281367940436e+02
2.454059778201615813e+02
2.467951116519223547e+02
2.596338437981113998e+02
2.189257454760711141e+02
2.565833160874470877e+02
1.040087991757874448e+02
1.116126074518728615e+02
2.323160246722986244e+02
1.136675548557236510e+02
2.328175056257724123e+02
1.337360065501091810e+02
1.454911081044268997e+02
1.768902218895483998e+02
1.426138901558855991e+02
1.330521647246018233e+02
1.172813739223192329e+02
1.442370473905708934e+02
3.626462242416795334e+01
1.453672038786565111e+02
1.237576895904281855e+02
-1.926449387181827433e+02
2.194247551829422491e+02
1.462027080074450396e+02
1.019287651311983609e+02
2.202462790164084367e+02
1.059138269083857438e+02
1.394427963187123680e+02
2.165849935124809917e+02
1.426242174398419706e+02
1.495554621668191828e+02
2.031954131665203249e+02
9.098512395188416235e+01
-2.205856213394489487e+02
2.441432961915962210e+02
-2.621736826215103520e+02
2.313152900156352416e+02
-2.302959517672194067e+01
-1.057441854831670014e+01
8.763771030730187306e+01
8.312434338564922598e+01
1.220954363575671238e+02
1.583811074080923618e+02
7.542981698691454540e+01
-2.929186338441044199e+02
1.316189988907053703e+02
2.417066091146147073e+02
9.287570294471791499e+01
-1.614196993141909786e+01
1.597684007346008457e+02
2.164173962853545845e+02
2.357706083262848153e+02
2.374617632846903348e+02
1.218949574890683181e+02
2.053626954597902170e+02
-2.138614375024536969e+02
1.403763582371315124e+02
2.097041281547357414e+02
2.075788556624182206e+02
2.157579394071094612e+02
1.268016040280548680e+02
-8.598022373372994309e+01
2.570644315946153711e+02
2.612319437642335629e+02
2.460980349326636372e+02
1.005190991013186874e+02
2.762886738290960693e+02
2.390805150591555730e+02
2.311758996780561120e+02
2.456429482066472474e+02
2.405556867337897700e+02
1.383027473372776512e+02
2.451824177753836977e+02
1.554759935029912583e+02
2.310239756748635784e+02
1.463575024137249443e+02
1.072819598679581219e+02
1.730881225384918309e+02
2.569315731509882426e+02
-1.986611906608990523e+02
2.455419640659821141e+02
2.165621555400223883e+02
2.211221873139702438e+02
1.367825193599370266e+02
2.076106369795637079e+02
1.359064019258680673e+02
1.213333484733942811e+02
2.101833678871355460e+02
1.442409628031564637e+02
1.569141770463069747e+02
-6.771792393838833846e+01
-3.279885698570324166e+02
2.405668786763560263e+02
1.374470808063970253e+02
2.421680221847812788e+02
1.476376327338905412e+02
2.168762200461495695e+02
1.366466969113682808e+02
1.237885291363601965e+02
2.439241728964280469e+02
1.630934771030763955e+02
2.615315033418936537e+02
1.324069307811094802e+02
1.308874427592751886e+02
1.663580785262750510e+02
1.730991116986511429e+02
2.513496898494457525e+02
1.363802086922773640e+02
2.218692443138512544e+02
1.503894262233761765e+02
1.341597816601722286e+02
2.503728941790662077e+02
1.468631760220862930e+02
2.586137688450447172e+02
2.468073629227054937e+02
2.518770449429014775e+02
1.172109599387096779e+02
2.273247649656580336e+02
2.547559911213020882e+02
2.632589292324788630e+02
1.643405774788066651e+02
7.929763475984334775e+01
2.098771114334136314e+02
2.395562955502634281e+02
5.596533272338477616e+01
2.223019590211122534e+02
2.115781729465435888e+02
1.291843325513722789e+02
2.313588320793268167e+02
2.171656256385026040e+02
1.161197081622229774e+02
2.150779843514978324e+02
1.010730138571342707e+02
2.469291454434592197e+02
-1.762393182683229611e+02
2.328241055705836686e+02
1.000200467072265837e+02
2.347503759812626640e+02
1.473174277609367095e+02
2.253032782559056386e+02
