-4.065637512139961700e+02
-1.983435182638668834e+02
-1.869742298533276994e+02
-6.473555818955504719e+02
-5.749270158966983217e+02
-7.111135436239655974e+02
-2.195983919203503092e+02
-4.281693398293267592e+02
-1.606306023714348896e+02
-2.908310547033123612e+02
-2.269115874151825381e+02
-8.263536176459365379e+01
-2.871710069155486167e+02
-3.076960233379338092e+02
-5.634725591785566223e+01
-2.315456665390130127e+02
-4.017264059862806107e+02
-4.353628476897905557e+02
-1.390485985802000641e+02
-1.800877618967764136e+02
-2.558709767228559144e+02
-9.280946751931520566e+01
-4.377619013706264468e+02
-2.235412512387370896e+02
-5.377734438512900397e+02
-3.102099440503989172e+02
-4.464474674793316922e+02
-6.574897038921432113e+02
-3.345277315178661866e+02
-1.232942276952200729e+02
-4.779973352005320635e+02
-3.485037082690705006e+02
-5.378405864662067870e+01
-1.783930015003912217e+01
-5.416037722587677905e+01
-6.534671045308041926e+01
3.226661549158720277e+00
-1.440088416703414964e+01
-5.212491064019484810e+01
5.782550095506593379e+00
-2.699990136671731022e+01
-3.769853392547557291e+01
-3.161033439281945903e+02
-5.174057636754188394e+01
-2.211747177029528757e+02
-3.910638136395194806e+02
-2.167564576963789023e+02
-1.501841904608896812e+02
-1.677038708166194851e+02
-1.718671291159973293e+02
-2.011137900220306847e+02
-1.060773235179020162e+02
-3.556870407371512783e+02
-1.166960876719755618e+02
-1.450366929485238074e+02
-7.975288212919008402e+01
-1.583922432726669172e+02
-1.384882480913020686e+02
-3.477770090144598214e+01
-6.882449722791250224e+00
-7.972145828971935089e+01
-4.711900646661834458e+01
-1.090497746169585298e+02
-6.306822236273717408e+00
-1.541303070858774333e+02
-2.277707042909996460e+01
-5.116933959010121669e+01
-1.469597063718235290e+02
-1.506838923560715102e+02
-2.597000496639612379e+02
-4.334470592667281608e+02
-7.750477511830371213e+01
-2.139344957876040212e+02
-8.106272895870378647e+01
-1.444196985488569283e+02
-1.869398988286436918e+02
-1.443834315493360236e+02
-1.377938877318390496e+02
-1.466684925764516549e+02
-1.223963400621414195e+02
-1.149005530889117495e+02
-7.798006386010531799e+01
-9.696967259792899085e+01
-8.519734290951168987e+01
-1.327090586889596580e+02
-1.159746045322906980e+02
-1.063406567679234058e+02
-1.409990905518322961e+02
-8.096831712546415361e+01
-6.367019515969848698e+01
-1.739572109243037232e+02
-2.593176085211750888e+02
-2.847775775554697475e+01
-1.350291991587878044e+02
-1.465813694146930004e+02
-2.851324629890140159e+02
-2.566352895235273763e+02
-2.594651733146590686e+02
-2.413815854571895443e+02
-2.642993689112024072e+02
-2.907297805735902898e+02
-3.771277323438771134e+01
-3.103905467434005061e+01
-2.070835627937502466e+02
-2.032391145432333701e+02
-7.377957505373093738e+01
-6.865801322907363158e+01
-7.367377791317916547e+01
-5.475889834982359616e+01
-2.401390734216165157e+01
-1.689491455807147986e+02
-1.581803487186705581e+02
-8.717587964699546887e+01
-2.725516164003519179e+02
-3.662406529607613948e+01
-1.242977788305517350e+02
-1.306904643326407154e+02
-1.288936851728347222e+02
-1.881411101858761867e+02
-2.117779206812736561e+02
-2.372192586612817706e+02
-2.203190302203649651e+02
-2.575570971199686028e+02
-2.172156362138828172e+02
-1.859846578759778595e+02
-4.097877938803805478e+02
-3.209230069077016765e+02
-4.069760686798839515e+02
-3.121698386469979596e+02
-3.269699215912162344e+02
-3.670207491389845700e+02
-3.072651090445786508e+02
-4.262343525598483325e+02
-4.493095447129416016e+02
-3.859074032331268427e+02
-3.869042758139899547e+02
-2.860796689421373458e+02
-3.170644931625929530e+02
-2.592012695611754225e+02
-1.930872959144407446e+02
-1.764780540629658390e+02
-1.404917536132094256e+02
-1.568392873591930083e+02
-1.536474552501476865e+02
-9.978269993007859284e+01
-1.512735910781646851e+02
-1.524571978772100351e+02
-7.760593898445137029e+01
-1.486060528222296853e+02
-1.296663873913414591e+02
-1.668702890448759604e+02
-1.771214166068236864e+02
-1.256066751664267827e+02
-6.653253534928161628e+01
-1.059033217926945127e+02
-8.640302250860275990e+01
-3.871553015204418102e+01
-2.121202044070911938e+02
-1.680608226781839392e+02
-1.541530860411767208e+02
-1.324532690713805891e+02
-1.493976605433260829e+02
-8.720722673565686023e+01
-1.308189845775899585e+02
-2.270816077548939234e+02
-1.956389485087396736e+02
-5.261207390612688783e+01
-1.860147484010820449e+02
-2.462050954653856252e+02
-1.643209553284411584e+02
-7.529033181710173039e+01
-1.169829437684357032e+02
-1.570630152596706353e+02
-7.892101362010670584e+01
-1.472705885716660035e+01
-6.808422281232641637e+01
-6.169002795679976003e+01
-5.104552401531093864e+01
-7.957033070951284515e+01
-8.824729191949137075e+00
-4.192487364582513010e+01
-7.011315020082133742e+01
-1.588074712903539307e+02
-2.500740227096808610e+01
-5.369880408993306276e+01
-5.371307207654653837e+01
-2.521644413858625100e+01
-8.841692019110489298e+01
-7.074012065104967917e+01
-1.321393003924011111e+01
4.935008170597718902e+00
-4.741724959712082921e+01
-3.538731674033115837e+01
-8.769143274915015240e+01
-1.361423471322749776e+02
-9.276801445881636354e+00
-7.286613327421305542e+01
-1.649451240642662810e+02
-8.152633698326411604e+01
-3.750724970735064403e+02
-2.662901798845168742e+02
-1.191386982657675588e+02
-4.832355146802304802e+01
-8.873432697368851052e+01
3.216454482409643845e+01
-7.329446437021876193e+01
-1.033050433883315833e+02
-1.049649321306042680e+02
-6.059306677802516106e+01
-6.166480306424400482e+00
-1.319783467561724137e+02
-1.261157054578289944e+02
-1.662922511157821077e+02
-1.304550200147818941e+02
-6.671520763211498206e+01
-7.000227525314838495e+00
2.058735350839205225e+01
-2.896045057920823229e+00
-1.426162993844683911e+02
-1.448288224514723481e+02
-7.194869130204557450e+01
4.526720249033883903e+01
-3.226623957027323630e+00
-6.557288919191624643e+01
-1.024457185300667703e+02
-1.690775365139278392e+02
-4.589594332120264397e+01
1.508788486705105214e+01
-3.920174408392436050e+01
-4.495189884562305593e+01
-1.156754035662400497e+02
-1.846456400595822700e+01
-3.121447046337227604e+01
-6.997210694979030166e+01
-5.182723779825022348e+01
-1.398277301720768264e+02
-4.364441561344730047e+01
5.387145842347102587e+00
-4.718581413479083864e+01
-4.358697474060220145e+01
-3.293979571370429937e+01
-5.736641934082166472e+01
6.215654806474094585e+01
-2.562610445793160352e+02
-2.903980319895075581e+02
-6.500036551522069317e+01
-2.414530740982460699e+01
-3.958161540807458856e+00
1.578691967687124276e+00
3.023494944481344859e+01
-9.229461949563349421e+00
2.449112606784738855e+00
-1.514249951166058565e+02
-1.271824055177437174e+02
-1.111912966101839402e+02
3.084087919900075647e+01
-7.629682929863487573e+01
-6.319364133016491536e+01
7.411224786938518605e+01
1.229459664989069552e+02
7.072018540987718893e+01
-1.550861071850256678e+02
-2.176365654319374698e+02
-9.645182135573857352e+01
-5.093420590055037422e+01
-9.263094884642553950e+01
-6.292056309793183999e+01
7.055773029734363888e+01
-6.065728961688608223e+01
7.285651433540252242e+01
4.918969417954883738e+00
-9.161312601462829264e+01
-5.970345771811098956e+01
-6.190483190075615738e+01
-6.189263290215090052e+01
-1.733505235578951442e+02
-6.623971650067406358e+01
4.422757980374487374e+01
-5.263285633325891411e+01
-2.096165736437133731e+01
-4.476615664415086115e+01
-3.671224745661097444e+01
-4.856800583642117886e+01
-7.083194250216848786e+01
-8.061350107663014342e+01
-3.041095246016081433e+01
-5.605986578869696757e+01
-1.459610463230608346e+01
-2.217133418440489123e+01
-4.750459612985537206e+00
-2.159387615457485765e+01
-1.318519126024453758e+00
-9.104061535628150637e+01
4.910519712980542018e+00
-3.511859788113953584e+01
2.031752434657051865e+01
-8.095325041445896375e+00
-6.497922392097437694e+01
-4.075697515332668530e+01
-4.205366084664680670e+01
-6.675447044856487366e+01
-1.215885382456757924e+01
-1.689411372398443945e+01
-2.661746161436132141e+01
-1.655126123573432153e+02
-1.777213476954680118e+02
-1.045975918164739511e+02
-7.618971665618131794e+01
-1.910272780265157166e+01
-3.446054306961713110e+01
1.509139952845186272e+01
-1.255509644167262593e+02
-9.017922891568025534e+01
1.169283632012797511e+02
-4.445768140712547734e+01
-1.713171912415200495e+02
-6.452491951374437917e+01
-6.360100276782794992e+01
-2.655585899856752263e+01
-1.662237216243512421e+02
-2.246402537749267196e+02
-2.321869291196204088e+01
-7.610728098396734254e+01
-3.146883637627019681e+01
-5.453413557434696202e+01
-1.121426848272703580e+02
1.032428322039935864e+02
-3.564413203795513141e+01
-1.413340532450538092e+02
-1.048638221493000344e+02
1.410833115279194594e+01
-5.052211410962780747e+01
-2.835348860761075684e+01
1.899133718398904591e+01
-3.539930865695797024e+01
-5.308059435701450468e+01
-2.426732921021432787e+01
7.390591770301212193e+01
3.862616523581419159e+01
-1.175864414824221029e+02
-6.276021574812686765e+01
-8.918543075020049571e+01
-1.491236792951521579e+02
-1.620749420238265657e+02
-7.496845996579583016e+01
1.523465260329441762e+01
4.258528350217144265e+01
-3.173930540911717202e+01
-1.773231462769603013e+02
-9.168719923907602265e+01
-7.708937727791374073e+01
7.694423217074820798e+01
1.984451514672943517e+02
6.444149034864985026e+01
-1.518612790883866808e+02
-1.350775409662827258e+02
-1.000344611892468549e+01
-1.209001082921197963e+02
-1.145500401417882301e+02
-5.071432884964200127e+01
-1.142707194333332978e+02
-1.277442408352683856e+00
7.484623431972410401e+01
-1.089719152800995801e+02
-8.325939604828695906e+01
-1.739579417210835572e+02
-9.587166612339214566e+01
-9.366965770048743423e+01
-1.392863189075981722e+02
-1.786038334770578331e+02
-1.867055058259912812e+02
-1.538131334141524746e+02
-1.317273937938985000e+02
-1.327381946519998905e+02
-9.705756628443104717e+01
-1.059248799901619833e+02
-2.337488056983582396e+01
-7.766640443505397684e+01
-4.270236976503094439e+01
-1.024222130333731684e+01
-4.016472077839362242e+01
1.370519283399667643e+02
-7.596360327764674025e+01
-5.510546727143636758e+01
1.956242257259525275e+01
-8.127568031839861362e+01
1.019523584425999161e+02
9.759052165346423635e+01
1.532934222687435408e+02
-6.610340506322451404e+01
1.393121560675128023e+02
1.039745640184246440e+02
-6.549460552226140919e+01
1.607138386450351675e+02
-4.192461282396433120e+01
9.992618437039257628e+01
1.916684352753755434e+02
-7.936513894005878456e+01
-6.739490976809948108e+01
8.882055326361334835e+01
9.019480815403102980e+00
-8.734353723392342772e+01
1.400611841931978176e+02
-8.825446278284252344e+01
-9.471475239758703424e+01
-1.013698826272294298e+02
-8.928877306834652927e+01
-1.080330906661741182e+02
-1.144196867365173915e+02
-1.032408679282763160e+02
-1.279610458079068849e+02
-1.228834016613741653e+02
-4.335648175250507848e+02
-1.688309529616404916e+02
1.123561488957031429e+01
1.486375293224956806e+01
-2.592473343740731480e+02
-2.576684158115315881e+02
-1.890956381843112126e+02
6.703413303578938098e+01
-3.505907213487815000e+01
-1.003564981147638662e+02
-9.284546184628020171e+01
-5.977769162053790808e+01
8.258883366305958873e+01
-5.469485887693034698e+01
-7.789569512490497516e+01
9.568334268084271343e+00
-3.202574414538560177e+01
-3.329032228711714936e+01
-6.282327937386418881e+01
-4.277135358090489348e+01
-9.587200756849215111e+01
1.539645486011613684e+02
-1.346192053602553358e+02
-1.123886282319362664e+02
-1.567987162091853293e+02
-1.976272726942501095e+02
-8.449020523791678272e+01
-7.449704962155220755e+01
-6.869074807559599094e+01
-5.719316111215888299e+01
-4.638275228105386816e+01
-7.112880474848265067e+01
-4.971436941296595080e+01
-7.752722295082766379e+01
-7.590167913269290523e+01
-2.374766853552607770e+01
-7.314934487575496291e+01
-1.247735656711314078e+02
-5.554179955911515520e+01
-6.635333482068844546e+01
-1.235987555191004645e+02
-9.178928946319116733e+01
-1.712330458208401396e+01
-9.579255584985259020e+01
-8.103362119903597716e+01
-1.567966813845019374e+02
-1.236685401407158622e+02
-1.079840658149137482e+02
-4.306222430833356185e+01
-1.034412474031291111e+02
-3.764325721302230932e+01
-8.035627071971941859e+01
-4.075794558963145420e+01
-4.869087661571428072e+01
-2.989488063694458297e+00
-5.103214556539926150e+01
-2.183543944964005235e+01
-3.716262209407224759e+01
-4.828244741587165123e+01
-6.703087987328351005e+01
-1.063206417910276080e+01
-2.550548741189432889e+01
-2.694742271480332008e+01
-2.504378990537418304e+01
-3.038353688067273239e+01
-3.347772322693548119e+01
-3.249037480441374015e+01
-3.865056125213640570e+01
-2.448175231695359741e+02
-4.014203649047961875e+01
-7.917226548464738300e+01
-1.487585515097551614e+01
-1.909654020322061285e+01
-1.089670706258687005e+02
-2.049783373612330877e+02
-3.303884286066175378e+02
-1.093430518092575170e+02
-5.138831011710644958e+01
-1.109825247879112595e+02
-8.815560892847940977e+01
-5.405236954648122349e+01
-7.616820110414056444e+01
-9.530741569462270490e+01
-8.111849017132496442e+01
-5.030730286692826780e+01
-6.453797263293795083e+01
-4.691227090004032263e+00
-1.303602840879777958e+01
-4.561479724907302113e+01
-7.977764265136357835e+01
-2.416859341856564214e+01
-5.020769674149766715e+00
-6.511018971739640904e+01
-6.953491942024247408e+01
-3.584069500821800425e+00
-5.690877429880740124e+01
1.233450383258321210e+02
-5.048800916867465460e+00
-8.900894352270202603e+01
-9.141335867413806682e+01
-3.550479166477674653e+01
-3.904078000893333211e+01
-3.950508706984788887e+01
-5.889939147632222927e+01
2.151127965618893523e+00
-5.755360589924232784e+01
-7.909126732937210136e+01
-2.402850529010250469e+01
-2.542727720210455900e+01
-5.254416161029167398e+01
-3.258803210855441534e+01
3.730475027386617626e+00
-1.141144272967493301e+01
2.840814529777772179e+01
-6.624945657807552379e+01
-5.861663901677545141e+01
-4.328087905089158482e+01
2.575466464225456775e+01
1.096241675771162960e+02
9.539218565478646994e+00
-1.128105526612013243e+01
-3.033101842819215577e+01
1.022109198287667766e+02
2.576059033249853414e+01
-1.615307786750573182e+00
1.597050360109058715e+02
2.616184084783854047e+01
5.428221961389373718e+01
-2.042057571299468677e+01
1.291941326724551118e+02
-9.374710426598588242e+01
2.370660926425594539e+01
1.467182740722539336e+01
-2.672035918651565680e+02
-6.112328807850839496e+01
-6.875879246372028319e+01
1.045381471187088351e+02
1.708341217823181921e+02
-5.667929029215360970e+01
-1.842200939361802625e+02
-1.012029133885512522e+02
-4.001632597544047343e+01
-4.616938598942576988e+01
-4.865941406114679779e+01
-1.553208985232828923e+02
-7.433363397542673567e+01
9.750851276136681633e+01
-9.539973264859300173e+01
-2.084345876319799515e+02
-1.948597253981043664e+01
-1.303811563284812678e+02
-1.822779549567889887e+02
-1.208607398833242996e+02
-6.279458586471709225e+01
3.391987588068091952e+01
-1.739245907541730674e+02
8.684722928987645219e+01
-7.903192152075627064e+01
1.806975822312713831e+02
-1.069986422453069252e+02
9.777311866526679296e+01
6.714373292116127345e+01
3.725100142005791781e+01
1.727370410078434304e+01
1.325353162373922373e+02
1.156297062912728393e+02
-1.513560715393039686e+02
1.000557010955066204e+02
1.034263324364051471e+02
-1.233607659245742809e+02
1.193601873552768353e+02
1.437544368621383626e+02
1.426070218233437572e+02
1.361842786378762185e+02
1.266940553678427790e+02
6.501302585748761942e+01
1.507632257940124418e+02
1.264836644291975745e+02
1.462088102921140944e+02
1.060914650067280292e+02
1.157875057577853966e+02
1.003335382097119037e+02
1.117692039084685547e+02
1.021526406687657840e+02
1.561301068240083794e+02
-1.976000564132854436e+02
-2.268281457859170871e+02
-3.033145660774565613e+02
-2.695864683246688855e+02
-2.240000822310724402e+02
-2.357685589563033943e+02
-1.646910078210661084e+02
-1.449912906235961714e+02
-4.376329727118559276e+00
9.643869123951284905e+01
6.992503809849397101e+01
9.497454661294571565e+01
1.118927503053388648e+02
-7.980340199468005835e+01
1.559944895044209261e+02
1.156852638847073678e+02
3.943517401365949127e+01
4.818546401601221874e+01
8.095743330200463106e+00
-4.838000244537109040e+01
1.398426041356113956e+02
1.308639478685575739e+02
2.050554431657499777e+01
-1.232740976843234648e+02
-1.085910967319146323e+02
9.591383192307692696e+01
1.346264694045651140e+02
5.143461049977409516e+01
1.923354696143590559e+00
1.413891773865543939e+02
1.700234169157715769e+01
1.118278741495089434e+02
-8.218088403928902608e+00
9.053656373083234143e+01
9.679531347679707665e+01
8.597768869909452860e+01
-2.921424487192930428e+02
-1.803523507514867106e+02
-7.579190213248897123e+01
9.985671445737430929e+01
-6.528921547121247215e+01
4.076086038118270949e+01
-7.822619051309415283e+01
-6.699966433686091705e+01
-3.755034771567606811e+01
1.275586150075387195e+02
6.966766894664448273e+01
-5.222162263175702890e+01
-1.339569397993608391e+01
-6.903686310953975180e+01
-3.960344012642571698e+01
-2.906941464379742968e+01
-1.058951838368432874e+02
-9.087566360638483332e+01
-2.072932266000587447e+02
-1.176636326046082246e+02
1.176698415691405870e+02
1.254336777228725168e+02
-2.620241208620893758e+02
-3.112993015996931945e+01
-6.798849304442833841e+01
1.057934095907439911e+02
-7.106486471224735979e+00
3.015895345875130218e+01
-9.327115799510453087e+01
1.625084004874131836e+02
-4.228963582642602148e+01
-1.833794501495416185e+01
4.402953123717736617e+01
-4.669531259825675562e+01
2.405929514123202395e+01
-4.840244346187088098e+01
-6.375537710037496453e+01
-4.247949764872240763e+01
-2.556166857460854303e+01
-7.012040127356638664e+01
-6.865943091589119263e+01
-7.214955451295635669e+01
-4.491685109980827662e+01
-4.352377746339220153e+02
-2.479842340493559618e+02
-4.389120920381873248e+01
-8.880320882377422720e+01
-8.235378670255551370e+00
-5.265950692198017435e+01
5.928243170383704097e+01
-7.457298860792191419e+01
8.664986184762051380e+01
-4.307951797648632919e+01
6.067598243403405434e+01
8.414861808404545229e+01
-2.618814408447366660e+01
1.063600789756774248e+02
1.508377274675351600e+02
-8.949956793834425639e+01
9.446466682501934997e+01
-5.500103806495602043e+00
4.473599625915366573e+01
1.547603302935767147e+02
4.451890092074194172e+01
-6.266060694899761785e+01
2.364566074001450602e+01
1.889423183655401601e+02
-1.836149809867325899e+01
3.686231757114327934e+01
8.831679816638930447e+01
7.878483208172740149e+01
1.413366955328859831e+02
-1.840924349657630614e+02
-7.004121202806233271e+01
-2.417254004945367853e+02
5.743900987775055711e+01
-1.418905529194789210e+02
6.453445411428617717e+01
1.993636076111028501e+02
-1.762665437463174669e+02
-1.043142568445546203e+01
-8.833238234065868255e+01
9.496218469408448470e+01
1.754675157757298507e+02
-9.064824345946183826e+01
-5.972448449061599263e+01
1.855743992516543130e+02
9.938751253701396138e+01
-1.298247313541378105e+02
7.086452328855658322e+01
-3.472321897226551073e+02
-2.118701648246325817e+02
-1.993320462205733747e+02
-1.567679684739724735e+02
-1.842620081551173996e+02
-1.922329251568253881e+02
-2.379909413257728943e+02
-2.481871199253430689e+02
-2.009625721339676829e+02
-2.135967011295676912e+02
-2.614265428699740141e+02
-2.043596581149718361e+02
-1.773343215739307652e+02
-1.539728415493024727e+02
-1.612105839665946121e+02
-1.276748945886772901e+02
-1.057277911630086038e+02
-1.716800414755455790e+02
-1.637119651842068606e+02
-2.856192078965167624e+01
9.075735052024000993e+01
1.209707563498216416e+02
2.555595189777151859e+02
2.467260378130884817e+02
-7.011422609726825783e+01
-2.296592001061293331e+02
-1.657472664505215221e+02
-1.205078864909537941e+02
-1.087116392406480827e+02
9.332711023719255650e+01
-1.161209613288914255e+02
2.172717131281957847e+01
-2.098351922775024150e+02
-1.206194923220442377e+02
2.103571493977072748e+01
1.427001997702929259e+01
1.479269054565955912e+02
-3.972361025302616611e+01
2.759788207207527648e+02
1.122294682905416465e+02
-2.211456315461627753e+02
-1.689052528234039698e+02
1.174130495448817300e+02
1.144304583547896783e+02
-1.420555887901406322e+01
1.312713811411763345e+02
5.611033671614881513e+01
1.426424567671420220e+02
-3.334794572501638754e+01
-4.762645829419419385e+01
-1.092970919285031925e+02
-1.920194085868201626e+02
-1.805942462185176964e+02
-2.529277837475347042e+02
-2.080990364629879252e+01
-2.202358668666382755e+02
-1.433161691180121693e+02
-1.181313657237948433e+02
3.130311482938406442e+01
2.640321101687514371e+01
4.393139693156327574e+00
2.295680561086885803e+02
2.531330360437148386e+02
-5.598316286888655213e+01
3.915852618421603637e+01
-6.045873633644191614e+01
-1.402399570217691007e+02
4.505898981375329981e+01
2.491634765331233581e+01
-4.461103987496227319e+01
-1.190169168087648615e+02
-6.883815724378720802e+01
-5.838850399374431532e+01
1.348556892101531446e+01
-1.736579584286693034e+02
-2.899899787444875798e+01
1.093455688060568178e+02
1.076712331902663777e+01
1.300060129404048155e+02
-9.469993216739050013e+01
-9.337503925555749618e+01
-1.012298731968828633e+02
7.402715024429070922e+01
-9.429320810169606659e+01
1.891890617675109070e+02
-4.679301210186796567e+01
6.901447923179054555e+01
-8.774794891683262676e+01
1.382644452451059749e+02
-1.094923025736822382e+02
-6.330500096053208381e+01
1.587626903125197373e+02
1.564862980318630434e+02
1.717036991695607924e+02
-1.124919987973283781e+02
2.753280515877250991e+02
1.322662796576311450e+02
-7.889748525532469614e+01
1.340497553763166820e+02
1.222579768017011475e+02
2.060537485755951082e+02
-5.114539174844642133e+01
1.997096190025119142e+02
1.818667118074425844e+02
2.181362409744957631e+02
2.532117291287521539e+02
-1.331291878695083710e+02
-6.952152142400868229e+01
-2.198388096769591584e+02
7.259594948754156007e+00
-2.741933665410552408e+02
1.017489924889023172e+02
1.340434851387579442e+02
-8.379101674180029136e+01
9.445544894273240288e+01
-7.692322822721008890e+01
-8.220926166021577330e+01
-1.272830182666768053e+02
-7.425771146402846057e+01
-9.618530010284445098e+01
-6.024699009889115331e+01
-8.656287510988265410e+01
-6.806552073628218125e+01
-1.021046784126855584e+02
-7.038552396092352126e+01
2.316320851928421405e+02
-5.337091224276322521e+01
-2.516227285381309287e+01
9.419687379091456592e+00
-6.048685434693381779e+01
-1.067506052564666987e+02
-6.968323949797721184e+01
1.646430919799288120e+02
2.633133478785644002e+02
1.062518046414714519e+02
1.392367998223421637e+02
1.660278797575433032e+02
1.452362372709078215e+02
2.123411740664022318e+02
2.031479556273005187e+02
3.127432678694268020e+01
3.942771639788239213e+01
-8.458743152298424661e+00
2.887931912574587159e+02
-6.070387792834949892e+00
1.323562302719932404e+01
3.411877295321875181e+01
-5.670952991713377855e+00
2.227969670194653418e+00
2.800009460886649322e+02
4.967264855652615552e+01
2.633158361738038877e+01
9.720819283130536803e+01
2.363762248658960345e+02
1.685139782964100448e+02
2.171015540425279937e+02
1.403865527936750368e+02
-2.702030192536514051e+02
2.267169521494033120e+02
-2.044181083351777488e+02
9.450167720607991839e+01
1.459611585195282828e+02
-3.130883882020316378e+01
9.875403193379621314e+01
1.991851965316800772e+02
-2.674261664070036204e+01
1.918054055660435040e+02
1.400581653147023076e+02
9.135663343275203374e+01
1.604190279343295060e+02
1.552376916789589814e+02
1.466829016284571310e+02
1.896471900551482008e+02
-7.373180988529892943e+01
-4.610342206160280654e+01
-2.163702490144238766e+01
-4.468263332226598550e+01
-3.404042990261191903e+01
-7.057364737884483930e+00
-6.542545652303249426e+01
-6.431824877590787537e+01
-3.854262206253008571e+01
-4.650590238797744291e+01
-3.210399177122141623e+00
-1.908415632888520008e+01
1.602027504809736627e+02
-6.621407102819730994e+00
2.017015604686142751e+02
2.185376490528478826e+02
2.372145188987117876e+02
-4.556729613683179991e+01
-3.127598113705342939e+02
-8.113127513468396046e+01
1.661568653279759076e+02
-2.119236835452342405e+01
-5.902737657431133300e+01
-1.120823198523107322e+01
-2.342001483747115458e+02
-3.996000441740004590e+02
-2.722400894841140371e+02
1.816834829251590691e+02
-1.111802170448385141e+01
-1.141135236729459450e+02
-6.883018744446042092e+01
-3.519236041604124665e+01
1.708564208563117859e+01
-6.498487546266630943e+01
-7.104152176351159653e+01
5.253971770392649177e+00
2.415928727282368982e+01
7.347759128938631079e+01
-2.997192005447314500e+01
2.343538233739640475e+01
1.633375235256654889e+01
-3.075691005516867449e+01
-2.337343271571950254e+01
-1.691065832863979779e+01
-2.683175867725765329e+02
-1.815894230827442613e+01
-9.090248035229308243e+00
-8.945543223733389482e+01
-1.008102795537769083e+02
-8.452198752904274670e+01
-1.963745147370456152e+02
5.357230295964365396e+00
-1.059985747640162401e+02
-5.403371249147655675e+01
-9.087196141164157837e+01
-7.649620630827473633e+01
-4.979376789326979491e+01
-6.968403181631083498e+01
-5.489972193919195576e+01
-1.289718147277301910e+02
-2.781353810601746801e+01
2.709183897857926482e+01
3.496210873958778365e+01
5.863827293300109034e+01
-2.182681589620862894e+01
-1.489817596471457364e+02
-1.724145310060561087e+02
-1.200567469825284945e+02
-2.267231609854763974e+01
1.967518357316329158e+01
-2.539228417719452935e+01
-1.111652247735901788e+01
-1.513621443113813925e+01
8.749709183476788610e+00
-2.040469135513761856e+01
2.829905479155570003e+00
-2.497722804069067593e+01
1.264106202143720914e+01
2.515198860283077664e+01
-3.126736770448146530e+01
-2.588978819009006926e+01
-2.760111061348515022e+02
-2.108466058317603711e+02
-3.436586744401748916e+01
3.897107898689417738e+01
-1.018246989703283312e+01
-1.787216307719319630e+01
-5.712696784582709242e-01
2.246266691973430341e+01
5.510620140809260548e+00
-6.279575583945351269e+01
-2.895309164281496095e+01
-1.589785128013883408e+01
1.463312963479863527e+01
2.170324699750836750e+00
-5.998292104349690135e+01
-1.621126091224569876e+01
-2.221919870921527433e+02
-2.315919649740205273e+02
-6.011889228942729346e+01
1.410608517118193239e+00
3.252384184610041640e+00
-2.506060145128894945e+01
-3.414441405523410822e+01
-1.831857539068134955e+01
-2.763788670841100270e+01
-2.463760950615313305e+01
-1.957946611680013120e+02
-8.225046035273776113e+01
-9.763579407776079222e+01
-1.927251826325519346e+02
-1.681767878851580349e+02
-1.536045528180924293e+02
-1.344197989086123926e+02
-1.737030687414912222e+01
-3.396741510612954151e+00
6.207573458844692027e+01
-3.955900815071402121e+00
2.342295607720340911e+01
1.677762445113939549e+01
-3.988050422444301546e+01
-7.902119568312774334e+01
3.144377290779510759e+01
1.114036568378466541e+00
-2.808973345505245334e+01
-5.412987271343041584e+01
-4.325425402343304881e+01
-6.563703363636641086e+01
-2.085192580686137376e+01
2.994280765259031796e+01
-9.885269397240875833e+00
3.845175684624928181e+01
1.730907984249530784e+01
3.078273138805496956e+01
-5.153929370088033579e+01
-1.864649508935266908e+01
-8.202599246548666656e+01
1.563313266482830421e+01
-2.030041672029818187e+02
1.250865569419057088e+01
-6.478478573817258557e+00
-7.792368380113023818e+01
-5.190299026815578287e+01
-5.387763373415239698e+01
-4.912750343520237095e+01
-2.683814921833459621e+01
-4.787065184454893796e+01
-1.020374550662957169e+01
-2.368300797158169075e+02
-1.691759077612493343e+02
-1.666936890441734533e+02
-6.223516645538589387e+01
-7.903908367602805640e+01
-3.648815686275212755e+01
-2.781939480856724458e+02
-8.460345343229870707e+01
-9.841508306758358060e+01
-1.561005947196618706e+02
-1.799315308814330194e+02
-1.408838444084071284e+02
-2.803797769579891792e+02
-6.784919710772166468e+01
-1.186932031126811182e+02
-1.219267100604143081e+02
-8.792843900871184815e+01
-8.257739236696021123e+01
-1.137693975643823592e+02
-9.754028026737810819e+01
-1.509512646263862052e+02
-1.335735754931150154e+02
-1.003185128751711233e+02
-1.102713300436489590e+02
-1.019244823296036060e+02
-6.200060251516761411e+01
-5.687591238715860698e+01
-8.452555303173522816e+01
-3.478389945337364964e+01
3.176290530839125381e+00
-1.284267059057074221e+02
-2.140408706389018789e+02
-2.380635682196040079e+02
-3.748498119390724082e-01
1.165273138989686608e+01
-4.858096602302256883e+01
-2.543717918715237374e+03
-4.590007400875937549e+01
-2.716478989815941532e+02
-5.108109363874871178e+01
-9.731490293736122510e-02
-2.242522279644142813e+01
-4.510667401161707346e+01
-4.901640991383593615e+01
-1.019575035580450475e+02
-1.385170863943750419e+02
-8.131044033199509613e+01
-4.194176093785367954e+01
-9.039567191175266192e-01
-2.843035911375655544e+01
-1.546036472463279843e+01
-7.152095055761549247e+01
-4.382497125727033449e+01
-4.989420162441043516e+01
-1.751703126223910942e+02
-1.119196002779659551e+02
1.138425752277372194e+00
-7.534661301772288766e+01
-3.241862625757033811e+01
-1.926832803136468328e+02
-2.502128945111023768e+02
-2.221467005228211633e+01
-2.373952158759524025e+02
-5.592600846025289485e+01
-3.475156193190924796e+02
-2.397916927454467384e+02
-4.113235122588219639e+01
-9.166604407398385490e+01
-2.673571811781695260e+02
-4.573928658576117101e+01
-1.474359957427949723e+02
-1.132164087029015462e+02
-1.737234940596664785e+02
-1.317634691232248372e+02
-1.594926924045925887e+02
-9.368499624680373472e+01
-9.587878499393481491e+01
-1.116855233924054431e+02
-1.944303128430395304e+02
-1.878270915912531507e+02
-6.186981317004415359e+01
-9.590163649118974831e+01
-1.760962958938436600e+02
-3.343300835847978192e+01
-1.215001728517273172e+01
-1.666820311071712624e+01
-1.013044156464821555e+02
-3.232006990472740426e+01
-1.627995349885697252e+01
1.295090288652678545e+01
-2.943019730032833436e+01
5.579174684839324883e+00
1.349038338029643569e+01
1.250776110513140083e+02
1.376187893000698921e+02
-1.112504693553873238e+02
1.584487040771367674e+02
-9.974180404158889246e+01
-8.479124250918823691e+01
-9.582812531434592529e+01
-5.640046526363391877e+01
-8.439914450106527966e+01
-7.698016057473650164e+01
-5.578388708987184685e+01
-1.834795386925007676e+02
-6.086916409808048201e+01
-3.009224925021730996e+02
-2.113001960688832810e+02
-3.382412985093364455e+01
-1.645546294918989076e+02
-1.106869995720262381e+02
-1.088316908309380153e+02
-3.243249701139664865e+01
-7.984743980202358671e+01
-2.777339723966324527e+02
-3.064436209010535208e+02
-2.663795877878335006e+01
-1.334174471072941159e+01
-1.133008804313710982e+01
-2.723727839602881886e+02
-9.380640384984819491e+01
-4.521972805025720277e+01
-2.069865293484568269e+02
-5.217506534541452368e+01
-6.089188513628082688e+01
-2.453375627957710776e+02
-2.637560756738341183e+02
-5.841324048052538132e+01
-8.737099578290596469e+01
-3.908019098089921783e+01
-2.181159182075393943e+01
-6.711943076771869698e+01
-2.142751750079463591e+02
-1.330709669780046625e+02
-1.125568425433172415e+01
-1.141981298020499125e+01
-1.252558845845368012e+02
-7.138220427869174500e+01
-3.074207636384212705e+01
-6.615733245170295618e+01
-3.916225158939034401e+01
-8.436554839434752751e+01
-3.781407631346431231e+01
2.096068249113130832e+02
-1.565708937196772581e+02
-7.702975487235296725e+01
-4.665696989286455221e+01
-9.564511986654260056e+01
-2.902806048068900964e+02
-1.853137478273885677e+02
-2.945420519517521143e+02
-2.599289578622830277e+02
-2.480141993144091828e+02
-1.980412805183016758e+02
-1.779769701429199245e+02
-8.195151284575693751e+01
-7.478230245812778776e+01
-1.988850967496032354e+02
-1.873904101058102469e+02
-1.243606445762569024e+02
-3.802180599136225680e+01
-3.025206792372247264e+02
-7.746954356821319720e+01
-2.555651557358611115e+01
-4.048662187112012845e+01
-2.006827659956583432e+01
4.821714652107174004e+01
1.603092253948778634e+00
2.677408777435541651e+02
4.670851341715113847e+01
2.614900664464511237e+02
2.264163362022015917e+02
1.192769499705813132e+02
2.637119662335837234e+02
8.220217132556555839e+00
2.792559549830147034e+02
3.596787137107185117e+00
1.032394784311647129e+01
-4.819747502589205368e+01
-8.405901398538775027e+01
-6.683275391183009617e+01
2.087440778925187601e+01
2.380736655053482878e+02
2.135578977657134487e+02
1.447669355337308730e+02
-8.151907592069755992e+01
-9.195259106730543408e+01
-2.746758359868156418e+01
2.154260074757832228e+02
4.826674784941147323e+00
2.749735289486420697e+02
2.324184234569968055e+02
-2.128289262010895300e+00
1.591572443104848560e+02
4.796351786364553504e+00
2.498239204743845221e+02
1.429639396291045443e+02
2.123427802829274924e+02
1.170687490880224289e+02
2.628095295550654100e+02
1.283227728941957935e+02
4.445544088537182859e+01
2.713238643809553423e+02
1.146210764535981923e+02
-1.953805669304549042e+01
2.185790122925701553e+02
1.335294061116757973e+02
2.311178952835498990e+02
2.046629481735766092e+02
2.290803440679406435e+02
2.214781791651336675e+02
-9.931787454158273931e+01
1.903396585180802276e+02
2.354812115085413780e+02
1.166385825087427008e+02
8.487406128876196476e+01
1.107883007221195300e+02
2.256583554713164972e+02
-4.126551160022271603e+01
2.767227612175952345e+02
2.177498500688167127e+01
-2.409580015409252596e+01
-7.151103066398084351e+00
-2.126933250840251688e+01
1.399090508760118041e+02
2.485103658734290377e+01
1.859081294722371354e+02
-2.060879557686862817e+00
2.530566052949095308e+02
3.989263343419788299e+01
4.873306573231758421e+00
2.401440786129690252e+01
2.041603237766403254e+02
5.714749918281674468e+01
2.473333792987017432e+02
1.975089312125728895e+02
8.322283217187079174e+01
4.764518985906465787e+01
7.519702130220257175e+01
-5.128507038319060030e+02
2.429727946967538514e+02
2.361601089793366270e+02
2.177333863767905768e+02
2.021822479750246657e+02
-2.368917432044949862e+02
6.145515673514384503e+01
-2.006997791921966368e+01
4.801197978110272402e+01
8.067380118820054236e+00
-1.051873452509577191e+02
-7.192405969943303035e+01
9.544582591102310687e+01
1.805284650819717740e+02
2.472377542503797372e+02
2.164826863496740259e+02
1.020332678045275117e+02
2.063031284819506368e+02
1.578417803865080060e+01
-5.532059592219366806e+01
-4.623797577513328427e+00
1.625176631048988440e+01
-2.089003545318138322e+02
-2.160072594189915094e+02
-2.918002227900881280e+02
-2.498034144642229535e+02
-1.377115447262139298e+02
-2.546949714335360682e+01
-1.030604065001516290e+02
1.563362604429376290e+01
3.219288851444983379e+01
1.233619049442481810e+02
-2.100702550389094725e+01
2.017585420029275056e+01
-9.099837657556453507e+01
-8.128978338026820438e+01
-1.787881441253852586e+02
-1.875375373268929309e+02
-1.169016093202405102e+02
-1.918080617374444046e+02
-1.936787669340520779e+02
-1.186078914972644895e+02
-1.409788092868093372e+02
-3.240216251495102995e+01
-5.167827029990433374e+01
-5.716676573081441504e+00
-3.234387133461670061e+01
-5.583264596947919500e+01
-3.620751992617821458e+01
-4.745467677471842904e+01
-7.009319492329385071e+01
-5.867362160451120445e+01
-1.242505850560804816e+02
-7.307750303952236948e+01
-1.596075712614058943e+02
1.988178716504423278e+02
2.243964871093775741e+02
2.011849662879166942e+02
1.018904464304820578e+01
1.761690454636630534e+02
-8.622974039392414625e+01
2.572162529675716769e+01
-1.267024831937248663e+01
-3.143036693535468373e+01
2.098074504955381485e+02
-6.539341217325649325e+00
5.798812982968172491e+00
-3.378863801387197441e+01
8.642055102781908360e+00
-4.570403529928345421e+00
2.211777015828266997e+02
-2.108864117242745806e+00
9.105745215653604419e+01
1.484616170549267054e+02
2.460388324529130841e+02
1.992031198791978568e+02
-2.861259936878085242e+01
2.190387440912455759e+02
1.974085951757164139e+02
1.075307901097631031e+02
1.344839498560494633e+02
5.527224845153319421e+01
9.671738023681248819e+01
1.832685808525040443e+02
-9.158787379880449775e-01
-1.179922916992226618e+02
1.188664766705789475e+02
2.094632029172763055e+02
4.754334632592141929e+01
2.362360595075065817e+02
6.976155504550561659e+00
2.298123891857258982e+01
2.147856754442470901e+02
-4.338894175997701552e+00
2.445864724334983009e+02
1.939603845240415012e+02
1.621869232144479724e+02
9.599053728298552191e-01
1.473904487384979234e+02
1.039267178664294988e+02
-1.997659914754959942e+01
-4.018579943070918148e+01
4.268395325523921535e-01
-1.522957737590006744e+00
-4.754588651439400593e+01
-6.397291869489759364e+00
-6.363617915571075656e+01
-5.490155485751903797e+01
-4.202272393759665903e+01
-2.637899901347694822e+02
-3.624567629726200835e+02
-9.499393829876673863e+02
-6.087448746545896938e+02
-5.739358778467135380e+02
-8.488828922746374417e+01
-3.431777489454689203e+02
-9.081893259873513102e+01
-7.537881870770643644e+00
1.233844587447799057e+01
-8.432749737366255260e+01
7.006139292454405698e+00
-8.956004546950538270e+01
-2.606333155299302362e+01
-2.432304170590194303e+01
-2.437728849469632308e+01
-5.500920450765469383e+01
-1.372496189393359600e+02
-8.979461419432435321e+01
1.569572730143889316e+02
4.473147585802067283e+01
-5.589644353475106442e+01
-7.338996287126056473e+01
-2.740775292977230748e+01
-1.228481775785001773e+01
-1.165768776706558540e+01
-5.495490184384764376e+01
-2.112327437171294520e+01
-2.829899127316380003e+01
-8.023109580528188900e+00
-5.777032572230639573e+01
-2.240459950738052441e+01
-6.243046036992328851e+01
-3.052074295673001103e+01
-4.594821487912430058e+01
-7.011047761347299456e+01
-9.045452373139787028e+01
-7.561159830451983055e+01
-4.953388676548040337e+01
-1.501361376132367909e+01
-4.455836868085751235e+01
-1.186588404765888427e+01
1.459401607001705372e+02
-1.931904760315548515e+02
-5.035165658426645052e+01
-2.730007910634384416e+02
2.736311598140439401e+02
3.206119622135602754e+01
2.069623743189352467e+02
2.160203721709739568e+02
-1.769484669966662977e+02
8.330442373896258346e+01
-6.282459171139987575e+02
-4.577161375759569069e+02
-5.885123705583082483e+02
-6.113086275865664447e+02
-6.298317012527807037e+02
-4.163176671767752737e+02
-3.899326309980312999e+02
-2.404115125318071478e+01
-2.220257996345206664e+01
1.969947556548478929e+01
-9.845606986975496966e-01
-7.039563749797451919e+00
-1.892158667730888055e+01
-1.961349927268200588e+01
-5.794186131626989322e+01
2.907318982112843742e+01
-1.091398963073402228e-01
2.634271333951843985e+01
2.145824907071626626e+02
-6.703726174328673437e+01
1.912699613434847095e+02
1.268987719873870645e+02
-2.036273980994863564e+01
-5.423561059661445682e+01
-2.386960777806253731e+01
-1.084246590737580185e+01
-2.163866747780523880e+01
-2.580523662592720768e+01
-2.873350489424155541e+01
-6.109513291714606709e+01
-5.410890698247190045e+01
-2.176825788451418120e+01
-2.355511230703727676e+01
-4.782305679713164182e+01
-2.947771019940702431e+01
-6.588965396853680545e+01
-2.864033985377306379e+01
-2.769980205842545118e+01
-9.371425651258904566e+01
-7.267718649127583319e+01
2.717089022816311683e+01
-7.114259554056793000e+00
-2.827796588967117941e+02
1.044451525831585172e+02
1.353559411436710604e+02
-2.801490482142224181e+01
-1.260290104015259871e+01
2.161553238404458739e+02
-7.941421039234639068e+01
-1.960656926255684596e+02
-9.915914909807139566e+01
-2.104836433948159424e+02
-9.982696489359504710e+01
-1.386064909707161803e+02
1.611521906414357090e+02
1.036716469682136221e+02
1.806314002554426565e+02
-1.448619972866739261e+02
1.480724841990644336e+02
8.152130718533162224e+01
7.265999243262406537e+01
1.951220048573982808e+02
2.330320072854233331e+02
3.996091492868873729e+01
5.238794731108433211e+01
-8.841661725216161472e+01
-9.642950403374683788e+01
1.102924251442528885e+02
4.782886073195356857e+00
1.953444268218023581e+02
-9.676311289037354868e+01
-2.573977419791582122e+01
2.223009165748789542e+02
2.253566389077217025e+02
2.547755263961435048e+02
2.076799491863773710e+02
-1.160833891424459807e+00
-2.696625619654591333e+01
-8.343931849080624374e+01
6.121769555526071827e+00
1.619451376931579887e+02
1.456217667609513455e+02
-1.066626113319425428e+01
-9.213940814155081682e+01
2.315031433098465641e+01
2.074906075071627640e+02
1.673338672751792444e+02
2.136508413396698813e+01
-6.331313383758368474e+01
1.193333839612739098e+02
-2.068186086864967592e+02
-6.710424965352945037e+01
7.542369001677677431e+01
-1.439084640855203361e+02
-3.663027600499843572e+01
5.705510897566802697e+01
2.377715117071191742e+02
1.512814147181839814e+02
1.575585163206362438e+01
9.832817872453757957e+01
1.829478998140509702e+02
-6.194704194320191704e+00
-6.388845501002032279e+01
5.780846433760949310e+00
2.167953605071896561e+02
2.127411993610007244e+02
1.957986574103799171e+02
-4.418737722769353837e+01
3.110758666664969851e+01
2.378662973787589863e+02
2.124946757797255259e+02
2.227164292787097679e+02
2.363593452358516345e+02
-7.624463316114635347e+01
1.988777704302973461e+02
-7.578163113770983728e-01
1.351428309243836736e+02
1.282341023990696272e+01
-2.077891262284640561e+01
2.796899945551459155e+00
2.561039844501041784e+02
2.578448936393978101e+02
2.833998029933312068e+02
2.615124746857643458e+02
2.394161654543754310e+02
-2.537911471327299751e+01
1.281999230371149565e+02
1.820045765281325600e+01
2.916176840321406303e+02
3.095080938957540866e+02
2.117751321246211660e+02
1.317877872735675453e+02
1.923017344942178966e+02
4.526264360917374319e+01
4.051484883553406036e+01
9.871103812275288192e+01
1.389627007918996355e+02
2.021354028458334255e+02
1.103693215134721441e+02
3.139665310372453888e+01
3.791963630469427926e+01
1.866101273312354749e+02
-4.327809785331145775e+01
7.708145887120913642e+01
1.857021727698197537e+02
1.661573739176952245e+02
2.213173001919538478e+02
2.910030096428463935e+02
2.610494975556812278e+02
1.081895529323628296e+02
1.192584226798220755e+02
1.020014575272792996e+02
2.232070429683030000e+02
2.724636924455518283e+02
2.442342474659925244e+01
2.568280139404984652e+01
3.862956758018995629e+01
6.613477590257576821e+01
1.791698921871882533e+01
1.406476221706360832e+02
2.254462923134897210e+02
3.701512860160573837e+01
1.200810215193542518e+02
1.174142806436450996e+02
1.201255820655477748e+02
-5.411183219964772917e+01
1.456357290060956267e+00
1.166295882207144530e+02
1.167081994324362881e+00
2.184251405895164311e+01
-2.902102544940974127e+01
3.797203947240308963e+01
4.343460567090382796e+01
-3.079762258763270211e+01
-2.766391578916842775e+01
1.087597303415896555e+01
-2.439779603346915948e+01
1.823974210951015209e+02
-1.642937610099892254e+01
9.027085507761768213e+00
1.949717908137884592e+01
2.149481274179211141e+02
-9.530667429927234480e+00
-4.545001616349708229e+01
-1.845155868594038964e+02
1.751095439243796932e+02
2.263449956567022809e+02
2.203933504761182860e+02
-9.371766662398968606e+00
2.776240170404233254e+01
2.884153160183581122e+01
-5.983480564383569344e+01
2.036113783029143178e+02
-1.372594778131662565e+02
2.241797926484944981e+01
-1.172634379649808523e+01
-3.996591434457933190e+01
3.554624507727154992e+00
-6.147318924549264807e+01
-1.236435262303542544e+02
-2.440144634773214705e+01
-5.138020229530468441e+00
8.428392241504559479e+01
-2.232712815247984750e+01
4.524445651432887416e+01
-2.981034016588837332e+01
1.709258452484051531e+02
-3.763641602389709817e+01
-2.016816993980363737e+00
1.172884967842462487e+02
2.780165712709509762e+01
2.393120462525469634e+02
2.287692169356909915e+02
1.453427809440413228e+02
-7.228617793839963213e+01
-1.030283880607088633e+02
1.872287154881217646e+02
-5.999624511452554287e+01
1.314098973672498403e+02
1.285504184969637720e+01
1.630144089034322974e+02
1.606856433329917024e+02
2.124119797860694803e+01
1.438314187252694865e+02
1.608366315665971626e+02
-1.156961128161124464e+02
3.645903850536339519e+01
-1.133205081676808987e+02
1.472042616999498250e+02
2.451561218183622941e+02
-1.660449608896596203e+02
-1.607136532940260736e+02
2.653774665465773523e+02
-2.375486954627447744e+00
2.293533399533086197e+02
2.140492430801040769e+02
2.602641115455821819e+02
2.648159332896531168e+02
-5.041701146748079765e+01
1.082526375841578812e+02
2.658720143167041670e+02
-1.205354240365552698e+02
2.162311968321135112e+02
2.195439200153167292e+02
-1.664428169066645751e+02
-1.533733835111102053e+02
2.013855029812948487e+02
2.484939317716273592e+02
2.430790540966754634e+02
-2.352919666214175720e+01
-5.487487887228997607e+01
-5.544812688654310051e+01
1.003825077506766377e+02
2.196792025791467040e+02
-5.950351475174662141e+01
-3.674804464962516448e+01
-7.823179675272504596e+01
-2.041170617728430159e+01
-9.517448287688725372e+01
3.144453216872364010e+02
-6.432343542804393621e+01
2.867611851291582070e+02
-1.547737280630873045e+02
1.300619355495857405e+02
-7.960345877364801481e+01
2.090406144956961612e+02
1.734974575963752557e+02
-1.035767542938365580e+02
-3.482464708027291067e+01
-3.338648851236828108e+01
2.361044255220344610e+02
1.449204282865056648e+00
4.233609209476757229e+01
2.602477229848216211e+01
-9.794911267726162407e+01
1.193455885905127474e+02
8.958068552819426600e+00
-3.015123874668424264e+01
8.742117099691392923e+01
9.329167677726431407e+01
2.048698801692349605e+02
1.170852789355062527e+02
2.296996202029103813e+02
1.589847751952927126e+02
1.150545630292799189e+02
1.475270782247116017e+02
-1.538839462463111545e+02
-1.522669769261116812e+02
-1.703399358359254165e+02
1.472578748647097768e+02
-4.333720598080500253e+01
-9.070074173914315452e+01
1.580763464635558613e+01
-1.750517729294746516e+01
-1.144404562459525643e+01
-2.636322977772577758e+01
8.482743105600641798e+01
1.920708330120007474e+02
1.179561066719999047e+02
2.322432562275644443e+02
2.055107018641370757e+02
2.264197688022391048e+02
4.047938586130194949e+01
1.327560664093366540e+02
1.169429631424751648e+02
1.996196245309100448e+02
2.309621504232071345e+02
1.167414690345243677e+01
7.984005324617659660e+00
-1.674274743928592102e+02
-6.316640531644390677e+01
1.071156497318006160e+02
2.071855722735121788e+02
2.511530170555818984e+02
6.769041065929926049e+00
-1.667439135632089631e+01
2.549925062319994140e+02
1.269168568065925768e+02
2.820431011633454546e+02
1.295834202681104443e+02
2.266902148048165202e+02
-1.960638493213851064e+01
1.332562736073448217e+00
8.397857433676838923e+01
2.073911173644267478e+02
2.571726570986402294e+02
2.624396030008998082e+01
1.138379574508444136e+01
3.465232799877850312e+01
2.345876526947047864e+02
7.775845148124057005e+01
1.667853360731936334e+02
3.480942431710366236e+01
1.326309127866840925e+02
1.964473473888760395e+02
-1.732473533359788576e+02
-1.395445654747260562e+02
-1.596611393715444365e+02
-6.092432187566413582e+00
1.137439140005884184e+02
1.935558821113106660e+02
2.261908628897844551e+02
-7.367359631515982166e+00
-8.476125328566411099e+00
1.408758351711766466e+02
2.423472139646278549e+02
1.031396069720239836e+02
2.439506271910776150e+02
2.200394672201691151e+02
9.348662173492488137e+01
1.569536302437456357e+02
2.621771110659141186e+02
2.327992997703959759e+02
2.670177969170716779e+02
2.104650351233337915e+02
1.247992116849656554e+02
2.515159342395961914e+02
2.502985612614385786e+02
1.295323028778413175e+02
2.681093557709833703e+02
2.142500222539766810e+02
2.340287410634085177e+02
2.418728018424295385e+02
2.802911098595331509e+02
2.663472370876012292e+02
2.463656790217557671e+02
2.838609116755641821e+02
2.731033972574841187e+02
2.568952830528277786e+02
2.745589305122889527e+02
2.338783336391218768e+02
2.161589268290024961e+02
2.310089590451110837e+02
2.111276738294891118e+02
2.722873786745302596e+02
2.545756135670043534e+02
2.769732239953561930e+02
2.022090071350177709e+01
2.287578434033413544e+02
2.532540219017849097e+02
2.864622733106711507e+02
2.326956197865492868e+02
2.591683616471354981e+02
2.281247231477966011e+02
1.911087221543178316e+02
-6.127687778584562750e+01
-7.218063365336659842e+01
-1.859285001146020875e+02
8.304601240593478906e+01
-1.144127024885516448e+02
5.630038219174480218e+01
4.559292909651117043e+01
2.695357982913258184e+02
3.504174538732544875e+01
-1.517948162687545732e+01
4.578521384980180642e+01
2.254447801323745182e+02
-5.624257165059574959e+00
-1.837485595525862436e+00
8.508587441132760887e+00
-2.301739799785764262e+00
-6.584899321428807184e+00
2.556960462046750138e+02
1.995296138699131916e-02
1.042816523521383942e+01
2.378734777984486470e+01
-3.304857204704661910e+01
2.973992861168693480e+01
-1.172658212855580473e+01
5.687650280558628424e+01
-1.367663567875260355e+01
-5.265444364034876656e+01
-5.388687594206981402e+01
-1.143820388721525205e+01
-4.968979376450637631e+01
1.604759444481723563e+01
2.641249895005709050e+02
-1.123662846526153203e+01
-6.276487151436798229e+01
2.618484763550276284e+01
9.318095290723917401e+00
2.089399062135028373e+01
2.578421069557817873e+02
5.037612039057347602e+01
2.898000303997741867e+01
-1.019893450390668477e+01
-4.255823729497070929e+01
-5.088316811335602097e+00
-3.593900450099340560e+00
3.397930729872155098e+01
-2.130801594527214604e+01
3.908826644117351634e+01
-1.738326995884717974e+01
3.157670861823751807e+01
1.304731210918021134e+01
-4.163181561055021263e+01
3.485215380990436529e+01
6.321685570502410201e+00
2.343139619685265416e+02
1.377843659150195208e+02
-7.280173831063590342e+02
-5.170667587515126797e+02
-5.882633370276512323e+02
-5.783920239974656852e+02
-6.457685358430658198e+02
-6.520140051199417712e+02
-8.011435541827866018e+02
-2.559016114431817073e+02
-1.434665033068045545e+02
-4.683599374859515478e+02
-2.259853376290162998e+02
-3.162736349203691475e+02
-1.504458620712668733e+02
-3.626175682354443666e+02
-4.840956216398133733e+02
-4.164088141612162985e+02
-2.761396592645443206e+02
-2.878104460710137005e+02
-2.350023845439056629e+02
-3.968700672404177681e+02
-3.024355825302966423e+02
-2.182660061041756876e+02
-4.181215067300873898e+02
-1.031513202301331944e+02
-4.636230037329921316e+01
-1.001363101041652044e+02
-2.172771599465129810e+01
-1.757052681708812258e+01
-9.951590430889942240e+01
-1.085149921829061128e+02
-9.165064067866522635e+01
-3.347693848974020625e+01
-4.241644055889849341e+01
-8.528077107045714911e+01
-5.885471017776346514e+00
-2.908429265457981572e+01
1.300259380172249735e+02
2.156683069439414737e+02
2.202071747315256118e+02
2.192750160421607006e+02
-1.708729378098560048e+01
-3.901170656742864651e+01
1.229651280034909533e+01
7.048584926918137228e+01
5.597126570544488544e+01
-1.618454296759423414e+02
4.090562306093248424e+01
1.476033080952476553e+02
-1.442277689585097278e+02
3.955387506430129152e-01
-1.246281068529229827e+02
-1.277032618276895732e+02
2.479701552466828502e+02
2.309768102472048952e+02
1.320744409362545468e+02
2.277627604175269482e+02
2.295487678405411884e+02
2.913180548874903479e+02
2.606571883779072891e+02
2.463111106931741006e+02
2.393778906804029702e+02
2.194891119766252814e+02
3.103481048081630433e+01
-3.126902897509012291e+01
2.784146842347413440e+02
2.946205590698962169e+02
7.549834272656255507e+00
1.458477753674999633e+01
2.389425893926869549e+02
-3.198603422281399844e+01
-1.082478856203249222e+02
2.364599665571090554e+02
-6.209811714581824127e+00
-1.519877571540335452e+02
-1.830566448511229964e+02
-4.050001734909562856e+01
-2.713219944955516780e+02
-1.935124343398180145e+02
-7.163204766920247835e+01
4.190518114254766147e+01
-2.296722142749871693e+02
-1.717771260390609882e+02
-1.492971928275769073e+02
1.532571653838696193e+02
-4.111087119097158649e+01
-6.491227828971838676e+01
-5.382874466139240610e+01
-7.966104565797043335e+01
-4.463326021555971579e+01
-9.307703114168610625e+01
-2.019155876450705023e+01
-6.216122311061205608e+01
-4.633509999860989836e+01
-4.636374091927460483e+01
-6.563520169248084812e+01
-5.331942065271857700e+01
-4.692571168921507763e+01
-3.164887612266036854e+01
-8.000595171450848397e+01
-2.713836421899694074e+01
-8.957643334018061410e+01
-6.635722014049403583e+01
-5.777809797794761693e+01
-6.572605328819942372e+01
-5.331659366767699026e+01
-4.035307483984389876e+01
-8.416012186242332405e+01
-3.249140976028250805e+01
-4.359995642393617032e+01
-2.271325269670082037e+01
-8.557637626662592822e+01
-3.281678518256015309e+00
-6.622216709250488975e+01
-1.124087640778447792e+02
-4.595940976336072481e+01
2.363248295763173132e+02
-1.581228826448633527e+02
1.594663384780128013e+01
1.437376203244126316e+02
1.414333693079851173e+02
1.576684673966544779e+02
7.162756168395185341e+01
2.351110205108591060e+02
2.157706586639515365e+02
-2.876170680148865699e+01
2.211388294292729597e+02
-4.667307233052875404e+01
2.107048716309838028e+02
-1.076664809604143613e+01
2.640611920010051961e+01
3.756136702259559002e+01
1.623770660314355325e+02
2.281269548667872300e+02
1.914421892165950112e+02
5.378068593066686276e+00
2.667402838592194598e+02
2.481297621095659451e+02
2.611888397654074083e+02
-8.112904739856406877e+01
6.255255870229348147e-02
2.212318470051682198e+02
-5.418602122674158750e+00
2.639905471345921910e+02
2.735315539992924982e+00
2.641622566720312761e+02
1.798113722901246092e+01
2.243118887767862475e+02
2.645064006351507260e+02
4.934891729478420075e+01
-1.399784603248113228e+02
-6.125273142507214885e+01
-6.670166879789212544e+01
-3.312966817256674190e+00
-1.402419137769437327e+02
2.332602476413427439e+01
-2.686787518985792644e+01
2.146659462191385614e+02
-1.265589326025533978e+00
-1.339733295569546101e+01
1.724170800993115336e+02
-6.364124240786637188e+00
-7.129980039528633995e+01
2.519928238846891020e+02
-1.375164502733042582e+01
2.119569861782430849e+02
2.775800403241266281e+02
-4.315124884538250427e+01
-3.138529958591618652e+01
-4.508418418690114748e+01
-3.846207713846098386e+00
1.908306066589975103e+02
1.729603139279663537e+02
2.200184476180506294e+02
2.951812680032326170e+02
-2.477732754775284718e+01
-2.594679054370061522e+01
-6.434696995509915496e+01
-1.665100913021377949e+01
2.166043061699989778e+02
-4.222107387737491990e+01
2.581382589531338567e+02
-6.110962859170946615e+01
-9.426065937465764932e+00
-7.981776293138551637e-01
6.500077172539987203e+01
4.919567762888499374e+01
3.327054415807381815e+01
-7.689238872283975468e+01
-3.857926908783224462e+01
-5.122159092061096430e+01
-6.831497251770090884e+01
-1.103147955420577659e+02
-1.366045394422659456e+02
-9.247493122486632444e+01
2.666352803718852726e+01
6.464627751885977602e+01
-1.673715056190989117e+02
-3.548407042944072600e+02
1.917204053147481204e+02
9.888009592051707841e+01
-1.057180828224097802e+01
1.947582489984387166e+02
-3.353616171763187737e+01
-9.525460303323294298e+00
4.139895948263445291e+01
1.918493133909071844e+02
1.480988963435823393e+02
-2.066121703109867838e+02
1.290171974801804424e+02
2.012997838375919173e+02
-5.499501065869221748e+02
-2.352808078940273617e+01
-1.866512275751070433e+02
-7.858532187344518150e+01
3.128791413735726223e+01
-1.357795125364048090e+02
1.696798502204187287e+01
-2.017881580304799627e+01
-1.803909931336574743e+02
-7.207812067299722969e+01
-1.631873803223219852e+02
-7.615169754508926303e+00
-3.111257646052892767e+01
-4.847951967789596495e+01
-1.256594204256139449e+02
-1.746001461233901182e+02
-1.112639245453163994e+01
-1.419079637978466053e+02
2.988818735610627186e+01
-1.366763072094291545e+02
-1.720404424907490579e+02
-1.106147504428672192e+02
-6.341981854566421362e+01
-1.293353227580625742e+02
-1.388497386760317340e+02
-3.264741828170059534e+00
-7.238204483891787788e+01
1.978147498205454724e+01
-1.302490285073061500e+02
-2.868171288346985648e-01
1.377044541657664922e+01
3.761606597787519490e+00
1.631845052466900370e+00
-4.267095465740148086e+01
-5.044711609610197911e+02
-2.078572026722538624e+02
1.601638883049706976e+02
2.038911545152600695e+02
8.987432724971965570e+01
1.870261060666253172e+02
2.134183589774772827e+02
9.975188514228619852e+01
1.037205385980513910e+02
1.244341417326979524e+02
-5.413985655238050754e+01
1.287571989443010523e+01
6.380812186131208819e+00
-2.150902280130802069e+01
-4.190076884984068784e+01
-1.198410950757862281e+01
1.555978413841728525e+00
-2.304734055115584113e+01
-1.032602964640487642e+01
-5.209908957242282668e+01
-4.958471082508026484e+01
-6.363766663238109800e+00
-7.587486213145282932e+01
6.310234237480145225e+00
-5.461167916964475211e+01
-5.743844737484445773e+01
2.279006157900603569e+01
-9.274411757898846531e+00
3.184476156839505734e+01
-4.027518230362149865e+01
-9.399404335503231778e+01
-6.245262763842816867e+01
-7.197955111857507404e+01
-5.533197445863842745e+01
1.278586421249155336e+02
2.336451743086550721e+02
2.096095804439354424e+02
9.278563496806668809e+00
-2.372054494440716610e+01
2.757711740792962019e+01
-5.165270415398606474e+01
-4.627852047738544172e+01
1.568161301496996884e+01
-9.908649468710831343e+01
-1.054622633364449200e+02
1.981187804243146502e+02
-6.001261142513147462e+01
-2.398016148739964137e+02
-1.340906008383042547e+02
-1.781921584266266052e+02
-9.917749616410557678e+01
-2.254953392937591445e+02
-1.446020223049673632e+02
-5.830374038043932927e+01
-2.626873853965747685e+00
2.090293024571572005e+02
-5.907465944203004682e+01
1.552736795984959883e+01
2.259485441763079905e+01
2.388274366606475212e+02
5.226815051962566372e+01
5.825075466066186891e+01
3.749263142582847763e+01
3.174542890974578313e+01
3.687785792411807506e+01
5.236140346915854593e+01
3.365231400568302433e+01
5.065185929527405051e+01
-3.574822446500144224e+01
-2.244669748022214151e+01
6.505950911654295510e+00
1.299971977665077816e+01
4.708328374364012348e+01
6.563927024898987383e+00
4.681578739899009634e+00
1.666050998833108849e+02
1.977847850035394117e+01
4.576521951883646011e+01
1.576406887527200240e+01
-2.178572024209867664e+01
5.983322559096157534e+01
3.510472518349223492e+01
3.231007361241361764e+01
1.202940936279952524e+02
-5.118215534052626481e+01
3.724006460151522901e+01
1.920586655633461248e+01
2.306860332458458629e+01
1.299099037166190840e+01
-3.800198615367197164e+01
1.560118507886151917e+01
3.459012575375501797e+01
4.300327117992253534e+01
1.498246993672147482e+02
2.498014003775936587e+01
2.003032240795237726e+02
2.808024090340657040e+02
1.837979847614960249e+00
1.794018649296588137e+02
-3.872240885159146018e+01
-2.352710013881710438e+01
-5.099921975904780425e+01
-9.961809789801485238e+01
-3.975222151599645315e+01
-9.151811712371383578e+00
-4.159302782641833574e+01
-9.218520218131128274e+01
-2.840912910390795787e+01
-1.690848526827050762e+02
-4.068935407259481707e+01
-1.336786065059735051e+01
-1.632208335778595654e+01
2.590252350181178826e+02
3.030935030658423557e+01
1.746068784794579472e+02
2.578751451285438634e+02
1.968676842554867790e+01
5.065675398871204038e+01
2.218669502317717956e+02
1.355827892481994468e+01
2.176531900543636766e+01
3.162568367792692925e+01
2.291338902817793155e+01
9.042282834779001632e+00
5.778686923097512818e+01
1.357258372102093347e+01
2.797531526765889964e+01
-3.377552391724790937e+00
1.806919740718267349e+02
-3.017717329661898020e+02
-2.558089820462754744e+02
-2.499324081513006206e+02
-3.844725119433095983e+02
-3.764269611600038843e+02
-3.834928089013018280e+02
-4.123260525670194170e+02
-1.390985098694650333e+02
1.233988223056428239e+02
4.951513006157026098e+01
1.347608021208042146e+02
1.005078871164472218e+02
8.188074630209786164e+01
-4.644303575310415511e+01
-1.688715756690720937e+01
1.656844862872638373e+02
-4.608016204618818534e+01
7.302713502254974287e+01
-3.036659750545031500e+01
-3.554432256098696996e+01
2.406413392788585668e+02
2.876088976281491227e+01
4.470584132961491264e+01
2.253643434402317780e+02
1.849041265979192303e+02
-4.452379243680066878e+01
-8.265480442579297460e+01
1.399725122556011456e+02
4.961822592282223354e+01
2.160675468159669776e+02
1.838180187686821796e+02
1.750273339389813998e+02
2.566438748239687015e+02
2.354947711199132812e+02
2.121403922167150427e+02
-6.896112330112387667e+00
1.422600857898161451e+02
7.909128604767572313e+01
1.994858634435499880e+02
-4.664231076541803844e+01
2.125875947509168284e+01
1.062458060859205915e+02
-6.802964879688008182e+01
2.395806075823357730e+02
1.634119548655579308e+02
2.260009958974503661e+02
2.606742714158287413e+02
2.406706688382646746e+02
2.253324001583558243e+02
2.145763651087459323e+01
2.468898862170186135e+02
-2.029253833475033275e+01
1.628717335000823994e+02
-7.931894243610557282e+00
8.606769575546609019e+01
1.016994867137577785e+02
-2.680234457336594005e+02
-1.098545723189916430e+02
-1.769440417919897754e+02
-1.436180140769246805e+02
-1.316323838157419459e+02
-6.170825251890278196e+00
5.793548484155444100e+01
2.595225906551183357e+02
-9.659493482986063384e+01
1.511886565267346327e+01
-6.264171927408309415e+01
1.660772786402668544e+01
-2.123369611106915045e+01
-3.832157870426449620e+01
-9.926153756617780743e+01
-1.354600323282338650e+02
-1.456009759806008788e+02
3.943895314738051638e+01
-1.677964845767357644e+02
-1.461647728320910176e+02
-1.964260436336889200e+02
-1.593069233163813294e+02
-2.729235761603699473e+01
-1.881257055793161044e+02
-1.923245884272196804e+02
-1.713197379551461665e+02
-1.508654668993897872e+02
2.045192836693814797e+01
-7.361404096327463265e+01
-2.736802850186727198e+01
-1.452665797367716323e+02
-1.141210785801464453e+02
-1.022964783269294173e+02
-1.319201080958045509e+02
-1.174113816899053404e+02
-9.705846933309567248e+01
9.795450619532445558e+01
1.858299569225179368e+02
2.238743132562403844e+02
2.861163265670096507e+02
2.368773262520188609e+02
2.225720826246626984e+02
-4.418699962352971511e+01
-2.947390513490545061e+01
-5.639745922569866821e+01
-2.503902544084519732e+01
-5.403012952709006100e+01
-1.495443501829516997e+01
-1.243284161170505264e+01
-5.164396575775448639e+01
-3.144731175622520070e+01
-7.818900502581756840e+00
1.092371319389263240e+00
-6.583231698408162913e+01
-2.780427462707323727e+01
-1.302479483157035212e+01
8.877630989857649979e+00
-2.747959454247298439e+01
-5.315754366299927369e+01
-6.463301024339216383e+01
-5.429386351551582379e+01
-3.837957827569707803e+01
-5.271486479288545013e+01
-1.934705448194019795e+01
4.269993089319859791e+01
-3.989504945909936140e+01
-1.120003527214885395e+02
-3.398029163420234511e+01
-9.293895685037810495e+01
4.629011352699941995e+01
-3.881284866426194213e+01
-6.378476091611975818e+01
2.720796866634853473e+01
-1.258763147245517189e+02
1.960379778586233783e+02
-2.782162059356419093e+01
-6.215839915509398139e+01
2.435681210308481752e+02
-7.751721624623948514e+01
2.533097894197977951e+02
-2.604430974115635991e+02
-2.406862275499427426e+02
-2.534134532076992059e+02
-4.146466273092411825e+02
-1.544772006935195918e+01
-5.624182467961320526e+02
-4.100036372059271343e+02
-2.436160382128868207e+02
-9.474257676906337622e+01
-6.345225901495499699e+01
1.063124330809138485e+01
-3.293743090243749805e+01
-8.553986007773431766e+00
-3.614174087062100682e+01
-2.789368953496224890e+02
-5.331386159165309380e+01
-1.031878086576001863e+01
-2.864576880957042704e+01
1.952873148036246675e+01
-5.803792491878658666e+01
-3.221063836823773840e+00
-9.157320195623653092e+01
4.994479172452608395e+01
-8.334423753495858023e+01
3.549964574851145471e+01
-1.081970948825064625e+02
-2.023523214771038283e+02
-5.749422218156511377e+01
-5.744827364526799585e+01
-1.027711879163219351e+02
-6.524687921953371017e+01
-6.475092471333310584e+01
-4.953715678160843083e+01
-4.458391273052985326e+01
-1.475971770313451827e+02
-7.791929589018099023e+01
-5.683210077552182327e+01
-7.981933727501430553e+01
-9.165558920417477395e+01
-1.379703605703295466e+02
-1.836330981686746213e+02
2.332839752975104375e+01
1.595178259129838807e+02
1.798259476528110667e+02
-1.172247362225737675e+02
-9.506513865616167891e+01
-1.044273487165359455e+02
-8.934767803386378660e+01
-1.793424690826155965e+00
1.840494592689674960e+02
2.208021097670888935e+02
-6.228599927647916701e+01
-2.731526739188988984e+01
-2.942086599711228700e+01
1.903083139108490514e+02
-3.718295951768685370e+01
2.829295242964993804e+02
-1.622416201127381896e+01
9.246738057316790105e+00
4.188678989615081605e+01
-2.069818966209051325e+01
1.052241486770685697e+01
5.786899620386685683e+01
4.954132646028597264e-02
3.156611286767409297e+01
2.459397295067938103e+02
2.483342680596142316e+02
1.605398541105085144e+02
-5.297758809143669367e+01
-5.183728163201700312e+01
-6.680117476668377208e+01
-6.746677607239466568e+01
-6.425935207296406304e+01
-8.590018335950915684e+01
-8.365584848323065614e+01
1.280472144684197247e+02
-1.436573279744152671e+02
-8.745829182787964839e+01
-1.769283430465183073e+02
-2.103025736435449176e+02
-9.309690402807319742e+00
-1.057661246143692324e+01
6.980480430845545925e-01
-6.843019862592760205e+01
1.937238797081249118e+02
-5.626244276969849807e+02
-6.674842820091545263e+02
-6.369320496825577038e+02
-5.974798019286884028e+02
-5.514649296672507717e+02
-6.463450750097772470e+02
-7.884183738210385854e+02
-6.706813372259673542e+02
-7.447969041112345394e+02
-6.110759416248331490e+02
-5.362548759269895982e+02
-5.132255297050485296e+02
-6.347713150065710153e+01
-4.591715182591583044e+01
-1.234276229127544298e+02
-6.603537806372430907e+01
-8.651840861887211531e+01
-2.352365736139049943e+02
-8.691137509980460152e+01
-4.881253192988645395e+01
-2.681552127631645988e+01
-3.874906873299888588e+01
