2.200000000000000000e+01
3.200000000000000000e+01
3.300000000000000000e+01
3.800000000000000000e+01
2.100000000000000000e+01
2.700000000000000000e+01
1.400000000000000000e+01
1.300000000000000000e+01
2.500000000000000000e+01
3.100000000000000000e+01
1.200000000000000000e+01
2.500000000000000000e+01
5.500000000000000000e+01
2.700000000000000000e+01
2.200000000000000000e+01
1.800000000000000000e+01
4.700000000000000000e+01
2.600000000000000000e+01
2.300000000000000000e+01
3.500000000000000000e+01
4.100000000000000000e+01
3.600000000000000000e+01
1.800000000000000000e+01
2.400000000000000000e+01
1.700000000000000000e+01
1.200000000000000000e+01
1.900000000000000000e+01
1.400000000000000000e+01
2.400000000000000000e+01
1.500000000000000000e+01
5.400000000000000000e+01
1.400000000000000000e+01
2.200000000000000000e+01
5.000000000000000000e+01
2.500000000000000000e+01
2.500000000000000000e+01
5.300000000000000000e+01
2.400000000000000000e+01
3.100000000000000000e+01
1.100000000000000000e+01
3.200000000000000000e+01
9.300000000000000000e+01
2.900000000000000000e+01
7.500000000000000000e+01
5.100000000000000000e+01
1.000000000000000000e+01
5.600000000000000000e+01
2.900000000000000000e+01
3.100000000000000000e+01
4.100000000000000000e+01
5.600000000000000000e+01
3.800000000000000000e+01
6.100000000000000000e+01
7.200000000000000000e+01
4.100000000000000000e+01
7.400000000000000000e+01
1.430000000000000000e+02
3.100000000000000000e+01
7.200000000000000000e+01
6.200000000000000000e+01
1.020000000000000000e+02
8.900000000000000000e+01
4.700000000000000000e+01
6.400000000000000000e+01
5.700000000000000000e+01
9.100000000000000000e+01
4.000000000000000000e+01
1.230000000000000000e+02
7.100000000000000000e+01
5.800000000000000000e+01
6.100000000000000000e+01
6.500000000000000000e+01
7.500000000000000000e+01
5.800000000000000000e+01
7.900000000000000000e+01
6.600000000000000000e+01
9.700000000000000000e+01
1.180000000000000000e+02
7.600000000000000000e+01
1.830000000000000000e+02
6.000000000000000000e+01
8.800000000000000000e+01
6.200000000000000000e+01
9.500000000000000000e+01
1.280000000000000000e+02
7.600000000000000000e+01
7.200000000000000000e+01
8.200000000000000000e+01
6.600000000000000000e+01
1.290000000000000000e+02
8.400000000000000000e+01
1.230000000000000000e+02
7.700000000000000000e+01
1.230000000000000000e+02
1.040000000000000000e+02
1.840000000000000000e+02
1.400000000000000000e+02
1.430000000000000000e+02
9.300000000000000000e+01
1.970000000000000000e+02
8.100000000000000000e+01
1.040000000000000000e+02
9.300000000000000000e+01
2.100000000000000000e+02
7.900000000000000000e+01
1.170000000000000000e+02
1.070000000000000000e+02
1.190000000000000000e+02
8.100000000000000000e+01
7.300000000000000000e+01
8.900000000000000000e+01
1.330000000000000000e+02
1.880000000000000000e+02
1.690000000000000000e+02
1.320000000000000000e+02
1.300000000000000000e+02
1.690000000000000000e+02
1.120000000000000000e+02
2.290000000000000000e+02
7.100000000000000000e+01
1.610000000000000000e+02
1.510000000000000000e+02
1.490000000000000000e+02
1.580000000000000000e+02
1.330000000000000000e+02
1.640000000000000000e+02
1.450000000000000000e+02
2.280000000000000000e+02
1.460000000000000000e+02
2.200000000000000000e+02
3.670000000000000000e+02
1.400000000000000000e+02
1.390000000000000000e+02
1.650000000000000000e+02
1.310000000000000000e+02
1.700000000000000000e+02
1.600000000000000000e+02
1.980000000000000000e+02
2.160000000000000000e+02
2.460000000000000000e+02
2.270000000000000000e+02
3.260000000000000000e+02
1.470000000000000000e+02
3.480000000000000000e+02
1.440000000000000000e+02
2.280000000000000000e+02
2.650000000000000000e+02
3.410000000000000000e+02
3.570000000000000000e+02
2.170000000000000000e+02
2.190000000000000000e+02
3.440000000000000000e+02
2.010000000000000000e+02
2.040000000000000000e+02
2.690000000000000000e+02
2.380000000000000000e+02
2.860000000000000000e+02
2.210000000000000000e+02
3.030000000000000000e+02
2.000000000000000000e+02
5.000000000000000000e+02
2.380000000000000000e+02
2.640000000000000000e+02
1.720000000000000000e+02
2.460000000000000000e+02
5.000000000000000000e+02
1.830000000000000000e+02
3.660000000000000000e+02
2.080000000000000000e+02
2.650000000000000000e+02
3.250000000000000000e+02
1.430000000000000000e+02
1.910000000000000000e+02
3.100000000000000000e+02
2.670000000000000000e+02
1.420000000000000000e+02
1.840000000000000000e+02
3.400000000000000000e+02
2.120000000000000000e+02
1.570000000000000000e+02
2.720000000000000000e+02
2.230000000000000000e+02
3.530000000000000000e+02
1.600000000000000000e+02
5.000000000000000000e+02
3.070000000000000000e+02
1.920000000000000000e+02
1.510000000000000000e+02
5.000000000000000000e+02
2.720000000000000000e+02
2.290000000000000000e+02
1.670000000000000000e+02
1.870000000000000000e+02
4.760000000000000000e+02
1.690000000000000000e+02
1.460000000000000000e+02
4.610000000000000000e+02
1.790000000000000000e+02
2.000000000000000000e+02
5.000000000000000000e+02
2.350000000000000000e+02
3.290000000000000000e+02
3.110000000000000000e+02
5.000000000000000000e+02
4.300000000000000000e+02
3.360000000000000000e+02
5.000000000000000000e+02
1.570000000000000000e+02
2.780000000000000000e+02
4.130000000000000000e+02
3.300000000000000000e+02
5.000000000000000000e+02
5.000000000000000000e+02
2.400000000000000000e+02
3.470000000000000000e+02
5.000000000000000000e+02
1.680000000000000000e+02
4.020000000000000000e+02
5.000000000000000000e+02
2.090000000000000000e+02
2.530000000000000000e+02
2.370000000000000000e+02
2.210000000000000000e+02
2.270000000000000000e+02
2.110000000000000000e+02
4.310000000000000000e+02
2.510000000000000000e+02
5.000000000000000000e+02
3.850000000000000000e+02
3.350000000000000000e+02
1.670000000000000000e+02
2.060000000000000000e+02
5.000000000000000000e+02
5.000000000000000000e+02
1.520000000000000000e+02
2.010000000000000000e+02
1.730000000000000000e+02
2.730000000000000000e+02
4.070000000000000000e+02
4.940000000000000000e+02
1.580000000000000000e+02
5.000000000000000000e+02
2.510000000000000000e+02
5.000000000000000000e+02
5.000000000000000000e+02
1.640000000000000000e+02
5.000000000000000000e+02
3.080000000000000000e+02
2.040000000000000000e+02
3.880000000000000000e+02
2.480000000000000000e+02
1.910000000000000000e+02
5.000000000000000000e+02
2.010000000000000000e+02
1.770000000000000000e+02
3.890000000000000000e+02
3.670000000000000000e+02
3.470000000000000000e+02
5.000000000000000000e+02
5.000000000000000000e+02
2.500000000000000000e+02
3.220000000000000000e+02
3.430000000000000000e+02
1.460000000000000000e+02
2.750000000000000000e+02
2.630000000000000000e+02
2.120000000000000000e+02
5.000000000000000000e+02
1.720000000000000000e+02
5.000000000000000000e+02
1.490000000000000000e+02
1.680000000000000000e+02
3.030000000000000000e+02
1.670000000000000000e+02
2.930000000000000000e+02
5.000000000000000000e+02
4.170000000000000000e+02
2.590000000000000000e+02
2.160000000000000000e+02
2.610000000000000000e+02
1.900000000000000000e+02
2.160000000000000000e+02
5.000000000000000000e+02
1.770000000000000000e+02
5.000000000000000000e+02
4.900000000000000000e+02
2.790000000000000000e+02
2.970000000000000000e+02
1.430000000000000000e+02
2.330000000000000000e+02
5.000000000000000000e+02
4.570000000000000000e+02
3.490000000000000000e+02
3.640000000000000000e+02
1.300000000000000000e+02
1.520000000000000000e+02
1.320000000000000000e+02
1.400000000000000000e+02
1.550000000000000000e+02
2.260000000000000000e+02
