5.100000000000000000e+01
1.300000000000000000e+01
3.700000000000000000e+01
1.800000000000000000e+01
1.000000000000000000e+01
3.000000000000000000e+01
4.300000000000000000e+01
1.100000000000000000e+01
2.600000000000000000e+01
1.400000000000000000e+01
1.300000000000000000e+01
2.500000000000000000e+01
3.400000000000000000e+01
1.500000000000000000e+01
3.000000000000000000e+01
2.600000000000000000e+01
1.200000000000000000e+01
1.500000000000000000e+01
2.700000000000000000e+01
2.000000000000000000e+01
1.600000000000000000e+01
1.000000000000000000e+01
1.000000000000000000e+01
2.800000000000000000e+01
1.300000000000000000e+01
1.600000000000000000e+01
1.000000000000000000e+01
2.200000000000000000e+01
3.800000000000000000e+01
1.600000000000000000e+01
4.100000000000000000e+01
1.800000000000000000e+01
1.200000000000000000e+01
2.200000000000000000e+01
4.400000000000000000e+01
1.000000000000000000e+01
2.100000000000000000e+01
2.100000000000000000e+01
1.300000000000000000e+01
3.300000000000000000e+01
3.700000000000000000e+01
1.500000000000000000e+01
1.800000000000000000e+01
1.900000000000000000e+01
5.600000000000000000e+01
3.800000000000000000e+01
8.400000000000000000e+01
3.000000000000000000e+01
4.200000000000000000e+01
6.500000000000000000e+01
3.100000000000000000e+01
9.700000000000000000e+01
2.000000000000000000e+01
8.400000000000000000e+01
8.200000000000000000e+01
9.800000000000000000e+01
5.000000000000000000e+01
1.300000000000000000e+02
1.240000000000000000e+02
7.200000000000000000e+01
1.270000000000000000e+02
7.900000000000000000e+01
9.000000000000000000e+01
2.800000000000000000e+01
9.000000000000000000e+01
1.210000000000000000e+02
1.130000000000000000e+02
5.600000000000000000e+01
2.170000000000000000e+02
7.100000000000000000e+01
1.800000000000000000e+01
7.900000000000000000e+01
2.600000000000000000e+01
9.000000000000000000e+01
7.200000000000000000e+01
1.570000000000000000e+02
4.600000000000000000e+01
2.700000000000000000e+01
3.600000000000000000e+01
7.300000000000000000e+01
9.800000000000000000e+01
7.300000000000000000e+01
1.000000000000000000e+02
4.500000000000000000e+01
2.500000000000000000e+01
3.700000000000000000e+01
2.110000000000000000e+02
5.500000000000000000e+01
1.200000000000000000e+01
1.110000000000000000e+02
2.410000000000000000e+02
2.100000000000000000e+02
1.030000000000000000e+02
8.200000000000000000e+01
1.800000000000000000e+01
1.840000000000000000e+02
3.580000000000000000e+02
3.780000000000000000e+02
2.570000000000000000e+02
3.530000000000000000e+02
1.690000000000000000e+02
1.390000000000000000e+02
2.010000000000000000e+02
3.500000000000000000e+01
3.800000000000000000e+01
3.650000000000000000e+02
5.400000000000000000e+01
1.700000000000000000e+02
2.950000000000000000e+02
1.800000000000000000e+02
2.700000000000000000e+01
2.020000000000000000e+02
5.200000000000000000e+01
5.000000000000000000e+02
1.900000000000000000e+01
3.600000000000000000e+01
4.100000000000000000e+01
2.380000000000000000e+02
1.940000000000000000e+02
1.430000000000000000e+02
2.280000000000000000e+02
1.400000000000000000e+02
2.510000000000000000e+02
7.600000000000000000e+01
2.000000000000000000e+01
4.100000000000000000e+01
1.650000000000000000e+02
2.100000000000000000e+02
2.510000000000000000e+02
1.900000000000000000e+02
6.800000000000000000e+01
1.870000000000000000e+02
2.920000000000000000e+02
2.070000000000000000e+02
7.500000000000000000e+01
2.080000000000000000e+02
1.580000000000000000e+02
1.140000000000000000e+02
4.000000000000000000e+01
1.470000000000000000e+02
1.720000000000000000e+02
2.140000000000000000e+02
1.630000000000000000e+02
2.700000000000000000e+02
7.600000000000000000e+01
2.220000000000000000e+02
1.540000000000000000e+02
1.710000000000000000e+02
2.080000000000000000e+02
1.940000000000000000e+02
2.620000000000000000e+02
1.340000000000000000e+02
1.650000000000000000e+02
1.350000000000000000e+02
1.500000000000000000e+02
1.290000000000000000e+02
3.020000000000000000e+02
2.560000000000000000e+02
1.270000000000000000e+02
1.400000000000000000e+02
1.280000000000000000e+02
1.400000000000000000e+02
1.460000000000000000e+02
1.790000000000000000e+02
2.100000000000000000e+02
2.920000000000000000e+02
1.330000000000000000e+02
1.440000000000000000e+02
1.480000000000000000e+02
1.630000000000000000e+02
1.310000000000000000e+02
1.490000000000000000e+02
1.810000000000000000e+02
2.900000000000000000e+02
1.600000000000000000e+01
1.500000000000000000e+02
1.500000000000000000e+02
2.220000000000000000e+02
3.800000000000000000e+01
1.540000000000000000e+02
1.730000000000000000e+02
2.660000000000000000e+02
2.300000000000000000e+02
4.200000000000000000e+01
1.760000000000000000e+02
2.790000000000000000e+02
2.060000000000000000e+02
1.240000000000000000e+02
2.440000000000000000e+02
2.920000000000000000e+02
2.670000000000000000e+02
2.340000000000000000e+02
2.310000000000000000e+02
2.400000000000000000e+02
1.870000000000000000e+02
1.900000000000000000e+01
1.890000000000000000e+02
2.130000000000000000e+02
2.550000000000000000e+02
4.470000000000000000e+02
1.960000000000000000e+02
2.030000000000000000e+02
1.820000000000000000e+02
2.590000000000000000e+02
3.640000000000000000e+02
2.240000000000000000e+02
3.490000000000000000e+02
3.440000000000000000e+02
2.410000000000000000e+02
3.310000000000000000e+02
1.400000000000000000e+01
4.190000000000000000e+02
2.910000000000000000e+02
3.080000000000000000e+02
2.950000000000000000e+02
1.200000000000000000e+01
2.570000000000000000e+02
1.900000000000000000e+02
1.910000000000000000e+02
2.560000000000000000e+02
2.160000000000000000e+02
2.090000000000000000e+02
2.210000000000000000e+02
2.370000000000000000e+02
1.860000000000000000e+02
2.180000000000000000e+02
2.230000000000000000e+02
2.130000000000000000e+02
2.170000000000000000e+02
2.230000000000000000e+02
2.440000000000000000e+02
2.120000000000000000e+02
2.060000000000000000e+02
2.040000000000000000e+02
2.170000000000000000e+02
2.240000000000000000e+02
2.570000000000000000e+02
3.310000000000000000e+02
4.460000000000000000e+02
1.840000000000000000e+02
2.090000000000000000e+02
1.750000000000000000e+02
1.730000000000000000e+02
2.170000000000000000e+02
2.180000000000000000e+02
2.330000000000000000e+02
2.000000000000000000e+02
2.810000000000000000e+02
2.010000000000000000e+02
2.070000000000000000e+02
2.680000000000000000e+02
2.310000000000000000e+02
2.220000000000000000e+02
2.100000000000000000e+02
2.230000000000000000e+02
2.490000000000000000e+02
2.210000000000000000e+02
2.600000000000000000e+02
1.980000000000000000e+02
2.370000000000000000e+02
2.630000000000000000e+02
2.700000000000000000e+02
2.370000000000000000e+02
2.600000000000000000e+02
4.060000000000000000e+02
2.780000000000000000e+02
5.000000000000000000e+02
2.900000000000000000e+02
3.560000000000000000e+02
3.390000000000000000e+02
3.670000000000000000e+02
3.080000000000000000e+02
5.000000000000000000e+02
5.000000000000000000e+02
3.420000000000000000e+02
3.540000000000000000e+02
3.400000000000000000e+02
4.270000000000000000e+02
3.920000000000000000e+02
4.790000000000000000e+02
5.000000000000000000e+02
5.000000000000000000e+02
5.000000000000000000e+02
5.000000000000000000e+02
5.000000000000000000e+02
5.000000000000000000e+02
5.000000000000000000e+02
5.000000000000000000e+02
5.000000000000000000e+02
5.000000000000000000e+02
5.000000000000000000e+02
5.000000000000000000e+02
5.000000000000000000e+02
2.090000000000000000e+02
2.400000000000000000e+01
5.000000000000000000e+02
3.200000000000000000e+01
1.300000000000000000e+01
5.000000000000000000e+02
5.000000000000000000e+02
