1.900000000000000000e+01
2.500000000000000000e+01
2.000000000000000000e+01
1.200000000000000000e+01
1.900000000000000000e+01
4.200000000000000000e+01
3.000000000000000000e+01
4.300000000000000000e+01
2.300000000000000000e+01
1.400000000000000000e+01
2.700000000000000000e+01
3.100000000000000000e+01
2.800000000000000000e+01
8.100000000000000000e+01
2.500000000000000000e+01
4.700000000000000000e+01
2.800000000000000000e+01
1.500000000000000000e+01
2.000000000000000000e+01
3.400000000000000000e+01
8.800000000000000000e+01
2.700000000000000000e+01
5.500000000000000000e+01
1.600000000000000000e+01
1.100000000000000000e+01
3.300000000000000000e+01
1.500000000000000000e+01
4.400000000000000000e+01
1.500000000000000000e+01
4.200000000000000000e+01
4.000000000000000000e+01
5.900000000000000000e+01
4.300000000000000000e+01
1.800000000000000000e+01
5.700000000000000000e+01
1.800000000000000000e+01
1.400000000000000000e+01
4.300000000000000000e+01
8.200000000000000000e+01
8.500000000000000000e+01
1.900000000000000000e+01
6.100000000000000000e+01
1.120000000000000000e+02
6.300000000000000000e+01
3.100000000000000000e+01
2.100000000000000000e+01
2.100000000000000000e+01
8.000000000000000000e+01
1.250000000000000000e+02
3.900000000000000000e+01
2.000000000000000000e+02
1.760000000000000000e+02
1.430000000000000000e+02
1.600000000000000000e+02
2.160000000000000000e+02
1.620000000000000000e+02
2.430000000000000000e+02
8.500000000000000000e+01
1.810000000000000000e+02
1.280000000000000000e+02
1.960000000000000000e+02
2.110000000000000000e+02
1.540000000000000000e+02
1.500000000000000000e+02
1.340000000000000000e+02
1.890000000000000000e+02
1.780000000000000000e+02
2.120000000000000000e+02
2.620000000000000000e+02
1.670000000000000000e+02
2.580000000000000000e+02
3.220000000000000000e+02
3.900000000000000000e+02
2.870000000000000000e+02
3.280000000000000000e+02
3.150000000000000000e+02
2.010000000000000000e+02
2.350000000000000000e+02
2.590000000000000000e+02
2.290000000000000000e+02
2.230000000000000000e+02
2.050000000000000000e+02
2.070000000000000000e+02
1.820000000000000000e+02
2.840000000000000000e+02
1.670000000000000000e+02
1.720000000000000000e+02
2.290000000000000000e+02
2.180000000000000000e+02
1.920000000000000000e+02
2.070000000000000000e+02
2.080000000000000000e+02
2.530000000000000000e+02
1.830000000000000000e+02
2.020000000000000000e+02
2.510000000000000000e+02
2.470000000000000000e+02
2.500000000000000000e+02
2.390000000000000000e+02
3.480000000000000000e+02
2.520000000000000000e+02
2.540000000000000000e+02
2.580000000000000000e+02
2.690000000000000000e+02
2.470000000000000000e+02
2.860000000000000000e+02
3.620000000000000000e+02
2.560000000000000000e+02
2.450000000000000000e+02
2.300000000000000000e+02
3.610000000000000000e+02
2.960000000000000000e+02
2.260000000000000000e+02
2.390000000000000000e+02
1.800000000000000000e+02
2.460000000000000000e+02
2.120000000000000000e+02
1.480000000000000000e+02
2.040000000000000000e+02
2.310000000000000000e+02
2.130000000000000000e+02
2.350000000000000000e+02
2.190000000000000000e+02
1.770000000000000000e+02
1.870000000000000000e+02
2.120000000000000000e+02
1.640000000000000000e+02
1.600000000000000000e+02
1.480000000000000000e+02
1.860000000000000000e+02
1.400000000000000000e+02
2.080000000000000000e+02
1.840000000000000000e+02
1.540000000000000000e+02
1.660000000000000000e+02
1.840000000000000000e+02
1.730000000000000000e+02
1.570000000000000000e+02
1.850000000000000000e+02
1.460000000000000000e+02
1.400000000000000000e+02
1.490000000000000000e+02
1.720000000000000000e+02
1.370000000000000000e+02
1.480000000000000000e+02
2.020000000000000000e+02
1.390000000000000000e+02
1.730000000000000000e+02
1.350000000000000000e+02
1.540000000000000000e+02
1.720000000000000000e+02
1.850000000000000000e+02
2.220000000000000000e+02
1.390000000000000000e+02
1.470000000000000000e+02
1.820000000000000000e+02
1.280000000000000000e+02
1.920000000000000000e+02
1.670000000000000000e+02
1.700000000000000000e+02
2.040000000000000000e+02
1.460000000000000000e+02
2.340000000000000000e+02
1.690000000000000000e+02
1.510000000000000000e+02
1.720000000000000000e+02
1.580000000000000000e+02
1.340000000000000000e+02
2.340000000000000000e+02
1.750000000000000000e+02
1.530000000000000000e+02
1.770000000000000000e+02
1.340000000000000000e+02
1.530000000000000000e+02
1.240000000000000000e+02
1.560000000000000000e+02
2.140000000000000000e+02
1.570000000000000000e+02
1.450000000000000000e+02
1.560000000000000000e+02
1.410000000000000000e+02
1.430000000000000000e+02
1.660000000000000000e+02
1.670000000000000000e+02
1.560000000000000000e+02
1.740000000000000000e+02
1.440000000000000000e+02
1.980000000000000000e+02
1.580000000000000000e+02
1.840000000000000000e+02
1.680000000000000000e+02
1.660000000000000000e+02
1.710000000000000000e+02
1.710000000000000000e+02
1.910000000000000000e+02
1.700000000000000000e+02
2.010000000000000000e+02
1.940000000000000000e+02
1.700000000000000000e+02
1.880000000000000000e+02
1.970000000000000000e+02
2.520000000000000000e+02
2.380000000000000000e+02
2.320000000000000000e+02
2.010000000000000000e+02
1.730000000000000000e+02
2.190000000000000000e+02
2.140000000000000000e+02
1.860000000000000000e+02
2.060000000000000000e+02
2.920000000000000000e+02
2.120000000000000000e+02
2.200000000000000000e+02
2.020000000000000000e+02
2.300000000000000000e+02
2.510000000000000000e+02
2.110000000000000000e+02
2.990000000000000000e+02
2.040000000000000000e+02
2.370000000000000000e+02
2.000000000000000000e+02
2.370000000000000000e+02
2.390000000000000000e+02
2.770000000000000000e+02
2.680000000000000000e+02
2.570000000000000000e+02
2.120000000000000000e+02
3.700000000000000000e+02
3.140000000000000000e+02
2.050000000000000000e+02
2.580000000000000000e+02
2.980000000000000000e+02
2.540000000000000000e+02
3.110000000000000000e+02
3.090000000000000000e+02
2.400000000000000000e+02
3.820000000000000000e+02
3.420000000000000000e+02
2.750000000000000000e+02
2.540000000000000000e+02
2.580000000000000000e+02
2.900000000000000000e+02
2.890000000000000000e+02
2.630000000000000000e+02
3.070000000000000000e+02
2.950000000000000000e+02
3.980000000000000000e+02
2.450000000000000000e+02
2.740000000000000000e+02
3.550000000000000000e+02
2.960000000000000000e+02
3.020000000000000000e+02
3.610000000000000000e+02
2.630000000000000000e+02
4.060000000000000000e+02
2.440000000000000000e+02
5.000000000000000000e+02
3.860000000000000000e+02
3.090000000000000000e+02
3.460000000000000000e+02
3.260000000000000000e+02
5.000000000000000000e+02
5.000000000000000000e+02
3.260000000000000000e+02
3.490000000000000000e+02
5.000000000000000000e+02
3.180000000000000000e+02
5.000000000000000000e+02
4.800000000000000000e+02
3.850000000000000000e+02
4.230000000000000000e+02
4.480000000000000000e+02
4.030000000000000000e+02
5.000000000000000000e+02
3.590000000000000000e+02
4.410000000000000000e+02
5.000000000000000000e+02
5.000000000000000000e+02
4.190000000000000000e+02
3.920000000000000000e+02
3.840000000000000000e+02
2.800000000000000000e+02
2.790000000000000000e+02
4.550000000000000000e+02
2.980000000000000000e+02
3.850000000000000000e+02
2.910000000000000000e+02
3.240000000000000000e+02
2.860000000000000000e+02
3.090000000000000000e+02
3.300000000000000000e+02
5.000000000000000000e+02
2.860000000000000000e+02
3.070000000000000000e+02
4.380000000000000000e+02
3.320000000000000000e+02
3.360000000000000000e+02
2.450000000000000000e+02
4.050000000000000000e+02
3.800000000000000000e+02
